0 15015.286337548037 [0.30116529 0.29616478 0.30045093 0.30045094 0.30045094 0.30187962
 0.46959554 0.29830786 0.83299848 0.30259402 0.29973657 0.46745246
 0.46745246]
1 14712.491385836067 [0.30063994 0.2943773  0.30052732 0.30042569 0.30026294 0.30213723
 0.47049787 0.29735435 0.83338915 0.30481659 0.29942468 0.46833747
 0.46720575]
2 13771.914521923998 [0.30000246 0.29323829 0.30179953 0.30005977 0.29991105 0.30173502
 0.47066325 0.29622805 0.83364214 0.30694612 0.29839441 0.46915264
 0.46662366]
3 14394.350061253397 [0.29887368 0.29270274 0.30397494 0.30052799 0.29911005 0.3017074
 0.47043311 0.29529946 0.83361994 0.30871968 0.29781724 0.47016337
 0.46643725]
4 12524.670319386172 [0.29800226 0.29205289 0.30563591 0.30171229 0.29761755 0.30230624
 0.47055442 0.29421656 0.83336411 0.31037814 0.29750295 0.47085759
 0.46665222]
5 13776.25920228818 [0.29804246 0.29104814 0.30654074 0.30272557 0.29552587 0.30264359
 0.47063465 0.29313541 0.83287995 0.31175617 0.29702662 0.47117962
 0.46612001]
6 13147.813255839741 [0.29791656 0.28982944 0.30734771 0.30372386 0.29388101 0.30343227
 0.47052101 0.2922299  0.83234412 0.31280574 0.29625286 0.47134255
 0.46552836]
7 14094.313171434776 [0.29749303 0.28877753 0.30758629 0.30459715 0.29225669 0.30416199
 0.47064623 0.2916757  0.83208668 0.3134792  0.29532691 0.47166644
 0.46512321]
8 12536.231605303361 [0.29688584 0.28788365 0.30815019 0.30550964 0.29098919 0.30488834
 0.47012678 0.29079965 0.83185616 0.31451076 0.29480877 0.47166467
 0.46505991]
9 11284.962033889937 [0.29663766 0.2871674  0.30845728 0.30661373 0.28985272 0.30546868
 0.46982328 0.28999727 0.83153703 0.3155513  0.29428086 0.47177307
 0.46483054]
10 11571.32012963637 [0.29681046 0.28681805 0.30885139 0.30791422 0.28888144 0.3055339
 0.46981358 0.28924596 0.83132176 0.31638158 0.29406426 0.47175177
 0.46418185]
11 10628.101694196843 [0.2967946  0.2868199  0.30901718 0.30902006 0.28818527 0.30585352
 0.4696748  0.28839362 0.8311605  0.31697692 0.29400195 0.47146073
 0.46394373]
12 10647.861995492683 [0.29692354 0.28686729 0.30961635 0.31026748 0.28718226 0.30601723
 0.46952814 0.28744774 0.83115419 0.31733061 0.29411997 0.47114177
 0.46378131]
13 11279.485567770636 [0.29708666 0.28650861 0.31019426 0.31170024 0.28625108 0.305809
 0.46951753 0.28665588 0.83111583 0.31753706 0.29475932 0.47088844
 0.46352953]
14 10672.801003307888 [0.29748989 0.28620845 0.31089305 0.31311621 0.28518776 0.3054288
 0.46920487 0.28583664 0.83116795 0.31806022 0.29530303 0.47032796
 0.4633374 ]
15 10646.251873007615 [0.29765982 0.28579586 0.31160553 0.31406057 0.28434388 0.30512748
 0.46897557 0.28529129 0.83137557 0.31865567 0.29553236 0.47009406
 0.4631253 ]
16 11583.639205671647 [0.29775194 0.28537582 0.31215084 0.31494539 0.28360177 0.30490349
 0.46881122 0.28432005 0.83146217 0.31897897 0.29581683 0.46987331
 0.463046  ]
17 10950.766498942477 [0.29804468 0.28483537 0.31243208 0.3159456  0.28303132 0.30472182
 0.46863121 0.28355715 0.83157166 0.31947501 0.29604014 0.46946543
 0.46313289]
18 10653.916143951208 [0.29828864 0.28426507 0.31261186 0.31690609 0.28275514 0.30423693
 0.46854127 0.2829224  0.83160995 0.31976212 0.2961991  0.46902998
 0.46305394]
19 12504.392057219293 [0.2987108  0.28370638 0.31259308 0.31790155 0.28205614 0.30358742
 0.46857007 0.28264009 0.8314628  0.31961944 0.29636424 0.46861789
 0.46328158]
20 10659.438704167871 [0.2994547  0.28353525 0.31254174 0.3189396  0.28123687 0.30286237
 0.46866069 0.28239088 0.83149384 0.32007236 0.29630376 0.46856478
 0.46357193]
21 10958.144786258817 [0.29991735 0.28336933 0.31263531 0.31999049 0.28077309 0.30215132
 0.4687883  0.28200196 0.83124519 0.32041736 0.29627013 0.46833303
 0.46363906]
22 10951.55480809956 [0.30022894 0.2833195  0.31272549 0.32087649 0.28063237 0.301681
 0.46891749 0.28166109 0.83112655 0.32055464 0.29648264 0.46836034
 0.46378479]
23 10613.776961806456 [0.30034811 0.28335094 0.31295028 0.32192701 0.2806807  0.30148047
 0.46901561 0.28150393 0.83102333 0.32072558 0.2967046  0.468375
 0.4640188 ]
24 10295.802831960471 [0.30047255 0.28332189 0.31303665 0.32294846 0.28066237 0.30126066
 0.46900084 0.28123307 0.83089495 0.32089323 0.29698796 0.46857519
 0.46439927]
25 10599.44126231995 [0.30047787 0.2833837  0.31304184 0.3238023  0.28035127 0.3012853
 0.46916394 0.28099719 0.83075663 0.32100394 0.29722634 0.46884474
 0.46455255]
26 9393.230034125649 [0.30076258 0.28336109 0.31327835 0.32463084 0.28002191 0.30122711
 0.46922866 0.28074968 0.83063144 0.32135548 0.29733496 0.46888833
 0.46460488]
27 9651.952512290849 [0.30104576 0.28349009 0.31341274 0.32552182 0.27981451 0.30083346
 0.46930819 0.28066348 0.83058322 0.32172248 0.29748802 0.46907666
 0.46486353]
28 10573.71160686772 [0.30143517 0.28368365 0.31354507 0.32645829 0.27944943 0.30054707
 0.46910975 0.28052112 0.83048713 0.32202134 0.2977902  0.46922106
 0.46500552]
29 10211.485109637852 [0.30191008 0.28400017 0.31338818 0.32710007 0.27910212 0.30009665
 0.46886328 0.28008348 0.83020207 0.32269892 0.29794596 0.46932445
 0.46495736]
30 9292.491886495583 [0.30239713 0.28432981 0.31303478 0.32742271 0.27880706 0.29994615
 0.4687616  0.27961506 0.8299534  0.32316325 0.29792783 0.46920291
 0.46478388]
31 9909.4897866649 [0.30271222 0.28460702 0.3127093  0.32760806 0.27846302 0.29979285
 0.46862877 0.27926432 0.82973145 0.32381681 0.29792469 0.46917698
 0.46470724]
32 9837.524460832094 [0.30314032 0.28475963 0.31224619 0.32771687 0.27814403 0.29933755
 0.46844944 0.27862677 0.8294061  0.32408333 0.29791104 0.46896222
 0.46454036]
33 8904.887582276822 [0.30378488 0.28474167 0.31178074 0.32777511 0.27788128 0.2990846
 0.46837157 0.27822087 0.82903345 0.3238873  0.29821819 0.46873929
 0.46431218]
34 9203.352831008448 [0.30422488 0.28471918 0.31137733 0.32767753 0.27766346 0.29923565
 0.46862826 0.27783939 0.82870044 0.32378425 0.29865935 0.46864509
 0.4640193 ]
35 9249.460419248442 [0.30473838 0.28425574 0.31117224 0.32746331 0.2777039  0.29924278
 0.4687364  0.27766625 0.82835479 0.32356408 0.29876262 0.46835591
 0.46362061]
36 8088.928404089353 [0.30522298 0.28365686 0.31100163 0.32748141 0.27775901 0.29931618
 0.46909524 0.27750186 0.82811992 0.32329039 0.29905189 0.46793019
 0.46348057]
37 8284.605637492205 [0.30532221 0.28314897 0.31127182 0.32743174 0.27774472 0.29971368
 0.46953156 0.27738826 0.82792355 0.32309256 0.29920629 0.46747379
 0.4633294 ]
38 8917.69009204124 [0.30538666 0.28278168 0.31143441 0.32744569 0.27763939 0.30014026
 0.46985455 0.277335   0.82764118 0.32316469 0.29957181 0.4668059
 0.46322605]
39 8554.171518304534 [0.30509785 0.28263227 0.31131079 0.32736958 0.27759343 0.30040052
 0.47019773 0.27738822 0.82730857 0.32349006 0.30016146 0.46593171
 0.46306558]
40 7465.326212888563 [0.304836   0.2824764  0.31120427 0.32716996 0.27749061 0.30034065
 0.47067803 0.27756128 0.82701084 0.32333967 0.30066876 0.46509046
 0.46287934]
41 8914.377077776722 [0.30512877 0.28231923 0.31086766 0.32728539 0.27738703 0.30006603
 0.47109689 0.27766709 0.82675313 0.32324164 0.3011034  0.4644021
 0.46288675]
42 7378.737189454101 [0.30541986 0.28195746 0.31066405 0.32709195 0.27737189 0.29970007
 0.47123074 0.27774131 0.82648823 0.32301325 0.30176464 0.46382792
 0.46299478]
43 6219.840179415598 [0.30558784 0.2816828  0.31053961 0.32694087 0.27734755 0.29938351
 0.47127651 0.27779116 0.82621543 0.32285908 0.30245632 0.46342124
 0.46295579]
44 6166.891232521228 [0.30578322 0.28122719 0.31066572 0.32674477 0.27719085 0.2992634
 0.47176727 0.2779795  0.82602256 0.32272087 0.3029493  0.46299522
 0.46294288]
45 7590.1454450819765 [0.3062207  0.28051356 0.31063069 0.32656829 0.27699418 0.29917339
 0.47236825 0.27803552 0.82589435 0.32289402 0.30337501 0.4627323
 0.46302534]
46 7146.893482253482 [0.30669679 0.27979716 0.31052084 0.32642539 0.27659864 0.29875908
 0.47310679 0.2781321  0.82582021 0.32287255 0.30396536 0.46279153
 0.46309208]
47 4820.56022971729 [0.30709051 0.27929243 0.31014322 0.32614056 0.27626281 0.29819859
 0.47368977 0.2781451  0.82567899 0.32289801 0.30462067 0.46284681
 0.46316835]
48 5076.730820891719 [0.30776063 0.27874582 0.30971385 0.32567872 0.27590657 0.29770773
 0.47406872 0.27812153 0.82543026 0.32309684 0.30542562 0.46270846
 0.46321907]
49 5325.722423878625 [0.30838076 0.27806284 0.30937697 0.32533959 0.27570987 0.29722235
 0.47428948 0.27808659 0.82529644 0.3230211  0.30620609 0.4625549
 0.46320894]
50 3885.299326572369 [0.30908918 0.27713107 0.30912089 0.32498684 0.2756276  0.2967871
 0.47458864 0.27791893 0.82522026 0.32293075 0.30668851 0.46269683
 0.46305688]
51 5567.070447974842 [0.30972473 0.27635189 0.30878055 0.32473365 0.27494863 0.29623195
 0.47496823 0.27769289 0.82519673 0.32285414 0.30745109 0.46286629
 0.46285933]
52 3832.5500228247524 [0.31014395 0.27562667 0.30840545 0.32434671 0.27438597 0.29564423
 0.47533096 0.27750649 0.82521179 0.32275828 0.30812208 0.46290885
 0.46263744]
53 3868.196988929736 [0.310338   0.27459476 0.30781831 0.32423579 0.27390828 0.29494827
 0.47580219 0.27700422 0.8251187  0.32273021 0.3085831  0.46299232
 0.46259943]
54 2938.651990301765 [0.31066602 0.27354437 0.30755436 0.3244035  0.2734217  0.29453124
 0.4760358  0.27636202 0.82505109 0.32277748 0.30861244 0.4631601
 0.46262137]
55 5319.994267794913 [0.31104903 0.2726958  0.30742299 0.32437653 0.27283433 0.29404799
 0.4762065  0.27585873 0.82507232 0.32284557 0.30856314 0.46330228
 0.4627895 ]
56 2971.1879205481464 [0.31160855 0.27200731 0.30736174 0.32429625 0.27245312 0.29345847
 0.47661309 0.27527335 0.82505322 0.32300423 0.30856423 0.46325529
 0.46296311]
57 2121.246774042502 [0.31221928 0.27132035 0.30742371 0.32419959 0.27218066 0.29312367
 0.47698791 0.27451482 0.82501478 0.32289791 0.30847452 0.46313219
 0.46301866]
58 1748.442266934591 [0.31295284 0.27043541 0.30747298 0.32380297 0.27191138 0.29270433
 0.47726288 0.2738063  0.82471719 0.32261205 0.30840292 0.46276049
 0.46323736]
59 2022.0305405050653 [0.31369922 0.26971161 0.30749635 0.32321187 0.27173119 0.29237262
 0.4773041  0.2732883  0.82437959 0.32214898 0.30826609 0.46250964
 0.46335987]
60 1792.077102843044 [0.31421787 0.26888411 0.30755911 0.32253891 0.27145566 0.29191829
 0.47760796 0.27276261 0.82407415 0.32177129 0.30806367 0.46237873
 0.46333062]
61 844.041768590419 [0.31479213 0.26800187 0.30769843 0.32208983 0.27127396 0.29159357
 0.47783023 0.27253325 0.82377127 0.32148044 0.30802125 0.4624701
 0.46339254]
62 1167.3431334946574 [0.31525969 0.26735042 0.30759758 0.32178305 0.27094749 0.29134812
 0.47812983 0.27241914 0.82346424 0.32083888 0.30816786 0.4623309
 0.46333276]
63 1475.648567210883 [0.31547345 0.26683265 0.30763008 0.32161947 0.27067803 0.29104153
 0.47848155 0.27224607 0.82321126 0.32019355 0.30834757 0.46236137
 0.46337239]
64 589.0958607421577 [0.31556026 0.26629534 0.30775187 0.32148935 0.27052565 0.29073786
 0.47872825 0.27211232 0.82293251 0.31962167 0.30846689 0.46222886
 0.46343975]
65 1472.3786196085925 [0.3155668  0.26598221 0.30789641 0.32142834 0.2702812  0.29055186
 0.47857819 0.27214311 0.82262494 0.31903286 0.30839266 0.4620873
 0.46366894]
66 1681.4594604392983 [0.31554312 0.26546973 0.3082688  0.32152214 0.27005493 0.29027424
 0.47852597 0.27231737 0.82247784 0.31860926 0.30800377 0.46192643
 0.4641151 ]
67 541.0040616676735 [0.3153887  0.26475587 0.30838405 0.32155936 0.26971243 0.29032884
 0.47830657 0.27228525 0.82235032 0.31809662 0.30756709 0.46178561
 0.46448813]
68 844.8439013728687 [0.31498423 0.26417641 0.30838175 0.32150747 0.26934215 0.29037425
 0.47829516 0.27216023 0.82225634 0.31753383 0.30726459 0.46160619
 0.46493273]
69 1117.5686877125365 [0.31473128 0.26350676 0.30822245 0.32195915 0.26892974 0.29042603
 0.47836765 0.27197477 0.82230943 0.31727269 0.3069859  0.46152391
 0.46500747]
70 830.3471652161999 [0.31450221 0.26283607 0.30813117 0.32226057 0.26849154 0.29070265
 0.47847541 0.27185231 0.82232411 0.31713075 0.3066813  0.46125021
 0.46510102]
71 1129.1754859317803 [0.31440137 0.26231839 0.30780772 0.32243943 0.26836944 0.29076741
 0.47816525 0.27144343 0.8224165  0.31676812 0.30636733 0.46107753
 0.46524767]
72 1125.2273128136294 [0.31406322 0.26191826 0.30757851 0.32265747 0.26821592 0.29091066
 0.47792318 0.27094066 0.82246247 0.31662188 0.30608188 0.46095012
 0.46517076]
73 492.6601751549339 [0.31355907 0.2616748  0.30730572 0.32280571 0.26773154 0.2909514
 0.4777198  0.27046054 0.82268516 0.31625681 0.3055683  0.46092162
 0.46513767]
74 1363.3048229163778 [0.31287166 0.26132359 0.30735498 0.32294205 0.26764851 0.29121243
 0.47760532 0.27018359 0.82291248 0.31591608 0.30517681 0.46084751
 0.46533486]
75 1694.593256490209 [0.31223377 0.2611945  0.30745648 0.32300689 0.26757548 0.29135177
 0.47746747 0.26977981 0.82309011 0.31554612 0.30461517 0.46076283
 0.46530331]
76 1406.3167988324599 [0.31174573 0.26116293 0.30780742 0.32279555 0.26750997 0.29162219
 0.47718606 0.26962099 0.82324398 0.31503191 0.30427082 0.46059322
 0.465078  ]
77 1375.0517619061252 [0.31160458 0.26114454 0.30802587 0.32266396 0.26742273 0.29211702
 0.47677755 0.26939174 0.82334967 0.31456123 0.30396055 0.46053265
 0.46496599]
78 1114.8975168658772 [0.31136031 0.26103369 0.30812307 0.32258829 0.26727645 0.2925059
 0.47612817 0.26898817 0.82343336 0.31449431 0.3038425  0.46062149
 0.46435925]
79 500.1170830620779 [0.31119563 0.2608109  0.30835435 0.32250872 0.26713116 0.29304196
 0.47561403 0.26863008 0.82353214 0.31452782 0.30370097 0.4606081
 0.46374437]
80 782.352932207953 [0.31089001 0.2606016  0.30848121 0.32249577 0.26704515 0.29318095
 0.47501283 0.26837833 0.82362005 0.31460892 0.30335312 0.4607825
 0.46320456]
81 199.7665607139486 [0.31077315 0.26029227 0.30864537 0.32244805 0.26710276 0.29335466
 0.47432797 0.26823325 0.82371642 0.31472614 0.30293145 0.46091561
 0.46270214]
82 782.9879571660955 [0.31036224 0.26018022 0.30856141 0.32240902 0.26711442 0.2933784
 0.47380556 0.2681289  0.8237434  0.3149938  0.3025042  0.46110491
 0.46225771]
83 783.6812468894555 [0.31006619 0.26002787 0.30852644 0.32246349 0.2673923  0.29344014
 0.47310431 0.26817669 0.82377668 0.31535843 0.30196374 0.4613872
 0.46198666]
84 1034.481151049787 [0.30985468 0.25990192 0.3082462  0.32255906 0.26763487 0.29349842
 0.47243268 0.26824034 0.82380574 0.31584258 0.30150361 0.46172061
 0.46203355]
85 481.1153404272501 [0.3096921  0.25977137 0.3079603  0.32301845 0.26797204 0.29339647
 0.47179512 0.26816986 0.82372975 0.31619586 0.30106194 0.46211136
 0.46181916]
86 736.012890848583 [0.30926598 0.25962823 0.30739215 0.32345761 0.26841731 0.29343958
 0.47107525 0.26813113 0.82367716 0.31632264 0.30102075 0.46257834
 0.46135216]
87 1057.543955676248 [0.30865331 0.25958366 0.30692464 0.32372036 0.26878369 0.29313595
 0.47027067 0.26805011 0.82359506 0.31634853 0.30106489 0.46311489
 0.46096416]
88 698.6460625064249 [0.30822259 0.25967556 0.30654786 0.32379449 0.26897491 0.29260786
 0.46935823 0.26795935 0.823494   0.31605052 0.30125431 0.46340243
 0.46057917]
89 731.9283487834525 [0.3075869  0.25940996 0.30595773 0.32401603 0.2692096  0.2921091
 0.46846459 0.26805157 0.82346222 0.31581822 0.30164251 0.46373437
 0.46024691]
90 449.0978270740425 [0.30708278 0.25913793 0.30564503 0.32388194 0.2697088  0.29168996
 0.46755854 0.26824363 0.8234561  0.31563503 0.30216947 0.4641437
 0.45997644]
91 1033.3274386135547 [0.30649338 0.25865957 0.3052247  0.32376976 0.27011144 0.2913516
 0.46696067 0.26844121 0.8233855  0.31528833 0.30276799 0.46447286
 0.45968886]
92 152.59757134535042 [0.30589203 0.2581925  0.30463222 0.32350891 0.27051696 0.29100961
 0.46649579 0.26871081 0.82326457 0.31522108 0.30346798 0.4647503
 0.45928389]
93 1048.3987909446882 [0.30543239 0.25775161 0.30386336 0.32312182 0.27086024 0.29061974
 0.46599749 0.26881619 0.82308234 0.31501036 0.30405278 0.46493528
 0.458986  ]
94 143.924690443109 [0.30497871 0.25737969 0.30315404 0.3223644  0.27103702 0.29027167
 0.46554003 0.26877163 0.8229178  0.31504679 0.30438434 0.46485658
 0.45859297]
95 452.37234224104736 [0.30461642 0.25705597 0.30256725 0.32157231 0.27123685 0.29015613
 0.46512296 0.26879725 0.82270309 0.31525509 0.30482886 0.46508054
 0.4581964 ]
96 441.87901256553874 [0.30420243 0.25675571 0.30191066 0.32102341 0.27144534 0.2902239
 0.46488731 0.2690272  0.82244972 0.31540863 0.30517638 0.46529677
 0.45762033]
97 481.6086673498787 [0.30390587 0.25649719 0.30139638 0.32055015 0.27166271 0.29030262
 0.4646597  0.26912589 0.82224793 0.31574161 0.30573774 0.46550633
 0.45730065]
98 1051.4260406727512 [0.30369939 0.25627262 0.30056489 0.32044621 0.27173965 0.29034068
 0.46464692 0.26925808 0.82204347 0.31604431 0.30625141 0.46546407
 0.45717481]
99 712.0225532115433 [0.3035998  0.2561331  0.29982843 0.32049864 0.27172626 0.29043285
 0.46463581 0.26930902 0.82186905 0.31649168 0.30681226 0.46546191
 0.45699568]
100 168.7030123730795 [0.30362781 0.25589276 0.29904473 0.32051165 0.27177525 0.29046169
 0.46482369 0.26937211 0.82172322 0.31676833 0.30731796 0.46538783
 0.45670216]
101 759.9425431547543 [0.30323553 0.25575674 0.29803871 0.32063781 0.27176697 0.29055709
 0.46493527 0.26938025 0.82162339 0.31689382 0.30794533 0.46525145
 0.45652505]
102 456.28218077397463 [0.30282578 0.25531026 0.29715766 0.3208987  0.27169384 0.29052468
 0.46496874 0.2690142  0.82160719 0.3170945  0.3083437  0.46495694
 0.4564869 ]
103 173.0175613116093 [0.30226349 0.25496906 0.29632017 0.32124002 0.27118901 0.29027561
 0.46468394 0.26861815 0.82147408 0.31701292 0.308465   0.46496079
 0.45646404]
104 742.6137320013399 [0.30186085 0.25468169 0.29515656 0.3217279  0.27092879 0.29022669
 0.46440475 0.26808972 0.82135244 0.31669732 0.30866681 0.46517332
 0.45635122]
105 158.1171875255004 [0.30158462 0.25426567 0.29421013 0.32227686 0.27068982 0.29007991
 0.46416918 0.26782897 0.82116289 0.31661982 0.30888486 0.46524211
 0.45610642]
106 153.81383449427312 [0.30110469 0.25389145 0.29334455 0.3225873  0.2703711  0.28984009
 0.46399444 0.26754682 0.82091632 0.31628823 0.30908947 0.46522683
 0.45587879]
107 744.6483233324232 [0.30076232 0.25354461 0.29269633 0.32297048 0.27006924 0.28954587
 0.46371048 0.26725454 0.8206769  0.31600142 0.30943962 0.46529775
 0.45564959]
108 1047.046224229899 [0.30047835 0.25306822 0.29227977 0.32302982 0.26983023 0.28942148
 0.46319529 0.26703163 0.82051368 0.31555593 0.30967183 0.46541845
 0.45546099]
109 463.2476515957617 [0.30007369 0.25262065 0.29197587 0.32317655 0.26967402 0.28920303
 0.4627468  0.26673205 0.82031203 0.31512106 0.30978601 0.46566999
 0.45545874]
110 444.9071240997903 [0.299665   0.25220498 0.29169634 0.32339493 0.26948874 0.28896629
 0.46229887 0.26642455 0.8202261  0.31487064 0.30972009 0.46601572
 0.45558516]
111 148.67549103129426 [0.29949955 0.25160651 0.29151909 0.32353306 0.26923479 0.28851598
 0.46177964 0.26623239 0.82013369 0.31449156 0.30977473 0.46666035
 0.45567344]
112 720.6137864934162 [0.29960947 0.25106412 0.2913191  0.3231478  0.26915325 0.2879393
 0.46105423 0.26577872 0.81998454 0.3143042  0.30982715 0.46715563
 0.4557989 ]
113 148.14605031735468 [0.2993207  0.25065169 0.29149662 0.3227017  0.26905332 0.28738638
 0.46032404 0.26559673 0.81992934 0.31423721 0.30967133 0.46782996
 0.45593092]
114 1050.999941305268 [0.29914831 0.2502955  0.29186335 0.32211402 0.26893857 0.28689823
 0.45962989 0.26496701 0.8199011  0.31403975 0.30948341 0.46841026
 0.45615791]
115 154.36820921023485 [0.29904795 0.25004344 0.29210531 0.32154537 0.26860959 0.28647929
 0.45886992 0.26449971 0.81993813 0.31383777 0.30957847 0.46903328
 0.45638147]
116 142.63054668800152 [0.2989043  0.24980317 0.29220735 0.32055921 0.26818063 0.28605916
 0.45802938 0.26390813 0.81999336 0.31358688 0.30966326 0.46962966
 0.45651643]
117 127.15110565253806 [0.29873771 0.24946366 0.29223323 0.3197429  0.26774014 0.28555989
 0.45723292 0.26345984 0.81992688 0.31341534 0.30968328 0.47002695
 0.45669667]
118 113.43094649272248 [0.29875    0.24918049 0.29215421 0.3190168  0.26745459 0.28495973
 0.45642185 0.26298772 0.82003518 0.31326535 0.3096814  0.47056724
 0.4570191 ]
119 125.77395565760841 [0.29854468 0.24873656 0.29222901 0.31822842 0.2670255  0.28458941
 0.45552591 0.26246086 0.82010075 0.31314109 0.30966288 0.47102679
 0.45739398]
120 127.00242157516188 [0.298549   0.24842388 0.29215454 0.31758185 0.26659308 0.28441672
 0.45473949 0.26193555 0.8201838  0.31315991 0.30992159 0.47169312
 0.45779173]
121 403.4423081541403 [0.29859315 0.24839392 0.29226325 0.31696236 0.26638112 0.28437245
 0.45416335 0.26143305 0.82026696 0.31304595 0.31036314 0.47235989
 0.4582661 ]
122 113.45076584394945 [0.29854483 0.24838637 0.29228385 0.31629047 0.26593595 0.284315
 0.4536861  0.26107526 0.82025382 0.31316861 0.31085105 0.47277657
 0.45867495]
123 117.51540978863952 [0.29841562 0.24827055 0.29201294 0.3158706  0.26542255 0.28418956
 0.45312715 0.26080675 0.82024523 0.31308125 0.3115094  0.47318679
 0.4591428 ]
124 99.32480609311918 [0.29842544 0.24809289 0.29174644 0.31543369 0.26507438 0.28398589
 0.45263651 0.2606879  0.82024562 0.31313333 0.31211329 0.47360526
 0.4595077 ]
125 390.7289717981962 [0.29860668 0.24793067 0.29143666 0.31518834 0.26464274 0.28376798
 0.45229859 0.26059982 0.82032812 0.31305344 0.31266363 0.47406914
 0.45996754]
126 84.82445999771124 [0.29827923 0.24794069 0.29132839 0.31463498 0.26437397 0.28397961
 0.45190352 0.26023167 0.82049617 0.31310411 0.31332749 0.47462033
 0.46033561]
127 408.9258351157606 [0.29786512 0.24808519 0.29144387 0.31404961 0.26391897 0.28411588
 0.45160564 0.25983304 0.82055005 0.3131036  0.31417949 0.4749259
 0.46060485]
128 103.26997274302522 [0.2973933  0.24814728 0.29148606 0.31341218 0.26360148 0.28424452
 0.45124659 0.25943584 0.82064901 0.3133724  0.31472485 0.47528225
 0.46096508]
129 87.20967870561293 [0.29733427 0.24822552 0.29148046 0.31269488 0.26346383 0.2843077
 0.45073357 0.25906526 0.82061276 0.3135742  0.3152774  0.4755205
 0.46092923]
130 399.1419856363609 [0.29721594 0.24801985 0.29132881 0.31197702 0.26328797 0.28455034
 0.45032134 0.25880405 0.82059842 0.31374936 0.31578021 0.47585122
 0.46108605]
131 88.74142317762056 [0.296869   0.24775867 0.29091993 0.31138924 0.26313167 0.28494135
 0.44986038 0.25856822 0.82047817 0.31372436 0.31599476 0.47627079
 0.46111538]
132 80.30686780608278 [0.2965129  0.24737918 0.29029455 0.31073337 0.26283627 0.28536127
 0.44933501 0.25844529 0.82031722 0.31382866 0.31622408 0.47657312
 0.46119476]
133 95.11963020587972 [0.2962183  0.24708952 0.28951141 0.3098697  0.26277075 0.28574702
 0.4488395  0.2583903  0.82021955 0.31375701 0.31664228 0.47702067
 0.46124931]
134 82.67653128918094 [0.29573472 0.24683444 0.28892246 0.30890762 0.26239604 0.28612433
 0.44843532 0.25827118 0.82012088 0.31381813 0.31721904 0.47753378
 0.46158665]
135 76.38205040030525 [0.29538163 0.24631248 0.28803937 0.30793284 0.26178786 0.28658245
 0.44785373 0.25817129 0.82005398 0.31395314 0.31777709 0.47785509
 0.46189416]
136 82.81925281749531 [0.29491235 0.24595726 0.28734474 0.30721478 0.26136168 0.28716241
 0.44739207 0.25821112 0.81999252 0.31381391 0.31840664 0.47797027
 0.46189588]
137 88.48238656051731 [0.29449494 0.24550867 0.28667483 0.30652819 0.26098812 0.28748217
 0.44704244 0.25818045 0.81986927 0.31379007 0.31880994 0.47840942
 0.46175726]
138 80.19211096454573 [0.2940328  0.24515373 0.28626845 0.30571071 0.26073993 0.2878359
 0.44685908 0.25809069 0.81976508 0.31369434 0.31919337 0.47863643
 0.46173455]
139 81.95151394158117 [0.29350701 0.24464428 0.28575644 0.30500149 0.26072327 0.28806589
 0.44679322 0.25814533 0.81969388 0.31335602 0.31947427 0.47885362
 0.46169777]
140 78.66539853027597 [0.29283513 0.24436214 0.28552809 0.30413147 0.26074296 0.28814932
 0.44660852 0.25828481 0.81959697 0.31293329 0.31957883 0.47895771
 0.46174593]
141 83.58339732745162 [0.29205265 0.24416134 0.2854511  0.30339334 0.26029376 0.28830077
 0.44670445 0.25831973 0.81947837 0.31284226 0.31956007 0.47901636
 0.46185157]
142 78.95594753689609 [0.29121134 0.24389788 0.28538783 0.302822   0.25974319 0.28858315
 0.44664345 0.25831643 0.81939875 0.3125135  0.31961171 0.47913258
 0.46189666]
143 69.80305381113955 [0.29038794 0.2436545  0.28528831 0.30233909 0.2591408  0.2886192
 0.44651867 0.25841076 0.81933874 0.31207308 0.31945223 0.47922173
 0.46181233]
144 80.49796000109869 [0.28983323 0.24332104 0.28518127 0.30198646 0.25853776 0.28881385
 0.4460775  0.25835445 0.81925389 0.31163034 0.31928611 0.47958848
 0.46147743]
145 78.44980630202286 [0.2892976  0.2430263  0.28501189 0.3016042  0.25808323 0.28902125
 0.4456568  0.25826384 0.81911255 0.3111788  0.31907985 0.47987199
 0.46124546]
146 77.1676296633457 [0.28895667 0.24252153 0.2847772  0.30126803 0.25772916 0.28929523
 0.44519984 0.25790726 0.81896885 0.31084118 0.31868123 0.48016889
 0.46077564]
147 56.92792040990048 [0.28844095 0.24184551 0.28442336 0.30106582 0.25744118 0.28956495
 0.44470223 0.25768429 0.81892911 0.31054498 0.31864096 0.47992093
 0.46010986]
148 63.354212591918184 [0.28809317 0.24113151 0.28369339 0.3008993  0.25718155 0.28970163
 0.44417101 0.25763981 0.81885986 0.31045184 0.31835533 0.47923677
 0.45969147]
149 64.077775991581 [0.28790659 0.24046456 0.28316584 0.30054695 0.25697769 0.290022
 0.44362467 0.25720531 0.81883772 0.31072275 0.31846012 0.47884566
 0.45938318]
150 61.28537782263469 [0.28781608 0.24003743 0.28255749 0.30027964 0.25679415 0.29027183
 0.44304475 0.25696187 0.81887572 0.31091651 0.31847991 0.47864164
 0.45897003]
151 62.88635343748652 [0.2875238  0.23970779 0.28193898 0.29993831 0.25651015 0.29064544
 0.44253615 0.25680514 0.81881518 0.31134794 0.31876179 0.47852245
 0.45844146]
152 53.70937713041901 [0.28719468 0.23939253 0.28120841 0.29954964 0.25630851 0.29093411
 0.44194566 0.2565925  0.81870824 0.31170692 0.31921437 0.47840974
 0.45807855]
153 53.34240473319276 [0.28724977 0.23892154 0.28058431 0.29904321 0.25598242 0.29118642
 0.44132264 0.25661814 0.81868623 0.3116178  0.31964072 0.47834617
 0.45775419]
154 56.14850716480693 [0.28690996 0.23845043 0.27988239 0.29869162 0.25561409 0.29143924
 0.44077603 0.25659723 0.8186618  0.3110545  0.32016195 0.47814046
 0.45739714]
155 62.10375842500506 [0.28659134 0.23792952 0.2791434  0.29853477 0.25541507 0.29167229
 0.44017194 0.25653785 0.81866353 0.31056727 0.32040988 0.47779774
 0.45703988]
156 54.30679751109162 [0.28621891 0.23769436 0.27818116 0.29842417 0.25527291 0.29189189
 0.43975037 0.25649552 0.81869081 0.3102644  0.32053181 0.4774622
 0.45647552]
157 49.051857905303294 [0.28562459 0.23733936 0.2772402  0.29844415 0.25520179 0.29185792
 0.43942522 0.2565986  0.81875774 0.3097665  0.32047337 0.4771245
 0.45574089]
158 56.737492250093595 [0.28491724 0.23702989 0.27642064 0.2986747  0.25530164 0.29165362
 0.43919907 0.25665001 0.81886215 0.30912763 0.32032515 0.47681768
 0.455211  ]
159 54.34583814088829 [0.28440325 0.23661685 0.27575171 0.29888761 0.25565353 0.29162145
 0.43899848 0.25663851 0.81891444 0.30871601 0.32012762 0.47660639
 0.45468511]
160 50.26567247304421 [0.28418699 0.23604863 0.27502822 0.29892896 0.25612309 0.2914115
 0.43872325 0.25693601 0.81887275 0.30836628 0.32030933 0.4764541
 0.45419305]
161 47.54208709096254 [0.28394419 0.23534579 0.2742393  0.29891557 0.25656296 0.29120911
 0.43841694 0.25715091 0.81873909 0.30816117 0.32024953 0.47617926
 0.45402751]
162 53.05973615319399 [0.28350878 0.23475975 0.27322173 0.2990037  0.25710253 0.29100245
 0.43808639 0.25714375 0.81865223 0.30781161 0.31994095 0.47580455
 0.45374812]
163 43.55834956685041 [0.28311341 0.23423062 0.27258467 0.29900576 0.25775176 0.2908622
 0.43773839 0.25692476 0.81850167 0.30736761 0.31978038 0.47576079
 0.45369   ]
164 41.01593441723791 [0.28286218 0.23377371 0.27195448 0.29905194 0.25838216 0.29069491
 0.43726345 0.25679553 0.81835005 0.30688547 0.31934822 0.47546943
 0.4535339 ]
165 43.393378109994046 [0.2827821  0.23339128 0.27130108 0.29905997 0.25906631 0.29081473
 0.43690772 0.25672525 0.81828101 0.30645025 0.31884521 0.47498187
 0.45327904]
166 44.246410045807934 [0.28270619 0.23311886 0.27085381 0.2990513  0.25951916 0.29076311
 0.43644114 0.25646999 0.81821904 0.30606579 0.31840521 0.47459148
 0.45291497]
167 38.7909890950608 [0.282153   0.23300547 0.27056946 0.29892846 0.26001622 0.2903494
 0.43603075 0.25627178 0.81817695 0.30589027 0.31802898 0.47430947
 0.45282936]
168 38.94014318947893 [0.28160957 0.23285752 0.27029293 0.29868209 0.26037694 0.29000437
 0.43558701 0.25585238 0.8180963  0.30576348 0.31757285 0.47410594
 0.45296108]
169 35.71062170388514 [0.28106321 0.23296372 0.26999671 0.2981157  0.26061336 0.29003752
 0.43506322 0.25552373 0.81780455 0.3057752  0.31698164 0.47386101
 0.4529151 ]
170 38.32097766910709 [0.28045439 0.23290332 0.2697614  0.29754279 0.26064347 0.28999046
 0.43464517 0.25505214 0.81759636 0.30599828 0.31666402 0.47372365
 0.45303858]
171 33.59260073664565 [0.27980668 0.23272446 0.26966204 0.2970904  0.26088189 0.28969326
 0.43432757 0.25437315 0.81741135 0.30595729 0.31634395 0.47358495
 0.45287982]
172 31.56126466106022 [0.27911725 0.23254763 0.26972807 0.29635967 0.26124961 0.28934284
 0.43433928 0.25366647 0.81723518 0.30587849 0.3157823  0.47334433
 0.45258304]
173 37.48158851152777 [0.27827855 0.23231972 0.26947184 0.29549822 0.26162554 0.28891919
 0.43431083 0.25289572 0.81713288 0.30595171 0.31567033 0.47313847
 0.45204487]
174 34.48926860426852 [0.2773208  0.23191717 0.26893595 0.29462977 0.26189928 0.28810045
 0.43436496 0.25218647 0.81710086 0.30613475 0.31580233 0.47300614
 0.45141806]
175 33.10365184097066 [0.27614086 0.23164684 0.26828576 0.29371589 0.26218308 0.28748664
 0.434509   0.25150061 0.81721219 0.30647301 0.3157128  0.47282878
 0.45085745]
176 48.56594548531946 [0.2749986  0.23139124 0.26769816 0.2929093  0.26252766 0.28713952
 0.4347213  0.2509592  0.81726324 0.30702717 0.31588574 0.47269339
 0.45023168]
177 33.67552287068799 [0.27382816 0.23114695 0.26717133 0.29229297 0.26276528 0.28667433
 0.43482117 0.25025392 0.81735971 0.30753943 0.31596997 0.47242591
 0.44963103]
178 36.157656239687746 [0.27284845 0.23097437 0.26668188 0.29168527 0.26280321 0.28632025
 0.43469039 0.24953474 0.81745578 0.30814821 0.31593409 0.4722264
 0.44883428]
179 35.752660196769284 [0.27178168 0.2307884  0.26625286 0.29101329 0.26280749 0.28562279
 0.43465072 0.24894673 0.8175521  0.30867643 0.31587235 0.47181796
 0.44810401]
180 38.37398022574948 [0.27056175 0.23057049 0.26576312 0.2902611  0.26255702 0.28519449
 0.43455    0.24833497 0.81761312 0.30924632 0.31581178 0.4714715
 0.44757881]
181 31.563688446486715 [0.26914299 0.23047554 0.26516876 0.28944776 0.26236606 0.28500392
 0.43431974 0.24785219 0.81764687 0.30970233 0.31589659 0.47120662
 0.44695304]
182 33.95021008865596 [0.26774624 0.23052969 0.26467858 0.28877285 0.26217441 0.28479477
 0.43421048 0.24742341 0.81766645 0.31011223 0.31578962 0.47088366
 0.44650006]
183 38.86251111571529 [0.26664244 0.2304903  0.26414342 0.28781718 0.26204097 0.28465572
 0.43417995 0.2471576  0.81773179 0.31035645 0.31580098 0.47046606
 0.44603638]
184 39.85602031098085 [0.26573325 0.23034962 0.26352471 0.28700242 0.26185215 0.28455368
 0.43431352 0.24687805 0.81776886 0.3105702  0.31585995 0.46998343
 0.44550614]
185 39.459006726381745 [0.26494459 0.23013211 0.26281847 0.28645271 0.26175775 0.28458252
 0.43442292 0.24653792 0.81783699 0.31090405 0.31588693 0.46961729
 0.44496809]
186 27.17048109471026 [0.26425375 0.22991549 0.26217579 0.28575443 0.26161572 0.28448641
 0.43437386 0.2463528  0.81790329 0.31129452 0.31576816 0.46936041
 0.44448185]
187 30.860547651427915 [0.26366531 0.22956477 0.26173908 0.28498017 0.26145399 0.28459254
 0.43438289 0.24613239 0.81805828 0.31167462 0.31584069 0.46912009
 0.44403565]
188 26.50674550138348 [0.26302853 0.22912444 0.26143796 0.28429059 0.26131703 0.28478617
 0.43434003 0.24578543 0.81813651 0.31173647 0.31570069 0.4687729
 0.44368554]
189 27.32513467798813 [0.26245518 0.22864416 0.26100136 0.28364252 0.26118991 0.28497538
 0.4343707  0.24540244 0.81826327 0.31159875 0.31566488 0.46847509
 0.44356116]
190 28.639372953365765 [0.26196796 0.22826715 0.26083804 0.28298686 0.26119914 0.28528357
 0.43439535 0.24506791 0.81839228 0.31163503 0.31560198 0.46807792
 0.4434957 ]
191 30.32368370508204 [0.26155506 0.22785677 0.26088058 0.28247362 0.26120504 0.28539148
 0.43447457 0.24479841 0.81847606 0.3117318  0.31538431 0.46762506
 0.44330753]
192 33.93858530630041 [0.26116197 0.2274083  0.260638   0.28212199 0.26114993 0.28536119
 0.43454927 0.24454564 0.8186198  0.31179985 0.31518613 0.46718368
 0.44317719]
193 29.543229110838453 [0.2607734  0.22705981 0.26055802 0.28169838 0.26103679 0.28518103
 0.43457926 0.24436656 0.8187186  0.31203723 0.31483305 0.46692486
 0.44280774]
194 30.416820993403192 [0.26024327 0.22674337 0.26032985 0.28141103 0.26066391 0.28515268
 0.43478836 0.24411628 0.81888856 0.31241197 0.31473358 0.46676682
 0.44248361]
195 31.14989220216519 [0.25978379 0.2264967  0.26024787 0.28129865 0.26025486 0.28499661
 0.43509077 0.24389285 0.81902507 0.31269534 0.31457088 0.46665025
 0.44207377]
196 31.292277254601714 [0.25937702 0.22629458 0.26003074 0.28113304 0.26004611 0.28493453
 0.43546277 0.24375028 0.81920597 0.31287341 0.31460607 0.46666925
 0.44192462]
197 29.484441405944715 [0.25891556 0.22611704 0.25983059 0.28091873 0.25990541 0.2849424
 0.43587252 0.24364908 0.81930918 0.31293525 0.31456118 0.46674073
 0.44177975]
198 33.8585448868818 [0.25875617 0.22590324 0.25949408 0.28074525 0.25965775 0.28491956
 0.43652215 0.24371405 0.81931698 0.31305559 0.31443417 0.4667373
 0.4415869 ]
199 28.96729076091694 [0.25857604 0.22561036 0.25917879 0.28036897 0.25929629 0.28499711
 0.43694952 0.24379765 0.81938144 0.31284864 0.31431229 0.46666271
 0.44120107]
200 29.34993633079609 [0.25847873 0.22521021 0.25897829 0.2801679  0.25899614 0.2852042
 0.43735446 0.24397758 0.81943458 0.31252672 0.31430893 0.46661381
 0.44092094]
201 27.414938026716804 [0.25845467 0.22477149 0.25891802 0.27999605 0.258941   0.28539611
 0.43765843 0.24409058 0.8195003  0.31204232 0.31398311 0.46651902
 0.44084593]
202 37.12757786394182 [0.25841447 0.22442093 0.25911228 0.27985144 0.25889759 0.28569536
 0.4379236  0.24424843 0.81962954 0.3117173  0.3139328  0.46625253
 0.44093603]
203 27.26265901717101 [0.2584068  0.22400276 0.25911359 0.27978349 0.25874866 0.28611297
 0.43815452 0.24442367 0.81985615 0.31141054 0.31397404 0.46608051
 0.44113009]
204 35.56473840406458 [0.2582837  0.22358126 0.25935459 0.27962069 0.25879823 0.2867543
 0.4381736  0.24453132 0.82005788 0.31123742 0.31396052 0.46568274
 0.44144677]
205 29.18713124947015 [0.25800274 0.22317373 0.2596065  0.27934363 0.25879526 0.28685867
 0.43798477 0.24443002 0.82022754 0.31105739 0.31405191 0.46521994
 0.44162661]
206 25.811535996088935 [0.25792127 0.22276243 0.25964902 0.27918531 0.25857645 0.28699827
 0.43772546 0.24424235 0.82033856 0.31087712 0.31403265 0.4647919
 0.44178957]
207 31.769928806767478 [0.25790642 0.22238225 0.25986328 0.27904426 0.25827146 0.28724801
 0.43758974 0.24418049 0.82045279 0.31081513 0.31425972 0.46421501
 0.44181667]
208 27.967505552324287 [0.25809771 0.22208299 0.26017518 0.27873008 0.25805086 0.28770714
 0.43735436 0.24393514 0.82055179 0.31078861 0.31397073 0.46368816
 0.44182302]
209 29.139787188872486 [0.25840095 0.22178741 0.26043024 0.27845035 0.25768477 0.28822867
 0.43707271 0.24385993 0.82062595 0.31072364 0.31380618 0.46311278
 0.44189482]
210 28.985308905865676 [0.25879737 0.2215779  0.26068253 0.27836616 0.25724559 0.28844615
 0.43690064 0.24369656 0.82063579 0.31081786 0.31354247 0.46261426
 0.44201426]
211 23.570148205091975 [0.25914988 0.2212505  0.26063703 0.2782882  0.25676412 0.28867226
 0.43664968 0.2436337  0.82059837 0.31078137 0.313209   0.4620692
 0.44209517]
212 30.048142740398745 [0.25922443 0.22098013 0.2608098  0.27811575 0.25627954 0.28883012
 0.43632225 0.24361136 0.82060383 0.31045952 0.31291869 0.46164081
 0.4419522 ]
213 21.202807031651233 [0.25910083 0.22072756 0.26098748 0.27814075 0.25565527 0.28852572
 0.43597242 0.24355171 0.82064237 0.3100138  0.31275804 0.46130602
 0.44183879]
214 22.45949491478764 [0.25919108 0.22035624 0.26109166 0.27829706 0.25489613 0.28808667
 0.43551723 0.24353763 0.82071672 0.30953886 0.31264924 0.4606298
 0.44168443]
215 26.887376202643548 [0.25922416 0.22001902 0.26093964 0.2785253  0.25406282 0.28784848
 0.43515109 0.24349086 0.82077406 0.30898196 0.31244478 0.45993353
 0.44148462]
216 25.145142431354664 [0.25947326 0.21973614 0.26051586 0.27889931 0.25330769 0.28769291
 0.43491009 0.24358228 0.82082945 0.30822629 0.3123085  0.45914967
 0.44130053]
217 29.93598348470401 [0.25976985 0.21931354 0.26012478 0.2790785  0.25265458 0.28770762
 0.43468727 0.24364506 0.82084066 0.30753949 0.31214847 0.45849349
 0.44107238]
218 30.274248541022516 [0.26016921 0.2190333  0.25982087 0.27915915 0.25213195 0.2875498
 0.43455378 0.24378672 0.82083035 0.30701393 0.31189347 0.45799985
 0.44096988]
219 30.76217336477093 [0.26049947 0.21871494 0.25962929 0.27918038 0.25153184 0.28758795
 0.43424556 0.24379114 0.82085902 0.30653923 0.31142042 0.45756934
 0.4408302 ]
220 31.38410900255265 [0.26106396 0.21847276 0.25946317 0.27912867 0.25113653 0.28785511
 0.43372776 0.24367496 0.82090086 0.305983   0.31106908 0.45701177
 0.44076682]
221 28.489997442193502 [0.26145219 0.21821076 0.25923301 0.27913933 0.25074577 0.28837724
 0.43327629 0.2434544  0.82092195 0.30552202 0.31084362 0.4563873
 0.44076802]
222 29.890154238127504 [0.26185785 0.21800986 0.2588572  0.27943735 0.25040572 0.28869739
 0.43290789 0.24325839 0.82091547 0.30523723 0.31072452 0.45577076
 0.44075302]
223 32.47976410932913 [0.26223618 0.21781911 0.25844019 0.27983157 0.2500386  0.28873476
 0.43272954 0.2431079  0.82093948 0.30518459 0.31073138 0.45512109
 0.44080131]
224 28.888305795908582 [0.26246484 0.21753547 0.25812171 0.27986375 0.24976209 0.28864096
 0.43266038 0.24309439 0.82102928 0.30515692 0.31070145 0.45451311
 0.44101538]
225 24.897143836682943 [0.26273703 0.21734349 0.25787229 0.27979611 0.24966464 0.28839037
 0.43261842 0.242941   0.82121767 0.30513453 0.31058866 0.45389419
 0.44105261]
226 26.924803257234046 [0.26311689 0.2172076  0.25762917 0.27948687 0.24967343 0.2883439
 0.43257912 0.24274753 0.82141036 0.3052941  0.31062631 0.45329799
 0.44106132]
227 21.283379242956563 [0.26337651 0.21710688 0.25741833 0.27926738 0.24966449 0.28819298
 0.43248559 0.24254517 0.82161354 0.30551157 0.31055244 0.45276635
 0.44113897]
228 26.59727284875647 [0.26363159 0.21702147 0.25735518 0.27908678 0.2497563  0.28793699
 0.43250613 0.24259325 0.82188266 0.30572233 0.31039893 0.45223222
 0.44124285]
229 24.51132170862007 [0.26366973 0.21683135 0.25752234 0.27907901 0.2497644  0.28762223
 0.43238567 0.24231231 0.82211844 0.30565783 0.31031101 0.45182035
 0.4413302 ]
230 21.29342064612591 [0.26351521 0.21649742 0.25764603 0.27889582 0.24980427 0.28753641
 0.43227816 0.2420394  0.8224337  0.30582456 0.30994493 0.45163217
 0.44143129]
231 19.383469226771318 [0.262928   0.2162067  0.25783048 0.27879739 0.24989027 0.28736859
 0.43231795 0.24180933 0.82269876 0.3059295  0.30983074 0.45145588
 0.44136788]
232 22.494433830586097 [0.26239047 0.21592126 0.25801159 0.27871426 0.2500875  0.28725071
 0.43237702 0.24143028 0.82292702 0.30602874 0.30972324 0.45142596
 0.44123812]
233 21.48546619259484 [0.26205097 0.21574962 0.25835549 0.27866763 0.25037443 0.28716444
 0.43245059 0.24119765 0.82321272 0.306126   0.30976772 0.45145174
 0.44127676]
234 25.1423413045505 [0.26180143 0.21570175 0.25873316 0.27844363 0.25051763 0.28748984
 0.43259531 0.24094303 0.82348939 0.30622977 0.30975305 0.4514926
 0.44136586]
235 26.26530877511682 [0.26148377 0.21570695 0.25900298 0.27836423 0.25058162 0.28771675
 0.43266168 0.24072095 0.82374139 0.30634029 0.30956222 0.45140449
 0.44130222]
236 21.409122119970895 [0.26095953 0.21567097 0.25935893 0.27847915 0.25060071 0.28793515
 0.43270479 0.24062144 0.82393484 0.30635193 0.30939773 0.45133202
 0.44133788]
237 25.992839508385735 [0.26045702 0.21560617 0.25984928 0.27855398 0.25059144 0.28812719
 0.43260855 0.24052629 0.82408955 0.30654478 0.30932007 0.45129944
 0.44134415]
238 17.51181681913871 [0.2599511  0.21559814 0.26015495 0.27847942 0.25054467 0.28868238
 0.43258066 0.2405135  0.82421843 0.30669171 0.3093865  0.45132982
 0.4412351 ]
239 25.887884890005864 [0.25956823 0.21559795 0.26042111 0.27825167 0.2505956  0.28902884
 0.43278669 0.2404717  0.82448734 0.30694251 0.30958098 0.45147224
 0.44100042]
240 18.319493014466218 [0.25926306 0.21556433 0.26075541 0.27800829 0.25059523 0.2894041
 0.43299522 0.24055115 0.82471272 0.30714947 0.3100269  0.4516171
 0.44082656]
241 22.86326869459122 [0.2589641  0.21576673 0.26085707 0.27767556 0.25060643 0.2899312
 0.4331679  0.24059373 0.82490587 0.30748356 0.31040517 0.45170846
 0.44066649]
242 24.645509442075053 [0.25890728 0.21592663 0.26067892 0.27736657 0.25068881 0.29035372
 0.43333423 0.24065067 0.82504876 0.30780676 0.31067196 0.45177921
 0.44065225]
243 20.05247161953696 [0.25869912 0.21596542 0.26061454 0.27693147 0.25070446 0.29079277
 0.43341812 0.2408215  0.82516991 0.30800831 0.31111477 0.45186665
 0.44046273]
244 20.63334338856953 [0.25831727 0.21600406 0.26048726 0.27626003 0.25078363 0.29099874
 0.43352966 0.24101827 0.82530586 0.30796299 0.3114084  0.4516966
 0.44035464]
245 21.806814725065088 [0.25799071 0.21594376 0.26032091 0.27560952 0.25113579 0.29143252
 0.43368248 0.24117722 0.82534804 0.30793832 0.3116494  0.45155395
 0.44023559]
246 24.921611403821334 [0.2576022  0.21583755 0.26012318 0.27515388 0.2515913  0.29143965
 0.43374345 0.24124255 0.82534298 0.30804898 0.31194764 0.45160999
 0.43994001]
247 19.10433779836879 [0.25722177 0.2157803  0.25987993 0.2746966  0.2521472  0.29163939
 0.43390751 0.24129467 0.82537967 0.30835054 0.31191155 0.45161736
 0.43970569]
248 22.2056807734212 [0.25678691 0.21564912 0.25951867 0.27411612 0.25279364 0.29162638
 0.43411075 0.24136627 0.82539809 0.30852126 0.31197816 0.45166286
 0.43944037]
249 25.72065027781489 [0.25634786 0.21543373 0.25907984 0.27379975 0.25351132 0.29146231
 0.43444253 0.24146106 0.82541998 0.30853868 0.31215479 0.45176655
 0.43913677]
250 27.07916970608725 [0.2559164  0.21536624 0.25847417 0.27354998 0.25408818 0.29148686
 0.43484063 0.24160945 0.82542117 0.30862685 0.31239451 0.45200202
 0.43885891]
251 19.903371772740897 [0.25565767 0.21528053 0.25790371 0.27339305 0.2546607  0.29141159
 0.43533671 0.24168193 0.82541835 0.30869511 0.31277617 0.45227345
 0.43865042]
252 23.24452748847561 [0.25531808 0.21520714 0.25747596 0.27323819 0.25474402 0.29145974
 0.43581065 0.24169584 0.82540735 0.30859672 0.31331062 0.45250148
 0.43838179]
253 20.008138974329388 [0.25504484 0.21523606 0.25719182 0.27314101 0.2549952  0.29124405
 0.4364657  0.24168003 0.82542465 0.30846626 0.31376165 0.45245371
 0.43817017]
254 19.19983157792511 [0.25470615 0.21525335 0.25703876 0.27307161 0.25534871 0.29095134
 0.4370146  0.24170803 0.82549431 0.30832346 0.31446952 0.45246352
 0.43804753]
255 19.870929833936486 [0.25434902 0.21526738 0.25710036 0.27310037 0.25565715 0.29103981
 0.43742055 0.24173546 0.82565847 0.30826893 0.31532528 0.45231176
 0.43780723]
256 20.938122879572603 [0.25403676 0.21536815 0.2571798  0.27299703 0.25580888 0.2911021
 0.43780999 0.2417753  0.8259447  0.3081257  0.3161292  0.45212784
 0.43740799]
257 16.608364442408387 [0.25366002 0.21545075 0.2574199  0.27292847 0.25597388 0.29109549
 0.43795555 0.24173981 0.82611854 0.30811786 0.31690328 0.4518959
 0.43700243]
258 16.743864447006956 [0.2533868  0.21533606 0.25775528 0.27269827 0.25611589 0.29088887
 0.43815248 0.24178286 0.82632841 0.30824789 0.31749241 0.45150438
 0.43666078]
259 18.067938165490368 [0.25317037 0.21505867 0.25812064 0.27266036 0.25629498 0.29057296
 0.43848169 0.24169507 0.82661213 0.30833844 0.31814251 0.4511577
 0.43624045]
260 16.80635541187595 [0.25290483 0.21469987 0.25847147 0.27276052 0.25642092 0.29013765
 0.43874795 0.24159222 0.82683891 0.30833599 0.31880887 0.4509331
 0.43593583]
261 21.466250440417284 [0.25268553 0.21422328 0.25892367 0.27273852 0.2563765  0.28977525
 0.43902159 0.2415013  0.82708083 0.30840588 0.31956411 0.45058686
 0.43570374]
262 20.8133246572592 [0.25266708 0.21375286 0.25937557 0.27273133 0.25638305 0.2895539
 0.43930604 0.24149069 0.82722089 0.30845743 0.32022728 0.45023414
 0.43549723]
263 18.54340033569644 [0.2526417  0.21342877 0.25970356 0.27276635 0.25652255 0.28958945
 0.43961529 0.24153133 0.82742424 0.30866239 0.32094247 0.44995041
 0.4354013 ]
264 18.4098426894891 [0.25275532 0.21318811 0.25999134 0.27277564 0.25673058 0.28963812
 0.4399802  0.24161483 0.82756215 0.30890587 0.32160593 0.449844
 0.43509137]
265 20.696111170679966 [0.25289602 0.212956   0.26027742 0.27264702 0.25687778 0.28963338
 0.44026904 0.24153464 0.82770497 0.30924301 0.32215254 0.44984736
 0.43489999]
266 24.63656172469544 [0.25290289 0.21266804 0.26060203 0.27259859 0.25720633 0.28956937
 0.44043387 0.24137592 0.82763129 0.30953897 0.32253472 0.44992478
 0.43482106]
267 19.84025860454899 [0.25283633 0.21238368 0.26087158 0.27258966 0.25754633 0.28948823
 0.44044369 0.24124262 0.82749084 0.30977953 0.32253821 0.45002596
 0.43470544]
268 20.732496362752443 [0.25274743 0.21211796 0.26103919 0.27263033 0.25785936 0.28942422
 0.44056226 0.24122743 0.82733107 0.30965983 0.32253644 0.45022691
 0.4345276 ]
269 22.595608228706453 [0.25278093 0.21181946 0.26105834 0.27270615 0.25803348 0.28946221
 0.44067076 0.2412754  0.82714646 0.30957422 0.32232678 0.45047701
 0.43431923]
270 24.24525770102778 [0.25281578 0.21156383 0.26118833 0.27272132 0.25829341 0.28910155
 0.44085327 0.2412926  0.82699775 0.30938331 0.32185008 0.45081326
 0.43411013]
271 20.380992800966126 [0.25296295 0.21143865 0.26115776 0.27259573 0.25847885 0.28893111
 0.44113788 0.24118652 0.82694539 0.30919653 0.32128423 0.45113246
 0.43389458]
272 25.600486428444356 [0.25323766 0.21131254 0.26126571 0.27254262 0.25862744 0.28825307
 0.4414786  0.24102931 0.82701074 0.30907078 0.32061815 0.45142711
 0.43374737]
273 20.880662312635522 [0.25360697 0.21121928 0.26118161 0.27239744 0.25827347 0.28797197
 0.44166642 0.24062246 0.82708233 0.30894786 0.3201693  0.45177659
 0.43357425]
274 20.94514096271745 [0.25380048 0.21113999 0.26100131 0.27229617 0.25798687 0.28754787
 0.4419405  0.2403184  0.82718238 0.30875952 0.31979677 0.45211468
 0.43341991]
275 17.39946682397693 [0.25407746 0.21110841 0.26085703 0.27235364 0.25757453 0.28724678
 0.44212953 0.24005398 0.82725579 0.30845952 0.31955891 0.45250438
 0.43322221]
276 23.955394666664283 [0.25416499 0.21109436 0.26073003 0.27234128 0.25723205 0.28718526
 0.44225829 0.23975331 0.82728844 0.3081256  0.31932901 0.45277566
 0.43312239]
277 17.37075536386832 [0.25432375 0.21113664 0.2609322  0.27219131 0.25679798 0.2871643
 0.44254846 0.23939601 0.82727241 0.30797122 0.31930521 0.45303801
 0.433078  ]
278 19.139915599927612 [0.25453372 0.21102699 0.26108308 0.27223322 0.25626759 0.28723365
 0.44292121 0.23908944 0.82736806 0.30797723 0.31900947 0.45323016
 0.43293058]
279 16.166856809124997 [0.25471852 0.21094831 0.2612224  0.27247913 0.25569667 0.28735587
 0.44319688 0.23884042 0.82756329 0.30796666 0.31862225 0.45333123
 0.43264011]
280 15.237259175293971 [0.25506573 0.21079615 0.26136474 0.27272403 0.25509621 0.287125
 0.44360835 0.23858212 0.82777199 0.30791548 0.3180188  0.45344406
 0.43245241]
281 18.084832658584578 [0.25532295 0.21064599 0.26161266 0.27318692 0.25458746 0.28727968
 0.44395247 0.23841376 0.8280402  0.3080043  0.31756096 0.45371266
 0.4323781 ]
282 19.666029193811422 [0.25557934 0.2104757  0.26178109 0.27348198 0.25418718 0.28732496
 0.44439269 0.23822644 0.82820853 0.3081762  0.31730947 0.4539407
 0.43243558]
283 17.79402396064458 [0.25569316 0.2102702  0.26187651 0.27371874 0.25388447 0.28741143
 0.44496019 0.2380328  0.8284938  0.30833634 0.3168755  0.45421514
 0.43245821]
284 16.185705239304358 [0.25561092 0.2100468  0.26188248 0.2738818  0.2535127  0.28764562
 0.44546549 0.2380003  0.82856076 0.30864854 0.31680056 0.45440038
 0.4325921 ]
285 24.673865379130387 [0.25571073 0.20985544 0.26188985 0.27412219 0.25311135 0.2879337
 0.4457863  0.23776102 0.82863217 0.30882576 0.31685603 0.45462632
 0.43278776]
286 15.53214380971892 [0.25580622 0.20970517 0.2619669  0.27419772 0.25269612 0.28826127
 0.44602198 0.23762137 0.82890253 0.30895967 0.31697684 0.45462634
 0.43294397]
287 15.723874094372507 [0.25585448 0.20957661 0.26225352 0.27418463 0.25220094 0.28830468
 0.44644935 0.2374826  0.8291524  0.30923487 0.31716094 0.45469873
 0.43290414]
288 22.12838655758707 [0.25591921 0.20937538 0.26254476 0.27410573 0.25187784 0.28840777
 0.44686782 0.23731863 0.82927081 0.30956066 0.31738577 0.45487397
 0.43283714]
289 18.26817790715465 [0.2558683  0.20911661 0.26292338 0.27412306 0.25148615 0.28850902
 0.44724961 0.23721229 0.82928264 0.30974696 0.31756089 0.45515126
 0.4326347 ]
290 13.063049340348002 [0.25572661 0.20884158 0.26325465 0.27412917 0.25081643 0.28820813
 0.44764798 0.23702769 0.82925368 0.30998134 0.31757948 0.45519997
 0.43238439]
291 16.29040079436992 [0.25549524 0.20848281 0.26330688 0.27416334 0.25016063 0.2876911
 0.44798584 0.23677933 0.82915804 0.3103004  0.3177191  0.45540026
 0.43221403]
