0 143.44985070165345 [0.29634337 0.30384414 0.30009376 0.29821856 0.29821856 1.
 0.29915616 1.         0.30196895 0.29821856 0.30103135 1.        ]
1 137.02497920798717 [0.29641718 0.30506039 0.30070308 0.29664573 0.29806187 1.
 0.2996961  1.         0.30320992 0.29794979 0.30245505 1.        ]
2 118.62943959117688 [0.2956493  0.30589615 0.30108017 0.29481816 0.29691717 1.
 0.29977512 1.         0.30378293 0.29728087 0.30240663 1.        ]
3 122.58894898830638 [0.29469453 0.30615353 0.30119192 0.29500171 0.29516089 1.
 0.30000861 1.         0.30422344 0.29736473 0.30355777 1.        ]
4 124.99930959054555 [0.29415626 0.30633249 0.30081836 0.29552575 0.29337315 1.
 0.29969531 1.         0.30531832 0.29747172 0.30472166 1.        ]
5 123.05191256622783 [0.2933442  0.30636126 0.30083826 0.29590461 0.29238555 1.
 0.29930153 1.         0.30639366 0.29792792 0.30574932 1.        ]
6 129.12481330203707 [0.29217205 0.30615042 0.30070739 0.29613272 0.29157061 1.
 0.29880481 1.         0.30743459 0.2977244  0.30657486 1.        ]
7 95.01621142059449 [0.29075584 0.3063991  0.30001659 0.29612476 0.29023265 1.
 0.29872531 1.         0.3089139  0.29759688 0.30643996 1.        ]
8 109.58918571628745 [0.28959656 0.30637016 0.29927611 0.29616322 0.28879033 1.
 0.29848914 1.         0.31020221 0.29810026 0.30598105 1.        ]
9 89.21300667956052 [0.28877271 0.30628214 0.29843172 0.29590349 0.28740447 1.
 0.2983998  1.         0.31144086 0.29834977 0.30564031 1.        ]
10 131.10785915963535 [0.28812601 0.30634841 0.29736296 0.29644404 0.28629303 1.
 0.29816551 1.         0.31255455 0.29825267 0.30549702 1.        ]
11 90.8172587575304 [0.28748861 0.30666853 0.2961715  0.29688684 0.2853574  1.
 0.29750211 1.         0.31393033 0.2984685  0.30563994 1.        ]
12 108.53718930348796 [0.28718339 0.30667339 0.29530415 0.29712621 0.28439631 1.
 0.29705216 1.         0.3147256  0.2986214  0.30561255 1.        ]
13 110.72366227488352 [0.28614043 0.3063905  0.29434655 0.29723772 0.28321706 1.
 0.29678918 1.         0.31554647 0.29857228 0.30553834 1.        ]
14 96.60261672979848 [0.28526728 0.30636688 0.2931701  0.29715835 0.28256836 1.
 0.29646958 1.         0.31626336 0.29839368 0.30543469 1.        ]
15 96.45155535664452 [0.28434415 0.30609909 0.29219322 0.29738225 0.28216016 1.
 0.29607441 1.         0.31704554 0.29807988 0.30520596 1.        ]
16 102.37332036404533 [0.28334829 0.30585655 0.29139496 0.29799538 0.2819035  1.
 0.29581139 1.         0.31761024 0.29778423 0.30467251 1.        ]
17 87.49252438505563 [0.28249468 0.30551658 0.29065937 0.29855068 0.28140657 1.
 0.29539085 1.         0.31837477 0.29756341 0.30458948 1.        ]
18 92.76926020786195 [0.28174853 0.30483481 0.28964325 0.29844282 0.28122465 1.
 0.29469247 1.         0.31898504 0.29752432 0.30417436 1.        ]
19 76.91429217798901 [0.28088655 0.30413169 0.28826766 0.29828518 0.28107934 1.
 0.29399777 1.         0.31956788 0.29765289 0.30363673 1.        ]
20 79.01218157541547 [0.28014555 0.30334665 0.28680155 0.29815306 0.28071203 1.
 0.29337638 1.         0.32072244 0.29770508 0.30337885 1.        ]
21 85.62647119475342 [0.27931291 0.30254229 0.2855742  0.29778173 0.28033492 1.
 0.29277138 1.         0.32170914 0.29753299 0.30297921 1.        ]
22 78.2946829466178 [0.27850698 0.30170424 0.28437248 0.29749519 0.27981992 1.
 0.29169179 1.         0.32295222 0.29777923 0.30258753 1.        ]
23 82.96237944629868 [0.27759975 0.30053298 0.28304538 0.29712495 0.27912505 1.
 0.29069366 1.         0.32442026 0.29789825 0.30229281 1.        ]
24 52.236875736122585 [0.27704208 0.29920866 0.28177971 0.29662059 0.27849013 1.
 0.29009096 1.         0.32534141 0.29800002 0.30225364 1.        ]
25 70.72996431724022 [0.27614944 0.29781735 0.28050396 0.29619721 0.27787637 1.
 0.28948594 1.         0.32590136 0.29781147 0.30242329 1.        ]
26 57.94332138551841 [0.27553807 0.29654822 0.27951492 0.29586842 0.27729457 1.
 0.28866284 1.         0.32671986 0.2976396  0.30295214 1.        ]
27 66.23544542687316 [0.2752194  0.29543892 0.27840699 0.2954712  0.2764972  1.
 0.28792453 1.         0.32749218 0.29746973 0.3034473  1.        ]
28 65.67367439860743 [0.27475754 0.2943646  0.27694698 0.29463977 0.27573964 1.
 0.28725738 1.         0.32798727 0.29764892 0.30368346 1.        ]
29 47.37445638234936 [0.27462    0.29342753 0.27553345 0.29412854 0.27473493 1.
 0.28671303 1.         0.32842219 0.29797152 0.30396846 1.        ]
30 45.48714057330565 [0.27451387 0.29270999 0.2742586  0.29380423 0.27395187 1.
 0.28650156 1.         0.32887253 0.29829579 0.30428477 1.        ]
31 51.53802519076295 [0.27441628 0.29195634 0.27297114 0.29335136 0.27314075 1.
 0.2862971  1.         0.32898087 0.29864128 0.30460883 1.        ]
32 55.72875302099345 [0.27432281 0.29112609 0.27216781 0.29276377 0.27236063 1.
 0.28609759 1.         0.3290439  0.29900411 0.30480498 1.        ]
33 45.7129736106918 [0.27397922 0.29038176 0.27116792 0.29231554 0.27187881 1.
 0.28612719 1.         0.3291298  0.29929201 0.30467637 1.        ]
34 51.84559519103977 [0.27362935 0.28962086 0.27020268 0.29167589 0.27137708 1.
 0.28640617 1.         0.32891604 0.29977619 0.30459269 1.        ]
35 69.60029446932923 [0.27319992 0.28916182 0.26895259 0.29124852 0.27071404 1.
 0.28668459 1.         0.32872125 0.30023199 0.30425136 1.        ]
36 39.70052749155816 [0.27276457 0.28890493 0.2676108  0.29079284 0.27011673 1.
 0.28748914 1.         0.32884992 0.30059187 0.30395915 1.        ]
37 43.247705164714176 [0.27216925 0.28853627 0.26654357 0.29014827 0.26962909 1.
 0.2885995  1.         0.32913096 0.30097999 0.30363916 1.        ]
38 43.336348722393325 [0.27178642 0.28814361 0.26547049 0.28921131 0.26897317 1.
 0.2900873  1.         0.32949445 0.30095579 0.30274276 1.        ]
39 41.475066962686356 [0.2712525  0.28767882 0.26432423 0.28830255 0.2682453  1.
 0.29138931 1.         0.32977604 0.30105362 0.30206166 1.        ]
40 48.948810266993085 [0.27051795 0.28733192 0.26327135 0.28771822 0.26778558 1.
 0.29260456 1.         0.3300248  0.30055514 0.30172907 1.        ]
41 41.16715613992135 [0.26974811 0.28735695 0.26226429 0.28731391 0.26749427 1.
 0.29384557 1.         0.33014317 0.30041422 0.30135717 1.        ]
42 29.43268690298906 [0.26907488 0.28730913 0.26132381 0.28695078 0.26727304 1.
 0.29518033 1.         0.33000577 0.30004307 0.30126583 1.        ]
43 39.49445138093239 [0.2684816  0.28716867 0.26055334 0.2866407  0.26706139 1.
 0.29645746 1.         0.33013561 0.29972353 0.30117029 1.        ]
44 40.40210954726051 [0.26779455 0.28728942 0.25991347 0.28652774 0.26706412 1.
 0.29713428 1.         0.33019717 0.29946978 0.30118119 1.        ]
45 43.899566251478134 [0.26693086 0.28710678 0.259428   0.28658263 0.26702189 1.
 0.29780496 1.         0.33057249 0.29961937 0.30130274 1.        ]
46 35.297929362662416 [0.26604337 0.28710067 0.25910657 0.28685539 0.26689436 1.
 0.29840384 1.         0.33091688 0.29932369 0.30133398 1.        ]
47 49.63405738193829 [0.26501144 0.28723227 0.25891427 0.28711545 0.2668751  1.
 0.29900941 1.         0.33109766 0.2991209  0.30155416 1.        ]
48 37.611787378885865 [0.26426014 0.28768275 0.25879796 0.28742801 0.26695045 1.
 0.2998132  1.         0.33102054 0.29879517 0.30173923 1.        ]
49 29.942604266868052 [0.26387729 0.28814529 0.25882362 0.28766066 0.26678538 1.
 0.30044959 1.         0.33099842 0.29806902 0.30193552 1.        ]
50 29.2163744842685 [0.26324166 0.28851466 0.25880914 0.28792294 0.26655965 1.
 0.30085581 1.         0.3310665  0.29748298 0.30184659 1.        ]
51 40.14301050528691 [0.26289108 0.28889399 0.25877804 0.28813371 0.26610127 1.
 0.30138121 1.         0.33106903 0.2971217  0.30163265 1.        ]
52 32.147822316326575 [0.26242817 0.28918451 0.25839397 0.28835626 0.2659207  1.
 0.30175243 1.         0.33109417 0.29696828 0.3014213  1.        ]
53 29.646811334727058 [0.26182615 0.28940353 0.25787848 0.28879365 0.26557362 1.
 0.30186379 1.         0.33103047 0.2969221  0.30140992 1.        ]
54 32.42088254128063 [0.2612214  0.28943867 0.25755047 0.28899984 0.26515752 1.
 0.30199214 1.         0.33099491 0.29705828 0.3013459  1.        ]
55 33.765744823385674 [0.26052543 0.28925402 0.25700105 0.28886034 0.26476479 1.
 0.30205357 1.         0.33134676 0.29721273 0.30122881 1.        ]
56 32.525288020353074 [0.25997111 0.28903288 0.25652728 0.28892578 0.26447724 1.
 0.30185641 1.         0.33165538 0.29718615 0.30118516 1.        ]
57 31.433130749079446 [0.25922464 0.28897553 0.25617315 0.28903912 0.26420262 1.
 0.30162095 1.         0.33237156 0.29691036 0.30101623 1.        ]
58 36.26036772488399 [0.25867671 0.2886902  0.25563307 0.28878961 0.2637902  1.
 0.30135293 1.         0.33279092 0.29651658 0.30084627 1.        ]
59 34.33922715082679 [0.25828231 0.28875005 0.25519194 0.28855873 0.26321084 1.
 0.30082381 1.         0.3331567  0.29600234 0.30081759 1.        ]
60 31.817245423250707 [0.25785675 0.28865955 0.25471974 0.28836549 0.26247037 1.
 0.30015313 1.         0.33368188 0.29562088 0.30072391 1.        ]
61 27.75319745141563 [0.25755355 0.28854125 0.2543663  0.28817178 0.26132131 1.
 0.29935297 1.         0.33425754 0.2954534  0.30080573 1.        ]
62 22.046397269736985 [0.25721496 0.28854069 0.2540851  0.28793648 0.2599795  1.
 0.29870564 1.         0.33482473 0.29541884 0.30078335 1.        ]
63 42.0409337808822 [0.2570068  0.28861976 0.25380597 0.28761859 0.25847149 1.
 0.29799457 1.         0.33561409 0.29520984 0.30074692 1.        ]
64 22.59415775511743 [0.25697484 0.28858089 0.2534713  0.28696977 0.25685356 1.
 0.29687111 1.         0.33635647 0.29516001 0.30079469 1.        ]
65 30.262939485524875 [0.25719779 0.28840852 0.25295384 0.28627941 0.2554025  1.
 0.29571029 1.         0.33695869 0.29518154 0.3008701  1.        ]
66 30.279424506122535 [0.25724076 0.28831907 0.25238925 0.28547713 0.25412997 1.
 0.29502532 1.         0.33745538 0.29525175 0.30082202 1.        ]
67 460.2112021343527 [0.25718219 0.28834391 0.25179083 0.28486085 0.25298469 1.
 0.29461133 1.         0.33808196 0.29516362 0.30067287 1.        ]
68 24.094239415023097 [0.25730204 0.28866894 0.25105977 0.28440914 0.25167304 1.
 0.29457408 1.         0.33809136 0.29490041 0.30044802 1.        ]
69 28.889731830647207 [0.25755567 0.28919944 0.25047982 0.28393251 0.25059996 1.
 0.29468707 1.         0.33788027 0.29482314 0.300437   1.        ]
70 19.897241187014377 [0.25785832 0.28963078 0.25011701 0.28318134 0.24963709 1.
 0.29467154 1.         0.33789342 0.29479943 0.30062219 1.        ]
71 28.649313896908524 [0.25806581 0.29002982 0.24977145 0.28237588 0.24872762 1.
 0.29476565 1.         0.33803528 0.29510311 0.30073008 1.        ]
72 28.05877976299268 [0.25789536 0.29027712 0.24944815 0.28146514 0.24772584 1.
 0.29476021 1.         0.33808293 0.29543016 0.30071627 1.        ]
73 30.036841837496567 [0.25763421 0.29037794 0.24932688 0.28080962 0.24660531 1.
 0.29481292 1.         0.33805948 0.29534455 0.30046034 1.        ]
74 21.797238573217488 [0.25723301 0.29051954 0.24900478 0.28026947 0.24549863 1.
 0.29525333 1.         0.33795853 0.29485926 0.29998678 1.        ]
75 21.889812441357776 [0.25689272 0.29067284 0.24879104 0.27965536 0.24464925 1.
 0.29579563 1.         0.33816446 0.29441164 0.29968945 1.        ]
76 24.06745838746408 [0.2566475  0.29103585 0.24860389 0.27917008 0.24386466 1.
 0.29625415 1.         0.33824952 0.29395268 0.29959765 1.        ]
77 16.47209552962809 [0.25646378 0.2916272  0.24840831 0.27887407 0.24289754 1.
 0.29639958 1.         0.33865764 0.2937351  0.29971094 1.        ]
78 19.640828851600368 [0.25621972 0.29189429 0.24815879 0.2784379  0.24205383 1.
 0.29641607 1.         0.33882305 0.29329827 0.29989284 1.        ]
79 25.793142833601202 [0.25597402 0.2920596  0.24788034 0.27767714 0.24112415 1.
 0.29627124 1.         0.33915458 0.29309839 0.30047696 1.        ]
80 17.19797364926626 [0.25574473 0.29203111 0.24770615 0.27680446 0.24030837 1.
 0.29594504 1.         0.33968152 0.29280244 0.30101689 1.        ]
81 19.32179591869302 [0.25534223 0.29202153 0.24752668 0.2765181  0.23945243 1.
 0.2954633  1.         0.34030294 0.29270325 0.30168969 1.        ]
82 19.14006545232197 [0.2550264  0.29192384 0.24749814 0.276241   0.23872073 1.
 0.29511663 1.         0.34096988 0.29255714 0.30253898 1.        ]
83 11.707503964412098 [0.25464826 0.29175857 0.24747658 0.27584521 0.23807294 1.
 0.29492344 1.         0.34167241 0.29246931 0.30308683 1.        ]
84 13.000589632428191 [0.25437405 0.2914955  0.24724081 0.27545432 0.23746889 1.
 0.29463346 1.         0.34252164 0.29244238 0.30366618 1.        ]
85 19.49176161073395 [0.25406056 0.29145153 0.24717302 0.2749796  0.2369106  1.
 0.29441416 1.         0.34330187 0.2927614  0.3041844  1.        ]
86 22.639405753209438 [0.253282   0.29171429 0.24708191 0.27469921 0.23635442 1.
 0.29418242 1.         0.34360286 0.29322346 0.30481401 1.        ]
87 14.211059317192383 [0.25255524 0.29186448 0.24705293 0.27453895 0.23589645 1.
 0.29388275 1.         0.34374172 0.29375209 0.30546485 1.        ]
88 15.640135917940036 [0.25193061 0.29182558 0.24705302 0.27424624 0.23541696 1.
 0.29352425 1.         0.34380024 0.29410586 0.30613849 1.        ]
89 16.194481200615307 [0.25104892 0.29186078 0.24710668 0.27404671 0.23509042 1.
 0.29347482 1.         0.34413165 0.29479909 0.30639688 1.        ]
90 16.06203087307844 [0.25044132 0.29163576 0.24685001 0.27356738 0.23472112 1.
 0.29346657 1.         0.34433422 0.29534835 0.30674318 1.        ]
91 15.786015211170985 [0.25006013 0.29148333 0.24632896 0.27287362 0.23408118 1.
 0.29329218 1.         0.34445983 0.29587252 0.30710009 1.        ]
92 13.366866566017373 [0.24970446 0.29126169 0.24596846 0.27216464 0.23340523 1.
 0.29331756 1.         0.3448823  0.29622762 0.30740543 1.        ]
93 12.904129301008417 [0.24927032 0.29098257 0.24551804 0.27181846 0.23266997 1.
 0.29356756 1.         0.34489666 0.29645766 0.30771698 1.        ]
94 15.141400190038105 [0.24884999 0.29069182 0.24505968 0.27162048 0.2320697  1.
 0.29372046 1.         0.34465915 0.29684355 0.30814882 1.        ]
95 16.691178835196595 [0.24834818 0.29000881 0.24458206 0.27155201 0.23150504 1.
 0.29386491 1.         0.3439781  0.29711359 0.30816907 1.        ]
96 16.464830322477432 [0.24783334 0.28945465 0.24414357 0.27142052 0.23114091 1.
 0.29388419 1.         0.34321    0.29731696 0.30805034 1.        ]
97 16.56596274224626 [0.24725954 0.28887951 0.24367811 0.2713838  0.23077584 1.
 0.29388198 1.         0.34266469 0.29751892 0.30803521 1.        ]
98 11.12646056968066 [0.24683065 0.28841722 0.24320213 0.27122197 0.23029386 1.
 0.29361062 1.         0.34203328 0.29773727 0.30767954 1.        ]
99 11.818642639067477 [0.24640894 0.28802067 0.24269862 0.27099006 0.22983997 1.
 0.29338536 1.         0.34127453 0.29799835 0.30724218 1.        ]
100 14.525398724147646 [0.24638414 0.28759036 0.24230126 0.27061709 0.22941621 1.
 0.29311947 1.         0.34101896 0.29795831 0.307018   1.        ]
101 14.135971448203122 [0.24666335 0.28715402 0.24207476 0.27008586 0.22897692 1.
 0.29305657 1.         0.34088864 0.29789757 0.3068592  1.        ]
102 12.190424442615619 [0.24685037 0.28703883 0.24170445 0.26954272 0.22875692 1.
 0.29294171 1.         0.34032467 0.29780277 0.3065345  1.        ]
103 12.42370500798734 [0.2467222  0.28697252 0.24157    0.26865792 0.22848605 1.
 0.29279016 1.         0.33982654 0.2977968  0.30605074 1.        ]
104 12.657477843507575 [0.24636426 0.28700127 0.24163993 0.26787076 0.22820762 1.
 0.29261291 1.         0.33971225 0.29736469 0.30524268 1.        ]
105 9.950231240462626 [0.24614984 0.28703802 0.24146262 0.26710332 0.22802272 1.
 0.29259726 1.         0.3395734  0.29713244 0.30481394 1.        ]
106 11.39350956364915 [0.24601106 0.28706256 0.24109757 0.26630102 0.22791063 1.
 0.29250846 1.         0.33927235 0.29683476 0.30464928 1.        ]
107 12.955260395108407 [0.24578139 0.28703394 0.24070491 0.2655884  0.22766775 1.
 0.29226326 1.         0.3393563  0.29645647 0.30461754 1.        ]
108 15.423496067899226 [0.24548535 0.28716375 0.24052694 0.26490567 0.22737859 1.
 0.29208804 1.         0.33964349 0.29597909 0.30440919 1.        ]
109 11.996467914846562 [0.24491551 0.287285   0.2401412  0.2640669  0.2270964  1.
 0.29172067 1.         0.33998568 0.29580478 0.30396554 1.        ]
110 10.464521045696063 [0.24441289 0.28767378 0.23973194 0.26345729 0.22685644 1.
 0.29172485 1.         0.33986634 0.2954725  0.30346342 1.        ]
111 11.033274860121722 [0.24385025 0.28762056 0.23930696 0.26271431 0.22649901 1.
 0.29189376 1.         0.3395128  0.29537841 0.30272277 1.        ]
112 10.229892921998813 [0.24345239 0.2876013  0.23881796 0.26194507 0.22640668 1.
 0.29205198 1.         0.33942889 0.29513243 0.30229009 1.        ]
113 10.244713619022473 [0.24308703 0.2874686  0.23826207 0.26120863 0.2263256  1.
 0.29199091 1.         0.33908736 0.29484769 0.3018413  1.        ]
114 13.74759352911327 [0.24269256 0.28735937 0.23771976 0.26042736 0.22606879 1.
 0.29194426 1.         0.33885599 0.29448601 0.3013534  1.        ]
115 11.676057559118751 [0.24231089 0.28734295 0.23712379 0.25983665 0.22587125 1.
 0.29188374 1.         0.33885996 0.29426468 0.30109713 1.        ]
116 13.82000761985168 [0.24184818 0.28733888 0.23648659 0.25934915 0.22563901 1.
 0.29175709 1.         0.33882443 0.29398255 0.30091028 1.        ]
117 10.895674892016451 [0.24136413 0.28749827 0.23593343 0.25877387 0.22530534 1.
 0.29175532 1.         0.33896267 0.29381255 0.30083336 1.        ]
118 9.01116775437292 [0.24087286 0.28757631 0.23527882 0.2581661  0.22494581 1.
 0.29175229 1.         0.33889627 0.29350516 0.30067065 1.        ]
119 9.548750332174588 [0.24052402 0.2874629  0.23456082 0.25767044 0.22433637 1.
 0.29180891 1.         0.33889172 0.29329218 0.30049889 1.        ]
120 11.163369341694318 [0.24041752 0.28719233 0.23383477 0.25718529 0.22350115 0.99999999
 0.29195154 0.99999999 0.33888259 0.29284381 0.3002396  0.99999999]
121 10.292987022518707 [0.24028059 0.28703542 0.23304629 0.25680891 0.22279703 0.99999999
 0.29228819 0.99999999 0.33903046 0.29231256 0.29980941 0.99999999]
122 10.36636498751168 [0.24004462 0.28669195 0.23228979 0.25650183 0.2219763  0.99999999
 0.29268144 0.99999999 0.33909934 0.29199675 0.29957488 0.99999999]
123 9.097497913634914 [0.24001861 0.28646962 0.23170019 0.25614442 0.22117698 0.99999999
 0.29312373 0.99999999 0.33890902 0.29173567 0.2994227  0.99999999]
124 8.803009831281665 [0.24001954 0.2861732  0.23105329 0.25586795 0.22033686 0.99999999
 0.29352228 0.99999999 0.33875164 0.29147912 0.29903586 0.99999999]
125 8.79238426595432 [0.23974026 0.28614918 0.23041272 0.2554455  0.21967781 0.99999999
 0.29417425 0.99999999 0.3387106  0.2911043  0.29878673 0.99999999]
126 7.347228814372643 [0.23967714 0.28616428 0.22967012 0.25499753 0.21929127 0.99999999
 0.29471121 0.99999999 0.33852101 0.2908926  0.29822305 0.99999999]
127 7.423949482597093 [0.23978081 0.28645509 0.22897333 0.25454814 0.21890397 0.99999999
 0.29521561 0.99999999 0.3386063  0.29090836 0.29757525 0.99999999]
128 7.48982312101207 [0.23982223 0.28653686 0.22830874 0.25374836 0.21851364 0.99999999
 0.29566814 0.99999999 0.33893763 0.29062387 0.2967321  0.99999999]
129 9.610102935470703 [0.23967137 0.28673459 0.22776305 0.25325978 0.21815556 0.99999999
 0.29585619 0.99999999 0.33934259 0.29020254 0.29596153 0.99999999]
130 8.449898027853102 [0.23940532 0.28703116 0.22736133 0.25255946 0.21768843 0.99999999
 0.2957719  0.99999999 0.33979766 0.29007097 0.2952804  0.99999999]
131 12.820041939575715 [0.2391494  0.28721391 0.22697575 0.25168549 0.2169849  0.99999999
 0.29590556 0.99999999 0.34006659 0.28982666 0.29475639 0.99999999]
132 8.622658605003068 [0.23879318 0.28715508 0.22684794 0.25082986 0.21646438 0.99999999
 0.29588821 0.99999999 0.34029756 0.28942729 0.29433758 0.99999999]
133 11.29985347037874 [0.2386209  0.28716839 0.22655342 0.24999484 0.21594656 0.99999999
 0.2959533  0.99999999 0.340634   0.2892194  0.29404753 0.99999999]
134 10.516500447639187 [0.23844163 0.28708204 0.22616524 0.24924715 0.21562957 0.99999999
 0.29640497 0.99999999 0.34095361 0.28894281 0.29377556 0.99999999]
135 8.342453616495636 [0.23826233 0.2870096  0.22587442 0.24824289 0.2153649  0.99999999
 0.29685547 0.99999999 0.34105598 0.2885003  0.29341073 0.99999999]
136 10.363511128878013 [0.23794307 0.28689558 0.22567353 0.24717236 0.21509766 0.99999999
 0.29734548 0.99999999 0.34097303 0.28807138 0.29320979 0.99999999]
137 7.998895889441426 [0.23778085 0.28681141 0.22551358 0.24640678 0.21484586 0.99999999
 0.29772624 0.99999999 0.34106469 0.28767031 0.29321489 0.99999999]
138 7.342513844667477 [0.23765754 0.28682824 0.22525153 0.24587966 0.21449109 0.99999999
 0.2981687  0.99999999 0.34146781 0.28768026 0.29328473 0.99999999]
139 7.716107318027838 [0.23744927 0.28684047 0.22492972 0.24549867 0.21397553 0.99999999
 0.29856547 0.99999999 0.34176022 0.2876008  0.29319976 0.99999999]
140 8.491016165387022 [0.23710868 0.28687905 0.22462451 0.24505565 0.21364705 0.99999999
 0.29873405 0.99999999 0.34200001 0.28750023 0.29310973 0.99999999]
141 7.832298814420293 [0.23671945 0.28698507 0.22410906 0.24462667 0.21340464 0.99999999
 0.29896194 0.99999999 0.342182   0.28766982 0.29313419 0.99999999]
142 7.456790985393569 [0.23642066 0.28699567 0.22353143 0.24414175 0.21318722 0.99999999
 0.29952867 0.99999999 0.3422907  0.28800257 0.29330755 0.99999999]
143 8.929654679159178 [0.23610031 0.28701015 0.22287525 0.24370653 0.21308169 0.99999999
 0.29974444 0.99999999 0.34267046 0.28852706 0.29345174 0.99999999]
144 8.92968805369998 [0.23556598 0.28691534 0.22225409 0.24336922 0.21277895 0.99999999
 0.30020378 0.99999999 0.34253111 0.28898318 0.29374355 0.99999999]
145 10.204311768789092 [0.23502202 0.28650404 0.22168692 0.24291929 0.21275841 0.99999999
 0.30047322 0.99999999 0.34226608 0.28953533 0.2938302  0.99999999]
146 10.794228601841423 [0.23471916 0.28607718 0.22128188 0.24258047 0.21269026 0.99999999
 0.30106161 0.99999999 0.34151637 0.29016502 0.2934979  0.99999999]
147 8.402953615979689 [0.23456968 0.28591474 0.22085933 0.24206998 0.2127457  0.99999999
 0.30166861 0.99999999 0.34081238 0.29083338 0.29324546 0.99999999]
148 6.697937730709688 [0.23413144 0.28570786 0.22049916 0.24154306 0.21267577 0.99999999
 0.30215102 0.99999999 0.34025697 0.29143999 0.29309447 0.99999999]
149 7.9802231446032135 [0.23364566 0.28568952 0.22024227 0.24099488 0.21250075 0.99999999
 0.30253561 0.99999999 0.33983177 0.29205036 0.29296423 0.99999999]
150 7.63520331444602 [0.23319063 0.28555339 0.21995718 0.24041425 0.21240806 0.99999999
 0.30273192 0.99999999 0.33917717 0.29283431 0.29299559 0.99999999]
151 8.072878395161236 [0.23260004 0.28521644 0.21954666 0.23999704 0.21238504 0.99999999
 0.30271879 0.99999999 0.33831033 0.29368481 0.29314825 0.99999999]
152 6.695815718587635 [0.23192762 0.28441548 0.21918462 0.23940798 0.21240415 0.99999999
 0.30280413 0.99999999 0.33754247 0.29415235 0.29319998 0.99999999]
153 6.127653336164762 [0.23137544 0.28346684 0.21867675 0.23888262 0.21230052 0.99999999
 0.30289396 0.99999999 0.33685359 0.2945461  0.29343785 0.99999999]
154 6.477486274563276 [0.23078107 0.28272552 0.21814765 0.23852606 0.21228906 0.99999999
 0.30312014 0.99999999 0.33591891 0.29494649 0.29354684 0.99999999]
155 7.18531754365562 [0.23035165 0.28194271 0.21763455 0.23827572 0.21230047 0.99999999
 0.3035652  0.99999999 0.33535974 0.29532675 0.29355113 0.99999999]
156 5.998894810191043 [0.22996942 0.28118941 0.21706323 0.23815948 0.21236417 0.99999999
 0.30377038 0.99999999 0.33478861 0.29558575 0.29368838 0.99999999]
157 7.3215361943763035 [0.22960564 0.28029293 0.2166092  0.23800816 0.21254002 0.99999999
 0.30425738 0.99999999 0.33437796 0.29600448 0.29376768 0.99999999]
158 6.0455677317297285 [0.22938577 0.27942179 0.21607485 0.23774842 0.21285072 0.99999999
 0.30488108 0.99999999 0.33390992 0.29607262 0.2939205  0.99999999]
159 4.983170799080605 [0.22914741 0.27875901 0.21555312 0.23767878 0.2131897  0.99999999
 0.30560217 0.99999999 0.33316473 0.29640381 0.29423397 0.99999999]
160 5.204881622172158 [0.2289115  0.27829147 0.21516569 0.23747648 0.2135541  0.99999999
 0.30634714 0.99999999 0.3323214  0.2965901  0.29462099 0.99999999]
161 6.391191677935536 [0.22859388 0.27820707 0.21466843 0.23735798 0.21385359 0.99999999
 0.30707753 0.99999999 0.33159458 0.29697646 0.29500508 0.99999999]
162 4.183901726067211 [0.22832339 0.27817419 0.21413621 0.23722355 0.21398523 0.99999999
 0.30770515 0.99999999 0.33082227 0.29734657 0.29524855 0.99999999]
163 6.072110034486533 [0.22808499 0.27807994 0.21347469 0.23722014 0.2140076  0.99999999
 0.30856087 0.99999999 0.33029495 0.29762056 0.29549767 0.99999999]
164 5.520061841443255 [0.22784258 0.27802532 0.21287456 0.23714507 0.21410109 0.99999999
 0.30914745 0.99999999 0.32975843 0.29775022 0.29560177 0.99999999]
165 5.9304354425490144 [0.22759481 0.27793856 0.21227558 0.23705726 0.21428086 0.99999999
 0.30996354 0.99999999 0.32932442 0.29806512 0.29587202 0.99999999]
166 5.038038811715963 [0.22742934 0.27759525 0.21176239 0.23689492 0.21459962 0.99999999
 0.31061063 0.99999999 0.32900813 0.29858489 0.29606952 0.99999999]
167 5.511798943517049 [0.22735794 0.27734459 0.2112922  0.23664036 0.21495285 0.99999999
 0.31127167 0.99999999 0.32873076 0.29849054 0.29616919 0.99999999]
168 5.626453978822589 [0.22744463 0.27710878 0.21082879 0.23645094 0.21525359 0.99999999
 0.31173612 0.99999999 0.32838534 0.29828369 0.29623109 0.99999999]
169 5.527702543440324 [0.22743719 0.27681913 0.21026081 0.23608953 0.21544043 0.99999999
 0.31209707 0.99999999 0.32788764 0.29805085 0.29648498 0.99999999]
170 6.532047342957705 [0.22724051 0.27623749 0.2096747  0.23591145 0.21541076 0.99999999
 0.31220351 0.99999999 0.327566   0.29779267 0.29674494 0.99999999]
171 4.683345857424335 [0.22689152 0.27571218 0.20918169 0.23569123 0.21538071 0.99999999
 0.31248324 0.99999999 0.32770835 0.29750107 0.29689419 0.99999999]
172 7.035595784424238 [0.22675927 0.27504102 0.2085576  0.23541967 0.21540474 0.99999999
 0.31251443 0.99999999 0.32758161 0.29739159 0.29697371 0.99999999]
173 7.174824457102853 [0.22644552 0.27462472 0.20811188 0.23493507 0.2151276  0.99999999
 0.31263641 0.99999999 0.32794484 0.29734804 0.29725466 0.99999999]
174 5.973832345561464 [0.22606262 0.2743871  0.20775469 0.23457554 0.21489718 0.99999999
 0.31291662 0.99999999 0.32817054 0.29734464 0.29730435 0.99999999]
175 5.6473998044900995 [0.2258049  0.27424458 0.20746885 0.23411821 0.21483186 0.99999999
 0.31322483 0.99999999 0.3281568  0.29716037 0.29725918 0.99999999]
176 6.12729064468593 [0.22563374 0.27398888 0.20720301 0.23371765 0.21458661 0.99999999
 0.31334555 0.99999999 0.32799638 0.29693839 0.29718768 0.99999999]
177 5.576121276724679 [0.2254552  0.2738311  0.20697437 0.23326531 0.21425299 0.99999999
 0.31370637 0.99999999 0.32782777 0.29674868 0.29724007 0.99999999]
178 7.064790608542932 [0.22535449 0.27383543 0.2069561  0.23288572 0.21359274 0.99999999
 0.31406625 0.99999999 0.32788536 0.29671323 0.2973602  0.99999999]
179 4.700100180772836 [0.22509781 0.27381908 0.2068578  0.23245996 0.21326742 0.99999999
 0.31414968 0.99999999 0.32798672 0.29669868 0.29753776 0.99999999]
180 4.14405080597864 [0.22484007 0.27408377 0.20668845 0.23192045 0.21282975 0.99999999
 0.31421697 0.99999999 0.32808441 0.29673626 0.29756535 0.99999999]
181 4.156841054310821 [0.22445809 0.27446116 0.20658295 0.23130836 0.21237916 0.99999999
 0.31448691 0.99999999 0.32817242 0.29701191 0.29777472 0.99999999]
182 6.146786020582455 [0.22440825 0.27476809 0.20633704 0.2305089  0.21186467 0.99999999
 0.31482358 0.99999999 0.32777346 0.29724136 0.29810961 0.99999999]
183 4.123421650935224 [0.2242896  0.27486016 0.20620438 0.22967153 0.21134078 0.99999999
 0.31526043 0.99999999 0.32714038 0.2976559  0.29844264 0.99999999]
184 3.993487905428549 [0.22431232 0.27477728 0.20602885 0.22893268 0.21085906 0.99999999
 0.31542655 0.99999999 0.32664947 0.29812879 0.298534   0.99999999]
185 6.373815236284091 [0.22432462 0.27477687 0.20596695 0.22796378 0.21033675 0.99999999
 0.31564318 0.99999999 0.3264777  0.29852692 0.2983106  0.99999999]
186 4.996515042961393 [0.22453278 0.27484597 0.20588567 0.22687221 0.20981978 0.99999999
 0.31566278 0.99999999 0.32621972 0.29877274 0.29815281 0.99999999]
187 5.819085049458555 [0.22474948 0.27498762 0.20576626 0.22593755 0.20939925 0.99999999
 0.31558487 0.99999999 0.32584893 0.29927544 0.29803042 0.99999999]
188 4.48190202269833 [0.22483062 0.27504534 0.20556602 0.22517176 0.20897425 0.99999999
 0.31568161 0.99999999 0.32535423 0.29972727 0.29782258 0.99999999]
189 4.373277293526902 [0.22477884 0.27526658 0.20516047 0.22440413 0.20847818 0.99999999
 0.31615651 0.99999999 0.32511946 0.30029821 0.29777227 0.99999999]
190 4.493416496524292 [0.2244318  0.27556803 0.20471182 0.22375258 0.20798516 0.99999999
 0.31646379 0.99999999 0.3247736  0.30059464 0.29774557 0.99999999]
191 4.657988072494011 [0.22390252 0.27555281 0.20434837 0.22312935 0.20739535 0.99999999
 0.31679477 0.99999999 0.32460203 0.30079997 0.29777377 0.99999999]
192 6.0654946216895755 [0.22321616 0.27554933 0.20403122 0.22244104 0.20680257 0.99999999
 0.31729588 0.99999999 0.32472653 0.30096781 0.29787527 0.99999999]
193 4.659231997355871 [0.22231173 0.27538233 0.20375692 0.22184383 0.20611543 0.99999999
 0.31778243 0.99999999 0.32485536 0.30122871 0.2977652  0.99999999]
194 5.7692290485836875 [0.2216474  0.2752888  0.20352434 0.22131814 0.20542004 0.99999999
 0.31818553 0.99999999 0.32510773 0.30143264 0.29747347 0.99999999]
195 3.543660504119548 [0.22121654 0.27509812 0.20325048 0.22074104 0.20492305 0.99999999
 0.31860956 0.99999999 0.3254487  0.30151369 0.29778863 0.99999999]
196 4.364497052202376 [0.22060209 0.27482314 0.20298047 0.22007077 0.20451147 0.99999999
 0.31882447 0.99999999 0.32603831 0.30147621 0.29804229 0.99999999]
197 4.89479908491556 [0.21993225 0.27463397 0.20241358 0.21949156 0.20409463 0.99999999
 0.31903584 0.99999999 0.32648507 0.30144309 0.29839746 0.99999999]
198 3.9367454302057165 [0.21926186 0.27448682 0.20194932 0.21888492 0.20381862 0.99999999
 0.31890326 0.99999999 0.32661467 0.30144688 0.29855833 0.99999999]
199 5.117221521755496 [0.21874869 0.27431082 0.2015215  0.21808522 0.2036357  0.99999999
 0.31881218 0.99999999 0.32647822 0.30125215 0.29872435 0.99999999]
200 3.8282053847183306 [0.21832521 0.27422031 0.20111149 0.21741117 0.20331615 0.99999999
 0.31873873 0.99999999 0.32581805 0.30099153 0.29885161 0.99999999]
201 4.615434722062236 [0.21791849 0.27416753 0.20070836 0.21670985 0.20297741 0.99999999
 0.31888415 0.99999999 0.3251201  0.30091646 0.29873364 0.99999999]
202 6.322043792172468 [0.21755803 0.27422747 0.20025098 0.2160491  0.2025959  0.99999999
 0.31888034 0.99999999 0.32443881 0.30082743 0.29837542 0.99999999]
203 5.108093200963101 [0.21708195 0.27427193 0.19981984 0.21533375 0.20224802 0.99999999
 0.31891611 0.99999999 0.32397323 0.30060983 0.29789195 0.99999999]
204 5.063687915284383 [0.21669364 0.27430915 0.19936157 0.2148166  0.20166342 0.99999999
 0.31907477 0.99999999 0.32353132 0.30039318 0.2975465  0.99999999]
205 5.994276158336302 [0.2165189  0.27427086 0.19871908 0.21416966 0.20114295 0.99999999
 0.31939043 0.99999999 0.32278468 0.30008027 0.29709908 0.99999999]
206 6.002123084810652 [0.21638724 0.2741103  0.19807078 0.21347269 0.20064046 0.99999999
 0.31987974 0.99999999 0.32196254 0.29987065 0.29667231 0.99999999]
207 4.4570351927503316 [0.21616183 0.27399805 0.19736649 0.21273804 0.20033724 0.99999999
 0.32033638 0.99999999 0.32106267 0.29974175 0.29616889 0.99999999]
208 4.122274535530343 [0.21602706 0.27393155 0.19684099 0.21211476 0.20003951 0.99999999
 0.32056453 0.99999999 0.320407   0.29944364 0.29555321 0.99999999]
209 5.234042568989823 [0.21609112 0.27370052 0.19648083 0.21136577 0.19972482 0.99999999
 0.32072602 0.99999999 0.31980724 0.2996295  0.29514212 0.99999999]
210 5.393918968324092 [0.21608169 0.27338793 0.19610065 0.21067046 0.19939023 0.99999999
 0.32077333 0.99999999 0.31940332 0.29974862 0.29506642 0.99999999]
211 4.317005007042308 [0.21633516 0.27311926 0.19561888 0.21001489 0.19911145 0.99999999
 0.32060709 0.99999999 0.31902539 0.29975331 0.29526661 0.99999999]
212 5.022218209565947 [0.21660648 0.2723903  0.19516742 0.20936259 0.19900749 0.99999999
 0.32041468 0.99999999 0.31844315 0.2996735  0.29572231 0.99999999]
213 4.430628682724095 [0.2167435  0.27195475 0.1949038  0.20892953 0.19897142 0.99999999
 0.32036659 0.99999999 0.317871   0.29970546 0.29606398 0.99999999]
214 5.466787259683329 [0.21693536 0.27155423 0.19466997 0.20837416 0.19898849 0.99999999
 0.32025273 0.99999999 0.31721809 0.29984337 0.29654577 0.99999999]
215 6.729751077710978 [0.21696454 0.27104657 0.19450307 0.20797222 0.19903106 0.99999999
 0.32011952 0.99999999 0.31676179 0.29997749 0.29694625 0.99999999]
216 6.178350190939781 [0.21705585 0.27078956 0.1943026  0.20757914 0.19850852 1.
 0.32004945 1.         0.31649647 0.30033656 0.29689164 1.        ]
217 6.6684997791391325 [0.21707664 0.27053937 0.19407026 0.20707278 0.19801899 1.
 0.31999685 1.         0.31641842 0.30058447 0.29670279 1.        ]
218 5.005060207844961 [0.21712032 0.27033261 0.19389959 0.20663439 0.19755281 1.
 0.32001314 1.         0.31623225 0.30087399 0.29635021 1.        ]
219 4.9515971676052235 [0.21708032 0.27020824 0.19364515 0.20610827 0.19699631 1.
 0.31993706 1.         0.3162272  0.3010412  0.29614267 1.        ]
220 4.230296162353659 [0.21705565 0.2700669  0.19354078 0.20557661 0.19660593 0.99999999
 0.32000643 0.99999999 0.31611287 0.30104311 0.29601712 0.99999999]
221 2.8145513135912346 [0.21698934 0.2699087  0.193465   0.20515797 0.19642359 0.99999999
 0.32014855 0.99999999 0.31617531 0.30103131 0.29599121 0.99999999]
222 4.278610422435713 [0.21705748 0.26995335 0.19327557 0.20478346 0.19640523 0.99999999
 0.3202373  0.99999999 0.31621787 0.30110389 0.29604573 0.99999999]
223 4.443308252920975 [0.217098   0.26973494 0.19317171 0.20441337 0.19643762 0.99999999
 0.32011461 0.99999999 0.31636328 0.30138846 0.29624331 0.99999999]
224 5.305584516953413 [0.21684952 0.2693903  0.19309885 0.20408931 0.19634721 0.99999999
 0.3199326  0.99999999 0.31606451 0.30151867 0.29641511 0.99999999]
225 3.9127669198893003 [0.21662191 0.26915706 0.19293605 0.20369081 0.19625107 0.99999999
 0.31987744 0.99999999 0.31559978 0.30163043 0.29648562 0.99999999]
226 4.049341534975316 [0.21645117 0.2688758  0.1927968  0.20324949 0.19628703 0.99999999
 0.32007985 0.99999999 0.31533007 0.30162884 0.29635152 0.99999999]
227 4.218725330729015 [0.21620841 0.26861275 0.19256467 0.20291474 0.19625283 0.99999999
 0.32030088 0.99999999 0.31512375 0.30176689 0.29621441 0.99999999]
228 4.76533129420017 [0.215904   0.26838463 0.19236168 0.20258796 0.19622434 0.99999999
 0.32039727 0.99999999 0.31517135 0.30210548 0.29606469 0.99999999]
229 7.063378988111747 [0.21543691 0.26828308 0.19209587 0.20217968 0.19607946 0.99999999
 0.32047922 0.99999999 0.31540409 0.30227022 0.29553619 0.99999999]
230 6.227149725729658 [0.21501017 0.26821763 0.1918937  0.2018579  0.19601977 0.99999999
 0.32036931 0.99999999 0.31553268 0.30243562 0.29508711 0.99999999]
231 4.866905832631084 [0.2145558  0.26814494 0.19174467 0.20143852 0.19599201 0.99999999
 0.32027498 0.99999999 0.31566254 0.30264455 0.29472536 0.99999999]
232 4.31137348044596 [0.21388493 0.26798442 0.19157323 0.20105571 0.19618636 0.99999999
 0.32008498 0.99999999 0.31563881 0.30305881 0.29454732 0.99999999]
233 4.8480997091440425 [0.21328625 0.26793527 0.19139799 0.20060666 0.19625364 0.99999999
 0.32009062 0.99999999 0.31544972 0.30361143 0.29435337 0.99999999]
234 5.864804982606214 [0.21297528 0.26813085 0.19117069 0.20029166 0.19633737 0.99999999
 0.3201891  0.99999999 0.31537168 0.30416084 0.29432659 0.99999999]
235 6.270924684970046 [0.21261194 0.26817995 0.190939   0.20001993 0.19644741 0.99999999
 0.32003507 0.99999999 0.31547845 0.30457314 0.29457923 0.99999999]
236 4.97552023430612 [0.21240987 0.26825521 0.19080356 0.19973693 0.19659642 0.99999999
 0.31988079 0.99999999 0.31578187 0.30496987 0.2951407  0.99999999]
237 5.174296544375673 [0.21217749 0.26825711 0.19075479 0.19947314 0.19666024 0.99999999
 0.31971845 0.99999999 0.31588761 0.30552733 0.29573293 0.99999999]
238 4.576057720631685 [0.21203232 0.2682332  0.19073433 0.1992914  0.19668978 0.99999999
 0.31957565 0.99999999 0.31615088 0.30605214 0.29641916 0.99999999]
239 6.147998496281312 [0.21197026 0.26817329 0.19079193 0.19893603 0.19670933 0.99999999
 0.31924554 0.99999999 0.31665433 0.30648613 0.29687429 0.99999999]
240 3.1550096213011996 [0.21198639 0.26826228 0.19090648 0.19861361 0.19686503 0.99999999
 0.31931114 0.99999999 0.31720172 0.30694209 0.29730096 0.99999999]
241 2.956662860661446 [0.21199186 0.26832717 0.19107306 0.19827291 0.19706844 0.99999999
 0.31953136 0.99999999 0.31797336 0.30720606 0.29770115 0.99999999]
242 3.838000056339602 [0.21195843 0.26853688 0.19129927 0.19787873 0.19725976 0.99999999
 0.31963527 0.99999999 0.31883673 0.30720127 0.29797744 0.99999999]
243 4.607208228288399 [0.21198291 0.26870387 0.19158207 0.19734741 0.1973784  0.99999999
 0.3197569  0.99999999 0.31967815 0.30747295 0.29817941 0.99999999]
244 5.5227615025875645 [0.21207256 0.26893919 0.19171719 0.19674784 0.1975559  0.99999999
 0.31969951 0.99999999 0.32000337 0.30793629 0.2983413  0.99999999]
245 5.074114293675499 [0.21218074 0.26918538 0.19187054 0.196191   0.19770343 0.99999999
 0.31957571 0.99999999 0.3204074  0.30841441 0.2984723  0.99999999]
246 3.2193631579634276 [0.21224524 0.26936393 0.19197456 0.19568429 0.19778314 0.99999999
 0.3192893  0.99999999 0.32054488 0.30886215 0.29858105 0.99999999]
247 3.551345146383399 [0.21242078 0.26939696 0.19188392 0.19518065 0.19803088 0.99999999
 0.3191907  0.99999999 0.32041811 0.30864546 0.29888845 0.99999999]
248 3.73680780024523 [0.21262742 0.26955725 0.19174848 0.19467166 0.19830082 0.99999999
 0.31920891 0.99999999 0.32017864 0.30861462 0.29923067 0.99999999]
249 4.469408103343317 [0.21285959 0.26951827 0.19165528 0.19426484 0.1985115  0.99999999
 0.31933485 0.99999999 0.32010185 0.30857344 0.29962988 0.99999999]
250 4.586379289802507 [0.21293476 0.26933097 0.19155119 0.19399044 0.1985304  0.99999999
 0.31940126 0.99999999 0.31985938 0.30852461 0.30014631 0.99999999]
251 3.880103406406936 [0.21300187 0.26921323 0.1914352  0.19356505 0.19843043 0.99999999
 0.31927713 0.99999999 0.31977056 0.30862798 0.30053037 0.99999999]
252 4.158327959397319 [0.21320558 0.2689385  0.1912337  0.19319102 0.19843921 0.99999999
 0.31907155 0.99999999 0.31954382 0.30879995 0.30095075 0.99999999]
253 4.792116331303839 [0.21339637 0.26864111 0.19119182 0.19285605 0.19825814 0.99999999
 0.31894198 0.99999999 0.31940603 0.30913493 0.30131804 0.99999999]
254 3.947229160260877 [0.21362615 0.26843027 0.19111423 0.19252228 0.1981583  0.99999999
 0.31878393 0.99999999 0.31942912 0.30952743 0.30171874 0.99999999]
255 2.8225915450232564 [0.21382644 0.26814635 0.19108908 0.1922954  0.1980995  0.99999999
 0.31873006 0.99999999 0.3194128  0.30983972 0.30185507 0.99999999]
256 4.689681093871913 [0.21395961 0.26773986 0.19100483 0.19208282 0.1981052  0.99999999
 0.31848622 0.99999999 0.31919285 0.31000635 0.30186703 0.99999999]
257 4.979099487512764 [0.21406097 0.26726289 0.19096329 0.19191557 0.19810461 0.99999999
 0.31805579 0.99999999 0.31913086 0.30984415 0.30203542 0.99999999]
258 5.8488710376666315 [0.21413462 0.26677912 0.19090364 0.19171163 0.19804667 0.99999999
 0.31775551 0.99999999 0.31911594 0.30967271 0.30211986 0.99999999]
259 4.573662815194183 [0.21420716 0.26620035 0.19086274 0.19153025 0.19799457 0.99999999
 0.3173912  0.99999999 0.31912316 0.30957006 0.30217085 0.99999999]
260 4.656405995165966 [0.21439006 0.26566491 0.19084869 0.19131438 0.19803716 0.99999999
 0.31699784 0.99999999 0.31909305 0.30960084 0.30214803 0.99999999]
261 6.209918889491293 [0.2145064  0.26515813 0.19081389 0.19116697 0.19791732 0.99999999
 0.31676245 0.99999999 0.31911859 0.30990558 0.30184026 0.99999999]
262 5.255008838489931 [0.2145099  0.26460385 0.1907948  0.19091492 0.19783878 0.99999999
 0.31648234 0.99999999 0.31904056 0.31035503 0.30154649 0.99999999]
263 3.792658451023187 [0.21455126 0.26403758 0.19081847 0.19070275 0.19772466 0.99999999
 0.31629014 0.99999999 0.31910578 0.31085544 0.30123685 0.99999999]
264 3.322498414011114 [0.21455888 0.26356069 0.19087828 0.19049595 0.19762372 0.99999999
 0.31612434 0.99999999 0.31906932 0.31127251 0.30093278 0.99999999]
265 2.9031015126776922 [0.21447544 0.26322036 0.19094939 0.19016035 0.19741123 0.99999999
 0.31571131 0.99999999 0.31918269 0.31170238 0.30071297 0.99999999]
266 4.985580468696113 [0.21417945 0.26282155 0.1909513  0.1897954  0.19719428 0.99999999
 0.31547529 0.99999999 0.31936931 0.31208164 0.30032435 0.99999999]
267 2.9514239622110425 [0.21385283 0.2625211  0.19102727 0.18948623 0.19705075 0.99999999
 0.31534205 0.99999999 0.31943201 0.31239537 0.29991073 0.99999999]
268 3.3745125636164133 [0.21367576 0.26240843 0.19104632 0.18920246 0.19674619 0.99999999
 0.31539318 0.99999999 0.31961523 0.31280852 0.29930436 0.99999999]
269 4.089902108559002 [0.21353159 0.26222954 0.19102565 0.18893091 0.19645024 0.99999999
 0.31558508 0.99999999 0.31965153 0.31319105 0.29854201 0.99999999]
270 3.7695810943875028 [0.21355398 0.26210895 0.19106931 0.18870307 0.19610926 0.99999999
 0.31573059 0.99999999 0.31962172 0.31376104 0.29770986 0.99999999]
271 3.540691260023387 [0.21349785 0.26212559 0.19117919 0.18858085 0.19582104 0.99999999
 0.3157845  0.99999999 0.31964281 0.31406571 0.29703264 0.99999999]
272 3.85816938364996 [0.21342311 0.26226686 0.19139598 0.18848051 0.19558566 0.99999999
 0.31577665 0.99999999 0.3196431  0.31432108 0.29637163 0.99999999]
273 3.523889803477732 [0.21327884 0.26244936 0.19165787 0.18840179 0.19543378 0.99999999
 0.31579808 0.99999999 0.31991582 0.31449647 0.29578167 0.99999999]
274 2.408427037053081 [0.21312118 0.26288005 0.19191376 0.18837621 0.19525385 0.99999999
 0.31566921 0.99999999 0.32030087 0.31482521 0.29504347 0.99999999]
275 3.584034072564312 [0.21290714 0.26334583 0.19213256 0.18828582 0.19507601 0.99999999
 0.31554546 0.99999999 0.32066831 0.31521809 0.29441108 0.99999999]
276 3.834097500663778 [0.21271451 0.26387068 0.19232924 0.18822168 0.19493511 0.99999999
 0.31533887 0.99999999 0.32097855 0.31563898 0.29391214 0.99999999]
277 2.801865241737712 [0.21249451 0.26442899 0.1924801  0.18811954 0.19476579 0.99999999
 0.31560989 0.99999999 0.32150855 0.31573509 0.29321791 0.99999999]
278 2.8434723076111093 [0.2121115  0.264915   0.19251965 0.18806426 0.19450018 0.99999999
 0.31556294 0.99999999 0.32190226 0.31585703 0.29247047 0.99999999]
279 2.524870430102843 [0.21169092 0.26531556 0.19236968 0.18798303 0.19425928 0.99999999
 0.31548694 0.99999999 0.32233876 0.31591447 0.29183539 0.99999999]
280 3.047431057572936 [0.21134748 0.26562098 0.19222502 0.18800263 0.19390556 0.99999999
 0.31559398 0.99999999 0.32290588 0.31588364 0.2913781  0.99999999]
281 2.7653773102633377 [0.21099654 0.26588045 0.19207865 0.18796826 0.19351074 0.99999999
 0.31576556 0.99999999 0.3234135  0.31592751 0.29100637 0.99999999]
282 2.8556378092885217 [0.21062958 0.26610766 0.19180485 0.18793736 0.1931237  0.99999999
 0.31610849 0.99999999 0.32399008 0.3158301  0.29073192 0.99999999]
283 2.113632459030534 [0.21055548 0.26623925 0.19164841 0.18796988 0.19274555 0.99999999
 0.31634157 0.99999999 0.32455359 0.3157162  0.29020926 0.99999999]
284 3.186769027436297 [0.21059783 0.26621198 0.1915332  0.18803012 0.19244311 0.99999999
 0.31665004 0.99999999 0.3250655  0.3157697  0.28960123 0.99999999]
285 2.133953833737695 [0.21078132 0.26608252 0.19133878 0.18814729 0.19228189 0.99999999
 0.31697018 0.99999999 0.32585    0.31573279 0.28911622 0.99999999]
286 3.051835645289608 [0.2109711  0.26590935 0.19124391 0.18827707 0.19215832 0.99999999
 0.31744197 0.99999999 0.32665485 0.31579627 0.28876695 0.99999999]
287 4.079620056029697 [0.21121794 0.26569451 0.1912059  0.18838934 0.19212683 0.99999999
 0.31750156 0.99999999 0.32741992 0.3162437  0.28840903 0.99999999]
288 2.356472475398707 [0.21132808 0.26536744 0.19121085 0.18852177 0.19206582 0.99999999
 0.31764597 0.99999999 0.3279866  0.31691847 0.28801864 0.99999999]
289 2.6464783934866882 [0.21140155 0.26497252 0.19123986 0.18861826 0.19189639 0.99999999
 0.31749201 0.99999999 0.32829251 0.3176435  0.28784782 0.99999999]
290 2.4595705634261353 [0.21141162 0.26455379 0.19132657 0.1885704  0.19171753 0.99999999
 0.31744712 0.99999999 0.3282567  0.318333   0.2879196  0.99999999]
291 2.4432398586882447 [0.21157621 0.26413798 0.19144941 0.18855095 0.19149601 0.99999999
 0.31763034 0.99999999 0.32822884 0.31869279 0.28801131 0.99999999]
292 3.2782272431936796 [0.21169413 0.26347265 0.19151829 0.1884958  0.19132239 0.99999999
 0.31791357 0.99999999 0.32809804 0.31917272 0.2882867  0.99999999]
293 3.364856520591667 [0.21181578 0.26292074 0.19140261 0.18843623 0.19109323 0.99999999
 0.31853691 0.99999999 0.32770107 0.31992213 0.28825575 0.99999999]
294 3.4046578218892405 [0.211834   0.26225506 0.19125857 0.18833893 0.190889   0.99999999
 0.31915125 0.99999999 0.32735467 0.32048107 0.28839287 0.99999999]
295 2.864394615875101 [0.21165003 0.26161631 0.19111664 0.1883238  0.19068909 0.99999999
 0.31955414 0.99999999 0.32746401 0.32071291 0.28863693 0.99999999]
296 2.7378072465241843 [0.21147394 0.2609117  0.19108582 0.18827561 0.19057595 0.99999999
 0.32003412 0.99999999 0.32767113 0.32114289 0.28892463 0.99999999]
297 2.375440721195413 [0.21133561 0.26035568 0.1911328  0.18824279 0.19046767 0.99999999
 0.32016782 0.99999999 0.32800586 0.32161693 0.28928652 0.99999999]
298 2.5592484946061536 [0.21128542 0.25981506 0.19121035 0.18821875 0.19040511 0.99999999
 0.32031903 0.99999999 0.32833582 0.32205042 0.2897931  0.99999999]
299 2.77171168109496 [0.21123933 0.2593918  0.19143686 0.18820764 0.19024917 0.99999999
 0.32069652 0.99999999 0.32895768 0.3226597  0.29058551 0.99999999]
300 2.170823832364711 [0.21115906 0.25887921 0.19169694 0.18810943 0.1899237  0.99999999
 0.32094415 0.99999999 0.32975204 0.32299998 0.29140862 0.99999999]
301 1.4803293672168452 [0.2111786  0.25833176 0.19183462 0.18804906 0.18951684 0.99999999
 0.32114033 0.99999999 0.33074308 0.32338721 0.29227386 0.99999999]
302 2.608560842903094 [0.21110221 0.25792143 0.19195546 0.18797057 0.18909026 0.99999999
 0.32157077 0.99999999 0.33158485 0.32367431 0.29267963 0.99999999]
303 1.8151566781461472 [0.21078505 0.25773148 0.19209147 0.18789529 0.18864462 0.99999999
 0.32211767 0.99999999 0.33219962 0.32370315 0.2931557  0.99999999]
304 2.129954939987165 [0.21040252 0.25770959 0.19221025 0.18777523 0.18829541 0.99999999
 0.32239282 0.99999999 0.33271318 0.32374994 0.29341054 0.99999999]
305 2.3175777339480375 [0.20989214 0.25784681 0.19228956 0.18768681 0.18780534 0.99999999
 0.32247966 0.99999999 0.33305054 0.32346647 0.29352278 0.99999999]
306 2.8873587746455516 [0.20927082 0.25815778 0.19247886 0.18762319 0.18738086 0.99999999
 0.32253993 0.99999999 0.33333979 0.32356408 0.29352627 0.99999999]
307 2.3998120986110965 [0.20865985 0.25830428 0.19267145 0.18757224 0.18687069 0.99999999
 0.32262107 0.99999999 0.33375111 0.32375501 0.29361629 0.99999999]
308 2.223084343641807 [0.20807137 0.25837775 0.19278876 0.18751125 0.18646486 0.99999999
 0.32294384 0.99999999 0.33414395 0.32323785 0.29366366 0.99999999]
309 2.4577284874791703 [0.207484   0.25855715 0.19279432 0.18756057 0.18597333 0.99999999
 0.3231638  0.99999999 0.33465837 0.32315515 0.29398261 0.99999999]
310 3.931135862879212 [0.2070201  0.25881881 0.19275749 0.18763904 0.18564416 0.99999999
 0.32340112 0.99999999 0.33488317 0.32295348 0.29409066 0.99999999]
311 3.154791919021789 [0.2066634  0.25918791 0.19263153 0.18772738 0.18521619 0.99999999
 0.32361313 0.99999999 0.3348792  0.32283505 0.29398535 0.99999999]
312 2.264157307597212 [0.20641279 0.25970538 0.19257595 0.18785569 0.18477744 0.99999999
 0.32418367 0.99999999 0.33491239 0.32300484 0.29380724 0.99999999]
313 3.095908895756667 [0.20630895 0.26021123 0.19260536 0.18794228 0.18428924 0.99999999
 0.32475736 0.99999999 0.33476909 0.32292389 0.29334759 0.99999999]
314 1.8809824458873172 [0.20616169 0.2608006  0.19253814 0.18793147 0.1837507  0.99999999
 0.32568325 0.99999999 0.33471252 0.32326678 0.29279752 0.99999999]
315 2.6967678262972274 [0.20611439 0.26117075 0.19252181 0.18795982 0.1832538  0.99999999
 0.32654013 0.99999999 0.33490608 0.323683   0.29247155 0.99999999]
316 2.776869613564361 [0.20611062 0.26158792 0.19253325 0.18782695 0.18277694 0.99999999
 0.32715627 0.99999999 0.3354171  0.32409932 0.29209417 0.99999999]
317 3.4561147505293723 [0.20609833 0.2620214  0.19251232 0.18779941 0.18226659 0.99999999
 0.32754339 0.99999999 0.33562178 0.32472928 0.29185877 0.99999999]
318 2.3235243499411062 [0.20591816 0.26230315 0.19259241 0.18780855 0.18177703 0.99999999
 0.32814341 0.99999999 0.33587372 0.32518272 0.29161626 0.99999999]
319 2.6980676026673116 [0.20557509 0.26260058 0.19270293 0.18782996 0.18137597 0.99999999
 0.32861982 0.99999999 0.33612062 0.32523536 0.29169457 0.99999999]
320 2.7324163456160795 [0.20527218 0.26280251 0.19270771 0.18774726 0.18115097 0.99999999
 0.32922185 0.99999999 0.33618028 0.32537065 0.29176432 0.99999999]
321 2.0356874792292365 [0.20504358 0.26295653 0.1926363  0.18769808 0.18097792 0.99999999
 0.32981306 0.99999999 0.33607741 0.32524794 0.29178551 0.99999999]
322 1.6962863758392053 [0.20482891 0.26298339 0.19256361 0.18755794 0.18079162 0.99999999
 0.33051332 0.99999999 0.33577071 0.3254227  0.29188305 0.99999999]
323 3.0417819027518584 [0.20461395 0.2630971  0.19244889 0.18738657 0.18060216 0.99999999
 0.33128254 0.99999999 0.33543354 0.32555032 0.29208845 0.99999999]
324 4.010050944972584 [0.20438453 0.26332306 0.19237396 0.18714196 0.18056107 0.99999999
 0.33205285 0.99999999 0.33511862 0.32601404 0.29213492 0.99999999]
325 1.941000243254718 [0.20421847 0.26347086 0.19233776 0.18699929 0.18059143 0.99999999
 0.33296825 0.99999999 0.33473618 0.32644669 0.29211866 0.99999999]
326 3.034369205146271 [0.20418117 0.26394482 0.19231664 0.18680243 0.1806577  0.99999999
 0.33392021 0.99999999 0.334234   0.3264881  0.29210158 0.99999999]
327 2.264438305759589 [0.20432979 0.26419339 0.19228434 0.18662376 0.18078607 0.99999999
 0.33467766 0.99999999 0.33365047 0.3261367  0.29190311 0.99999999]
328 2.280823116798131 [0.20436834 0.26460112 0.19234951 0.18655124 0.18084917 0.99999999
 0.33568095 0.99999999 0.33331567 0.32577536 0.29178605 0.99999999]
329 3.0569770349104157 [0.20444089 0.26489369 0.19239537 0.18650533 0.18094375 0.99999999
 0.33622367 0.99999999 0.33302412 0.32548105 0.29166404 0.99999999]
330 6.025362029262249 [0.20453232 0.26502797 0.19259136 0.18658454 0.18090532 0.99999999
 0.33588411 0.99999999 0.33261276 0.32561309 0.29138636 0.99999999]
331 15.960655240354459 [0.20472012 0.2652524  0.19287498 0.18661119 0.18086624 0.99999999
 0.33521982 0.99999999 0.33236159 0.32583487 0.29130305 0.99999999]
332 4.3000605691713805 [0.20495567 0.26540208 0.19319576 0.18666911 0.18073091 0.99999999
 0.33457592 0.99999999 0.33208278 0.32619312 0.29124481 0.99999999]
333 3.4804725568319737 [0.20536475 0.26559644 0.19349872 0.18671265 0.1806501  0.99999999
 0.33414146 0.99999999 0.33179567 0.32653514 0.29122004 0.99999999]
334 2.566049880458096 [0.20552034 0.26568202 0.19373306 0.18667728 0.18061103 0.99999999
 0.33379536 0.99999999 0.331541   0.32704775 0.29111488 0.99999999]
335 2.1012666644398603 [0.20571414 0.26595488 0.19390423 0.18662484 0.18052568 0.99999999
 0.33323808 0.99999999 0.33105288 0.32763326 0.29123256 0.99999999]
336 2.725267085898141 [0.20616447 0.26627663 0.1939596  0.18658625 0.1804452  0.99999999
 0.33272238 0.99999999 0.33079924 0.32822058 0.29138023 0.99999999]
337 3.9985585484985355 [0.20661618 0.26665367 0.19397108 0.1865559  0.18022304 0.99999999
 0.3320868  0.99999999 0.33028017 0.32830547 0.29157158 0.99999999]
338 3.024481514082301 [0.20697472 0.26725854 0.19403205 0.18649305 0.18005838 0.99999999
 0.33169984 0.99999999 0.32978921 0.32783491 0.29177791 0.99999999]
339 1.859927412110615 [0.2072318  0.26779826 0.19412807 0.18635908 0.1799892  0.99999999
 0.33146308 0.99999999 0.32949503 0.32727428 0.29197978 0.99999999]
340 2.313246214014493 [0.2074702  0.26817642 0.19413054 0.18610472 0.17999892 0.99999999
 0.33138557 0.99999999 0.32956293 0.32668306 0.2921363  0.99999999]
341 3.044188861367095 [0.20774087 0.26825643 0.19404117 0.18594963 0.18004941 0.99999999
 0.33111543 0.99999999 0.32921135 0.32626585 0.29234974 0.99999999]
342 2.86539324058754 [0.20803542 0.26829462 0.19398169 0.18584417 0.18009608 0.99999999
 0.33055796 0.99999999 0.32877836 0.32578948 0.29257359 0.99999999]
343 2.582270887255109 [0.20833949 0.26846939 0.19398511 0.18571843 0.18006552 0.99999999
 0.33013172 0.99999999 0.32811853 0.32518222 0.29310133 0.99999999]
344 1.6716257363867233 [0.20858664 0.26855294 0.19406478 0.18563499 0.18010459 0.99999999
 0.32992588 0.99999999 0.32764211 0.32464336 0.29357918 0.99999999]
345 2.7348033307400192 [0.20878317 0.26867698 0.19410432 0.1854638  0.18016747 0.99999999
 0.32981509 0.99999999 0.32731512 0.32419954 0.29408689 0.99999999]
346 2.703964369442629 [0.20884999 0.2688647  0.19420258 0.18528266 0.18025825 0.99999999
 0.3298276  0.99999999 0.32701362 0.32382623 0.29458737 0.99999999]
347 2.558105705784576 [0.20896937 0.26909744 0.19425562 0.18508818 0.18040866 0.99999999
 0.32984318 0.99999999 0.32681923 0.32330628 0.2950101  0.99999999]
348 2.7288657866789743 [0.20911139 0.26933323 0.1943441  0.18486037 0.18046747 0.99999999
 0.32991723 0.99999999 0.3268318  0.32267266 0.29528997 0.99999999]
349 2.1181786366370785 [0.20946366 0.26951674 0.19433061 0.18461633 0.18033875 0.99999999
 0.32919391 0.99999999 0.32685259 0.32223    0.29555336 0.99999999]
350 2.981224547618207 [0.20987852 0.26968752 0.19424126 0.18430965 0.18018986 0.99999999
 0.32854911 0.99999999 0.32690883 0.32187677 0.29564319 0.99999999]
351 2.5979549830847795 [0.21021449 0.26988372 0.19409946 0.18408392 0.1800829  0.99999999
 0.32796209 0.99999999 0.32689308 0.32162456 0.29565751 0.99999999]
352 3.615088533225471 [0.21044139 0.26975527 0.19401756 0.18385613 0.180094   0.99999999
 0.32744604 0.99999999 0.32689317 0.3214625  0.29572431 0.99999999]
353 2.282872055014197 [0.21053792 0.26949826 0.19398508 0.1836927  0.18012503 0.99999999
 0.32706886 0.99999999 0.32686553 0.32092865 0.29579804 0.99999999]
354 2.210740822527311 [0.21067708 0.26925697 0.19395753 0.18362468 0.18015694 0.99999999
 0.32667824 0.99999999 0.32678375 0.32021517 0.29592746 0.99999999]
355 2.3330670896382495 [0.21081667 0.26895966 0.19390839 0.1835348  0.18017914 0.99999999
 0.32646674 0.99999999 0.32657072 0.31971215 0.29602584 0.99999999]
356 2.6813239727862923 [0.21094352 0.26889438 0.19385385 0.1834944  0.18028371 0.99999999
 0.32620515 0.99999999 0.32639613 0.31921827 0.29615906 0.99999999]
357 2.1440143038344006 [0.21082282 0.26892893 0.19378103 0.18332575 0.18039909 0.99999999
 0.32600917 0.99999999 0.32618611 0.31849956 0.29637448 0.99999999]
358 2.250558999629934 [0.21076904 0.26872257 0.19380161 0.18318694 0.18050745 0.99999999
 0.32582488 0.99999999 0.32594294 0.31800133 0.29647091 0.99999999]
359 2.44499062573466 [0.21053248 0.26857736 0.19389376 0.18310617 0.18054546 0.99999999
 0.32572545 0.99999999 0.32579366 0.31751964 0.29679231 0.99999999]
360 3.6469249591817876 [0.21036055 0.26829647 0.1937053  0.18302974 0.18064972 1.
 0.325156   1.         0.32584944 0.31689205 0.2970341  1.        ]
361 3.5598930484432607 [0.21018156 0.26799817 0.19361889 0.18305788 0.18080744 1.
 0.32443132 1.         0.3258204  0.31662773 0.29738515 1.        ]
362 2.9294558769975323 [0.20996175 0.26760558 0.1936834  0.1831662  0.18097034 1.
 0.32354794 1.         0.32610339 0.31638174 0.2978217  1.        ]
363 2.0284830791143866 [0.20975475 0.26737348 0.19381904 0.18314772 0.18105981 1.
 0.32291563 1.         0.3263163  0.31622631 0.29837374 1.        ]
364 3.3050033794026277 [0.20966741 0.26720855 0.19382817 0.18323587 0.18112214 1.
 0.32228672 1.         0.32650124 0.31586303 0.29884468 1.        ]
365 2.712364169121497 [0.20964519 0.26701823 0.19388992 0.18334543 0.18125837 1.
 0.32157451 1.         0.32667667 0.31572503 0.29915183 1.        ]
366 1.6810363465924127 [0.20978568 0.2667031  0.19390598 0.18360539 0.18153397 1.
 0.32084139 1.         0.3269899  0.31561845 0.29949041 1.        ]
367 2.1480297548060263 [0.20994911 0.26640256 0.19392602 0.18379676 0.18184526 1.
 0.31993125 1.         0.32749575 0.31567314 0.29990752 1.        ]
368 2.239768334522874 [0.21027656 0.26611183 0.19402745 0.18408354 0.18211455 1.
 0.31887658 1.         0.32746492 0.31593307 0.30038375 1.        ]
369 2.190015111123354 [0.21037032 0.26574477 0.19414077 0.18436013 0.182406   1.
 0.31795391 1.         0.32742409 0.31622201 0.30093579 1.        ]
370 2.108188018486903 [0.21042096 0.26520945 0.19418754 0.18453475 0.18267246 1.
 0.31716606 1.         0.32740551 0.31643726 0.30139992 1.        ]
371 2.6383994761802647 [0.21022958 0.26485762 0.19404177 0.18442632 0.18281163 1.
 0.31624937 1.         0.32743835 0.31672501 0.30214139 1.        ]
372 1.8521613613914811 [0.21022144 0.26461869 0.19389545 0.18435826 0.18297799 1.
 0.31546318 1.         0.32763684 0.31707176 0.30285785 1.        ]
373 2.3847257881626716 [0.21022292 0.26443756 0.19371785 0.18431387 0.18316935 1.
 0.31466279 1.         0.32738889 0.31719734 0.30345782 1.        ]
374 2.6548135634718766 [0.21029467 0.26439847 0.19355006 0.18421096 0.1833866  1.
 0.31404842 1.         0.32708048 0.31724847 0.30406644 1.        ]
375 2.0078354625504224 [0.21040079 0.26427123 0.1933812  0.18411622 0.18351136 1.
 0.31334553 1.         0.32667555 0.31748448 0.30455015 1.        ]
376 2.1396934521326076 [0.21037249 0.26423096 0.1930764  0.18410467 0.18363367 1.
 0.31273641 1.         0.32619612 0.31771546 0.30479836 1.        ]
377 1.999733246820529 [0.210223   0.26403585 0.19250631 0.18418801 0.18379077 1.
 0.31235154 1.         0.32560982 0.31798833 0.30511662 1.        ]
378 1.7786719728413252 [0.20998997 0.26398815 0.19201994 0.18419562 0.18382075 1.
 0.31173804 1.         0.32506972 0.31827582 0.3056453  1.        ]
379 3.006585337980606 [0.20968499 0.26384185 0.19148587 0.18417274 0.18368753 1.
 0.3111726  1.         0.32462903 0.31856668 0.30605735 1.        ]
380 2.5778011419487563 [0.20933379 0.26371117 0.19093139 0.18429022 0.18349164 1.
 0.31061174 1.         0.32424136 0.31872425 0.30645721 1.        ]
381 2.0904243394747652 [0.2090873  0.26360715 0.1903662  0.18443799 0.18329058 1.
 0.31026166 1.         0.32375022 0.31886884 0.30678698 1.        ]
382 3.0859887542674542 [0.20896078 0.26349808 0.18976762 0.18470178 0.18313337 1.
 0.30964036 1.         0.32316042 0.31876358 0.30711282 1.        ]
383 4.293248911776699 [0.20898117 0.26325784 0.18918721 0.18498738 0.18299578 1.
 0.30891627 1.         0.32262682 0.31872873 0.30754437 1.        ]
384 4.573731537909821 [0.20901672 0.2627393  0.18856344 0.18518984 0.18289865 0.99999999
 0.30825986 0.99999999 0.32224117 0.31846854 0.30797295 0.99999999]
385 4.374934873515022 [0.20902941 0.26221679 0.18786694 0.18536496 0.18275255 0.99999999
 0.30784913 0.99999999 0.32190389 0.31790874 0.30836143 0.99999999]
386 2.1958367305932 [0.20887052 0.26167174 0.187201   0.18549804 0.18272192 0.99999999
 0.30751929 0.99999999 0.32166711 0.31741035 0.30853578 0.99999999]
387 2.9434282527970033 [0.20883021 0.26106148 0.18654875 0.18557933 0.18264563 0.99999999
 0.30737314 0.99999999 0.32153188 0.31679485 0.30870535 0.99999999]
388 3.2310833468478077 [0.20876024 0.26053535 0.1860082  0.18567041 0.18254768 0.99999999
 0.30728648 0.99999999 0.32154197 0.31618096 0.308811   0.99999999]
389 2.016881987256696 [0.20891494 0.25989436 0.18531154 0.18573731 0.18241699 0.99999999
 0.30694582 0.99999999 0.32172386 0.31573678 0.30874736 0.99999999]
390 2.53161580619078 [0.20899054 0.25924658 0.18471555 0.18586456 0.18221381 0.99999999
 0.30679581 0.99999999 0.32189088 0.3150924  0.30875299 0.99999999]
391 2.1300239520899833 [0.20880872 0.25871255 0.18427384 0.18588623 0.18193397 0.99999999
 0.30678607 0.99999999 0.32223444 0.31460287 0.30869736 0.99999999]
392 2.0712447959644074 [0.20854312 0.25818068 0.1839005  0.18595603 0.1816787  0.99999999
 0.30689813 0.99999999 0.3224052  0.31459595 0.3088081  0.99999999]
393 2.6800723571733087 [0.20832112 0.25764609 0.18353685 0.18596197 0.1814243  0.99999999
 0.30686146 0.99999999 0.32249992 0.3146107  0.30890148 0.99999999]
394 1.9245583862752276 [0.20816797 0.25701598 0.18325511 0.18600109 0.18107878 0.99999999
 0.3070109  0.99999999 0.32248051 0.31485882 0.30887902 0.99999999]
395 1.9467197108734577 [0.20795545 0.2564081  0.18301203 0.18597008 0.18081284 0.99999999
 0.30714496 0.99999999 0.32254975 0.31532805 0.30876963 0.99999999]
396 1.9387345014112005 [0.20793454 0.25572806 0.18276523 0.18594542 0.18057013 0.99999999
 0.30703257 0.99999999 0.32252672 0.31570759 0.30878523 0.99999999]
397 2.3463820260549566 [0.20783892 0.25526638 0.18253594 0.18593163 0.18035871 0.99999999
 0.3065646  0.99999999 0.32259163 0.31647959 0.30890648 0.99999999]
398 1.6573117311236698 [0.20772735 0.25486331 0.18234055 0.18592654 0.18020893 0.99999999
 0.30621271 0.99999999 0.32264375 0.31708497 0.30899581 0.99999999]
399 2.3899800388955663 [0.20766907 0.25457701 0.18203779 0.18585653 0.17989381 0.99999999
 0.30590912 0.99999999 0.3230126  0.31741559 0.30913494 0.99999999]
400 2.441132603681919 [0.20760871 0.25420758 0.18174625 0.18579554 0.17954722 0.99999999
 0.3056387  0.99999999 0.32342539 0.31776553 0.30921088 0.99999999]
401 1.5838219792034998 [0.20780752 0.25377768 0.18154285 0.18575114 0.17919498 0.99999999
 0.30550202 0.99999999 0.32365755 0.31835634 0.30921849 0.99999999]
402 2.3508006253130787 [0.20784055 0.25346721 0.18143633 0.1857839  0.17886248 0.99999999
 0.30571332 0.99999999 0.32375691 0.31893432 0.30917222 0.99999999]
403 2.1727041973217234 [0.20779472 0.25300506 0.18132095 0.18576987 0.17854681 0.99999999
 0.30585724 0.99999999 0.32393949 0.31956563 0.30907538 0.99999999]
404 2.2970521499261785 [0.20773824 0.2525554  0.18110753 0.18570761 0.17818312 0.99999999
 0.30621391 0.99999999 0.32383779 0.31992186 0.30896458 0.99999999]
405 2.393354872803349 [0.20759416 0.25201767 0.18082922 0.18557889 0.17787426 0.99999999
 0.30651531 0.99999999 0.32368642 0.32026256 0.30868522 0.99999999]
406 1.7722581765121055 [0.20730796 0.2513455  0.18060041 0.18542365 0.17764511 0.99999999
 0.3069178  0.99999999 0.32369696 0.32030807 0.30842666 0.99999999]
407 1.5171898967204083 [0.20697986 0.25084739 0.18038008 0.1853571  0.17745694 0.99999999
 0.30717295 0.99999999 0.3238183  0.32009369 0.30819563 0.99999999]
408 2.4516052484963637 [0.20673647 0.25051316 0.18012781 0.18523201 0.17731555 0.99999999
 0.3074665  0.99999999 0.3239231  0.31986366 0.30781399 0.99999999]
409 2.4450283356749973 [0.20647459 0.25020251 0.17989725 0.18508118 0.17720326 0.99999999
 0.30766715 0.99999999 0.3240043  0.31965195 0.30745451 0.99999999]
410 2.9403408456393967 [0.20622052 0.24990844 0.17975456 0.18493803 0.17723695 0.99999999
 0.30793443 0.99999999 0.32401662 0.31923482 0.30684992 0.99999999]
411 2.514874089368898 [0.20606383 0.24965034 0.17962227 0.18479073 0.17720581 0.99999999
 0.30816469 0.99999999 0.3240642  0.31891313 0.30636799 0.99999999]
412 2.724184206350036 [0.20591849 0.24939643 0.17938682 0.18461343 0.17715165 0.99999999
 0.30807069 0.99999999 0.32378325 0.31855187 0.30571636 0.99999999]
413 2.6290414943978457 [0.20579494 0.24935442 0.17915052 0.18445145 0.17716555 0.99999999
 0.30786419 0.99999999 0.32373955 0.31840288 0.30531781 0.99999999]
414 3.3657344950232293 [0.20564325 0.24928669 0.17892473 0.18426963 0.17714125 0.99999999
 0.30772347 0.99999999 0.32361547 0.31839846 0.30483272 0.99999999]
415 1.6602811320437354 [0.2055175  0.24930909 0.17866691 0.1841185  0.1771026  0.99999999
 0.30758145 0.99999999 0.32349176 0.31819554 0.30468925 0.99999999]
416 2.7561751031697073 [0.20541483 0.24923919 0.17841708 0.18396149 0.17709178 0.99999999
 0.30745198 0.99999999 0.32335159 0.31810261 0.30458838 0.99999999]
417 2.269044136795791 [0.20494306 0.24927583 0.17832196 0.18375686 0.17696844 0.99999999
 0.30713383 0.99999999 0.32308269 0.31785362 0.30444869 0.99999999]
418 2.043747925239788 [0.20453732 0.24958324 0.178098   0.18361374 0.17687941 0.99999999
 0.3067904  0.99999999 0.32275862 0.31780552 0.30427301 0.99999999]
419 3.0263185847685277 [0.2043086  0.24998011 0.17783858 0.18347817 0.17676906 0.99999999
 0.30653612 0.99999999 0.3225386  0.31811501 0.30407904 0.99999999]
420 2.1595276315067813 [0.20388604 0.25027191 0.17763338 0.18328575 0.17672818 0.99999999
 0.30645051 0.99999999 0.32227778 0.31871587 0.30379345 0.99999999]
421 3.7245098833440227 [0.20336773 0.25051186 0.17751207 0.18320076 0.17667478 0.99999999
 0.30634379 0.99999999 0.32203205 0.31973175 0.30333885 0.99999999]
422 1.921193086352944 [0.20293717 0.25077639 0.17732515 0.18308569 0.17672011 0.99999999
 0.30594326 0.99999999 0.32189502 0.32079279 0.30293473 0.99999999]
423 2.3081762289769365 [0.20254552 0.25115515 0.17722435 0.1829272  0.17670684 0.99999999
 0.30558595 0.99999999 0.32178595 0.32180198 0.30250702 0.99999999]
424 2.159038372093617 [0.20220261 0.25144915 0.1770866  0.18280631 0.17662914 0.99999999
 0.30518177 0.99999999 0.32174022 0.32277318 0.30208673 0.99999999]
425 2.0791480897187604 [0.20201158 0.25174335 0.17690116 0.18262739 0.17655465 0.99999999
 0.30484738 0.99999999 0.3217198  0.32352165 0.30166646 0.99999999]
426 2.5180973323715934 [0.20174263 0.25175418 0.17667285 0.18257355 0.17652754 0.99999999
 0.30425008 0.99999999 0.32160493 0.32433109 0.30122286 0.99999999]
427 2.760867065763901 [0.20141575 0.25150922 0.17651529 0.1825017  0.176505   0.99999999
 0.30367349 0.99999999 0.32145212 0.32478468 0.30086175 0.99999999]
428 2.131757735577322 [0.20117568 0.25127967 0.17627761 0.18250195 0.17653828 0.99999999
 0.30299164 0.99999999 0.32134513 0.32518606 0.30047374 0.99999999]
429 2.684561050177781 [0.20103025 0.25119589 0.17594194 0.18258326 0.17669224 0.99999999
 0.30228214 0.99999999 0.32128052 0.32560771 0.30019366 0.99999999]
430 2.1398634771795573 [0.20080213 0.25115968 0.17552954 0.18262017 0.17680377 0.99999999
 0.30187799 0.99999999 0.32113013 0.32594307 0.29984539 0.99999999]
431 1.6308054568149637 [0.20058302 0.2510513  0.17523835 0.18266263 0.17677963 0.99999999
 0.30169449 0.99999999 0.32103503 0.32638365 0.29936222 0.99999999]
432 2.2283416259540774 [0.20026568 0.25085504 0.17497607 0.18268465 0.1767605  0.99999999
 0.30123363 0.99999999 0.32095726 0.32675865 0.298834   0.99999999]
433 1.854279941341531 [0.20021331 0.25060587 0.17482204 0.18269611 0.17672918 0.99999999
 0.30108007 0.99999999 0.32067325 0.32690705 0.29837963 0.99999999]
434 3.5628265351444304 [0.20005541 0.25036683 0.17469908 0.1827243  0.17681652 0.99999999
 0.3011157  0.99999999 0.32055732 0.32639991 0.2980922  0.99999999]
435 3.2127772598661646 [0.20007481 0.24986726 0.17465628 0.18266072 0.1768384  0.99999999
 0.30120695 0.99999999 0.32040831 0.32589956 0.29775984 0.99999999]
436 2.1359687627556916 [0.20000568 0.24939197 0.17458463 0.18262993 0.17686492 0.99999999
 0.30128451 0.99999999 0.32041793 0.32543986 0.29738502 0.99999999]
437 2.518377283577666 [0.19988976 0.24877944 0.17455006 0.18264848 0.17683625 0.99999999
 0.30152136 0.99999999 0.32033254 0.32496534 0.29728289 0.99999999]
438 3.312861819611851 [0.19986651 0.24808448 0.1745166  0.1826814  0.17678368 0.99999999
 0.30192716 0.99999999 0.32033629 0.32442817 0.2970845  0.99999999]
439 2.380937410725308 [0.19997128 0.24765111 0.17448241 0.18268575 0.17662895 0.99999999
 0.30260758 0.99999999 0.32034681 0.32374847 0.296809   0.99999999]
440 2.619696760169618 [0.20001097 0.24717184 0.17439864 0.18273639 0.17639938 0.99999999
 0.30315344 0.99999999 0.32047604 0.32319052 0.29654723 0.99999999]
441 3.884079516981189 [0.20006258 0.24671651 0.17430844 0.18278097 0.17612155 0.99999999
 0.30364731 0.99999999 0.32051498 0.32312978 0.29629483 0.99999999]
442 2.8179418183606444 [0.20002867 0.24624607 0.17415822 0.18276392 0.17590113 0.99999999
 0.30408614 0.99999999 0.32051056 0.32302241 0.29614602 0.99999999]
443 1.4636195801313217 [0.20006647 0.2458527  0.17395518 0.18278873 0.17580334 0.99999999
 0.3042658  0.99999999 0.32061718 0.32297185 0.29578767 0.99999999]
444 1.4551095544005526 [0.2002746  0.24537487 0.17370403 0.18274777 0.17566275 0.99999999
 0.30441763 0.99999999 0.32086059 0.32292169 0.29539961 0.99999999]
445 1.799020797441806 [0.20058087 0.24500015 0.17361136 0.1827619  0.17547426 0.99999999
 0.30460968 0.99999999 0.32122991 0.3232995  0.29501231 0.99999999]
446 2.326280347708667 [0.20079543 0.24463656 0.17351225 0.18284807 0.17521442 0.99999999
 0.30486907 0.99999999 0.32160291 0.32322357 0.29469719 0.99999999]
447 1.9997067757843623 [0.20095276 0.24425933 0.17343249 0.18295236 0.17499834 0.99999999
 0.30527096 0.99999999 0.32218574 0.32323861 0.29427743 0.99999999]
448 2.4281141210668142 [0.20108563 0.24386389 0.17335175 0.18302326 0.17480844 0.99999999
 0.30561803 0.99999999 0.32268388 0.32320969 0.29377182 0.99999999]
449 2.1217637793088637 [0.20134785 0.24337905 0.17335084 0.18303819 0.17464348 0.99999999
 0.30588993 0.99999999 0.32322165 0.32341516 0.29331454 0.99999999]
450 2.600466204410008 [0.20168271 0.24306248 0.17342415 0.18306361 0.17442906 0.99999999
 0.30595739 0.99999999 0.323746   0.32336824 0.29303616 0.99999999]
451 2.2600175963546363 [0.20198211 0.24265182 0.17346618 0.182994   0.17419752 0.99999999
 0.30599156 0.99999999 0.32432039 0.32319005 0.29272367 0.99999999]
452 2.228042123494746 [0.20201408 0.24239269 0.1734877  0.18285181 0.17392437 1.
 0.30590139 1.         0.32497206 0.32313853 0.29225106 1.        ]
453 3.165896686692541 [0.20197168 0.24230898 0.17351817 0.18273827 0.17367858 1.
 0.30583501 1.         0.32546671 0.32304725 0.29191873 1.        ]
454 2.439909677421632 [0.20197527 0.24219516 0.17338775 0.18259149 0.17341547 1.
 0.3054838  1.         0.32601349 0.32286658 0.29167449 1.        ]
455 1.994605991838037 [0.20214119 0.24210486 0.17329097 0.18240903 0.17311173 1.
 0.30505201 1.         0.32625198 0.32301899 0.29155888 1.        ]
456 1.9149765729694508 [0.20219741 0.24187646 0.1731008  0.18213382 0.17282982 1.
 0.30457017 1.         0.32640043 0.32296584 0.29156245 1.        ]
457 2.8784538216785265 [0.20210601 0.24152188 0.17289304 0.18188062 0.17255511 1.
 0.3041565  1.         0.32651313 0.32315842 0.29185091 1.        ]
458 1.8300384153528548 [0.20216843 0.24124224 0.17277148 0.18170948 0.17236393 1.
 0.30374164 1.         0.32661646 0.32340044 0.29228913 1.        ]
459 1.529523447420002 [0.20222084 0.24100415 0.17266592 0.18141639 0.17222808 1.
 0.30321037 1.         0.32661302 0.32385608 0.29275537 1.        ]
460 1.4811644996083941 [0.20233255 0.24082903 0.17267121 0.18123858 0.17204346 1.
 0.30288877 1.         0.32684059 0.32430156 0.29292648 1.        ]
461 1.8242402641504802 [0.20258455 0.24080312 0.17258092 0.18109536 0.17179508 1.
 0.3025932  1.         0.32706506 0.32511468 0.29300101 1.        ]
462 2.419674312671317 [0.2029366  0.24070581 0.17246988 0.1809934  0.17157475 1.
 0.30215687 1.         0.32727019 0.32582925 0.29303493 1.        ]
463 2.0884349904845876 [0.20317687 0.24054538 0.17236626 0.18089606 0.17145317 1.
 0.30166979 1.         0.32735744 0.3264597  0.29299046 1.        ]
464 1.844362176633194 [0.20345066 0.24056988 0.17236528 0.18077312 0.17130535 1.
 0.30125058 1.         0.32732949 0.32700005 0.2929351  1.        ]
465 1.66580139474388 [0.2036247  0.24030819 0.17238627 0.18077844 0.17127682 1.
 0.30077728 1.         0.32729105 0.32756915 0.29288609 1.        ]
466 2.3935277469520457 [0.20375625 0.23986061 0.17235542 0.18066375 0.1712145  1.
 0.30052373 1.         0.32737826 0.3281472  0.2926478  1.        ]
467 1.7214008724139942 [0.20387306 0.23924656 0.17230916 0.18044996 0.1712781  1.
 0.30029902 1.         0.32701814 0.32858851 0.29215542 1.        ]
468 2.069552309393692 [0.20410778 0.23897162 0.17215425 0.18021189 0.17140353 1.
 0.30022882 1.         0.32661855 0.32884459 0.29172934 1.        ]
469 1.6680870965287158 [0.2043421  0.23875242 0.17188233 0.17992849 0.17151747 1.
 0.30015217 1.         0.32624676 0.32886418 0.29150159 1.        ]
470 1.7026947670500285 [0.204521   0.23852555 0.17167402 0.17967683 0.17158075 1.
 0.29990439 1.         0.32593188 0.32874961 0.29126272 1.        ]
471 2.7869968507514584 [0.20472105 0.23842232 0.17153765 0.17933508 0.17166769 1.
 0.29979579 1.         0.32570243 0.32889323 0.29109713 1.        ]
472 1.850141317702655 [0.20498865 0.23811622 0.17143631 0.17897189 0.17178065 1.
 0.29972696 1.         0.32576184 0.32917326 0.29061728 1.        ]
473 2.81443781368154 [0.20507757 0.23783873 0.17136059 0.17871631 0.17187867 1.
 0.29976645 1.         0.32591879 0.32922862 0.29010684 1.        ]
474 2.188414808804533 [0.20517352 0.23763663 0.17134733 0.17841664 0.17196161 1.
 0.29961442 1.         0.32621803 0.32940403 0.28975622 1.        ]
475 3.018147433506859 [0.20525301 0.23737485 0.17129899 0.17817551 0.17211538 1.
 0.29958275 1.         0.32650106 0.32937659 0.28947442 1.        ]
476 2.036279375245943 [0.20537382 0.23715124 0.17123725 0.17798283 0.1722912  1.
 0.29968638 1.         0.32671393 0.32924475 0.28916293 1.        ]
477 2.123347424697929 [0.20515216 0.23685468 0.17117459 0.17781959 0.17243711 1.
 0.2997552  1.         0.32695816 0.328963   0.28888365 1.        ]
478 1.9839034435627587 [0.20490954 0.23666884 0.17108045 0.1775351  0.17256204 1.
 0.29983834 1.         0.3274957  0.32854076 0.28856425 1.        ]
479 1.47844942886775 [0.20482642 0.23631341 0.17106383 0.17728038 0.17265183 1.
 0.29980683 1.         0.32804697 0.32821835 0.28815122 1.        ]
480 2.7913068218062764 [0.20478071 0.23604037 0.17101356 0.1770525  0.17269423 1.
 0.29975064 1.         0.32866028 0.32816666 0.28771268 1.        ]
481 1.6032808164327366 [0.20471069 0.23588195 0.1710153  0.17681604 0.17275356 1.
 0.29974801 1.         0.32914287 0.32819576 0.28740056 1.        ]
482 1.6859356497113955 [0.20462108 0.23563078 0.17096601 0.17660251 0.17288499 1.
 0.29977994 1.         0.32953225 0.32842031 0.2872037  1.        ]
483 3.331184025032723 [0.20441797 0.23530046 0.17090763 0.17643263 0.17299073 1.
 0.29989759 1.         0.33004263 0.32854171 0.28720736 1.        ]
484 1.9446214129900636 [0.20415388 0.23504968 0.17078535 0.17628086 0.17314576 1.
 0.3000211  1.         0.33053982 0.32886121 0.28725102 1.        ]
485 1.3963700345043253 [0.20400091 0.23466239 0.17069843 0.17619148 0.17330557 1.
 0.30031839 1.         0.33110618 0.32875156 0.2874789  1.        ]
486 2.0329912869255633 [0.20387825 0.23429324 0.17065706 0.17615653 0.17358898 1.
 0.3006239  1.         0.33157083 0.32887405 0.28774943 1.        ]
487 1.667932745389873 [0.20381553 0.23395133 0.1706823  0.17612843 0.17392474 1.
 0.30112808 1.         0.3317613  0.32891443 0.28792376 1.        ]
488 1.5279741689269057 [0.20376352 0.23365005 0.17067482 0.17617953 0.17422143 1.
 0.30174891 1.         0.33193214 0.32881701 0.28810163 1.        ]
489 1.4683442852010082 [0.20366588 0.23344506 0.17069277 0.17618137 0.17452525 1.
 0.30209162 1.         0.33203878 0.32869848 0.28824352 1.        ]
490 2.0277274158835557 [0.20357292 0.23334377 0.17070362 0.17620718 0.17490411 1.
 0.3023293  1.         0.33212689 0.3288981  0.28826989 1.        ]
491 1.624673263942848 [0.20367554 0.23327245 0.17063883 0.17625201 0.17531826 1.
 0.3024128  1.         0.33239586 0.32880306 0.28829454 1.        ]
492 1.1647914067663154 [0.20397992 0.23322309 0.1705757  0.17633601 0.17570896 1.
 0.302292   1.         0.33277348 0.32853668 0.28836438 1.        ]
493 2.348360314575661 [0.20442865 0.2332133  0.17057649 0.17641506 0.17607348 1.
 0.30220932 1.         0.33323234 0.32869172 0.28848982 1.        ]
494 1.5701891191951627 [0.20480366 0.23315745 0.17058781 0.17650232 0.1764734  1.
 0.30210397 1.         0.33371456 0.32884602 0.28847446 1.        ]
495 2.3548057727412495 [0.205154   0.23323991 0.17051838 0.17667141 0.176768   1.
 0.30214472 1.         0.33412011 0.32890967 0.2883429  1.        ]
496 3.0870186543980442 [0.20542275 0.23328961 0.17041556 0.17683846 0.17700193 1.
 0.30225423 1.         0.33462595 0.32917873 0.28815374 1.        ]
497 1.7439130748853333 [0.20569529 0.23349864 0.17024265 0.17690444 0.1772487  1.
 0.30248844 1.         0.3350895  0.32942187 0.28796968 1.        ]
498 2.7921768731554613 [0.20591402 0.23354688 0.17005522 0.17699645 0.17744373 1.
 0.30270332 1.         0.33544778 0.32943567 0.28770405 1.        ]
499 2.9659162505781276 [0.20613305 0.23362762 0.16991524 0.17705815 0.17769997 1.
 0.30280773 1.         0.33588558 0.32957459 0.28742196 1.        ]
