0 156.7884671632091 [0.29915616 0.30196895 0.30009375 0.29634337 0.30103135 0.29915616
 0.30103134 1.         0.30196895 0.30290655 0.30009376 1.        ]
1 161.79593231821528 [0.299412   0.30199117 0.29975569 0.2948864  0.30317391 0.29975174
 0.30052104 1.         0.30226328 0.30376979 0.30134735 1.        ]
2 128.8455251010644 [0.29858222 0.3010852  0.29916476 0.29429735 0.30376802 0.30013837
 0.30115988 1.         0.30080699 0.30396812 0.30217202 1.        ]
3 140.13195462082263 [0.29811683 0.30058798 0.29914813 0.29413102 0.30355294 0.30007565
 0.30146671 1.         0.30038893 0.30455812 0.30269958 1.        ]
4 152.21045268421358 [0.29731597 0.3007373  0.2977983  0.2943841  0.30307514 0.30015169
 0.30180109 1.         0.29946902 0.30551147 0.30268387 1.        ]
5 174.8641905248279 [0.29682677 0.30085344 0.29633952 0.29407459 0.30166851 0.30025123
 0.30209458 1.         0.29876199 0.30640914 0.30234741 1.        ]
6 143.2754504904873 [0.29573343 0.30106357 0.29553188 0.29389926 0.30112735 0.30038973
 0.30248495 1.         0.29830354 0.30704297 0.30242753 1.        ]
7 136.55350914760174 [0.29454427 0.30137864 0.29484946 0.2934343  0.29995556 0.30040412
 0.30291244 1.         0.29755382 0.30701935 0.30276275 1.        ]
8 530.9805761157953 [0.29366401 0.30155009 0.29421102 0.29297676 0.29872806 0.30051982
 0.302964   1.         0.29682518 0.30696044 0.30324387 1.        ]
9 124.74740480698874 [0.29322253 0.30189488 0.29346665 0.29185125 0.2975902  0.30097444
 0.3027793  1.         0.29630431 0.30685541 0.30337219 1.        ]
10 539.2458774859714 [0.29306659 0.30205266 0.29303211 0.29110738 0.29645076 0.3015145
 0.30271934 1.         0.29605914 0.30674395 0.30404193 1.        ]
11 112.62121378834902 [0.29258456 0.30226327 0.2924458  0.28997689 0.29556973 0.30178931
 0.30278031 1.         0.29602817 0.30661899 0.30431315 1.        ]
12 117.85885241136216 [0.29200413 0.30247403 0.29223862 0.28901428 0.2945411  0.30175166
 0.30289574 1.         0.29612463 0.30627383 0.30424297 1.        ]
13 112.61942993477228 [0.29164754 0.30240476 0.29203345 0.28824692 0.29329525 0.30176757
 0.30317173 1.         0.2960833  0.30562231 0.30443764 1.        ]
14 119.76444471452527 [0.29139734 0.30243077 0.29200804 0.28752505 0.29206497 0.30196232
 0.30350044 1.         0.29605607 0.30532917 0.30456308 1.        ]
15 100.00888681398787 [0.29096966 0.30256715 0.29169038 0.28690278 0.29107379 0.30204536
 0.30382767 1.         0.29580988 0.30511748 0.3048313  1.        ]
16 127.81045882995834 [0.29044309 0.30252501 0.29111466 0.28646181 0.29014137 0.30211018
 0.30417489 1.         0.29603363 0.30483689 0.30520711 1.        ]
17 112.96999113182525 [0.28981951 0.30262724 0.290714   0.28608175 0.28901814 0.30209911
 0.30477379 1.         0.29618821 0.30481959 0.30558761 1.        ]
18 521.3242764721831 [0.28937359 0.30256546 0.2899391  0.28581248 0.28768696 0.30224426
 0.3051578  1.         0.29620807 0.30500609 0.30594629 1.        ]
19 102.33234119852159 [0.28896395 0.30234552 0.28900192 0.28535502 0.28674967 0.30234051
 0.30554468 1.         0.29602267 0.30492837 0.3061344  1.        ]
20 95.14912073174727 [0.2885781  0.30205892 0.28793107 0.28496569 0.28587476 0.30202819
 0.30601065 1.         0.2959577  0.3050159  0.30651812 1.        ]
21 940.3926207842574 [0.28829811 0.30177452 0.28706444 0.2842784  0.28520153 0.30152069
 0.30669145 1.         0.29585773 0.30511959 0.30715906 1.        ]
22 107.45707039380139 [0.28786716 0.30158434 0.28594865 0.28349049 0.28456891 0.30098435
 0.30717467 1.         0.2960477  0.30505311 0.30774767 1.        ]
23 104.02662942177604 [0.28738539 0.30160401 0.28505184 0.28250137 0.28406376 0.30024713
 0.30758684 1.         0.29590843 0.30518981 0.30809862 1.        ]
24 1810.5066135853363 [0.28683665 0.3012302  0.28433061 0.28159522 0.28369718 0.29982296
 0.30780545 1.         0.2958242  0.30531985 0.30816039 1.        ]
25 1777.3449398008652 [0.28645196 0.30113971 0.28347722 0.28074832 0.2834786  0.29932199
 0.30769548 1.         0.2957898  0.30521023 0.30833057 1.        ]
26 1356.690044260778 [0.28604559 0.30093862 0.28292921 0.28007247 0.2833642  0.29887278
 0.30748062 1.         0.29586742 0.30537445 0.30814074 1.        ]
27 935.4826820368778 [0.28612823 0.30002089 0.2824096  0.27904895 0.28279682 0.29833888
 0.30771351 1.         0.29604955 0.3055875  0.30799429 1.        ]
28 537.7440724622778 [0.28598627 0.29920317 0.28190287 0.2775386  0.28241556 0.29761065
 0.30804668 1.         0.29609491 0.30607755 0.30715539 1.        ]
29 938.8806507490148 [0.2856685  0.29831159 0.28131047 0.27593181 0.2820485  0.2969135
 0.30846453 1.         0.29595472 0.30622202 0.30651189 1.        ]
30 116.83536000510475 [0.28548872 0.29742494 0.28040828 0.27444943 0.28185167 0.29657224
 0.3091291  1.         0.29607191 0.30620639 0.30596781 1.        ]
31 527.2630482066436 [0.2851758  0.29682196 0.27966319 0.2731561  0.28118603 0.29581936
 0.30999096 1.         0.29638188 0.30601814 0.30543439 1.        ]
32 102.28089260651578 [0.28497359 0.29632426 0.27884128 0.272071   0.28062554 0.29494927
 0.310639   1.         0.29672053 0.30594586 0.30516032 1.        ]
33 89.34076736324417 [0.28486521 0.29590323 0.27827696 0.27095954 0.28007855 0.29391591
 0.31088663 1.         0.29706785 0.30556183 0.30468014 1.        ]
34 505.9247515414356 [0.28501182 0.29534123 0.27744017 0.27003912 0.27962786 0.29280768
 0.31115768 1.         0.29752376 0.30498673 0.30467647 1.        ]
35 81.78777529306271 [0.28507638 0.29489259 0.27640028 0.2692316  0.27932415 0.29195758
 0.31145563 1.         0.29799121 0.30457928 0.30465739 1.        ]
36 1342.2776963855915 [0.28517335 0.29448492 0.27521393 0.26856028 0.27886074 0.29134537
 0.3115383  1.         0.29822931 0.30452456 0.30461144 1.        ]
37 1336.862309300502 [0.28527922 0.29410567 0.27423845 0.26793891 0.27843615 0.29074623
 0.31176471 1.         0.29849257 0.30444069 0.30439548 1.        ]
38 910.1400311187546 [0.28528689 0.29370918 0.27341924 0.26711515 0.27810791 0.29010842
 0.31227521 1.         0.29869838 0.30431395 0.3040281  1.        ]
39 81.8267363822377 [0.28526477 0.29363067 0.27304328 0.26663761 0.27768623 0.28944267
 0.31291258 1.         0.29904831 0.30422503 0.30352854 1.        ]
40 76.63061424820616 [0.2850473  0.2933252  0.27245806 0.26613224 0.27711771 0.28864958
 0.31363024 1.         0.29941323 0.30412602 0.30313869 1.        ]
41 1756.1898207248348 [0.28477797 0.29288077 0.27196094 0.26559877 0.27669648 0.28822694
 0.31484461 1.         0.29990047 0.30386638 0.30296289 1.        ]
42 917.3731688614182 [0.28423673 0.29249628 0.27153525 0.26522337 0.27627414 0.28781971
 0.31615814 1.         0.3004418  0.30368657 0.30277692 1.        ]
43 2189.3853721995615 [0.28388217 0.29208705 0.27114561 0.26513424 0.27569137 0.2871018
 0.31775906 1.         0.30113292 0.30349332 0.30275942 1.        ]
44 484.91100273788334 [0.28361073 0.29151928 0.27071793 0.26490744 0.2754024  0.28651618
 0.31905111 1.         0.30171978 0.303455   0.30282203 1.        ]
45 1365.0921942139905 [0.2833036  0.2907684  0.26998432 0.26455395 0.27518197 0.28624795
 0.3198924  1.         0.3022332  0.30338599 0.30307476 1.        ]
46 919.6558974876965 [0.28308381 0.29024936 0.26917417 0.26421541 0.27474439 0.28607198
 0.32066707 1.         0.30285584 0.30318612 0.30334472 1.        ]
47 1335.8057681979308 [0.28286923 0.28987985 0.26831038 0.26374889 0.27433149 0.28581116
 0.32152876 1.         0.30351374 0.30308468 0.30332128 1.        ]
48 912.9159819726956 [0.28290157 0.28966554 0.26742105 0.26339345 0.27402585 0.28566179
 0.32211836 1.         0.30397237 0.30321809 0.30325531 1.        ]
49 64.03352512172509 [0.2828611  0.28938578 0.26655355 0.26323129 0.2738471  0.28532772
 0.32249467 1.         0.30490005 0.30332772 0.30335593 1.        ]
50 904.9133418450053 [0.28274552 0.28928773 0.26542486 0.26277429 0.27377534 0.28526811
 0.32274262 1.         0.30590141 0.30344891 0.30331033 1.        ]
51 67.27615223973116 [0.28250692 0.28899099 0.2643321  0.26227648 0.27334853 0.28527234
 0.32270727 1.         0.30656071 0.30348898 0.30317706 1.        ]
52 79.85593907271236 [0.28206877 0.2889148  0.2634524  0.26183346 0.27273749 0.28523441
 0.3225071  1.         0.30701422 0.30345624 0.30305791 1.        ]
53 64.24828861168946 [0.28152775 0.28859895 0.2625336  0.2612095  0.27208647 0.28483934
 0.32228079 1.         0.30735301 0.30340166 0.30340165 1.        ]
54 1327.9116071372046 [0.28099443 0.28855616 0.26175877 0.26059235 0.27149954 0.28433117
 0.32212357 1.         0.30768132 0.30341447 0.30371806 1.        ]
55 478.2790376931512 [0.28029558 0.2887244  0.26090783 0.26006717 0.27107592 0.28376534
 0.3219194  1.         0.307794   0.30340812 0.30450966 1.        ]
56 65.8485617491354 [0.27959538 0.28873793 0.25986414 0.25950245 0.27064107 0.28323099
 0.32162777 1.         0.30796174 0.30371808 0.30532777 1.        ]
57 478.52522808052765 [0.27897413 0.28887556 0.25882254 0.25899129 0.27030963 0.28290672
 0.32129287 1.         0.30809605 0.30404527 0.30588108 1.        ]
58 1337.1440919956415 [0.27849348 0.28905641 0.2579516  0.25854445 0.27025177 0.28246507
 0.32090064 1.         0.30845962 0.30429463 0.3065212  1.        ]
59 493.3464167319196 [0.27801551 0.28915772 0.2572261  0.25816852 0.26999818 0.28230776
 0.32014748 1.         0.30877299 0.30464335 0.30678434 1.        ]
60 78.27231421467229 [0.27721445 0.28936368 0.25617939 0.25783235 0.26968703 0.28202916
 0.31916414 1.         0.30911593 0.30490855 0.30710098 1.        ]
61 908.2321836576698 [0.27663391 0.28972526 0.25535345 0.25768333 0.26943484 0.28183469
 0.3181266  1.         0.3092305  0.30511245 0.3071884  1.        ]
62 483.7313120958479 [0.27590403 0.28995872 0.25447929 0.25733953 0.26907437 0.28164579
 0.31737027 1.         0.30905399 0.30524245 0.30732884 1.        ]
63 904.8882080621852 [0.27532845 0.29023437 0.25364626 0.25700928 0.26832308 0.281479
 0.31680448 1.         0.30854807 0.30515793 0.30753262 1.        ]
64 59.437451628158556 [0.27500399 0.2906901  0.25257482 0.25683253 0.26764455 0.28142883
 0.31621347 1.         0.30782797 0.30493423 0.30773973 1.        ]
65 60.46333048849674 [0.27468361 0.29116757 0.25166624 0.25658469 0.26682671 0.28132215
 0.31582128 1.         0.30671645 0.30477949 0.30788482 1.        ]
66 60.827882321734705 [0.27412603 0.29163691 0.25052819 0.25625148 0.26608268 0.28136672
 0.31524832 1.         0.30565624 0.3047259  0.30795487 1.        ]
67 53.160690611220886 [0.27348188 0.29213577 0.24941767 0.25592399 0.26558937 0.28138579
 0.3147974  1.         0.30455284 0.30456064 0.30818453 1.        ]
68 892.3186160778318 [0.2729021  0.29246529 0.24827617 0.25539679 0.26500895 0.2809802
 0.31451121 1.         0.30392228 0.3042572  0.30870704 1.        ]
69 49.62347988388179 [0.27229452 0.29263473 0.24706668 0.25504464 0.2641369  0.28078123
 0.31376755 1.         0.30329986 0.3038924  0.30897944 1.        ]
70 39.342851455302636 [0.27172861 0.29293587 0.24588777 0.25475146 0.26338137 0.28069927
 0.31309926 1.         0.30302929 0.3035697  0.30929594 1.        ]
71 46.14223479402405 [0.27104255 0.29285403 0.24442894 0.25448584 0.26260765 0.28094854
 0.31295897 1.         0.3027624  0.30345207 0.30951579 1.        ]
72 43.40428145697488 [0.27026086 0.29277503 0.24298571 0.25447278 0.26212602 0.28064935
 0.31278278 1.         0.30251819 0.30348064 0.30984774 1.        ]
73 38.749957805772205 [0.26947339 0.29291903 0.24164225 0.2543921  0.26171388 0.28034104
 0.31278958 1.         0.30227881 0.30327253 0.31002621 1.        ]
74 475.66389923644243 [0.26878687 0.29316741 0.24052489 0.25448176 0.26120626 0.27986457
 0.31264713 1.         0.30218513 0.30329456 0.31057108 1.        ]
75 34.30689674453029 [0.26850029 0.29328052 0.2394945  0.2541179  0.2609143  0.27960909
 0.31257107 1.         0.30267797 0.30310647 0.31121834 1.        ]
76 884.3291138451069 [0.2682849  0.29356922 0.23874257 0.25362051 0.2602809  0.27913433
 0.31269875 1.         0.3027866  0.30282347 0.31227639 1.        ]
77 31.907280326965527 [0.26834974 0.29373868 0.23799608 0.25320622 0.25969685 0.27839877
 0.31288551 1.         0.30282119 0.30264588 0.31331433 1.        ]
78 30.908944337775203 [0.26836281 0.29362285 0.23758684 0.2529611  0.25889205 0.27780769
 0.31332626 1.         0.30313111 0.30216293 0.3141342  1.        ]
79 456.8345687712094 [0.2682038  0.29328651 0.23734029 0.25278695 0.2582726  0.27719469
 0.31343476 1.         0.30346561 0.30154967 0.31492792 1.        ]
80 36.672596193437684 [0.26837813 0.29294417 0.23687455 0.25261161 0.25734088 0.27683371
 0.31380768 1.         0.3039834  0.30113414 0.31601936 1.        ]
81 43.93316038978466 [0.26869883 0.29282569 0.23651721 0.25217903 0.25656017 0.27643341
 0.31413417 1.         0.30467244 0.30081709 0.31720656 1.        ]
82 36.25709457850242 [0.26894663 0.29281592 0.23626952 0.25205498 0.25565794 0.2758909
 0.31425637 1.         0.30505805 0.30027181 0.31864285 1.        ]
83 35.60460769402948 [0.2688996  0.29259485 0.23597879 0.25173979 0.25468556 0.27548524
 0.31476971 1.         0.30509043 0.29992777 0.3197626  1.        ]
84 449.73552079116524 [0.2687063  0.29270307 0.2356313  0.25152894 0.25399779 0.27491032
 0.31535453 1.         0.30493448 0.29967482 0.3207216  1.        ]
85 39.16305464064423 [0.26850394 0.29270088 0.23516943 0.25138644 0.25325872 0.27448468
 0.31589638 1.         0.30470779 0.29959235 0.32163311 1.        ]
86 26.844478867652082 [0.26813755 0.29243636 0.23467105 0.25110822 0.25260031 0.27428921
 0.31661495 1.         0.30429714 0.29947875 0.32191819 1.        ]
87 26.970043176951528 [0.26792331 0.29230243 0.23419656 0.25074333 0.25194221 0.27410267
 0.31738975 1.         0.30380745 0.29956045 0.32198474 1.        ]
88 51.48270537438371 [0.26783032 0.29217879 0.23397183 0.25028818 0.251328   0.27396947
 0.3182983  1.         0.30342914 0.29926883 0.32188308 1.        ]
89 29.73222850042391 [0.26777686 0.29213632 0.23399901 0.2498647  0.25091273 0.27401014
 0.31877791 1.         0.3028541  0.29923019 0.32172226 1.        ]
90 28.641614092826813 [0.26786156 0.29250048 0.2338501  0.24952017 0.25005403 0.27428189
 0.31911413 1.         0.30224402 0.29912491 0.3215019  1.        ]
91 25.33578773956982 [0.26792985 0.29255849 0.23404424 0.24905825 0.24891946 0.27491239
 0.3197575  1.         0.30133587 0.29850574 0.32189986 1.        ]
92 30.420185333434592 [0.26789336 0.2921276  0.23421038 0.24858886 0.24758561 0.2755522
 0.32067157 1.         0.30045092 0.29820291 0.3222091  1.        ]
93 448.93744182086886 [0.26777575 0.29180549 0.23420982 0.24805612 0.24614556 0.27614587
 0.32089633 1.         0.29992527 0.29793229 0.3226204  1.        ]
94 48.123419877891166 [0.26760523 0.29153543 0.23443647 0.24775146 0.24488714 0.27639278
 0.32083749 1.         0.29947643 0.29741935 0.32282862 1.        ]
95 450.68983078446576 [0.26746537 0.29116194 0.23472562 0.24744131 0.24368574 0.27667963
 0.32073354 1.         0.29913969 0.29686504 0.32293136 1.        ]
96 28.447518984275224 [0.2667879  0.29099049 0.23506077 0.24706044 0.24243536 0.27687725
 0.32083737 1.         0.29864764 0.29652635 0.32302292 1.        ]
97 25.492645105706238 [0.26604446 0.29082667 0.23538891 0.24655383 0.2411686  0.27719376
 0.32096452 1.         0.29821819 0.29584812 0.323216   1.        ]
98 27.039837385072882 [0.2652529  0.29048446 0.23556179 0.24588394 0.24000217 0.27734729
 0.32109601 1.         0.29785617 0.29505708 0.32384608 1.        ]
99 29.29700928662391 [0.26457941 0.29051192 0.23556024 0.24540451 0.23898693 0.27742691
 0.3214576  1.         0.29758575 0.29428674 0.32408241 1.        ]
100 23.620341011675503 [0.26399187 0.29063271 0.23556556 0.24505229 0.23803749 0.27743891
 0.32167167 1.         0.29725168 0.2935145  0.32420501 1.        ]
101 26.789718828246773 [0.26354571 0.29075839 0.23551642 0.24456541 0.23705093 0.27732698
 0.32159905 1.         0.29713298 0.29283135 0.32425019 1.        ]
102 22.644801620713668 [0.26320409 0.29090817 0.23546089 0.24415582 0.23606234 0.27715417
 0.32178191 1.         0.29700796 0.29204382 0.32437097 1.        ]
103 22.91980220377063 [0.26284084 0.29109198 0.23543585 0.2439234  0.23499243 0.27688275
 0.32205141 1.         0.29701758 0.29110385 0.32451442 1.        ]
104 18.866714461275485 [0.26251897 0.29130546 0.23552796 0.24383998 0.23406577 0.2766853
 0.32228801 1.         0.29701307 0.29036712 0.32479914 1.        ]
105 28.305455803666106 [0.26210216 0.29206048 0.23576576 0.24365693 0.23315697 0.27653656
 0.32187641 1.         0.29730382 0.28980485 0.32476438 1.        ]
106 24.676935509923812 [0.26187797 0.29278317 0.2360648  0.24350945 0.23227634 0.27646474
 0.32151791 1.         0.29765859 0.28930846 0.32472192 1.        ]
107 23.577542568700338 [0.26135114 0.29368694 0.23630014 0.24365441 0.23149531 0.27630099
 0.32149949 1.         0.29785666 0.28872402 0.32472761 1.        ]
108 22.609491352156326 [0.26068266 0.29427838 0.23660062 0.24357976 0.23078477 0.27619188
 0.3216043  1.         0.29802103 0.28821884 0.32454689 1.        ]
109 445.1337530029663 [0.25982084 0.29489136 0.2367492  0.24360239 0.23010259 0.27627842
 0.32195036 1.         0.29834745 0.28774542 0.32452442 1.        ]
110 445.5473493955892 [0.25898671 0.29528567 0.23688017 0.24347414 0.22941515 0.27624129
 0.32249253 1.         0.29887967 0.28730905 0.32481757 1.        ]
111 18.879983663394874 [0.25807714 0.29561776 0.23693777 0.24327606 0.22855761 0.27623471
 0.32282158 1.         0.29933177 0.28706993 0.32488437 1.        ]
112 22.4008312908313 [0.2572641  0.29590221 0.2371628  0.24319187 0.22765966 0.27598801
 0.32327191 1.         0.29982408 0.28687026 0.32480799 1.        ]
113 21.4382081127771 [0.25640446 0.29578032 0.23749976 0.24312428 0.22663233 0.27586091
 0.32353094 1.         0.30050344 0.28646292 0.32433708 1.        ]
114 19.130250226854518 [0.25547563 0.29555748 0.23783471 0.24316671 0.22568796 0.27576005
 0.32377595 1.         0.30134974 0.28618459 0.32395304 1.        ]
115 20.763261481990348 [0.25461268 0.29474193 0.2382272  0.24324419 0.22473525 0.27568543
 0.32376424 1.         0.30198664 0.28584526 0.32344926 1.        ]
116 18.8420787502057 [0.25381628 0.29391211 0.23845741 0.24341085 0.22378596 0.27565203
 0.32349657 1.         0.30271424 0.28520111 0.32319725 1.        ]
117 19.398956419211775 [0.25289525 0.29314952 0.23856668 0.24343302 0.22287291 0.27574694
 0.32364102 1.         0.30329785 0.28448937 0.32310813 1.        ]
118 15.719535486190285 [0.2521154  0.29248619 0.23877197 0.24360167 0.22216122 0.27585348
 0.32383291 1.         0.30401734 0.28373935 0.32308342 1.        ]
119 17.010759716487343 [0.25130828 0.29161347 0.23925996 0.24364916 0.22154402 0.27589421
 0.32379457 1.         0.3046463  0.28304359 0.32277552 1.        ]
120 18.069967834342663 [0.25059761 0.29084363 0.23995301 0.24373398 0.22091589 0.2760022
 0.32373593 1.         0.30524291 0.28245684 0.32227971 1.        ]
121 22.055864752012873 [0.24992201 0.29024539 0.2403165  0.24381933 0.22037228 0.27576015
 0.32393787 1.         0.30587626 0.28173458 0.32225324 1.        ]
122 26.00236403677952 [0.24930189 0.28964099 0.24072016 0.24384206 0.21995778 0.27560042
 0.32404637 1.         0.30667195 0.28119652 0.32231335 1.        ]
123 20.835316607966483 [0.24884847 0.28897748 0.24127111 0.24359554 0.21933647 0.27533619
 0.32410095 1.         0.30694972 0.28075896 0.32247458 1.        ]
124 17.68354411749622 [0.24845983 0.28831829 0.24171019 0.24343982 0.21872889 0.2750409
 0.32367032 1.         0.30718577 0.28010253 0.32279519 1.        ]
125 18.608481158045848 [0.24815088 0.28769361 0.24207352 0.24332531 0.21817425 0.27474448
 0.32315648 1.         0.30711826 0.27986843 0.32308046 1.        ]
126 14.133983482081383 [0.24789051 0.28729891 0.24190215 0.24315898 0.21769259 0.27466634
 0.32300676 1.         0.30649934 0.27957538 0.32332445 1.        ]
127 17.449564672625826 [0.24756306 0.28684368 0.24193793 0.24293432 0.21720772 0.27456311
 0.3229465  1.         0.30595713 0.27935502 0.32358736 1.        ]
128 18.772632149042266 [0.24706639 0.28644936 0.24171777 0.24260968 0.21682276 0.27448846
 0.32253047 1.         0.30552686 0.27901734 0.32382708 1.        ]
129 14.897258876939384 [0.2465635  0.28590737 0.24150348 0.2423085  0.2165633  0.27442332
 0.32199664 1.         0.3052718  0.27878987 0.32398509 1.        ]
130 12.713798695395639 [0.24579946 0.28549701 0.2412764  0.24212796 0.21629904 0.27443519
 0.32159168 1.         0.30501007 0.27858069 0.32440931 1.        ]
131 14.286441928270445 [0.24475116 0.28515772 0.24125713 0.24203088 0.21603592 0.27433494
 0.32125567 1.         0.3045895  0.27829365 0.32504441 1.        ]
132 14.19716316884747 [0.24387268 0.28497799 0.2412376  0.24207406 0.21574662 0.27413409
 0.32059527 1.         0.30395339 0.27822801 0.32571451 1.        ]
133 14.70749215297703 [0.24322327 0.28469021 0.24127645 0.24197277 0.21508578 0.27366565
 0.31996059 1.         0.30321296 0.27828806 0.32654987 1.        ]
134 14.051516705545277 [0.24271451 0.28447787 0.24129102 0.24200205 0.21443242 0.2731094
 0.31925685 1.         0.30254932 0.27821815 0.32747961 1.        ]
135 12.101663259429177 [0.24210529 0.28451755 0.24128185 0.24197957 0.21379135 0.27238036
 0.3185667  1.         0.30202107 0.27815857 0.3284131  1.        ]
136 17.588479450153606 [0.24124034 0.28454777 0.24136949 0.24203686 0.21302041 0.27157651
 0.31774801 1.         0.30112443 0.27829583 0.32901683 1.        ]
137 15.386591783633818 [0.24030354 0.28444521 0.2412826  0.24211934 0.21237241 0.27089577
 0.31705557 1.         0.30055375 0.27837925 0.32948506 1.        ]
138 13.751267201161117 [0.23959289 0.28419591 0.24134117 0.24212995 0.21167751 0.27036936
 0.31648568 1.         0.30040017 0.27852355 0.32968895 1.        ]
139 438.60426760668514 [0.23879932 0.28376794 0.2414451  0.24226094 0.21090977 0.27011354
 0.31600976 1.         0.2999676  0.27876611 0.32955432 1.        ]
140 12.314703857783094 [0.23802054 0.28312679 0.24135851 0.24207927 0.21013136 0.26989984
 0.31543083 1.         0.29960978 0.27878903 0.32941993 1.        ]
141 17.887473960646552 [0.23713226 0.28249357 0.24137264 0.24197876 0.20931578 0.26956754
 0.31493055 1.         0.29912487 0.27884494 0.32901026 1.        ]
142 439.53658302240376 [0.2362598  0.2820122  0.24146557 0.24195019 0.20854404 0.2694263
 0.314446   1.         0.29867689 0.27890673 0.32860698 1.        ]
143 17.61708035871242 [0.23531799 0.28145195 0.24171569 0.2419744  0.2079096  0.26945743
 0.31402341 1.         0.29841231 0.27912827 0.32808622 1.        ]
144 13.613375900569128 [0.23454281 0.28062477 0.24202634 0.24214151 0.20720135 0.26918849
 0.31383731 1.         0.29829688 0.27928063 0.32741492 1.        ]
145 16.240836085345823 [0.23384494 0.28005198 0.24226204 0.24234292 0.20663356 0.26888643
 0.31361394 1.         0.2979816  0.27936292 0.32700765 1.        ]
146 11.711873602569597 [0.23301369 0.27958625 0.24246054 0.24261557 0.20603112 0.26857368
 0.31354674 1.         0.29788035 0.27927174 0.32686412 1.        ]
147 13.319890666769508 [0.23200543 0.27893713 0.24264415 0.24270664 0.20547941 0.26842307
 0.31378681 1.         0.29790606 0.27951501 0.32672087 1.        ]
148 14.428594793687777 [0.23110183 0.27859397 0.2426093  0.24255585 0.20497087 0.26834488
 0.31420432 1.         0.29807375 0.27997397 0.32685146 1.        ]
149 11.91747699996616 [0.23042692 0.27821712 0.2427432  0.2422794  0.20432895 0.26803443
 0.31457838 1.         0.29835524 0.28042628 0.32711747 1.        ]
150 12.087835385227502 [0.22978407 0.27797804 0.24293152 0.2419171  0.20369321 0.26792445
 0.3148531  1.         0.29810063 0.28093904 0.32723818 1.        ]
151 15.345914486756335 [0.22912392 0.27769799 0.24310129 0.24153425 0.20314831 0.26770487
 0.31512734 1.         0.29766066 0.2812074  0.32739148 1.        ]
152 18.67738993328097 [0.22836158 0.27766541 0.24281539 0.24109171 0.20278706 0.26738419
 0.31529866 1.         0.29747122 0.28165497 0.32727173 1.        ]
153 13.302162701376606 [0.2275717  0.27755936 0.24265178 0.2408699  0.20254548 0.26691639
 0.31518553 1.         0.29747994 0.28209037 0.3271058  1.        ]
154 14.76231742523811 [0.22682434 0.27751001 0.24254786 0.24062008 0.20221265 0.26663359
 0.3151733  1.         0.29761542 0.28268823 0.32690824 1.        ]
155 13.203034869094894 [0.22603131 0.2774435  0.24243592 0.24036674 0.20186088 0.26647084
 0.31532806 1.         0.29789317 0.28334703 0.32685364 1.        ]
156 12.374517050034852 [0.22518269 0.27733871 0.2423551  0.24024263 0.2015191  0.26641218
 0.31564422 1.         0.29819736 0.28396574 0.32673816 1.        ]
157 12.15314428401922 [0.22439525 0.27698655 0.24239299 0.24020605 0.20125013 0.26631588
 0.31596094 1.         0.29842822 0.28487106 0.32683896 1.        ]
158 15.118925420326253 [0.22381165 0.27670508 0.24209733 0.23992579 0.20100077 0.26630125
 0.31626619 1.         0.29861996 0.28571509 0.32675658 1.        ]
159 11.967252625223798 [0.22331422 0.27650055 0.24192264 0.23956095 0.20075978 0.26632448
 0.31660125 1.         0.29889104 0.28639557 0.32689779 1.        ]
160 15.376669659207447 [0.22278178 0.27639409 0.24183043 0.23910617 0.20047471 0.26635266
 0.31664327 1.         0.29925061 0.28711234 0.32697544 1.        ]
161 13.603763592542524 [0.22213094 0.27614938 0.24159621 0.23870609 0.20021124 0.26635978
 0.31683477 1.         0.29962438 0.28780048 0.32758878 1.        ]
162 15.46612648575573 [0.22139521 0.27603285 0.24188433 0.23834438 0.20002482 0.26610736
 0.31688412 1.         0.30008183 0.28830265 0.32802935 1.        ]
163 10.494162770506623 [0.22073636 0.2757297  0.24202267 0.23795985 0.19986555 0.26608211
 0.31693587 1.         0.30069955 0.2886733  0.32830101 1.        ]
164 9.33327120890075 [0.22003924 0.2754385  0.24246337 0.23769482 0.19966874 0.26617059
 0.31715471 1.         0.30145776 0.28887505 0.32903108 1.        ]
165 11.66618723561346 [0.21931888 0.27510267 0.24283812 0.23733403 0.19945388 0.26642979
 0.31718258 1.         0.30211762 0.28911529 0.32965585 1.        ]
166 13.25773272958438 [0.21836781 0.27462297 0.24312293 0.2369721  0.19914203 0.26662469
 0.31666917 1.         0.30286882 0.28950205 0.33032723 1.        ]
167 16.40630760341932 [0.21746269 0.27438229 0.24331287 0.23667093 0.1988933  0.26663463
 0.31629385 1.         0.30370224 0.28978976 0.3305176  1.        ]
168 9.57690193884318 [0.21672639 0.27419769 0.24352517 0.23632183 0.19867495 0.26682559
 0.31606706 1.         0.30464549 0.29014812 0.3309238  1.        ]
169 10.714750227014466 [0.21620325 0.27366479 0.24395384 0.23596381 0.19858308 0.26685929
 0.31589486 1.         0.30558405 0.29036841 0.33156059 1.        ]
170 15.692436071161334 [0.21567676 0.27330847 0.244303   0.23573139 0.1985257  0.2667199
 0.31580634 1.         0.30627594 0.29070673 0.33215449 1.        ]
171 11.848916981447648 [0.21505561 0.27294797 0.2443857  0.23507427 0.19837137 0.26670601
 0.31586423 1.         0.30707727 0.29092869 0.33224057 1.        ]
172 14.734091910238455 [0.21449451 0.2722035  0.24438061 0.2344712  0.19811892 0.26649606
 0.31595941 1.         0.30788371 0.29110776 0.33172603 1.        ]
173 12.607506809946273 [0.21404755 0.27157612 0.24447579 0.23391264 0.1979084  0.26620037
 0.31601265 1.         0.30882095 0.2913564  0.33130654 1.        ]
174 14.08356888630584 [0.21387224 0.27109317 0.24436416 0.23343246 0.19766643 0.26595479
 0.31594438 1.         0.30970392 0.29139181 0.33086587 1.        ]
175 13.244473118940746 [0.21387075 0.27076633 0.2438548  0.23329958 0.19763087 0.26589551
 0.31575599 1.         0.31042786 0.29137553 0.33043173 1.        ]
176 14.465368801837466 [0.21380115 0.27045031 0.24349317 0.23312511 0.19757613 0.26584752
 0.31553752 1.         0.31100476 0.29127949 0.33023409 1.        ]
177 11.764362000246056 [0.21381774 0.27030425 0.24319118 0.2328662  0.19761355 0.26573471
 0.31531484 1.         0.31143715 0.29113341 0.33038258 1.        ]
178 11.61948780106366 [0.2139439  0.27048333 0.24292129 0.23250369 0.19754851 0.26562816
 0.31524967 1.         0.31194069 0.29131823 0.3305869  1.        ]
179 12.024276545695859 [0.21415888 0.27083968 0.2426461  0.23224945 0.19750431 0.26564018
 0.31556123 1.         0.31265014 0.29132162 0.33033791 1.        ]
180 11.480769279854385 [0.21423018 0.27122038 0.24224889 0.23206249 0.19748601 0.26574758
 0.31581033 1.         0.31301738 0.29121696 0.32982851 1.        ]
181 11.799555397436958 [0.21419822 0.27147443 0.24188147 0.23187892 0.19761767 0.26588916
 0.31624132 1.         0.31321589 0.29121082 0.32946954 1.        ]
182 437.4975364951155 [0.2142058  0.2718218  0.2414498  0.23181227 0.19771931 0.26595669
 0.31676314 1.         0.31331038 0.29127819 0.32904737 1.        ]
183 13.225292355116508 [0.21406254 0.27206279 0.24094158 0.23188963 0.19773853 0.26582966
 0.31719065 1.         0.31358141 0.29180255 0.32879962 1.        ]
184 15.492730632075247 [0.21385524 0.27224833 0.24038093 0.23197726 0.19785517 0.26550781
 0.31754646 1.         0.31388069 0.29242274 0.32828463 1.        ]
185 11.167586017245048 [0.21365668 0.27284249 0.23969071 0.23186144 0.19789473 0.26527807
 0.31787702 1.         0.31407352 0.2931066  0.32785136 1.        ]
186 11.894629075175441 [0.21343119 0.27344218 0.23894098 0.23152908 0.19781164 0.26514401
 0.31819425 1.         0.31412855 0.29370337 0.32771085 1.        ]
187 12.021959423645965 [0.21331152 0.27392388 0.23800308 0.23131125 0.19771829 0.26521615
 0.31861245 1.         0.31415613 0.29401871 0.32745748 1.        ]
188 11.4627619295944 [0.21310314 0.27451799 0.23695905 0.2309517  0.19763864 0.26512487
 0.31902607 1.         0.31423106 0.29402502 0.32722007 1.        ]
189 13.336052334639431 [0.21276798 0.27491665 0.23595023 0.23067075 0.19768159 0.26479315
 0.31941663 1.         0.31399821 0.29383203 0.32734224 1.        ]
190 10.98289610646159 [0.21241961 0.2752069  0.23513019 0.23043145 0.19755041 0.26450462
 0.32018045 1.         0.31375506 0.29378345 0.32736245 1.        ]
191 13.17118344799478 [0.21196941 0.27556348 0.2342353  0.23014809 0.19743099 0.26448224
 0.32101132 1.         0.31342593 0.29375122 0.327452   1.        ]
192 13.929798588042058 [0.21161546 0.27595764 0.23350868 0.23000352 0.1973067  0.26453817
 0.3217505  1.         0.31311558 0.29380805 0.32759784 1.        ]
193 9.886915836583242 [0.21144063 0.27610908 0.23280494 0.22987376 0.19718068 0.26474554
 0.32232292 1.         0.31304238 0.29375425 0.32777158 1.        ]
194 11.424931426488936 [0.21120449 0.27639548 0.23222715 0.22953329 0.19706128 0.26463038
 0.32276159 1.         0.31291541 0.2937499  0.3280852  1.        ]
195 13.515323241412581 [0.21098788 0.27640992 0.2314904  0.22927468 0.19691241 0.26450075
 0.3232467  1.         0.31272355 0.29364136 0.32841657 1.        ]
196 9.294357807017935 [0.21067227 0.27637546 0.23052902 0.22900569 0.196806   0.26444268
 0.32374536 1.         0.31251675 0.29355504 0.3287141  1.        ]
197 13.392116020958085 [0.21036052 0.27595119 0.22939936 0.22866433 0.19658499 0.2641827
 0.32425641 1.         0.31219923 0.29331805 0.32891726 1.        ]
198 11.541982244314921 [0.21009419 0.27547217 0.22852751 0.22823562 0.19640405 0.26375618
 0.32473548 1.         0.31166227 0.29314059 0.32900041 1.        ]
199 11.250869969930847 [0.2098673  0.27496442 0.22746638 0.22787538 0.19615757 0.26367128
 0.32510603 1.         0.31117008 0.2929415  0.32899455 1.        ]
200 432.5808689901186 [0.2096092  0.27450376 0.22655376 0.22759188 0.19583612 0.26364481
 0.32587375 1.         0.31059964 0.29275861 0.32906738 1.        ]
201 438.8552022425975 [0.20937121 0.27400539 0.22571846 0.22716008 0.19545663 0.26357102
 0.32685054 1.         0.30962998 0.29243909 0.32907954 1.        ]
202 11.62477539142888 [0.20903116 0.27341027 0.22509878 0.22679501 0.19507394 0.26356313
 0.32798691 1.         0.30896463 0.29223255 0.32889977 1.        ]
203 9.956823141251643 [0.20860281 0.27306573 0.22477255 0.22641531 0.19460614 0.2634892
 0.32904146 1.         0.3086054  0.29214334 0.32858668 1.        ]
204 11.519984977784013 [0.2082809  0.2727503  0.22439358 0.22605363 0.19412127 0.26336289
 0.32990482 1.         0.30831939 0.29192994 0.32831409 1.        ]
205 12.92509150647483 [0.20798868 0.27232182 0.22381326 0.22583653 0.19373195 0.26323384
 0.33068651 1.         0.30803207 0.2917649  0.32802348 1.        ]
206 9.911660826342214 [0.20770131 0.27182706 0.22341595 0.22555762 0.19331022 0.26310308
 0.33148997 1.         0.30754716 0.29180637 0.32766014 1.        ]
207 12.397212920918594 [0.20750074 0.27137484 0.22305581 0.22529527 0.19272594 0.263131
 0.33213094 1.         0.30726316 0.29195562 0.32726292 1.        ]
208 9.628050826723214 [0.20720291 0.27108217 0.22258634 0.22502609 0.19223628 0.26311492
 0.33271406 1.         0.3070483  0.29193061 0.32700499 1.        ]
209 10.332644741316237 [0.20680886 0.27051712 0.2221476  0.22466652 0.19182894 0.26315662
 0.3328807  1.         0.30678234 0.29187735 0.32678561 1.        ]
210 10.697267827663623 [0.20640015 0.26984675 0.22151288 0.22438911 0.19127027 0.26292882
 0.33262483 1.         0.30658979 0.2919316  0.32630479 1.        ]
211 10.416332817898518 [0.20603396 0.2694973  0.2208891  0.22405943 0.19066378 0.26297134
 0.3324218  1.         0.30625961 0.29202104 0.32582325 1.        ]
212 10.567190693208419 [0.20578243 0.26909616 0.2204086  0.2236225  0.18998423 0.26294714
 0.33223622 1.         0.30626882 0.29215901 0.32541986 1.        ]
213 11.004467999185945 [0.20561521 0.2687025  0.21983215 0.22305757 0.18928914 0.26292738
 0.33227825 1.         0.30651668 0.29212262 0.32540288 1.        ]
214 10.346523971442839 [0.20542767 0.26835711 0.21933442 0.2224752  0.18859367 0.26273203
 0.33242621 1.         0.30701858 0.29198923 0.32541604 1.        ]
215 8.999356949185813 [0.20522724 0.26808689 0.21873752 0.22214535 0.1879662  0.26238724
 0.33254826 1.         0.30790436 0.29180599 0.32536127 1.        ]
216 11.871554438679038 [0.20510168 0.26778904 0.2180387  0.22188663 0.1873776  0.26211151
 0.33268492 1.         0.30854277 0.2919861  0.32538924 1.        ]
217 11.714745799912752 [0.20498277 0.26759083 0.21736952 0.22171123 0.18686251 0.26185648
 0.33259403 1.         0.30915836 0.29220988 0.32545211 1.        ]
218 7.437137890085689 [0.20491123 0.26740271 0.21659433 0.22154024 0.18637095 0.26155081
 0.3324188  1.         0.30990626 0.29240559 0.32545305 1.        ]
219 11.4434521810058 [0.20503438 0.26740613 0.21571937 0.22143513 0.18582794 0.26155524
 0.33214287 1.         0.31080057 0.29188387 0.32561371 1.        ]
220 10.348769627159218 [0.20512588 0.26723768 0.21478947 0.22103108 0.18528614 0.26171678
 0.33129212 1.         0.31177769 0.29125134 0.32616064 1.        ]
221 447.1876249918927 [0.20515814 0.26709674 0.21404994 0.22068333 0.18480805 0.26204304
 0.33041264 1.         0.31272846 0.29087217 0.32632153 1.        ]
222 10.340234736355228 [0.20513053 0.26718168 0.21328995 0.2201907  0.18435519 0.26243072
 0.32967046 1.         0.31365322 0.29037624 0.3265097  1.        ]
223 8.900110558133203 [0.20512041 0.26703467 0.21237524 0.21983473 0.18388434 0.26274451
 0.32907827 1.         0.31448606 0.28957518 0.32658115 1.        ]
224 9.462348192025132 [0.20496109 0.26703735 0.21154894 0.219653   0.18345063 0.26324536
 0.32855613 1.         0.31505635 0.28885469 0.32623624 1.        ]
225 11.20355622045954 [0.20485345 0.26707159 0.21085783 0.21963335 0.18300518 0.26363786
 0.3283427  1.         0.31558517 0.28831898 0.32565775 1.        ]
226 10.700247873323011 [0.20486713 0.26700549 0.21018348 0.21961651 0.18255881 0.2638689
 0.3279026  1.         0.31607913 0.28782188 0.32519297 1.        ]
227 11.693474314501902 [0.20484635 0.26686893 0.20965096 0.21956101 0.18206602 0.2641273
 0.32743494 1.         0.3164979  0.28748028 0.32486658 1.        ]
228 7.973764616970691 [0.2049578  0.26687586 0.2090152  0.21934396 0.18155951 0.2642874
 0.3272099  1.         0.31715279 0.28710433 0.32441653 1.        ]
229 9.043361629059191 [0.20502994 0.26698926 0.20841343 0.21893195 0.18116863 0.26440359
 0.32698915 1.         0.3177188  0.28652842 0.32390994 1.        ]
230 8.204536732245781 [0.20520315 0.26707582 0.2078557  0.2186656  0.18077915 0.2646626
 0.32729609 1.         0.31819429 0.28628445 0.32333194 1.        ]
231 9.31626435814746 [0.20529287 0.26721391 0.20730994 0.21840581 0.1802313  0.26479037
 0.32765638 1.         0.31874443 0.28607606 0.32306506 1.        ]
232 10.223275230197382 [0.20534334 0.26754826 0.20675699 0.21792595 0.1797154  0.26493343
 0.3280766  1.         0.31975057 0.28614125 0.32287296 1.        ]
233 13.101531869799995 [0.20525264 0.26770016 0.20621726 0.21756502 0.17924934 0.26515033
 0.3284292  1.         0.32077196 0.28642552 0.32278645 1.        ]
234 9.426740533538304 [0.20530437 0.26777926 0.20555772 0.21730402 0.1789147  0.265216
 0.32873767 1.         0.3218079  0.28648367 0.32241623 1.        ]
235 9.316023670150122 [0.20537069 0.26760961 0.20498705 0.21689724 0.17842001 0.2652291
 0.32921002 1.         0.32296486 0.28658481 0.32228941 1.        ]
236 8.554322027196593 [0.20542947 0.26735948 0.20438869 0.21648045 0.17797427 0.2652554
 0.32986455 1.         0.3236673  0.28659126 0.32191327 1.        ]
237 8.901841539257859 [0.20539731 0.26691452 0.20356941 0.21633625 0.17750649 0.26549952
 0.33023438 1.         0.3244419  0.28655291 0.32141026 1.        ]
238 9.753005330601368 [0.20544668 0.26665687 0.20285919 0.2161369  0.17697654 0.2657346
 0.33061241 1.         0.32514398 0.28677571 0.32069405 1.        ]
239 10.185042311068763 [0.20560093 0.26649497 0.20216157 0.21583471 0.17653289 0.26589425
 0.33099513 1.         0.32585435 0.2872073  0.32023128 1.        ]
240 10.695882339928307 [0.205755   0.26652978 0.20127489 0.21551257 0.17605889 0.26604193
 0.33122246 1.         0.32647777 0.28756084 0.32005709 1.        ]
241 8.694618350882301 [0.20578829 0.26642156 0.20040579 0.21513736 0.17562739 0.26616666
 0.33145865 1.         0.32733779 0.28792892 0.32003489 1.        ]
242 12.112062172860423 [0.20570822 0.26624239 0.19962545 0.21478087 0.17531945 0.26578521
 0.33166406 1.         0.32827425 0.2882933  0.3200907  1.        ]
243 10.711936470934933 [0.20564264 0.26616708 0.19888583 0.21433266 0.17507924 0.26556956
 0.33161191 1.         0.32917051 0.28858441 0.32031275 1.        ]
244 9.348632914761126 [0.20556223 0.26611341 0.19815152 0.2139108  0.17482044 0.26544086
 0.33145675 1.         0.33005097 0.28898385 0.32036835 1.        ]
245 8.551565596952567 [0.20551551 0.26601322 0.19730915 0.21340396 0.17469103 0.26527271
 0.33128764 1.         0.3309228  0.28928035 0.32026139 1.        ]
246 9.743673093796996 [0.20554816 0.26587506 0.19642343 0.21305398 0.17464484 0.26503541
 0.33077952 1.         0.33177249 0.28974389 0.31994742 1.        ]
247 7.514903071308805 [0.20564699 0.26562885 0.19580566 0.21280933 0.17463714 0.26483503
 0.33089646 1.         0.33268235 0.29018265 0.31958719 1.        ]
248 9.175366320907619 [0.20567361 0.26531341 0.19516431 0.2125044  0.17455172 0.26474504
 0.33107842 1.         0.33343012 0.29047759 0.31935691 1.        ]
249 9.10914886459236 [0.20573066 0.26463111 0.19462429 0.21215734 0.1743145  0.26455975
 0.33124593 1.         0.3342125  0.29057432 0.31921471 1.        ]
250 8.882885046111832 [0.20591893 0.26404507 0.19403622 0.21181189 0.17404941 0.26408557
 0.33168486 1.         0.33464784 0.29063428 0.31910539 1.        ]
251 8.088107623001987 [0.20614644 0.26355579 0.19346804 0.21163455 0.17386424 0.26348903
 0.33198132 1.         0.33525571 0.29069996 0.31914104 1.        ]
252 7.764777537707034 [0.2063885  0.26329344 0.19308262 0.21124665 0.17368246 0.2627418
 0.33245285 1.         0.33581703 0.29065124 0.31935396 1.        ]
253 7.921919910180902 [0.20656679 0.26308878 0.19272332 0.21074209 0.17352787 0.26201905
 0.3328144  1.         0.33607653 0.2903656  0.31942459 1.        ]
254 8.047509952536624 [0.20683002 0.2627798  0.19239331 0.21025935 0.17339948 0.26138994
 0.33310843 1.         0.33635929 0.29033155 0.31951377 1.        ]
255 8.070574251954689 [0.20700447 0.26263358 0.19211359 0.2097209  0.17319041 0.26100572
 0.3335228  1.         0.33635206 0.29028265 0.31970808 1.        ]
256 6.962498473414641 [0.20727094 0.26236076 0.19188107 0.20923744 0.17302702 0.2606563
 0.33396212 1.         0.33610234 0.2901836  0.32021148 1.        ]
257 6.704055131775103 [0.20752038 0.2622432  0.19165195 0.20849804 0.17300876 0.26045428
 0.33424434 1.         0.33605686 0.28999305 0.32075147 1.        ]
258 9.967923302544396 [0.20780398 0.26210082 0.19151516 0.20769898 0.17302951 0.26018284
 0.33456509 1.         0.33588925 0.28983999 0.32115686 1.        ]
259 7.869183202322227 [0.20807648 0.26208893 0.19137589 0.20704904 0.17294907 0.25973276
 0.33495541 1.         0.33569771 0.28944391 0.32153356 1.        ]
260 6.868100576176149 [0.20828934 0.26225567 0.19125202 0.20649459 0.17277607 0.25942704
 0.33555749 1.         0.33549235 0.28939645 0.3222495  1.        ]
261 6.882973054983059 [0.20849733 0.26229087 0.19121111 0.20594983 0.17257947 0.2589735
 0.3359821  1.         0.33537654 0.28929946 0.32285412 1.        ]
262 7.102318977369724 [0.20873965 0.26235746 0.19102083 0.20554372 0.17231596 0.25865774
 0.33637156 1.         0.33561845 0.28932558 0.32364918 1.        ]
263 5.436923552517087 [0.2089433  0.26245453 0.19078762 0.20499534 0.17208199 0.25845455
 0.33661378 1.         0.33604934 0.28909817 0.32485076 1.        ]
264 8.767998446806747 [0.20903888 0.26289301 0.19049887 0.20450388 0.17182669 0.25838876
 0.3368354  1.         0.33583931 0.28894446 0.32585175 1.        ]
265 6.023902802820917 [0.20891987 0.26338296 0.19040136 0.20390159 0.17161927 0.25856249
 0.33680613 1.         0.33616442 0.28876195 0.32660295 1.        ]
266 7.2708082732028885 [0.20887476 0.26391564 0.19025991 0.20322154 0.17145162 0.25883371
 0.33668999 1.         0.33675119 0.28865002 0.32720838 1.        ]
267 8.783155533826784 [0.2089449  0.26441102 0.19008485 0.20265717 0.1711952  0.25920722
 0.3365192  1.         0.33714692 0.28848528 0.32757501 1.        ]
268 10.35489520669968 [0.20894413 0.26481398 0.18998832 0.20207258 0.17093035 0.2595429
 0.33645602 1.         0.33723    0.28826358 0.32791955 1.        ]
269 7.431456384145827 [0.20906094 0.2649079  0.18991948 0.20150947 0.17058244 0.25966449
 0.33632142 1.         0.33762301 0.28810982 0.32825444 1.        ]
270 7.431604399999047 [0.2087869  0.26498129 0.18981147 0.20107827 0.17021139 0.25998227
 0.33634142 1.         0.33823026 0.28770739 0.32871299 1.        ]
271 7.896212678883969 [0.20865542 0.26488849 0.18967008 0.20064661 0.16993734 0.26030327
 0.33638054 1.         0.33909576 0.28736295 0.32940187 1.        ]
272 10.248848842242396 [0.20863064 0.26487141 0.18951794 0.20022195 0.16978759 0.26068921
 0.33655586 1.         0.33990179 0.28707024 0.32974809 1.        ]
273 9.276256670608223 [0.20867797 0.26454815 0.18941045 0.19980989 0.16973899 0.26111379
 0.33668855 1.         0.34099645 0.28658483 0.33016316 1.        ]
274 8.39968985043485 [0.20865816 0.2643437  0.1893897  0.19938299 0.16960234 0.26159
 0.33688303 1.         0.34224614 0.28615496 0.33056061 1.        ]
275 7.2455885921356 [0.20852277 0.26391792 0.18929082 0.19885405 0.16944006 0.26205855
 0.33691485 1.         0.34344759 0.2855955  0.33121849 1.        ]
276 8.252895600953334 [0.20845989 0.26368673 0.18913381 0.19836646 0.16920748 0.26261074
 0.33671105 1.         0.34432411 0.28506555 0.33182602 1.        ]
277 8.798895861536373 [0.20840094 0.26355066 0.18901339 0.19787913 0.16901611 0.26328067
 0.3363135  1.         0.34494342 0.28464794 0.33241307 1.        ]
278 8.155298942234582 [0.20839706 0.26333163 0.18891316 0.19742103 0.16881217 0.26382071
 0.33570138 1.         0.34536833 0.28424505 0.33303117 1.        ]
279 7.626572127357955 [0.2082853  0.26300287 0.18881988 0.19708991 0.16863693 0.26412438
 0.33569775 1.         0.34577133 0.28375833 0.33330023 1.        ]
280 8.569800138895339 [0.20808532 0.26270259 0.18861118 0.19678369 0.16847137 0.26408808
 0.33595994 1.         0.34615307 0.28334961 0.33345364 1.        ]
281 6.9252492110183095 [0.2077922  0.26234879 0.1883363  0.19646016 0.16826813 0.26411626
 0.33601937 1.         0.34693475 0.28290333 0.33354568 1.        ]
282 6.787512758647014 [0.20744334 0.26226086 0.18788798 0.19625038 0.16809913 0.26424169
 0.33598644 1.         0.3470204  0.28291643 0.3338855  1.        ]
283 7.590818338001544 [0.20718097 0.26226689 0.18748954 0.19621313 0.16785305 0.26455177
 0.33574874 1.         0.3472444  0.28284181 0.33450984 1.        ]
284 7.727952302389065 [0.20702313 0.26220524 0.187116   0.19617508 0.16761969 0.26482129
 0.33561912 1.         0.34757893 0.28285883 0.33525912 1.        ]
285 7.108356977533825 [0.20700832 0.26209881 0.18679614 0.19605228 0.16730582 0.2652108
 0.33516754 1.         0.34811268 0.2829394  0.33569553 1.        ]
286 7.9754526740881975 [0.20699745 0.26191167 0.18656164 0.19585587 0.16694974 0.26562085
 0.33466156 1.         0.34882303 0.28311865 0.33612073 1.        ]
287 7.27138802401331 [0.20708175 0.2617674  0.18635792 0.19569141 0.16665314 0.26595794
 0.3342461  1.         0.34968806 0.28334596 0.33625488 1.        ]
288 8.924533021233913 [0.20709354 0.26161978 0.18601555 0.19556173 0.166392   0.2661167
 0.33425235 1.         0.34992669 0.28336652 0.33653981 1.        ]
289 6.507519518955917 [0.20696553 0.26130687 0.18562904 0.19540364 0.16619882 0.26622033
 0.33427062 1.         0.35026859 0.28359432 0.33641921 1.        ]
290 7.529283871290555 [0.20683825 0.2607862  0.18535287 0.19526329 0.16600128 0.26601532
 0.33426476 1.         0.35054038 0.28376109 0.33612542 1.        ]
291 9.151447900797338 [0.20678167 0.2602883  0.18513599 0.19510953 0.16584855 0.26571792
 0.33408348 1.         0.35060701 0.28388359 0.33573182 1.        ]
292 7.813469387719509 [0.20650321 0.25961035 0.1848409  0.19492695 0.16574944 0.26519755
 0.33338509 1.         0.35069899 0.28388375 0.33498356 1.        ]
293 7.393918956662935 [0.20631107 0.25923622 0.18448711 0.19479769 0.1655569  0.26460114
 0.33209931 1.         0.35139536 0.28390658 0.33447158 1.        ]
294 9.862510888233022 [0.20609032 0.25874915 0.1842282  0.19466445 0.16540005 0.26417167
 0.33102383 1.         0.35194248 0.28391241 0.33401533 1.        ]
295 8.935467532676387 [0.20597546 0.25821926 0.18395851 0.19446764 0.165309   0.26379312
 0.32996889 1.         0.35233714 0.2839171  0.33357013 1.        ]
296 6.898470245233062 [0.20592265 0.25783089 0.18350724 0.19432341 0.16517798 0.26337472
 0.32897403 1.         0.35288413 0.28405502 0.33293673 1.        ]
297 7.317240436832751 [0.20582447 0.2572901  0.18299665 0.19412643 0.16506709 0.26281476
 0.32798949 1.         0.35362771 0.28416625 0.33238343 1.        ]
298 10.182890003123427 [0.20577186 0.25681461 0.18256553 0.19391795 0.16494018 0.26208016
 0.32725517 1.         0.35433673 0.28410193 0.33203729 1.        ]
299 7.277574785567049 [0.20559562 0.25608871 0.18205153 0.19378955 0.16475862 0.26151801
 0.32687718 1.         0.3547497  0.28400492 0.33198238 1.        ]
300 7.062196652158536 [0.2055265  0.25535661 0.18146366 0.19368561 0.16474485 0.26115172
 0.32668501 1.         0.35521307 0.28406732 0.33221551 1.        ]
301 8.102738790752566 [0.20561664 0.25445806 0.180851   0.19366045 0.16467831 0.26082178
 0.32659268 1.         0.35551489 0.28391576 0.33263018 1.        ]
302 7.8227298148554425 [0.20574302 0.2535901  0.18022951 0.19360706 0.16461712 0.26048645
 0.32650451 1.         0.35563302 0.28366015 0.33300137 1.        ]
303 7.321054606469604 [0.20582    0.25283526 0.17972867 0.1935219  0.16458413 0.26002205
 0.32648749 1.         0.35572008 0.28358815 0.33330868 1.        ]
304 6.62803649948412 [0.20583929 0.25206611 0.17919943 0.19341926 0.1645666  0.2591875
 0.32581658 1.         0.35587432 0.28358552 0.33390417 1.        ]
305 5.142189367067408 [0.20588147 0.25141798 0.17880471 0.19335997 0.1646268  0.25863861
 0.32544013 1.         0.35588372 0.28330227 0.33460401 1.        ]
306 6.211182776897877 [0.20580931 0.25082026 0.17847979 0.19329834 0.16476701 0.25802922
 0.32539396 1.         0.35594734 0.28315728 0.33526986 1.        ]
307 6.359263126363719 [0.20579348 0.25039352 0.17811911 0.19322182 0.16486849 0.25789132
 0.32509859 1.         0.35620504 0.28298942 0.33576123 1.        ]
308 6.758110269206318 [0.20570141 0.25000526 0.17774688 0.19316558 0.16492081 0.25779805
 0.32491484 1.         0.35616187 0.28282089 0.33583479 1.        ]
309 6.233958709367071 [0.20564027 0.24972536 0.17734049 0.19309876 0.16482096 0.2579317
 0.32459094 1.         0.35624545 0.28291915 0.33567464 1.        ]
310 5.44193480529959 [0.20557222 0.24931173 0.17696713 0.19310526 0.1646045  0.25799485
 0.32435319 1.         0.35654489 0.28305551 0.33562531 1.        ]
311 6.090174424457273 [0.20552323 0.24907591 0.17662444 0.19299483 0.16446568 0.25812636
 0.32422665 1.         0.35697529 0.28292207 0.33580842 1.        ]
312 4.9626083017197065 [0.20541642 0.24904468 0.17632471 0.19299749 0.16439702 0.25794531
 0.32415706 1.         0.35745829 0.28307053 0.33585645 1.        ]
313 6.44270066642533 [0.20540246 0.249013   0.17598594 0.19299089 0.16447558 0.25781659
 0.32412426 1.         0.3578893  0.28322978 0.33605867 1.        ]
314 5.675121053386967 [0.20529702 0.24899862 0.17560354 0.19298279 0.16464319 0.25771446
 0.32385764 1.         0.35845089 0.283413   0.3363732  1.        ]
315 5.80603565197812 [0.20522009 0.24903498 0.17530635 0.19304297 0.1647562  0.25742812
 0.3235639  1.         0.35901576 0.28371412 0.33656062 1.        ]
316 7.119051838610385 [0.20518638 0.24891116 0.17512063 0.19296655 0.1648144  0.25703412
 0.32339984 1.         0.35996372 0.28396271 0.33653143 1.        ]
317 8.124304368768891 [0.20504163 0.24869002 0.17487501 0.19271071 0.16475489 0.25675686
 0.32339691 1.         0.3608862  0.2842643  0.33659488 1.        ]
318 8.195816105031941 [0.20490636 0.24836188 0.17460016 0.19254277 0.16476498 0.25665219
 0.32348837 1.         0.36196031 0.28481143 0.33674408 1.        ]
319 9.477988169135706 [0.20473448 0.24784905 0.1744211  0.19241686 0.16472551 0.25668066
 0.32367714 1.         0.36255814 0.28546522 0.33704705 1.        ]
320 7.760157326599388 [0.20468005 0.24739502 0.1742875  0.19237497 0.16468691 0.25682485
 0.32381526 1.         0.36307551 0.28611627 0.3371648  1.        ]
321 9.801419600806913 [0.20456322 0.2468919  0.17409294 0.19240074 0.16466486 0.25695011
 0.32392764 1.         0.36342982 0.28670132 0.33729696 1.        ]
322 9.435074130567969 [0.20441341 0.24629966 0.17384532 0.19250358 0.16472661 0.2569952
 0.32405139 1.         0.3642366  0.28706029 0.33727423 1.        ]
323 8.081216615709664 [0.20416538 0.24574157 0.17365973 0.19263121 0.16477532 0.25709382
 0.32432929 1.         0.36462204 0.28722719 0.33718222 1.        ]
324 10.170375645057444 [0.2040445  0.24539657 0.17349629 0.19283981 0.16483366 0.25726284
 0.32455536 1.         0.36516727 0.28750785 0.33733295 1.        ]
325 6.179251660778675 [0.20409158 0.2450655  0.17333732 0.19301153 0.16486248 0.25760812
 0.32460583 1.         0.36539398 0.28759627 0.33741003 1.        ]
326 8.105199128976022 [0.20401307 0.24499001 0.17305723 0.19312057 0.16494952 0.25794358
 0.32466405 1.         0.36584824 0.28779954 0.33746997 1.        ]
327 7.305123823172733 [0.20379758 0.24498255 0.17270714 0.19317661 0.16502027 0.25783389
 0.3245067  1.         0.36651791 0.28813379 0.33738286 1.        ]
328 9.275139268106631 [0.20357346 0.24499681 0.17241287 0.1931507  0.1650346  0.25777531
 0.32442995 1.         0.36712233 0.28847018 0.33755131 1.        ]
329 6.2318207804929635 [0.20339694 0.2451259  0.17206947 0.19319389 0.16497533 0.25797146
 0.32471555 1.         0.36743922 0.28892335 0.33789423 1.        ]
330 4.437706575937881 [0.20304651 0.24522463 0.17171167 0.19325548 0.16496388 0.25817501
 0.3248444  1.         0.36788909 0.28927732 0.33850596 1.        ]
331 7.026295734900453 [0.20263954 0.2452565  0.1713629  0.19321496 0.1649421  0.25847693
 0.3251385  1.         0.3685573  0.28971945 0.3390426  1.        ]
332 5.9346245122702825 [0.20240892 0.24516957 0.17118386 0.19315971 0.16481442 0.25865365
 0.32543447 1.         0.36913146 0.29005813 0.33936998 1.        ]
333 7.180802036354182 [0.20233234 0.24515956 0.17102086 0.19315756 0.16484213 0.25876015
 0.32556995 1.         0.36986032 0.29027358 0.33965848 1.        ]
334 6.39986379939439 [0.2021389  0.24501526 0.1708732  0.19320894 0.16486858 0.25878064
 0.32555122 1.         0.37088776 0.29053223 0.33949919 1.        ]
335 7.120114400040796 [0.20194494 0.24492235 0.17082552 0.1933097  0.16487004 0.25875684
 0.32558228 1.         0.37205037 0.29087866 0.33947187 1.        ]
336 7.436984899520634 [0.20159613 0.24468503 0.17076598 0.19338872 0.16490161 0.2588995
 0.32585061 1.         0.37304203 0.29123023 0.33929521 1.        ]
337 7.857944681324335 [0.20130498 0.24452598 0.17079179 0.19337974 0.16494243 0.25899995
 0.32605444 1.         0.37365772 0.29160363 0.33907955 1.        ]
338 9.655084882833414 [0.20106433 0.24440305 0.17080495 0.19347269 0.16498725 0.25902821
 0.32625581 1.         0.37400635 0.29172907 0.33920031 1.        ]
339 8.272411157289394 [0.20087818 0.24426243 0.17086207 0.19344952 0.16504971 0.25916173
 0.3265751  1.         0.37416704 0.29179921 0.33935568 1.        ]
340 7.713343086497389 [0.20068954 0.24394432 0.17076804 0.19350092 0.16518097 0.25915517
 0.32703495 1.         0.37434219 0.29186847 0.33936163 1.        ]
341 7.58538785626341 [0.20057699 0.24375032 0.17061753 0.19360927 0.16528857 0.25906816
 0.3273866  1.         0.37442971 0.2917413  0.33928288 1.        ]
342 7.3759984891997386 [0.20043668 0.24335783 0.17056761 0.19373707 0.16529289 0.25864396
 0.32786868 1.         0.37404684 0.29121305 0.33928739 1.        ]
343 5.973954789221159 [0.20026214 0.24289643 0.17050173 0.19387643 0.16530421 0.25820223
 0.32795272 1.         0.37408555 0.29082693 0.33950767 1.        ]
344 6.930274460544178 [0.20007496 0.2425168  0.17043585 0.19406586 0.16532597 0.25782536
 0.32814377 1.         0.37420225 0.2904475  0.33998894 1.        ]
345 7.3984161662991035 [0.1999897  0.2419043  0.1703417  0.19424313 0.16528787 0.25763217
 0.32847804 1.         0.37433857 0.29017894 0.34075735 1.        ]
346 7.776584875879712 [0.19995049 0.24141739 0.17026979 0.19443766 0.16521693 0.2573658
 0.3289679  1.         0.37473064 0.28985884 0.34144145 1.        ]
347 5.768455374102643 [0.19990423 0.24093782 0.17016427 0.19449168 0.16517422 0.25698465
 0.32944453 1.         0.37503838 0.28942664 0.34189328 1.        ]
348 7.193190635634062 [0.19983181 0.24047424 0.17002804 0.19455889 0.16520023 0.25667007
 0.33008398 1.         0.37503457 0.28891202 0.34258293 1.        ]
349 6.751901787143867 [0.19967922 0.24007075 0.1699548  0.19469988 0.16509684 0.25633236
 0.33041507 1.         0.37463785 0.28839413 0.34310607 1.        ]
350 7.392031896102116 [0.19931922 0.23956731 0.16981254 0.1948499  0.16509705 0.25592182
 0.33076602 1.         0.37435912 0.2880086  0.3436033  1.        ]
351 9.056004175715536 [0.19896334 0.2389984  0.169667   0.19497985 0.16527803 0.2551482
 0.33106225 1.         0.37432877 0.28796465 0.34400675 1.        ]
352 6.026790200740074 [0.19899518 0.23858304 0.1695142  0.19502649 0.16531034 0.25434987
 0.33144459 1.         0.37443866 0.28785229 0.34409878 1.        ]
353 5.669878873379874 [0.1989851  0.23836592 0.16933226 0.19516654 0.16517345 0.25359451
 0.33192596 1.         0.37435709 0.2878003  0.34423778 1.        ]
354 6.502409909916493 [0.19888707 0.23815739 0.16922942 0.19530185 0.16503775 0.25292282
 0.33250585 1.         0.37430323 0.28784403 0.34435604 1.        ]
355 6.684041679344975 [0.19879388 0.23805684 0.16916232 0.19534682 0.16501078 0.2521107
 0.33307833 1.         0.37428112 0.28791871 0.34422879 1.        ]
356 5.958939610022269 [0.19866331 0.23796088 0.16909485 0.1952801  0.16499458 0.25130729
 0.33346736 1.         0.37455599 0.28793275 0.34417887 1.        ]
357 5.35569110873724 [0.19849908 0.23790691 0.1691261  0.1952789  0.16493812 0.25075377
 0.33390038 1.         0.3744616  0.2879362  0.34395685 1.        ]
358 7.249169820703321 [0.19836799 0.23780708 0.16923031 0.19530775 0.16478207 0.25023986
 0.33442285 1.         0.37433395 0.2880314  0.34385348 1.        ]
359 6.920731208378095 [0.19821632 0.23793734 0.16935911 0.19536511 0.1646592  0.24978689
 0.33479893 1.         0.37393172 0.28794507 0.34376782 1.        ]
360 6.874608400591018 [0.19792856 0.23812544 0.16948211 0.19546507 0.16462499 0.24941756
 0.33541016 1.         0.3736411  0.28805631 0.34343523 1.        ]
361 7.3711631533610875 [0.19775797 0.23833605 0.16959767 0.19554653 0.16466935 0.24912554
 0.33600045 1.         0.37327746 0.28820807 0.34300164 1.        ]
362 6.883455682692481 [0.19761828 0.23843165 0.16968712 0.19566354 0.16457815 0.24892982
 0.33677061 1.         0.37284209 0.28852538 0.34262671 1.        ]
363 6.229416907684388 [0.19747763 0.23852698 0.16975158 0.19551313 0.16457359 0.24869911
 0.33767026 1.         0.37253408 0.28899563 0.34221137 1.        ]
364 6.061512143736136 [0.19738934 0.23856245 0.16989932 0.19550587 0.16459604 0.24863534
 0.33878424 1.         0.37214181 0.2893783  0.34179165 1.        ]
365 6.362872852168342 [0.19733616 0.23858109 0.17008661 0.19551415 0.1646744  0.24865977
 0.33984439 1.         0.37183127 0.28976233 0.34141557 1.        ]
366 5.595198198395323 [0.19726745 0.23855273 0.17023961 0.19549374 0.16471672 0.24864084
 0.34060603 1.         0.37139642 0.29005341 0.34114141 1.        ]
367 5.872423695375654 [0.19723686 0.23858357 0.17034895 0.1955175  0.16480353 0.24870045
 0.34128722 1.         0.371183   0.29020639 0.34092861 1.        ]
368 5.408219127914098 [0.19710605 0.23890847 0.1704391  0.19555618 0.16480362 0.24881256
 0.34166923 1.         0.3713141  0.29038113 0.34061579 1.        ]
369 8.108546398644162 [0.19683654 0.23926175 0.17054834 0.19544216 0.16472658 0.24891174
 0.34204421 1.         0.37128673 0.29037741 0.34016127 1.        ]
370 7.895215395393851 [0.19660556 0.23953307 0.17062504 0.19536608 0.16450379 0.24900607
 0.34207477 1.         0.37136653 0.29015634 0.33939136 1.        ]
371 5.977354003564404 [0.19636524 0.23983783 0.17074996 0.19537676 0.16421921 0.24904685
 0.34209156 1.         0.37132397 0.28983327 0.33862145 1.        ]
372 6.462219996902446 [0.19623675 0.24016479 0.17092414 0.19540031 0.16394251 0.2490957
 0.34225864 1.         0.37152326 0.28954289 0.33790022 1.        ]
373 7.080742992460355 [0.19614031 0.24047595 0.17119822 0.19536633 0.1636965  0.2492129
 0.34258921 0.99999999 0.37183504 0.28963069 0.33735002 0.99999999]
374 7.421590028513888 [0.19595512 0.24077015 0.17119039 0.19538606 0.16342219 0.24918892
 0.34263366 0.99999999 0.37255257 0.28995235 0.33678396 0.99999999]
375 6.417746286071234 [0.19571767 0.24103112 0.17114585 0.19546858 0.16322833 0.24916183
 0.34277171 0.99999999 0.37322526 0.29037098 0.33616257 0.99999999]
376 7.9545426710538845 [0.19541919 0.24104416 0.17110136 0.19560084 0.16312987 0.24920594
 0.34302461 0.99999999 0.37388059 0.29075079 0.33562251 0.99999999]
377 6.895110999866969 [0.19506565 0.24112838 0.1710939  0.19573572 0.16308903 0.24929274
 0.3431028  0.99999999 0.3746495  0.29092672 0.33478779 0.99999999]
378 6.296143061609962 [0.19460378 0.24127113 0.17099563 0.19587736 0.16304877 0.24951702
 0.34320737 0.99999999 0.37504012 0.29104117 0.33408376 0.99999999]
379 5.851703707004377 [0.19424414 0.24131571 0.17083384 0.19610325 0.16297854 0.24968622
 0.34383998 0.99999999 0.37561919 0.29107794 0.33336201 0.99999999]
380 5.805993386165049 [0.19399038 0.24131921 0.17060846 0.19629655 0.16282558 0.24982279
 0.34425966 0.99999999 0.37656181 0.29121273 0.33276834 0.99999999]
381 6.3923136457679295 [0.1938033  0.24114016 0.17049822 0.19654606 0.16275637 0.25011888
 0.34470499 0.99999999 0.37734228 0.29115114 0.33215189 0.99999999]
382 7.081067949158107 [0.19358089 0.24104635 0.17045619 0.19677697 0.16270304 0.25023312
 0.34490639 0.99999999 0.37846734 0.29124769 0.33171345 0.99999999]
383 5.587664851511448 [0.19327242 0.24094188 0.17049233 0.19699179 0.16260976 0.25033839
 0.34525084 0.99999999 0.37982731 0.2913139  0.3312741  0.99999999]
384 5.770687898411216 [0.19280149 0.24073187 0.17054425 0.19717942 0.16242301 0.25045057
 0.34550659 0.99999999 0.38123663 0.29141186 0.3308299  0.99999999]
385 6.614825809762378 [0.19230873 0.24060351 0.17059201 0.19730666 0.16223847 0.25047043
 0.34579536 0.99999999 0.38252426 0.29132374 0.33055132 0.99999999]
386 5.296590469360855 [0.19177471 0.24069679 0.17056568 0.19735999 0.16204652 0.25042558
 0.3462103  0.99999999 0.38355975 0.29129876 0.33047315 0.99999999]
387 6.0955172627897705 [0.19137243 0.24069394 0.17049274 0.19735978 0.16193119 0.25049908
 0.34688846 0.99999999 0.38470423 0.29125623 0.33011371 0.99999999]
388 5.5116806550377015 [0.19102401 0.24062337 0.17043586 0.19730565 0.16182198 0.25050971
 0.34742472 0.99999999 0.38565164 0.29135073 0.32983104 0.99999999]
389 5.685137553448981 [0.19067035 0.24044393 0.17023236 0.19753273 0.16171413 0.25036185
 0.34802186 0.99999999 0.38652465 0.29127197 0.32926053 0.99999999]
390 7.046328463317856 [0.19052187 0.24027063 0.16997685 0.19773563 0.1617416  0.25029708
 0.34842381 0.99999999 0.38720103 0.29123875 0.32868913 0.99999999]
391 5.75464080980034 [0.19042053 0.24004191 0.16976023 0.19786823 0.16179621 0.25031751
 0.34875412 0.99999999 0.38796426 0.29106196 0.32820479 0.99999999]
392 6.7059726671429996 [0.19038468 0.23982748 0.16961421 0.19797201 0.16188258 0.25046519
 0.34912462 0.99999999 0.38848493 0.29075524 0.32774795 0.99999999]
393 6.124890794695673 [0.19051448 0.23957643 0.16951761 0.19800782 0.16194628 0.25065634
 0.34974335 0.99999999 0.38901429 0.29041366 0.32711418 0.99999999]
394 7.383857663684027 [0.19065731 0.23924903 0.16941304 0.19803596 0.16207072 0.25089833
 0.35006266 0.99999999 0.38990657 0.29025037 0.32633623 0.99999999]
395 5.164923059208451 [0.19080384 0.23874317 0.16923516 0.19815501 0.16222428 0.25096407
 0.35047735 0.99999999 0.39127009 0.28994158 0.32584484 0.99999999]
396 6.415566569035972 [0.1909343  0.23828129 0.16891303 0.19818726 0.16238349 0.25100074
 0.35086973 0.99999999 0.39266114 0.28964444 0.32526776 0.99999999]
397 5.366254550519965 [0.19115553 0.23781991 0.16860624 0.19826351 0.16247846 0.25103072
 0.35111093 0.99999999 0.39414136 0.28957801 0.32469085 0.99999999]
398 7.696472655922166 [0.19136736 0.2374315  0.16825519 0.19838141 0.16254221 0.25115907
 0.35151716 0.99999999 0.39565311 0.28964675 0.32413902 0.99999999]
399 6.983328626745285 [0.19168996 0.23692664 0.16786598 0.19844569 0.16252557 0.25123025
 0.35226294 0.99999999 0.39718966 0.28990388 0.32391597 0.99999999]
400 5.99103447523647 [0.19203911 0.23639843 0.16754611 0.19847435 0.1625108  0.25132688
 0.35296785 0.99999999 0.39906484 0.29036701 0.32367371 0.99999999]
401 7.078488635387921 [0.19233521 0.23579418 0.16732564 0.19843438 0.16261268 0.251517
 0.35347175 0.99999999 0.40024456 0.29073394 0.32339063 0.99999999]
402 4.386904634771474 [0.19264501 0.23510905 0.16710856 0.19829734 0.16266462 0.25173681
 0.35395495 0.99999999 0.40128594 0.29102402 0.32296195 0.99999999]
403 4.512323897709309 [0.19302197 0.23464339 0.16693961 0.19813304 0.16270388 0.25195534
 0.35433478 0.99999999 0.40190582 0.29131969 0.32268433 0.99999999]
404 4.059295604144738 [0.19335043 0.23411363 0.1668086  0.19790471 0.16281886 0.25199153
 0.35502321 0.99999999 0.40268215 0.29166586 0.32263644 0.99999999]
405 6.02712393650443 [0.19355398 0.23374439 0.16652876 0.1976506  0.16287702 0.25189864
 0.35555452 0.99999999 0.40305528 0.29216885 0.32247208 0.99999999]
406 6.360162207913698 [0.1937326  0.23343943 0.16626654 0.19742954 0.16293294 0.25189095
 0.35620415 0.99999999 0.4033893  0.29264808 0.32230083 0.99999999]
407 5.455882618777371 [0.19380824 0.23322462 0.16604998 0.19731652 0.16305389 0.25192567
 0.35687103 0.99999999 0.40400731 0.29311832 0.32203363 0.99999999]
408 4.981995351801596 [0.19390151 0.23299511 0.16594587 0.19726716 0.16310552 0.25190482
 0.35745462 0.99999999 0.40439796 0.29380987 0.32174086 0.99999999]
409 4.54800820000508 [0.19390098 0.23281359 0.16587052 0.19720101 0.16318331 0.25204533
 0.3578056  0.99999999 0.40535477 0.29434666 0.32145288 0.99999999]
410 3.9161634869843103 [0.19383549 0.232505   0.16578424 0.19708009 0.16332014 0.25213465
 0.35855809 0.99999999 0.40648382 0.29488892 0.32112659 0.99999999]
411 4.488040396189468 [0.19372824 0.23227783 0.1656607  0.19696189 0.16345602 0.25220058
 0.3593331  0.99999999 0.40703192 0.29519263 0.32069176 0.99999999]
412 7.019553058841957 [0.19366803 0.23214592 0.16544039 0.19690101 0.16366051 0.25213024
 0.36035746 0.99999999 0.40780286 0.29531006 0.32034166 0.99999999]
413 4.92586223512906 [0.19356897 0.23205341 0.16527064 0.19680596 0.16382245 0.25215245
 0.36130951 0.99999999 0.40823798 0.2956133  0.32002248 0.99999999]
414 5.40250411941027 [0.19349444 0.23210394 0.16505517 0.19666114 0.16400496 0.25222636
 0.36239216 0.99999999 0.40820063 0.29548356 0.3197263  0.99999999]
415 4.35079964841198 [0.19344235 0.23222243 0.16481037 0.1965183  0.16424861 0.25244087
 0.36307894 0.99999999 0.40785698 0.2953373  0.31959453 0.99999999]
416 4.668539656143716 [0.1932728  0.23223972 0.1646144  0.19646022 0.1645004  0.25263832
 0.36350892 0.99999999 0.40793545 0.29526569 0.31976659 0.99999999]
417 5.77100992163778 [0.19294454 0.23223232 0.16435486 0.19643462 0.16470664 0.25272671
 0.36399496 0.99999999 0.4082187  0.29498675 0.31973531 0.99999999]
418 4.173463161596702 [0.1925858  0.23215976 0.16408736 0.19627483 0.16486074 0.25299046
 0.36467435 0.99999999 0.40884506 0.29443852 0.31974989 0.99999999]
419 4.261924572233944 [0.19222693 0.23194252 0.16386024 0.19609349 0.16505545 0.2532511
 0.3652345  0.99999999 0.4091602  0.29395641 0.31970509 0.99999999]
420 4.608631080074118 [0.19177181 0.2316547  0.16363952 0.19563789 0.16516297 0.2534799
 0.36552395 0.99999999 0.40959183 0.29354915 0.31953321 0.99999999]
421 4.3628911857121375 [0.19128685 0.23127067 0.1634687  0.19511805 0.1653622  0.2535885
 0.36586577 0.99999999 0.40971299 0.29321985 0.31892054 0.99999999]
422 5.817763351807647 [0.19089315 0.23095009 0.16326804 0.19465709 0.16562935 0.25356821
 0.36632775 0.99999999 0.41024586 0.29293185 0.31857333 0.99999999]
423 6.100017288000277 [0.19060654 0.23072363 0.16310824 0.19421609 0.16583371 0.25360422
 0.36688932 0.99999999 0.41005185 0.29266396 0.31816913 0.99999999]
424 4.585208299372076 [0.19032937 0.23045896 0.1630104  0.19383563 0.16606775 0.253605
 0.36717662 0.99999999 0.40986038 0.29247119 0.31770746 0.99999999]
425 6.292695233162782 [0.19013756 0.2302849  0.16298532 0.19342291 0.16631077 0.25367558
 0.36714619 0.99999999 0.40943305 0.29229343 0.31736431 0.99999999]
426 4.1840344870305435 [0.18998783 0.23024098 0.16304254 0.19316312 0.16668905 0.25373535
 0.3673661  0.99999999 0.40842077 0.29223976 0.31695742 0.99999999]
427 7.529456490560295 [0.18987861 0.23006674 0.1630269  0.19294943 0.16684944 0.25389484
 0.36730109 0.99999999 0.40797754 0.29211885 0.31681315 0.99999999]
428 4.597765016395996 [0.18969551 0.23000294 0.16298697 0.19283897 0.16694394 0.25396314
 0.36708574 0.99999999 0.40760121 0.29191553 0.3168349  0.99999999]
429 6.223137071717005 [0.18947769 0.23000854 0.1628823  0.19281293 0.16704731 0.25408267
 0.36665646 0.99999999 0.4078382  0.29183575 0.31696502 0.99999999]
430 4.575479040864982 [0.1892013  0.22999443 0.16270337 0.1928204  0.16714416 0.2542763
 0.36594483 0.99999999 0.40798381 0.29187797 0.31704317 0.99999999]
431 4.97841532539981 [0.18901048 0.2299297  0.16259751 0.19288476 0.16725202 0.25448246
 0.36547445 0.99999999 0.40804354 0.29199911 0.31695305 0.99999999]
432 5.858454410827505 [0.18880592 0.22983848 0.16232443 0.19282041 0.16733005 0.25459532
 0.36538333 0.99999999 0.40784984 0.29213023 0.31681221 0.99999999]
433 4.861436459304235 [0.18867877 0.22970775 0.16210217 0.1928173  0.16738699 0.25466317
 0.36521793 0.99999999 0.40774603 0.29213959 0.31677224 0.99999999]
434 6.3721765631036575 [0.18852738 0.22956539 0.1618412  0.19281612 0.16733593 0.25462065
 0.36536152 0.99999999 0.40759464 0.29237902 0.31679112 0.99999999]
435 6.765719025775203 [0.18834503 0.22939924 0.16156534 0.19266348 0.16730288 0.25461352
 0.36579327 0.99999999 0.40711205 0.2927093  0.31678484 0.99999999]
436 5.964793283412213 [0.18822466 0.22916709 0.1613042  0.19259146 0.16720282 0.2547117
 0.36634536 0.99999999 0.40665463 0.29306492 0.31665525 0.99999999]
437 6.275374858262471 [0.18804708 0.22898053 0.16107007 0.19268565 0.16703316 0.25475994
 0.36660138 0.99999999 0.40643634 0.29349064 0.31651335 0.99999999]
438 9.046830100949602 [0.18794647 0.22874674 0.16078645 0.1927301  0.1668191  0.25473637
 0.36689061 0.99999999 0.4059367  0.29389129 0.31585721 0.99999999]
439 5.849086220848535 [0.18783805 0.22848408 0.16058874 0.19283161 0.16650923 0.25459401
 0.3672476  0.99999999 0.4051267  0.29429882 0.31535454 0.99999999]
440 5.617402267146032 [0.1877711  0.22831138 0.16041674 0.19288177 0.166265   0.25454402
 0.36766792 0.99999999 0.40458733 0.29468794 0.31480327 0.99999999]
441 5.715116725615963 [0.18725798 0.22819714 0.16036139 0.192977   0.16620286 0.2544839
 0.36784793 0.99999999 0.40425005 0.29503059 0.31429734 0.99999999]
442 5.095198858149285 [0.18673834 0.22801585 0.16034786 0.19308596 0.16606861 0.25441756
 0.36807871 0.99999999 0.40425422 0.29548708 0.31387199 0.99999999]
443 6.868044391906143 [0.1863199  0.22789379 0.16025175 0.19329115 0.16593873 0.25450533
 0.36827429 0.99999999 0.40459911 0.29582888 0.31366677 0.99999999]
444 3.9881077664260696 [0.18609181 0.22775524 0.16009058 0.19349175 0.16580373 0.25456054
 0.36838052 0.99999999 0.4049214  0.29601793 0.3137687  0.99999999]
445 7.127727677116971 [0.18592533 0.227549   0.16001076 0.19366721 0.16560927 0.25454022
 0.36841775 0.99999999 0.40531523 0.2961584  0.31388114 0.99999999]
446 4.925559345379764 [0.18581856 0.22728068 0.1599534  0.19393653 0.16541598 0.25455134
 0.36840931 0.99999999 0.40583962 0.29613438 0.31391027 0.99999999]
447 4.900310239475954 [0.18577773 0.22699601 0.15995994 0.1941729  0.16528159 0.2544535
 0.36828195 0.99999999 0.40640707 0.29595133 0.31391896 0.99999999]
448 5.093036044802108 [0.1857188  0.22665342 0.16003934 0.19427493 0.16528375 0.25413938
 0.367712   0.99999999 0.40710739 0.29569287 0.31405769 0.99999999]
449 6.175241347487854 [0.18562891 0.22630167 0.16005509 0.19435399 0.16529835 0.25387655
 0.36726877 0.99999999 0.40803352 0.29550907 0.31424773 0.99999999]
450 6.15324741346206 [0.18561408 0.22614686 0.16004063 0.19422776 0.16529016 0.2536158
 0.36671594 0.99999999 0.40887445 0.29539642 0.31432434 0.99999999]
451 6.556786940475188 [0.18565394 0.22601172 0.1600479  0.19407089 0.16534691 0.25335007
 0.36636272 0.99999999 0.40934962 0.29530766 0.31445506 0.99999999]
452 6.459949234688247 [0.18562411 0.225862   0.16000091 0.1939363  0.16536063 0.25304213
 0.36609591 0.99999999 0.41005227 0.29527192 0.31489253 0.99999999]
453 6.6466530082910324 [0.18549069 0.22570454 0.16002636 0.19385069 0.16534973 0.25293579
 0.36596447 0.99999999 0.41122967 0.29513513 0.31532443 0.99999999]
454 7.4586646899374625 [0.185378   0.22555508 0.15993973 0.1937213  0.1652733  0.25288215
 0.36612639 0.99999999 0.41259798 0.2946741  0.31602235 0.99999999]
455 5.3568480035743065 [0.18528431 0.22544742 0.15975776 0.19349589 0.16527958 0.25276438
 0.36618743 0.99999999 0.41357715 0.29427288 0.31682129 0.99999999]
456 6.707752446625883 [0.18522636 0.22528861 0.15962022 0.19330219 0.16532354 0.25265212
 0.36627112 0.99999999 0.4146105  0.29393033 0.31744536 0.99999999]
457 4.221358941486196 [0.18514699 0.22513274 0.15951135 0.19304688 0.16515495 0.25270466
 0.36591234 0.99999999 0.41574561 0.29362855 0.31813061 0.99999999]
458 4.689402660909794 [0.18503015 0.22490714 0.15951906 0.19278204 0.16506189 0.25267324
 0.36544392 0.99999999 0.41672002 0.29333904 0.31876801 0.99999999]
459 4.738342611189266 [0.18487201 0.22473463 0.15957083 0.19253415 0.1649783  0.25250746
 0.36511063 0.99999999 0.41741919 0.2931243  0.31931978 0.99999999]
460 4.355515943127425 [0.18467829 0.2246073  0.15964207 0.19241155 0.16487913 0.25230615
 0.36440626 0.99999999 0.41781983 0.29270714 0.31977993 0.99999999]
461 5.073868542644618 [0.18437695 0.22431988 0.15969009 0.19232256 0.16487159 0.25192844
 0.36408365 0.99999999 0.41782377 0.29212679 0.32042828 0.99999999]
462 4.437251759280179 [0.18419475 0.22398996 0.15971134 0.19223311 0.16480815 0.25172795
 0.36392912 0.99999999 0.4178742  0.29147661 0.32111894 0.99999999]
463 3.5936447005477987 [0.18401732 0.22365893 0.15975046 0.19224758 0.16492052 0.25160044
 0.36359188 0.99999999 0.41746499 0.29088331 0.32201345 0.99999999]
464 4.812507080813623 [0.18383216 0.22328707 0.15978182 0.19230774 0.16500227 0.2517327
 0.3631036  0.99999999 0.41732147 0.29034179 0.32265279 0.99999999]
465 5.474511761413007 [0.18360188 0.22308379 0.15978784 0.19246727 0.16504333 0.25181309
 0.36267956 0.99999999 0.41691517 0.2897653  0.32329675 0.99999999]
466 4.5983776775758205 [0.1833994  0.2229318  0.15977603 0.19253925 0.16502373 0.25193885
 0.36233385 0.99999999 0.41669324 0.28955237 0.32375206 0.99999999]
467 4.431186202904302 [0.18310483 0.22286876 0.15981454 0.19263671 0.16499126 0.25209608
 0.3617975  0.99999999 0.41642249 0.28945301 0.32424021 0.99999999]
468 5.871662514056927 [0.18281234 0.2228253  0.15986421 0.19269998 0.16488342 0.25223216
 0.36123996 0.99999999 0.41626426 0.28944315 0.32458659 0.99999999]
469 5.415075665996285 [0.18261839 0.22268581 0.15990005 0.19268886 0.16489838 0.25232924
 0.360976   0.99999999 0.41608098 0.28950178 0.32469713 0.99999999]
470 5.217263985889472 [0.18250975 0.22258989 0.15982935 0.19271471 0.16505716 0.25244116
 0.3604737  0.99999999 0.41578598 0.28955306 0.32516545 0.99999999]
471 6.053067236967735 [0.18243451 0.22244432 0.15988015 0.19258124 0.16522843 0.25264551
 0.36000591 0.99999999 0.41585811 0.28954218 0.32552234 0.99999999]
472 4.482120211740516 [0.18239144 0.22247588 0.15992457 0.19251571 0.16536122 0.25292804
 0.35955209 0.99999999 0.41593038 0.28955774 0.3259442  0.99999999]
473 4.811654905325847 [0.18230889 0.22252234 0.15993997 0.19248607 0.16548965 0.25322097
 0.35924224 0.99999999 0.41629723 0.28961801 0.32644775 0.99999999]
474 5.092728788264415 [0.18213371 0.22250918 0.15991427 0.19253265 0.16566454 0.25336892
 0.35900216 0.99999999 0.41625197 0.28959455 0.32702193 0.99999999]
475 3.8182942793994474 [0.18198599 0.22246094 0.15992857 0.19257107 0.16574439 0.25345643
 0.35864842 0.99999999 0.41628662 0.28967318 0.32763735 0.99999999]
476 5.331325610206393 [0.18178208 0.22232309 0.16000574 0.19263689 0.16585811 0.25337909
 0.35831227 0.99999999 0.416119   0.2896432  0.32803616 0.99999999]
477 4.9438916735762355 [0.18162989 0.22204445 0.16003892 0.19256151 0.16593006 0.25346333
 0.35797132 0.99999999 0.41623109 0.28969338 0.32855364 0.99999999]
478 4.390179824763498 [0.18149787 0.22177897 0.15999295 0.19261448 0.16594788 0.25354701
 0.35769099 0.99999999 0.41612087 0.28985124 0.32887112 0.99999999]
479 4.869790328671515 [0.181311   0.22161718 0.15999705 0.19268299 0.16605232 0.25365247
 0.35755086 0.99999999 0.41635265 0.29020017 0.32933052 0.99999999]
480 3.857429648656452 [0.18112373 0.22143739 0.16003448 0.19269832 0.16611761 0.25376558
 0.35741679 0.99999999 0.41658937 0.29055012 0.32977537 0.99999999]
481 4.402515856959372 [0.1807069  0.22138414 0.16001526 0.19256533 0.16619082 0.25374921
 0.35696746 0.99999999 0.41688843 0.29077445 0.33037413 0.99999999]
482 5.540729387197583 [0.18023453 0.2212301  0.1599218  0.19239254 0.16624676 0.25377854
 0.3568998  0.99999999 0.41646921 0.29087198 0.33095733 0.99999999]
483 5.438270974150456 [0.17989959 0.22109015 0.15990124 0.1921904  0.16631974 0.25386034
 0.35707087 0.99999999 0.41610163 0.29104217 0.33153341 0.99999999]
484 4.247217528690713 [0.17959452 0.22106532 0.1598225  0.19186186 0.1666008  0.25383945
 0.35731347 0.99999999 0.41586642 0.29122755 0.33203124 0.99999999]
485 6.082938527762356 [0.17923603 0.22103641 0.15982804 0.19154473 0.16695272 0.25381742
 0.35750747 0.99999999 0.41588414 0.29146288 0.33237217 0.99999999]
486 5.991199338199559 [0.17894459 0.2209806  0.15985267 0.19124834 0.16728025 0.25378982
 0.35756236 0.99999999 0.41566225 0.29184534 0.33274722 0.99999999]
487 4.512456545001037 [0.17864814 0.22099691 0.15990113 0.1909813  0.16768691 0.25390107
 0.35767083 0.99999999 0.41553727 0.29229527 0.33327437 0.99999999]
488 4.127241263219247 [0.17834    0.22108737 0.15992109 0.19068801 0.16779976 0.25388432
 0.35785751 0.99999999 0.41528621 0.29273925 0.33373391 0.99999999]
489 5.156038901573805 [0.17809211 0.22116402 0.15987567 0.19054142 0.16795152 0.25402487
 0.35786102 0.99999999 0.41446804 0.29315282 0.33418974 0.99999999]
490 6.393447952484056 [0.17782138 0.22120678 0.1598752  0.19036816 0.16822472 0.25410466
 0.35792146 0.99999999 0.41403494 0.29376622 0.33463233 0.99999999]
491 4.519882498792254 [0.17762997 0.22127191 0.15988364 0.19024761 0.16853625 0.25430867
 0.35795107 0.99999999 0.41357589 0.2941671  0.33514181 0.99999999]
492 5.298486267458485 [0.17744941 0.22145629 0.15987312 0.19011225 0.16881054 0.25446523
 0.35775425 0.99999999 0.41297573 0.29459688 0.33553192 0.99999999]
493 6.812503718035595 [0.17726958 0.22168616 0.15988469 0.18995567 0.16917898 0.25463433
 0.35739502 0.99999999 0.41263874 0.29501698 0.33605712 0.99999999]
494 5.967602128839076 [0.17707901 0.22178572 0.15988586 0.18985061 0.16938173 0.25482663
 0.35706284 0.99999999 0.41186925 0.29530639 0.33647343 0.99999999]
495 5.102566273948841 [0.17697166 0.22192937 0.1597964  0.18979794 0.16969939 0.25497571
 0.35670769 0.99999999 0.4110956  0.29560673 0.33684556 0.99999999]
496 4.7308405135398885 [0.17694638 0.22211456 0.15968413 0.18969666 0.16990489 0.25492766
 0.35664491 0.99999999 0.41031465 0.29598301 0.33683575 0.99999999]
497 4.681843888376081 [0.17689268 0.22225047 0.15967745 0.18971419 0.17012909 0.25477198
 0.35665138 0.99999999 0.40944428 0.2965616  0.33683429 0.99999999]
498 7.959473595725083 [0.17687862 0.22247515 0.15971956 0.18973261 0.17041595 0.25466672
 0.35690104 0.99999999 0.40893278 0.29672858 0.33699615 0.99999999]
499 6.67862602557012 [0.17676679 0.2225183  0.1598503  0.18979147 0.17055211 0.25442831
 0.35712872 0.99999999 0.40881052 0.29695261 0.33730594 0.99999999]
