0 6049.774592189104 [0.29795068 0.29973658 0.29723631 0.30223684 0.30187964 0.29866503
 0.48322394 0.30009375 0.81544109 0.29973657 0.30116529 0.30009375
 0.48286677]
1 5725.369145804474 [0.29797691 0.30052015 0.29446401 0.30375116 0.30311226 0.29884975
 0.48290174 0.29961756 0.81482354 0.29789387 0.30205793 0.30151123
 0.48234125]
2 5521.943890535394 [0.29812097 0.30134389 0.29342995 0.30460859 0.30459319 0.29841652
 0.48242789 0.29858404 0.81458489 0.29671105 0.30197188 0.30254931
 0.4825938 ]
3 4895.149460422446 [0.29846576 0.30133089 0.29236949 0.30502569 0.30545328 0.29806426
 0.48186974 0.29744489 0.81447901 0.29543261 0.30181898 0.30309157
 0.48243556]
4 7472.6988826759425 [0.29802324 0.30125867 0.29181392 0.30517731 0.30618595 0.29792979
 0.4812016  0.2965119  0.81438491 0.29464879 0.3019509  0.30334056
 0.48249305]
5 6386.7124784982125 [0.2976937  0.30142164 0.29102187 0.30492008 0.30666409 0.29808133
 0.48062234 0.29541298 0.81428321 0.29365374 0.3021492  0.30360607
 0.48273819]
6 7533.884406492361 [0.29762877 0.30163333 0.29052351 0.30477157 0.30708528 0.29815951
 0.48049452 0.29455047 0.81432635 0.29282955 0.30249506 0.30348618
 0.48303514]
7 8382.95860032789 [0.29764944 0.30196226 0.29025757 0.30466493 0.3073126  0.29839279
 0.48050059 0.29358753 0.81438911 0.29203968 0.30306479 0.30325004
 0.48330769]
8 6610.3433040574455 [0.29757463 0.3022703  0.2898408  0.30422927 0.30725319 0.2987013
 0.48036591 0.29309055 0.81466236 0.29109781 0.30386404 0.30306581
 0.48366855]
9 3645.3913723219503 [0.29718566 0.30236223 0.28943625 0.30377318 0.30687856 0.29883201
 0.48042851 0.29260282 0.81494705 0.29022516 0.30429256 0.30313818
 0.48412863]
10 3286.535885677228 [0.29671681 0.30231345 0.28930367 0.30346933 0.30653157 0.29879825
 0.48057405 0.29188748 0.81514272 0.28958264 0.30487868 0.30296976
 0.48459689]
11 4125.529085249334 [0.29625293 0.30231725 0.28924932 0.30316689 0.3061609  0.29863476
 0.48064954 0.29110994 0.81525901 0.28877621 0.30522213 0.30264847
 0.48476671]
12 6136.736726380556 [0.29600469 0.30194007 0.28904592 0.30302657 0.3056078  0.29844769
 0.48059577 0.2903498  0.81539931 0.28813599 0.30536487 0.30223576
 0.48480239]
13 6112.508568216869 [0.29588323 0.30166419 0.28891319 0.30291291 0.30533461 0.29805139
 0.48070256 0.28979893 0.81552369 0.28761592 0.30572527 0.30228042
 0.48486449]
14 5797.09667554432 [0.29574625 0.30138114 0.28881362 0.30277746 0.30497797 0.29763546
 0.48082783 0.28923468 0.8156175  0.28705948 0.30604021 0.30239446
 0.48509277]
15 4675.101167949699 [0.2954761  0.30094698 0.28892959 0.3025727  0.30461046 0.29690443
 0.48071752 0.28882665 0.8157993  0.28675454 0.30651528 0.30249234
 0.48503142]
16 4986.60488786189 [0.29530371 0.30034295 0.28884957 0.30265757 0.30459089 0.29612502
 0.48051757 0.28861124 0.8158961  0.28650254 0.30701067 0.30254556
 0.48485596]
17 3578.0489070361177 [0.29504388 0.2998381  0.28876699 0.30277701 0.30474931 0.29554505
 0.48042954 0.28817793 0.81600622 0.28626288 0.30749731 0.30256662
 0.48471898]
18 6781.570875879133 [0.29495581 0.29923883 0.28876172 0.30297009 0.30496956 0.29528879
 0.48032754 0.2879939  0.81620268 0.28604801 0.30771182 0.30260633
 0.48466409]
19 4954.745268381277 [0.29491908 0.29866947 0.28884629 0.30304754 0.30549705 0.29495006
 0.48012424 0.28798379 0.81629874 0.28573028 0.30771852 0.30269281
 0.48463097]
20 5000.954969050596 [0.29498885 0.29785264 0.28905763 0.30303333 0.30613671 0.29460664
 0.47997277 0.28805322 0.81633709 0.28526496 0.30785063 0.30264713
 0.48449218]
21 5799.512532660996 [0.29508114 0.29721652 0.2894495  0.30294029 0.30694485 0.29435144
 0.47996148 0.28801955 0.81641931 0.28498285 0.30810927 0.30243969
 0.48446531]
22 3779.8165900374006 [0.29509961 0.29665864 0.2897032  0.30300132 0.30783594 0.29412496
 0.48001791 0.28802265 0.81657229 0.2846788  0.30842743 0.30209052
 0.48453501]
23 4783.814995196897 [0.29503032 0.29601397 0.28974891 0.30310564 0.30846247 0.29374986
 0.48009989 0.28806822 0.81665003 0.28442107 0.30881436 0.30169931
 0.4845927 ]
24 5536.221527639325 [0.2949511  0.29549251 0.28969674 0.30327542 0.309056   0.29342532
 0.48016698 0.28825303 0.81659115 0.28419827 0.3090961  0.30133422
 0.48468901]
25 4191.812508155941 [0.29491609 0.2950605  0.28966083 0.30362699 0.30950795 0.29311737
 0.48011163 0.28845515 0.81648129 0.28409357 0.30926312 0.30127285
 0.48478485]
26 4826.745589999115 [0.29485488 0.29473343 0.28951651 0.30402198 0.30982626 0.29278893
 0.48004613 0.28859422 0.81632955 0.2839649  0.30936729 0.30139818
 0.48504797]
27 3843.776588973133 [0.29468183 0.29447861 0.28942695 0.30432899 0.31010026 0.29233281
 0.47999654 0.28863581 0.816245   0.28381424 0.30938282 0.30152711
 0.48527637]
28 4470.153829261008 [0.29451618 0.29425932 0.2891215  0.30450801 0.31032479 0.29189008
 0.47992424 0.28868284 0.81602411 0.28378333 0.30931863 0.30175265
 0.48559727]
29 3637.4950620646655 [0.2943404  0.294086   0.28898639 0.30445869 0.31065983 0.29151037
 0.47985717 0.28873682 0.81587926 0.28372059 0.30934277 0.30192112
 0.48568089]
30 4140.920202847354 [0.29409423 0.2936693  0.28882127 0.30439886 0.31097892 0.2910447
 0.47980582 0.28883747 0.81576092 0.28355119 0.30917712 0.30220511
 0.48575389]
31 2490.726100784799 [0.29395249 0.29331352 0.28862326 0.30420647 0.31142383 0.29059956
 0.47982557 0.28877401 0.81567244 0.28324755 0.30897474 0.30257266
 0.48587715]
32 2930.781231803739 [0.29379388 0.29288737 0.28829603 0.30399956 0.31177278 0.29005536
 0.47987105 0.28879897 0.8156486  0.28298215 0.30865096 0.30292722
 0.4861536 ]
33 2430.6446533568856 [0.29364976 0.29257149 0.28797609 0.30385086 0.31211772 0.2896486
 0.47979452 0.28884691 0.81564291 0.28266619 0.30818614 0.3034824
 0.4863695 ]
34 3040.0707389677655 [0.29356007 0.29222512 0.28777703 0.30378311 0.31245681 0.2893201
 0.47961689 0.28876971 0.8155133  0.2825115  0.30775772 0.30423926
 0.48632355]
35 2978.211165247851 [0.2934554  0.29164974 0.28756538 0.30381492 0.31288318 0.28886689
 0.47930855 0.28865061 0.81542323 0.28195279 0.30733451 0.30470397
 0.48632962]
36 2418.1196692574163 [0.29342055 0.29103233 0.28732182 0.30360573 0.31320978 0.2886526
 0.47883567 0.28861097 0.81539406 0.28142623 0.30671257 0.30507928
 0.48639736]
37 2662.9298118707925 [0.29336924 0.29052116 0.28709017 0.30361384 0.31344534 0.28821913
 0.47853108 0.28870747 0.81535669 0.28106432 0.30606953 0.3054422
 0.48657128]
38 1758.6161752751009 [0.29344101 0.29008159 0.28680409 0.3035035  0.31366075 0.28780331
 0.47831419 0.28875218 0.81539522 0.2808358  0.30568501 0.30593126
 0.48676379]
39 3560.8970048364713 [0.29354788 0.28960716 0.28660349 0.30331215 0.31383588 0.28740964
 0.47811659 0.28874923 0.8154497  0.28047609 0.30547308 0.30640018
 0.48694735]
40 2687.8803832652748 [0.29364068 0.28917107 0.28643662 0.30313168 0.31404121 0.28711972
 0.47793615 0.28875215 0.8154659  0.28015588 0.30520335 0.30672004
 0.48707717]
41 2705.062981939201 [0.29388332 0.28858896 0.28624007 0.30296374 0.31445278 0.28700866
 0.47787587 0.28908147 0.81551036 0.27992308 0.30515566 0.30732377
 0.4871877 ]
42 1612.90396445098 [0.2940101  0.28797199 0.28609092 0.30277072 0.31500629 0.28698467
 0.47777532 0.2893819  0.8155722  0.2796899  0.30506107 0.30783177
 0.48742032]
43 4615.011419700697 [0.29406155 0.28748394 0.28609845 0.30222375 0.31552571 0.28695922
 0.4778036  0.28953909 0.8155579  0.27944519 0.30489377 0.30822847
 0.48749561]
44 2106.469086428855 [0.29413723 0.28702183 0.28593758 0.30177083 0.31602169 0.28688424
 0.477824   0.28962372 0.81557009 0.27920972 0.30459406 0.30852865
 0.48751301]
45 2831.4779236656555 [0.29426866 0.28651477 0.28593217 0.30123648 0.31641158 0.28691871
 0.47788888 0.28980403 0.81543837 0.27903862 0.30417272 0.30882804
 0.48746237]
46 3299.273164668596 [0.29418969 0.28589122 0.28590111 0.3006755  0.31660802 0.28679827
 0.47784539 0.29005908 0.81537132 0.27889574 0.30383719 0.30939876
 0.48743268]
47 3007.276704377703 [0.29409578 0.28539146 0.28574911 0.30028528 0.31657396 0.28668828
 0.47783362 0.29029351 0.8153457  0.27874906 0.30347109 0.30991886
 0.48741894]
48 3313.3483203048963 [0.29399009 0.28486624 0.2856423  0.29988186 0.31656101 0.28659506
 0.4778877  0.29044906 0.81532048 0.27857128 0.30315166 0.31048727
 0.48747323]
49 3496.633323451284 [0.29405236 0.28438904 0.28562186 0.29944403 0.31670824 0.28650757
 0.47818864 0.29061576 0.81531613 0.27826463 0.30290176 0.31098757
 0.48739052]
50 2946.9195310016294 [0.29414443 0.28386553 0.28552453 0.29924909 0.31681316 0.28626873
 0.47841411 0.29076916 0.81529382 0.27799694 0.30270193 0.31135649
 0.48722454]
51 1907.6073769862119 [0.29427652 0.28358288 0.28534697 0.29909033 0.31688408 0.28611066
 0.47867976 0.29087305 0.81541889 0.27769583 0.30254138 0.31177897
 0.48702002]
52 1575.5762532676831 [0.29447883 0.28329607 0.28524191 0.29896597 0.31695327 0.28594911
 0.47891547 0.29118794 0.81556921 0.2775766  0.30223874 0.31211487
 0.48696185]
53 2659.4009498589335 [0.29463665 0.28297486 0.28526924 0.29884178 0.31709529 0.28579878
 0.47913457 0.29139292 0.81566987 0.27759765 0.30190164 0.31268266
 0.4869736 ]
54 2358.9775793219133 [0.2947992  0.28245008 0.28515576 0.29884865 0.31730496 0.28558997
 0.47929062 0.29168144 0.81573324 0.27757296 0.30136755 0.31309086
 0.48705689]
55 3443.5684130989885 [0.29495953 0.28206726 0.28518177 0.29889985 0.31746792 0.28528095
 0.47941645 0.29197731 0.8156807  0.27742717 0.30091402 0.31339391
 0.48718889]
56 2215.4348862331663 [0.29519635 0.28166447 0.28507222 0.2988504  0.31758042 0.28492721
 0.47936814 0.29233006 0.81554916 0.2772904  0.30048498 0.31379127
 0.48718676]
57 1594.8004083110404 [0.29545626 0.28135051 0.28503787 0.29892577 0.31742171 0.28479726
 0.47937665 0.29271334 0.8154753  0.27714209 0.29995828 0.31402227
 0.4872703 ]
58 2120.2529247013013 [0.29560959 0.28106518 0.28494731 0.29890528 0.31717531 0.28455945
 0.4792263  0.29312912 0.81535901 0.27707286 0.29950451 0.31428244
 0.48739766]
59 2113.6867967679664 [0.29566545 0.28064376 0.28491654 0.29889066 0.31707809 0.28433588
 0.47921782 0.29344212 0.81524289 0.27704755 0.29916021 0.31447457
 0.48756821]
60 1852.2829656751392 [0.29572748 0.28028614 0.28481293 0.29912788 0.31711605 0.28391378
 0.4793845  0.29357536 0.81520492 0.27692919 0.29872849 0.31463505
 0.48767661]
61 1858.1780985191554 [0.29584586 0.27973282 0.28476352 0.29931448 0.31684278 0.28352912
 0.47948446 0.29382471 0.81512956 0.27691088 0.29839212 0.31498294
 0.48783391]
62 1803.8500420599337 [0.29573384 0.27917707 0.2848526  0.29936685 0.31652609 0.2831307
 0.47954809 0.29404538 0.8150697  0.27710724 0.29822908 0.3152856
 0.48801889]
63 1530.5161201589558 [0.29559027 0.27859636 0.28499061 0.29919742 0.31627867 0.28266736
 0.47964363 0.29414083 0.81501682 0.27731061 0.29791911 0.31549972
 0.48833319]
64 2086.285744586098 [0.29548242 0.27811506 0.28516437 0.29915256 0.31582535 0.28220866
 0.47973366 0.29421483 0.81491925 0.27762254 0.29776886 0.31572882
 0.48873569]
65 1526.8422382822175 [0.29538344 0.27774642 0.28532647 0.29907529 0.31542613 0.28170123
 0.48005221 0.29434801 0.81475286 0.27791974 0.29782267 0.3159891
 0.48909199]
66 1013.320643553724 [0.29537381 0.27751124 0.28549715 0.2990229  0.31509797 0.28117089
 0.48026133 0.29446957 0.814559   0.2782778  0.2976498  0.31640133
 0.48926321]
67 1839.0935841242103 [0.29547917 0.2772733  0.28591002 0.29897614 0.31496032 0.28065715
 0.48051622 0.29450223 0.81435066 0.27857768 0.29730351 0.31677528
 0.48928857]
68 1317.856566325012 [0.29568258 0.27693386 0.2861611  0.29881438 0.31500893 0.28024878
 0.48093499 0.2947617  0.8142331  0.27870959 0.29691794 0.317203
 0.48930246]
69 1781.9874553794498 [0.29596069 0.27660094 0.28645312 0.2988272  0.31483979 0.28000719
 0.48139152 0.29503968 0.81414052 0.27886264 0.29656845 0.31763528
 0.48923526]
70 1850.2608765050395 [0.29614348 0.27620095 0.28661637 0.29897425 0.31458275 0.27973897
 0.48191767 0.29531178 0.81405528 0.27905618 0.29638959 0.317868
 0.48928156]
71 2192.485923166104 [0.29624163 0.27584848 0.28678051 0.29898368 0.3144058  0.27954786
 0.48234952 0.29548595 0.81401004 0.27904198 0.296243   0.31833067
 0.48930107]
72 2896.672847163889 [0.29634633 0.27539178 0.2868867  0.29910339 0.31435485 0.27938965
 0.48271013 0.29551471 0.81404555 0.27899257 0.29609991 0.31884598
 0.48931592]
73 1307.3305752330039 [0.29648907 0.27489603 0.28691695 0.29937533 0.3141116  0.27904814
 0.48304974 0.29564247 0.81408964 0.27887438 0.29604669 0.31946904
 0.48937286]
74 2322.9222016557014 [0.29658221 0.27429065 0.2869409  0.2994922  0.31366271 0.27860041
 0.48328894 0.29570902 0.814105   0.27883162 0.2959592  0.32019637
 0.48948672]
75 2652.719217243218 [0.29670123 0.2736689  0.28685673 0.29959519 0.31335627 0.27822766
 0.48348234 0.29581344 0.81407732 0.27881844 0.29580992 0.32085763
 0.48959433]
76 1541.0389621976879 [0.29670957 0.27310124 0.28677263 0.29975483 0.31294564 0.27787343
 0.48367933 0.29601338 0.81405101 0.27885313 0.29562097 0.32151861
 0.48966419]
77 2880.102467712623 [0.29673791 0.27253269 0.28670057 0.29992665 0.31250317 0.27735674
 0.48379249 0.29587569 0.81402391 0.27902902 0.29553296 0.32190481
 0.48967811]
78 2043.586718535004 [0.29659871 0.27211755 0.28662453 0.30011001 0.31231568 0.27691243
 0.48378374 0.2959425  0.81407244 0.27918254 0.2954093  0.32235519
 0.4897739 ]
79 934.2238783241668 [0.29643381 0.27172418 0.2863579  0.30022662 0.31190273 0.27661862
 0.48373144 0.29588052 0.81419932 0.279251   0.29531035 0.32275429
 0.48987206]
80 2615.0554720455884 [0.29611474 0.27144859 0.28617308 0.30030166 0.31141084 0.27626871
 0.48373131 0.29576357 0.8142183  0.27925811 0.29544301 0.32308733
 0.49008149]
81 2344.7414360526436 [0.29579188 0.27114014 0.28598672 0.30053438 0.31072063 0.27620222
 0.48369732 0.2956441  0.81430058 0.27927453 0.29550694 0.32333532
 0.4903214 ]
82 2055.9105589323535 [0.2953876  0.27084698 0.28572774 0.30089935 0.31002329 0.27609138
 0.483572   0.29536127 0.81439691 0.27922428 0.29574207 0.32352062
 0.49060466]
83 1519.1994359781017 [0.2949053  0.2706451  0.28548808 0.30117481 0.30957922 0.27590393
 0.48333963 0.29517658 0.81450427 0.27914606 0.29573637 0.32347463
 0.4908968 ]
84 986.4602598556135 [0.29428461 0.27031609 0.28530113 0.30152484 0.30921697 0.27567924
 0.48300113 0.29501242 0.81462949 0.27907926 0.29573243 0.32339191
 0.49084037]
85 1783.8890997013364 [0.29363071 0.27016784 0.28516727 0.30182834 0.3089928  0.27538197
 0.48265265 0.29478164 0.81467771 0.27906412 0.29585143 0.32356822
 0.49075295]
86 1223.6516081587956 [0.29296172 0.2700322  0.28492434 0.30208166 0.30869417 0.27512598
 0.48235714 0.29448996 0.81473527 0.27893463 0.29601093 0.32396982
 0.49084935]
87 614.3047904537577 [0.29238416 0.26984159 0.28482477 0.30228552 0.30831026 0.27482338
 0.48215682 0.2941819  0.8148672  0.27879735 0.29625682 0.32450542
 0.4908989 ]
88 1184.4370382518202 [0.29174244 0.26967257 0.28486325 0.3025388  0.30776883 0.27447095
 0.48189605 0.29389088 0.81495013 0.27882895 0.29645119 0.3250797
 0.49120834]
89 1766.6752693290682 [0.29118227 0.26955509 0.28484686 0.30288597 0.30725641 0.27402878
 0.48171434 0.29365834 0.81503616 0.27883442 0.29661902 0.32558454
 0.49151436]
90 641.409873586049 [0.29055615 0.26935916 0.2848089  0.30330164 0.30692156 0.27363548
 0.48168618 0.29334698 0.8151416  0.27899832 0.29657128 0.32576682
 0.49178343]
91 908.650195867004 [0.29000138 0.26916874 0.28469148 0.30360096 0.30671316 0.27327904
 0.48178631 0.29296351 0.81525271 0.2791858  0.29677487 0.32599562
 0.49218155]
92 1443.7786288874395 [0.28944045 0.26902484 0.28454155 0.30378487 0.30649446 0.27309587
 0.48190623 0.29261725 0.81519116 0.27922941 0.29718191 0.32599262
 0.49252452]
93 848.7267583020572 [0.28908175 0.26889589 0.28453588 0.30393459 0.30627282 0.27294796
 0.48189794 0.2923607  0.81509042 0.2791432  0.29769619 0.3263555
 0.49279558]
94 1194.6981217332127 [0.28863976 0.26880129 0.2845924  0.30410811 0.30609759 0.27283236
 0.48187753 0.292139   0.81503178 0.27901795 0.29795841 0.32663452
 0.49290529]
95 1175.4024417225964 [0.28827633 0.26869989 0.28471575 0.30413758 0.30592947 0.27279022
 0.48181673 0.29205929 0.81496519 0.27906786 0.29809874 0.32689479
 0.4930667 ]
96 1164.7601297102976 [0.28802272 0.26857111 0.28487558 0.30402517 0.30582901 0.27265574
 0.4818019  0.29195519 0.81494588 0.27918272 0.29819148 0.32711698
 0.49317642]
97 1687.0932240563466 [0.28786796 0.26850788 0.2849358  0.30381006 0.30582223 0.27257651
 0.4818526  0.29176426 0.8149832  0.27924585 0.29840443 0.32723527
 0.49341205]
98 899.78303383854 [0.28783282 0.26826121 0.28504971 0.30366243 0.3057186  0.27249862
 0.48207939 0.2917966  0.81500222 0.27920521 0.29836238 0.32749311
 0.49365724]
99 901.2956357280577 [0.2878727  0.26796069 0.28527276 0.30352151 0.30545035 0.27252919
 0.48230066 0.29164344 0.81515094 0.27920156 0.29834088 0.32781814
 0.49379781]
100 882.3787190071575 [0.28798202 0.26771588 0.28543409 0.30334137 0.30535674 0.27253894
 0.48241088 0.29150261 0.81526353 0.27919995 0.2982049  0.32808312
 0.49400012]
101 1716.2560125476339 [0.28818235 0.26749236 0.28544038 0.30298357 0.30518257 0.27246485
 0.482617   0.29137965 0.81541543 0.27922431 0.29808761 0.32845835
 0.49414425]
102 1183.9034874561953 [0.2883824  0.26731007 0.28533389 0.30241818 0.30506442 0.27243351
 0.48272105 0.29138277 0.81552592 0.27909157 0.29788177 0.32888282
 0.49418068]
103 1156.1766130473325 [0.28854707 0.26711708 0.28536016 0.30182576 0.30493337 0.27250281
 0.48269455 0.29134787 0.81560992 0.27897623 0.29753959 0.32942673
 0.49412451]
104 1416.3479215412199 [0.28874878 0.26691929 0.28524744 0.30129191 0.30489002 0.27263789
 0.48268142 0.29149041 0.81562206 0.27891528 0.29722638 0.3298982
 0.49389574]
105 1132.630750111798 [0.28890168 0.266676   0.28517749 0.30096699 0.30489521 0.27258003
 0.48273478 0.29169227 0.81558957 0.27878193 0.29698256 0.33060787
 0.49364435]
106 1516.1411859725881 [0.28898979 0.2665782  0.28508472 0.30065797 0.30475467 0.27243419
 0.48262981 0.29184909 0.8155717  0.2785549  0.29678859 0.33126887
 0.49351059]
107 936.1491305204206 [0.28897534 0.26637256 0.2849041  0.30037486 0.30477295 0.27241954
 0.48245358 0.29192385 0.81554056 0.27840147 0.29673542 0.33184652
 0.49350993]
108 894.1390941653324 [0.28905499 0.26618221 0.28480435 0.30010072 0.30483969 0.27244171
 0.48233242 0.29208624 0.81556191 0.27821303 0.29666671 0.33228027
 0.49340859]
109 1170.2972927959186 [0.28921763 0.26613194 0.28471612 0.29982082 0.30489711 0.27241691
 0.48211897 0.29224674 0.81542412 0.27804184 0.29675774 0.33255119
 0.49339677]
110 667.9277700724069 [0.28930424 0.26580088 0.28461464 0.2995496  0.30485489 0.27251913
 0.48195701 0.29224458 0.81540865 0.27781125 0.29681052 0.33272584
 0.49346176]
111 1142.1078530246339 [0.28948741 0.26556923 0.28456074 0.29942089 0.30489095 0.27265543
 0.48165091 0.29222327 0.8153712  0.27769797 0.29680894 0.33285302
 0.49327898]
112 1399.1531425664766 [0.28964369 0.26535256 0.28440944 0.2992745  0.30491939 0.2728041
 0.48129286 0.29219621 0.81542701 0.27754765 0.29670474 0.33289626
 0.49302423]
113 901.6650231273914 [0.28959496 0.26505476 0.28448798 0.29901928 0.30498098 0.27283076
 0.48094027 0.29232754 0.81552234 0.27718247 0.29665997 0.33307603
 0.49271443]
114 597.5390530793977 [0.2894569  0.26475387 0.28444436 0.29886806 0.30497942 0.27285104
 0.48068367 0.29251295 0.81557915 0.27685168 0.2967025  0.33334497
 0.49237328]
115 624.2222859522952 [0.28943023 0.26442824 0.28444727 0.29863629 0.30492692 0.27280653
 0.48042018 0.29277914 0.81559513 0.2765031  0.2968602  0.33347858
 0.49197626]
116 1200.4131735024266 [0.28922081 0.26409418 0.28458986 0.29834725 0.30488545 0.27268992
 0.48008886 0.29296372 0.81570697 0.27624276 0.29684648 0.33336459
 0.49179053]
117 1089.7192746111796 [0.28901305 0.26382013 0.2848818  0.29805571 0.30464055 0.27259111
 0.47980293 0.29315459 0.81579279 0.27616027 0.29693859 0.33319372
 0.49187148]
118 1322.696992443664 [0.28883134 0.26332847 0.28516405 0.29792476 0.30472948 0.2725317
 0.47961952 0.29333041 0.81587297 0.27621827 0.29680834 0.33279135
 0.49196266]
119 1132.8264623308114 [0.28887163 0.26282881 0.28544024 0.29787827 0.30499768 0.27249158
 0.47944092 0.2935996  0.81599751 0.276177   0.29695236 0.33245655
 0.49198695]
120 611.8908102337589 [0.28892087 0.26236242 0.28563297 0.29757173 0.3052223  0.27244752
 0.47928546 0.29376837 0.81613344 0.27609407 0.29699389 0.33228155
 0.49200084]
121 1098.363581647539 [0.2889482  0.26203442 0.28602303 0.29731403 0.30543529 0.27233593
 0.47923126 0.29396251 0.81632304 0.27585532 0.29710075 0.33198803
 0.49189593]
122 534.5601921140208 [0.2891088  0.26177553 0.28619974 0.29711144 0.30560084 0.27226947
 0.47917915 0.2941073  0.81650774 0.27535126 0.2970892  0.33192086
 0.49183088]
123 857.3575525504579 [0.28941786 0.26154355 0.28629795 0.29672821 0.30561999 0.27223513
 0.47927974 0.294219   0.81672383 0.27499123 0.29708817 0.33193773
 0.49197343]
124 1363.559467921495 [0.28975379 0.26129747 0.28631349 0.29638872 0.30562583 0.27223288
 0.47949111 0.29431127 0.81690893 0.27473603 0.2970707  0.33167273
 0.49191328]
125 496.8398902888674 [0.29016237 0.26110914 0.28629361 0.29641849 0.30585705 0.27211211
 0.47979659 0.29441497 0.81708115 0.27462347 0.29701233 0.3313443
 0.49183378]
126 769.0290012678531 [0.29055592 0.26098588 0.28630549 0.29644913 0.30609896 0.27190092
 0.48010927 0.29425131 0.81736575 0.27454256 0.29695412 0.33103878
 0.49182508]
127 487.94449477398086 [0.29087139 0.26089986 0.28619866 0.29647494 0.30641266 0.2716763
 0.48024914 0.29413783 0.81765955 0.27449697 0.29692222 0.33043492
 0.49201462]
128 483.0058932602185 [0.29106636 0.26072205 0.28598872 0.29661094 0.30664126 0.2714331
 0.48026114 0.29389258 0.81790645 0.27447106 0.29691152 0.32975829
 0.49210523]
129 462.9985000762264 [0.2912667  0.26044719 0.28560748 0.29663046 0.30681066 0.27121808
 0.48031676 0.29371159 0.81812936 0.27448095 0.29702889 0.32925828
 0.49221597]
130 474.9388033632762 [0.29130919 0.26027248 0.28527005 0.29667068 0.3068529  0.27104208
 0.48036253 0.29357604 0.81833201 0.27435726 0.29712559 0.32881947
 0.49233502]
131 769.1516514282717 [0.29104894 0.25989099 0.28474018 0.29677252 0.3068613  0.27085586
 0.48042485 0.29328194 0.81851241 0.2741358  0.29739041 0.32837253
 0.49244947]
132 455.22110671235185 [0.29086762 0.25962384 0.28412098 0.29674236 0.30661789 0.27066312
 0.48065371 0.2929727  0.81865396 0.27392387 0.29775828 0.32784645
 0.49248917]
133 704.103912754875 [0.2906581  0.25945009 0.28340228 0.29668508 0.30615596 0.27034312
 0.48098871 0.29250075 0.81876772 0.2737723  0.29821231 0.32750815
 0.49265772]
134 712.3826424122694 [0.2905193  0.2591753  0.28278833 0.29666672 0.30559477 0.27010906
 0.48121078 0.29192784 0.81897401 0.27363687 0.29875163 0.32727747
 0.49279065]
135 677.7318975381442 [0.29034242 0.25890976 0.2822122  0.29661652 0.3049952  0.26985704
 0.48146683 0.29146834 0.8192     0.27342793 0.29930529 0.32689091
 0.49297213]
136 437.4818185126164 [0.29002044 0.25866302 0.2815404  0.29664165 0.30442717 0.26962161
 0.48165403 0.29107049 0.8194347  0.27335123 0.29971389 0.32649198
 0.49310168]
137 730.1917948815648 [0.28971681 0.25833394 0.2810262  0.29665653 0.30384225 0.2695419
 0.48182567 0.29069848 0.81963911 0.27318013 0.30017065 0.32611322
 0.49327484]
138 457.93311583846526 [0.28959363 0.25813742 0.28045429 0.29690591 0.30335665 0.26925224
 0.48182074 0.29032193 0.81985506 0.27311687 0.30057184 0.32568083
 0.49361152]
139 752.507793780607 [0.28957995 0.25792062 0.27989189 0.29713057 0.30266838 0.26890776
 0.48189544 0.29008787 0.81995877 0.27309045 0.30109948 0.32518071
 0.4939301 ]
140 699.0215095369886 [0.28939516 0.25774269 0.27935024 0.29732055 0.30205044 0.26864549
 0.48202075 0.28992547 0.82003595 0.27306111 0.30146826 0.32465698
 0.49431489]
141 746.4170347485519 [0.28929058 0.25761606 0.27873772 0.29736752 0.30152548 0.26809174
 0.48212553 0.28975228 0.82012576 0.27290654 0.30170184 0.32409699
 0.49456657]
142 1032.97423323021 [0.28926699 0.25748058 0.27828029 0.29750132 0.30105334 0.26770462
 0.48193761 0.28971557 0.81993704 0.27270665 0.30171361 0.32346658
 0.49478236]
143 483.48807045810554 [0.28926781 0.25736868 0.27777335 0.29755951 0.30035421 0.26701821
 0.48168257 0.28969005 0.81972604 0.27261923 0.30171321 0.32293677
 0.49509655]
144 708.2958633342639 [0.28938468 0.25711176 0.27726958 0.29745534 0.29982922 0.26624423
 0.48126356 0.289844   0.81952732 0.27243325 0.30181659 0.32253166
 0.49537556]
145 717.6209005865956 [0.28947301 0.25680069 0.27675386 0.297368   0.29934358 0.26550713
 0.48084632 0.28989807 0.81936464 0.27246403 0.30191055 0.32210826
 0.49564992]
146 731.2159969934709 [0.28949928 0.25641141 0.27615393 0.29691949 0.29891433 0.26484379
 0.48046031 0.29008759 0.81924019 0.27245292 0.30199666 0.32152983
 0.4959947 ]
147 987.1123453130938 [0.28953783 0.25607849 0.27557669 0.29649754 0.29838134 0.26419453
 0.48002215 0.29019371 0.81918363 0.27267648 0.30216816 0.32089854
 0.49653948]
148 393.8519415958441 [0.28964533 0.25583499 0.2749315  0.29618734 0.29794236 0.2635259
 0.47967788 0.2903868  0.81917801 0.27314419 0.3023178  0.32053948
 0.49667942]
149 754.2386713685371 [0.28968777 0.25573821 0.27429381 0.29574042 0.29758385 0.26297327
 0.47944159 0.2905778  0.81918727 0.27366382 0.30242523 0.32036886
 0.49683803]
150 702.0429243521424 [0.28962636 0.25575443 0.27363608 0.29521352 0.29709555 0.26242382
 0.47925202 0.29095161 0.81911725 0.27396296 0.30233696 0.32005606
 0.49710714]
151 424.64476009702787 [0.28975254 0.25587482 0.27304566 0.29486075 0.29671526 0.26186036
 0.47895954 0.29130428 0.81909539 0.27425409 0.30216606 0.31949964
 0.49745853]
152 689.4813088479659 [0.28963784 0.25595879 0.27262045 0.29443165 0.2964678  0.2613429
 0.47873348 0.29143955 0.81908184 0.2745133  0.30204924 0.31898701
 0.49790693]
153 722.1590629186967 [0.28962545 0.25595511 0.27243438 0.29411554 0.29619812 0.26084505
 0.47854285 0.29149762 0.81905368 0.27463726 0.30188604 0.31862934
 0.49832517]
154 481.7566748450721 [0.28970868 0.25584032 0.27233221 0.29375158 0.29579963 0.26042889
 0.47839017 0.29154976 0.81900107 0.2745571  0.30171524 0.31822679
 0.49859967]
155 703.3421591578913 [0.28973082 0.2557703  0.27224059 0.29336025 0.29555268 0.26005912
 0.4782819  0.29176286 0.81895839 0.2745523  0.30165765 0.31791891
 0.4989475 ]
156 436.84029846905213 [0.28968802 0.25570038 0.27215771 0.29310449 0.29543592 0.259682
 0.47830533 0.29188664 0.81894901 0.27456047 0.30153801 0.31762651
 0.49925365]
157 698.8311680882808 [0.2895567  0.25562049 0.27204999 0.29294508 0.29528483 0.25933927
 0.4783122  0.29210726 0.81895384 0.27447186 0.30130993 0.31742213
 0.49968639]
158 387.5252603603245 [0.28944966 0.25563518 0.27183215 0.29289926 0.29512017 0.2591161
 0.47832249 0.2922312  0.81890478 0.27425447 0.30120711 0.31742614
 0.50013288]
159 433.146892469504 [0.28941103 0.25566959 0.27152969 0.29292247 0.29494618 0.25894344
 0.4782664  0.29255764 0.81889352 0.27414355 0.30106399 0.3175408
 0.50065859]
160 379.9872184829029 [0.28942133 0.25573563 0.27134784 0.29298078 0.29477446 0.25880248
 0.47815098 0.29292409 0.81895975 0.27403328 0.30089626 0.31765202
 0.50129136]
161 677.1845397079269 [0.28944303 0.25583677 0.27096665 0.29300135 0.29457962 0.25863229
 0.47790582 0.29313956 0.81906122 0.27380085 0.30071264 0.31783599
 0.5019427 ]
162 393.38482576913 [0.28929648 0.2559999  0.27067875 0.29307813 0.29417038 0.25855515
 0.47761845 0.29312802 0.81920433 0.27361592 0.30049918 0.31787753
 0.5026188 ]
163 399.5270539646564 [0.28902416 0.25609455 0.27044797 0.29316259 0.29379723 0.25852123
 0.47728247 0.29334109 0.81946517 0.2734647  0.30027583 0.31808876
 0.50326109]
164 410.428594459454 [0.28868152 0.25621202 0.27026873 0.29337314 0.29355422 0.25846083
 0.47701518 0.29350066 0.81963086 0.27319175 0.30027171 0.31828295
 0.50398449]
165 447.5445224244895 [0.28862372 0.25638903 0.27015387 0.29339155 0.29338073 0.25825979
 0.47660296 0.29376438 0.81986071 0.27285926 0.30026969 0.31845795
 0.5045337 ]
166 422.6664658335088 [0.28849065 0.25654014 0.27017362 0.29337667 0.29323259 0.25806019
 0.4763251  0.29404008 0.82007595 0.27271494 0.30045985 0.31856186
 0.50505692]
167 334.1002080315979 [0.28814087 0.25671943 0.27015421 0.29366963 0.2930026  0.25802108
 0.47592365 0.29427125 0.82029991 0.27260907 0.30054174 0.31866083
 0.50551529]
168 348.68430368600434 [0.28788822 0.25683128 0.2700092  0.29402227 0.29275244 0.25795432
 0.4755054  0.29439937 0.82046589 0.27242498 0.30071759 0.31882506
 0.50593819]
169 640.4363404716212 [0.28767291 0.25694733 0.26982619 0.29439358 0.29246694 0.25783432
 0.47522703 0.29457454 0.8205232  0.27210653 0.30090673 0.31897023
 0.50625639]
170 641.4986922658466 [0.28739523 0.25700287 0.26966915 0.29474668 0.29217914 0.25777507
 0.47487169 0.29475814 0.82050481 0.27195333 0.30098416 0.31908328
 0.506626  ]
171 367.5730056731444 [0.28724871 0.25708436 0.26973527 0.29514853 0.29184965 0.25760748
 0.47453143 0.29500338 0.82049802 0.27195486 0.30128942 0.319082
 0.50700478]
172 335.24323271656 [0.28710533 0.25706801 0.26976765 0.29546561 0.2915408  0.25732146
 0.47427208 0.2951834  0.82055162 0.27210626 0.30156237 0.31923016
 0.50733782]
173 333.5159373900275 [0.28708801 0.25678773 0.27009547 0.29579547 0.29121992 0.25715279
 0.4742344  0.2955139  0.82045858 0.27205478 0.30158286 0.31918695
 0.50753143]
174 601.0855314454038 [0.28704457 0.25670835 0.27039063 0.29607094 0.29084933 0.25709374
 0.47424292 0.2957785  0.82038148 0.27189951 0.30154541 0.31912869
 0.50762352]
175 305.4608997130608 [0.28694368 0.25636989 0.27073523 0.2961367  0.29041638 0.25706835
 0.47441906 0.29566974 0.82033532 0.27180558 0.3015235  0.31908652
 0.50772684]
176 314.919118622287 [0.28676309 0.25590244 0.27115169 0.29611797 0.28983623 0.25701001
 0.47465009 0.29560403 0.82020171 0.27182784 0.30139612 0.31900335
 0.50754281]
177 298.054902050647 [0.28660922 0.25547342 0.27144907 0.29620375 0.28906549 0.25676048
 0.4748562  0.2955297  0.82011886 0.27175264 0.30141901 0.31890896
 0.50699152]
178 278.20089597388454 [0.28635038 0.2550001  0.27178219 0.29634792 0.28832504 0.2565559
 0.47496378 0.29553692 0.81993703 0.27175782 0.30141975 0.31898334
 0.50637412]
179 601.5679896211853 [0.2861445  0.25466957 0.27186424 0.29659055 0.28737704 0.25637223
 0.47498464 0.29541895 0.81971982 0.27197887 0.30132536 0.31924022
 0.50582614]
180 590.598466174485 [0.28603369 0.25437909 0.2719176  0.29676242 0.28638347 0.2563291
 0.47488429 0.29528328 0.81937423 0.27218839 0.30122194 0.31970682
 0.50547369]
181 267.62743789341187 [0.28562232 0.25424374 0.27189357 0.29667585 0.28532947 0.25623632
 0.47483855 0.29509574 0.819193   0.27241112 0.30076241 0.32009966
 0.5050641 ]
182 240.79764212365006 [0.2853124  0.25414385 0.27209631 0.29656078 0.28446695 0.25614699
 0.47478197 0.29501964 0.81906334 0.27258063 0.30024162 0.32026358
 0.50456634]
183 850.0475571966092 [0.28495153 0.25400249 0.27231563 0.29651042 0.28355644 0.25608076
 0.47458098 0.295008   0.81887752 0.27276492 0.29975741 0.32047209
 0.50438017]
184 226.52647764036442 [0.28464218 0.25366137 0.27243101 0.29638754 0.2826879  0.25614051
 0.47444228 0.29488265 0.81865214 0.27288182 0.29922124 0.32069279
 0.50399902]
185 576.7813564012044 [0.28436249 0.25341126 0.27267642 0.29643999 0.28195345 0.25612788
 0.47435968 0.29486057 0.81838723 0.27293037 0.29861611 0.32084153
 0.50373445]
186 269.21519480577143 [0.28409064 0.25317808 0.27292376 0.29658925 0.28144759 0.25605369
 0.47425922 0.29478595 0.81806279 0.27289972 0.29796808 0.32088843
 0.50340336]
187 292.83209846007117 [0.28402263 0.2528212  0.27307738 0.2966294  0.28100856 0.25599507
 0.4742773  0.29463672 0.81790156 0.27292383 0.29746226 0.32075516
 0.50314058]
188 268.1148971262885 [0.28385992 0.25270759 0.27321533 0.29662682 0.28071457 0.25584952
 0.4743747  0.29445252 0.8176882  0.27294283 0.29689989 0.320798
 0.50273089]
189 270.1860741637744 [0.28366312 0.2524456  0.27326814 0.29658041 0.28035987 0.25566297
 0.47435751 0.29435105 0.81748603 0.27302583 0.29646554 0.32063974
 0.5022784 ]
190 276.2753542440887 [0.28342836 0.252268   0.27338228 0.2966367  0.28004002 0.25539537
 0.47436032 0.29431686 0.81729604 0.27317146 0.29605053 0.32045033
 0.50186672]
191 546.2931557391701 [0.28324789 0.25201147 0.27352204 0.29655407 0.27976358 0.25516788
 0.47441303 0.29429162 0.81702009 0.27325492 0.2955555  0.3202446
 0.50157254]
192 282.0066214129754 [0.2829718  0.25179851 0.27349829 0.29637496 0.279467   0.2548462
 0.47450598 0.29431281 0.81686513 0.27307247 0.29532119 0.32008797
 0.50135854]
193 245.9019721742638 [0.28282161 0.25151472 0.27341926 0.29609975 0.27921883 0.25454434
 0.47454197 0.29435273 0.81670792 0.27301415 0.29510685 0.31981679
 0.50121329]
194 238.79774987530692 [0.28286754 0.2511866  0.27328607 0.29578892 0.27894898 0.25429919
 0.4744463  0.29445879 0.81655945 0.2729501  0.29495242 0.31959751
 0.50096624]
195 213.04622831289754 [0.28299117 0.25078029 0.27331133 0.29544787 0.27855821 0.254176
 0.47429087 0.29458604 0.81644974 0.27290639 0.29484215 0.31945335
 0.50078865]
196 227.5890235743994 [0.28319151 0.25039418 0.27324191 0.29506799 0.27816483 0.25399323
 0.47424014 0.29470928 0.81643696 0.27294772 0.29473761 0.31936994
 0.50082932]
197 213.12134828562637 [0.28333299 0.24991628 0.27325324 0.29475238 0.27788868 0.25375748
 0.47415452 0.2947839  0.81644634 0.27297405 0.29469362 0.31918723
 0.50085783]
198 218.21508861038086 [0.28356969 0.2495237  0.27319896 0.29445678 0.27769592 0.2534596
 0.47417933 0.29493865 0.81643759 0.27307458 0.29471756 0.31884695
 0.5007093 ]
199 204.81723950399208 [0.2834769  0.2492703  0.27301855 0.29389915 0.27724485 0.25299389
 0.4741522  0.29492639 0.81640492 0.27307642 0.29503896 0.31872663
 0.50060622]
200 242.29743930675136 [0.2834622  0.24912072 0.27297874 0.29354633 0.27694324 0.25245764
 0.47412672 0.29478483 0.81636149 0.27298241 0.29527862 0.31876799
 0.50063855]
201 798.4396619037651 [0.28337863 0.24881042 0.27274831 0.29307227 0.27668244 0.25187544
 0.47402374 0.29481246 0.81637821 0.27298122 0.29552632 0.31882748
 0.50065817]
202 237.12656722245703 [0.28330391 0.24845312 0.27248798 0.29278731 0.27646819 0.25140188
 0.47400022 0.29491701 0.81642299 0.27291971 0.29560395 0.31911318
 0.50071176]
203 530.3114849660326 [0.28325467 0.24809654 0.27222779 0.29265632 0.27637199 0.25101218
 0.47404555 0.29499416 0.8165186  0.27276755 0.29567816 0.319347
 0.50069567]
204 259.11972905203095 [0.28316865 0.24771599 0.27195808 0.29268821 0.27627192 0.25065913
 0.47398092 0.29493624 0.81660897 0.27255715 0.29575241 0.31941551
 0.5007136 ]
205 233.93914932690308 [0.28295519 0.24727155 0.27175592 0.29250714 0.27614076 0.25027548
 0.47388546 0.29478104 0.81667973 0.27224037 0.29595136 0.31953387
 0.50089467]
206 263.26944908643003 [0.28247785 0.24684737 0.27148669 0.29239583 0.27589543 0.24996039
 0.47376349 0.29481257 0.8168167  0.27197565 0.29605205 0.31963244
 0.50106264]
207 1078.0597948757666 [0.28192234 0.2462804  0.27105092 0.29268401 0.27563264 0.24959823
 0.47377952 0.29494898 0.81695144 0.27171617 0.29624989 0.31972401
 0.50135675]
208 290.2762097065788 [0.28132288 0.24562755 0.27066597 0.29313627 0.27518787 0.24929196
 0.47374848 0.29488386 0.81710763 0.27131984 0.29657043 0.31977994
 0.50154613]
209 276.1955287925398 [0.28091189 0.24492977 0.27013695 0.29355562 0.274649   0.24901454
 0.47369722 0.29478701 0.81730235 0.27088971 0.29673511 0.31998064
 0.50178943]
210 259.6200229537851 [0.28050404 0.24426653 0.2694943  0.29393657 0.2741452  0.24866447
 0.47353045 0.29461776 0.81757412 0.27034613 0.29699468 0.32006909
 0.50185504]
211 237.7237251974384 [0.28009737 0.24378307 0.26888065 0.29434771 0.27371426 0.24829628
 0.47337397 0.29444777 0.81783685 0.26979599 0.29731739 0.32023504
 0.50179976]
212 291.1199105828668 [0.27986677 0.24339229 0.2683017  0.29462093 0.27332506 0.24793779
 0.47316999 0.29419469 0.81812693 0.26933969 0.29761314 0.32025046
 0.50179227]
213 235.83971267090936 [0.27987672 0.24298891 0.26777575 0.29479522 0.27309432 0.24765573
 0.47307025 0.29383962 0.81841686 0.26892359 0.29810708 0.3201717
 0.50177771]
214 536.6149940203486 [0.27995801 0.24263166 0.26732358 0.29509026 0.2728893  0.24730233
 0.47300141 0.29364774 0.81866599 0.26851568 0.29866313 0.32017982
 0.50193571]
215 303.61208391351767 [0.28010681 0.24235128 0.26689971 0.29533388 0.27266759 0.24708054
 0.47287723 0.29337765 0.81878125 0.26806947 0.29910746 0.32023603
 0.50204626]
216 245.10608957506327 [0.28006768 0.24213411 0.26655611 0.29559108 0.27240403 0.24688644
 0.47278026 0.29311701 0.81891476 0.26758968 0.29957136 0.32018938
 0.50216063]
217 243.1036703097496 [0.28000019 0.24180501 0.26627385 0.2957462  0.27205351 0.24667211
 0.47259134 0.29288225 0.8189286  0.26710017 0.30007915 0.32026094
 0.50219562]
218 550.0579884080366 [0.27990829 0.24149099 0.26592516 0.29562336 0.27169028 0.24647126
 0.47238007 0.29262224 0.81905896 0.26660707 0.30055936 0.32036175
 0.50215501]
219 553.069269709739 [0.2798539  0.2412598  0.26565262 0.29560517 0.27152861 0.24614614
 0.47217975 0.29239791 0.81914641 0.26620526 0.30108528 0.32050873
 0.50216292]
220 196.03859010404534 [0.27975242 0.24101038 0.26530938 0.29560665 0.27129866 0.24587376
 0.4721697  0.29233742 0.81913567 0.26594055 0.30172379 0.320664
 0.50206881]
221 204.29743941625122 [0.27961647 0.2406555  0.26490506 0.29572912 0.27111797 0.24549773
 0.47213527 0.29203948 0.81923844 0.26569747 0.30236555 0.32080232
 0.50168992]
222 221.4961651082607 [0.27949245 0.24039357 0.26464504 0.29609578 0.27100992 0.24511121
 0.47212824 0.29170443 0.81935045 0.26543993 0.30285913 0.32089326
 0.5013324 ]
223 225.03427614624923 [0.27934129 0.24009137 0.26448895 0.29651086 0.27095118 0.24471241
 0.4722087  0.2913329  0.81946905 0.26540295 0.30330256 0.32082169
 0.50108188]
224 251.96549695144472 [0.27914581 0.23983559 0.26424591 0.29682202 0.27087619 0.24434246
 0.47235752 0.29097127 0.81964299 0.26541024 0.30358294 0.32067142
 0.50088999]
225 196.94240729106087 [0.27897145 0.23956874 0.26407701 0.29716769 0.27086306 0.24400912
 0.47233648 0.29050257 0.81992125 0.26546219 0.30393647 0.32054685
 0.50065959]
226 193.35750516969085 [0.27860966 0.23933911 0.26394892 0.29724561 0.27084777 0.24364571
 0.47217217 0.29017249 0.82012739 0.26565924 0.30398825 0.32011947
 0.50052128]
227 195.9846894593441 [0.27836607 0.23915201 0.26388681 0.29717944 0.2707234  0.24340757
 0.47202595 0.28998812 0.82037159 0.26572966 0.30404846 0.31962296
 0.50040846]
228 173.32186693667262 [0.27790313 0.23904343 0.26383409 0.29711356 0.27063828 0.24318737
 0.47197302 0.28979938 0.82051642 0.26577058 0.30414145 0.31930549
 0.50020414]
229 187.36714999031193 [0.27750733 0.2389964  0.26374918 0.29715221 0.27066412 0.24299546
 0.47194117 0.28957314 0.82066635 0.26581826 0.30419662 0.31902728
 0.49994083]
230 479.2659473384365 [0.27703925 0.23884967 0.2638289  0.29731669 0.27078756 0.24265526
 0.47188294 0.28937536 0.82067379 0.26585751 0.30438352 0.31870789
 0.49990454]
231 185.5940689990859 [0.27647479 0.23867872 0.26405083 0.29770547 0.27090782 0.24233161
 0.47170901 0.28914178 0.82080382 0.2656523  0.30458613 0.31835681
 0.50000861]
232 165.13517746702365 [0.27587866 0.23848759 0.26413718 0.29795888 0.27088154 0.2421454
 0.47152016 0.28876711 0.82111935 0.26559505 0.30469482 0.31803201
 0.50007164]
233 186.84242260567885 [0.27527327 0.23828888 0.26418192 0.29818501 0.27075524 0.24196428
 0.47150592 0.2884675  0.8213962  0.26566977 0.30487044 0.31759266
 0.50010213]
234 203.90134716399814 [0.27465472 0.23807995 0.26417423 0.29819435 0.27049351 0.24170477
 0.47151426 0.28826831 0.82164487 0.26586306 0.30488616 0.31720247
 0.50009177]
235 467.88390443258584 [0.2742107  0.23790621 0.26411787 0.29803848 0.27027557 0.24140935
 0.47146905 0.28825591 0.82197005 0.26609125 0.30493013 0.31688855
 0.50000283]
236 174.38469220901996 [0.27383149 0.23764384 0.2639552  0.29794549 0.27003012 0.24112897
 0.47136043 0.28837155 0.82218128 0.26644908 0.30510303 0.31647393
 0.5000076 ]
237 197.92501732160946 [0.27360005 0.23727997 0.26386383 0.29795385 0.26972843 0.24086494
 0.47123301 0.28830209 0.8224199  0.26666202 0.30529413 0.31601947
 0.49996608]
238 506.36649740445216 [0.27338071 0.23696592 0.26357718 0.29800279 0.26941392 0.24041443
 0.47125075 0.28801317 0.82259484 0.26677858 0.30551841 0.31562208
 0.49989495]
239 189.859870666553 [0.27319039 0.23653255 0.26343175 0.29814406 0.26903376 0.239993
 0.47112976 0.2878787  0.82279962 0.26699924 0.30580142 0.31526506
 0.49974108]
240 168.16825068168214 [0.27303294 0.23611628 0.26332611 0.29826985 0.26861233 0.23967506
 0.4710253  0.28777544 0.82309126 0.26712213 0.30621187 0.31479633
 0.49971496]
241 480.1832503767662 [0.27291305 0.23560642 0.26324531 0.29817745 0.26826106 0.2394377
 0.47099029 0.28768525 0.82329307 0.26723715 0.30649456 0.31424255
 0.49984266]
242 170.17055631120587 [0.27284971 0.23515489 0.26303694 0.29790896 0.26806244 0.23918435
 0.47084279 0.2876251  0.82339004 0.26716618 0.30676982 0.31356262
 0.49997541]
243 166.4588426423582 [0.27268512 0.23472742 0.26284814 0.29765391 0.26786998 0.23884465
 0.47075442 0.28745578 0.8234972  0.26712293 0.30703515 0.31301768
 0.50010207]
244 184.39876821239233 [0.27247702 0.23437057 0.26270814 0.29733519 0.26761823 0.23865687
 0.47053789 0.2872258  0.82342358 0.26700698 0.30711333 0.31246521
 0.50018339]
