0 15964.5431315899 [0.29941187 0.29872997 0.30009376 0.29872998 0.29872998 0.30077564
 0.4595043  0.30009376 0.84195323 0.29872998 0.30282131 0.29941187
 0.46086808]
1 15626.920860209535 [0.29901135 0.29822487 0.30098042 0.29840432 0.29926601 0.30253495
 0.4584731  0.29848045 0.84243345 0.29681149 0.30450167 0.3005365
 0.46112458]
2 14709.119999987433 [0.29818938 0.29799794 0.30155281 0.29772472 0.29947558 0.3041175
 0.45855562 0.29711298 0.84284891 0.29560264 0.30572529 0.30138382
 0.46069436]
3 15620.030862709933 [0.2979991  0.29818686 0.30172134 0.29677628 0.29931348 0.30504079
 0.4585227  0.29601837 0.84316848 0.29486041 0.30637843 0.30209391
 0.4600733 ]
4 16886.910474172902 [0.29773032 0.29797844 0.30245905 0.29557945 0.298616   0.30567008
 0.45880776 0.29531148 0.84334252 0.29425127 0.30678633 0.3022932
 0.45993991]
5 16233.09032441994 [0.29822736 0.29763065 0.30262437 0.29487228 0.29837624 0.30596975
 0.45895697 0.29447572 0.84330584 0.2931031  0.30756292 0.30252506
 0.45954748]
6 15944.537211955194 [0.29859497 0.2976764  0.30277026 0.2944516  0.29762187 0.30590273
 0.4588464  0.29402046 0.84321176 0.2922522  0.30835215 0.30249538
 0.4594141 ]
7 15028.901091636963 [0.29886472 0.29796806 0.30248317 0.29397187 0.29686396 0.30581749
 0.45883871 0.29430373 0.84344051 0.29136137 0.30829927 0.30215804
 0.45949533]
8 16892.46440180743 [0.29893233 0.29728477 0.30227199 0.29290703 0.29623629 0.30525592
 0.45849832 0.2948482  0.84356686 0.2909601  0.3083345  0.30134588
 0.45929094]
9 15927.422420437324 [0.29897666 0.2966349  0.30224403 0.29186749 0.29590341 0.3050946
 0.45846568 0.29488219 0.8434609  0.29072439 0.30849441 0.30073604
 0.45895858]
10 15627.213215642609 [0.2991782  0.29632297 0.30224939 0.29125338 0.29596351 0.30490176
 0.45851991 0.29508104 0.84347102 0.29053311 0.3082382  0.30053438
 0.45847628]
11 16237.628643947352 [0.29941208 0.29578206 0.3023215  0.29111414 0.29586764 0.30473529
 0.45864122 0.29549288 0.84348989 0.2903149  0.30771926 0.30033479
 0.45825164]
12 14984.772513875581 [0.29944132 0.29530837 0.302111   0.29124443 0.29595939 0.30479554
 0.45899271 0.29558135 0.84344157 0.29014334 0.30718743 0.30010123
 0.45834743]
13 14077.260214666763 [0.29992982 0.29480878 0.3020395  0.29153591 0.29595365 0.30524913
 0.45896177 0.29580625 0.84325017 0.28996431 0.30647724 0.29966171
 0.45843855]
14 13403.459873679654 [0.30042756 0.29473115 0.30185426 0.29197274 0.29563264 0.30542222
 0.45859506 0.29641257 0.84301511 0.29022424 0.3060907  0.29923649
 0.45900922]
15 11162.308630642838 [0.30087686 0.29442527 0.30182609 0.29255687 0.29521476 0.30570776
 0.45820862 0.29648172 0.8428901  0.29036202 0.30559026 0.29861061
 0.45929356]
16 12734.272248283267 [0.30112364 0.29416182 0.30172222 0.29301795 0.29491653 0.30599007
 0.45801803 0.2967988  0.84295664 0.29093051 0.30521545 0.29802882
 0.45952252]
17 12751.79219748003 [0.30129441 0.29432924 0.30182546 0.29366122 0.29455992 0.30608194
 0.45776577 0.29729777 0.84304553 0.29164033 0.30473514 0.29759266
 0.45996093]
18 10900.156516608657 [0.30163914 0.29398002 0.30180324 0.2943861  0.29425591 0.30587175
 0.45778088 0.29783526 0.84316906 0.29211969 0.30421371 0.29711
 0.46035851]
19 10241.209379048396 [0.30207448 0.29333267 0.30177079 0.29495878 0.29420578 0.30587998
 0.45763139 0.29823884 0.84322956 0.2924316  0.30380374 0.29675952
 0.46078063]
20 10820.823401395664 [0.3024211  0.29289456 0.30163004 0.29562318 0.29407471 0.3058048
 0.45737169 0.29871004 0.84329062 0.29272846 0.30350288 0.29653318
 0.46110229]
21 10337.136068488464 [0.30249228 0.29240224 0.30161007 0.2960031  0.29396095 0.3057442
 0.45715779 0.29908144 0.84328641 0.29302536 0.30322063 0.29597672
 0.46112007]
22 9468.375180154997 [0.30257425 0.29229965 0.30134717 0.2960941  0.29364441 0.30573711
 0.45695005 0.29908487 0.84331287 0.29320865 0.30294084 0.2954796
 0.46127003]
23 10402.907544009684 [0.30292081 0.29222642 0.30090782 0.29619211 0.29329306 0.30576836
 0.456761   0.29905657 0.8433783  0.29352167 0.30262181 0.2949063
 0.46147569]
24 8471.59324872749 [0.30314989 0.29223383 0.30057081 0.29636471 0.29270222 0.3057754
 0.45672895 0.29874521 0.84337696 0.29388364 0.30206018 0.29448044
 0.46158086]
25 10360.729101068042 [0.30332607 0.29199327 0.29992296 0.29627728 0.29206549 0.30565345
 0.45701955 0.29860236 0.84338791 0.29406847 0.30122473 0.29406443
 0.46152603]
26 7945.369246087069 [0.3032396  0.29162952 0.29922769 0.29612542 0.29156659 0.30543361
 0.45738002 0.29866855 0.84342004 0.29420525 0.30016103 0.29357836
 0.46140814]
27 7356.584912653527 [0.30317121 0.2912438  0.29869318 0.29611079 0.2912618  0.30498415
 0.45756029 0.29854658 0.8433588  0.29421067 0.29912184 0.29325375
 0.46142868]
28 7385.617953805146 [0.30324801 0.29091839 0.29791942 0.29597652 0.29108714 0.30432612
 0.45792009 0.29852963 0.84325436 0.29436751 0.29800891 0.2929562
 0.46139805]
29 5931.405075936884 [0.30338045 0.29042022 0.29703827 0.29595056 0.29097212 0.30356285
 0.45828885 0.29847048 0.8431037  0.29431703 0.29696852 0.29300454
 0.46143585]
30 8230.735351924217 [0.30367778 0.29012003 0.29620185 0.29582632 0.29092205 0.30291217
 0.45869724 0.2983213  0.84290108 0.2943796  0.29599318 0.29300638
 0.4615182 ]
31 7694.910648094956 [0.30351686 0.28980554 0.29541478 0.29591981 0.29089624 0.30237123
 0.45914973 0.29785749 0.84276697 0.29429625 0.29506898 0.29295547
 0.46170657]
32 6800.790396019613 [0.30351455 0.28949811 0.2944592  0.29598089 0.29054308 0.30191151
 0.45984019 0.29717219 0.84260154 0.29430072 0.2943447  0.29303045
 0.46173576]
33 5905.477599670408 [0.30344435 0.28922293 0.29338344 0.29584147 0.29021056 0.30162419
 0.46017605 0.2966116  0.84246336 0.29431844 0.29374997 0.2932714
 0.46192677]
34 5675.458305408434 [0.30332474 0.2890827  0.29250417 0.29561154 0.29018593 0.30138796
 0.4603877  0.29611404 0.84230238 0.29427649 0.29323165 0.29335324
 0.46203542]
35 5952.777464367326 [0.30303757 0.28890718 0.29198985 0.29555706 0.29026267 0.30083257
 0.46061934 0.29553924 0.84215141 0.29429564 0.2927966  0.29353444
 0.46194213]
36 4840.412986330306 [0.30269162 0.2886393  0.29142544 0.29551217 0.29047936 0.30033699
 0.46080222 0.29495337 0.84189421 0.29434262 0.29251482 0.29388237
 0.46187428]
37 4229.567292491591 [0.30237194 0.28880265 0.29104318 0.29558485 0.29068679 0.30002274
 0.46080685 0.29444779 0.84165744 0.29434018 0.29223115 0.2942377
 0.46168273]
38 5039.847293696817 [0.30225813 0.28879567 0.29075609 0.29533808 0.29101314 0.29955729
 0.46078783 0.29388077 0.84142516 0.29428798 0.29198343 0.29487079
 0.46144879]
39 5492.4752801317245 [0.3021847  0.28866171 0.29056868 0.29485256 0.29139827 0.29886815
 0.46074777 0.29319675 0.84123862 0.29418516 0.29185517 0.29553617
 0.46120066]
40 4477.000732101335 [0.30194175 0.28825571 0.2900194  0.29416972 0.29170851 0.2984266
 0.46068306 0.29212208 0.84129891 0.29393    0.29160719 0.29634649
 0.46123993]
41 2622.1048491659403 [0.30169949 0.28744784 0.28909991 0.29380998 0.29190231 0.29773852
 0.46044207 0.29111417 0.84126629 0.293455   0.29155599 0.29719805
 0.46151956]
42 4011.3973818256445 [0.30135922 0.28648881 0.28829173 0.29353177 0.2920822  0.29707203
 0.46014597 0.29032879 0.84111756 0.292902   0.29154863 0.29816906
 0.46192054]
43 3089.3262098232053 [0.30107064 0.28570018 0.28738727 0.2933083  0.29243627 0.29632383
 0.45995918 0.2897038  0.84089294 0.29252058 0.29133223 0.29916972
 0.46232845]
44 4348.000944991475 [0.30080013 0.28528636 0.28649322 0.29314081 0.2927418  0.29529936
 0.45988154 0.28883088 0.84070566 0.29218491 0.2909946  0.3003453
 0.46249864]
45 2238.142805615895 [0.30051812 0.28490705 0.28545865 0.29320076 0.29310395 0.29443115
 0.45943597 0.2880898  0.84050192 0.29205525 0.29072822 0.30142311
 0.46242157]
46 3044.8402102702694 [0.30001399 0.284554   0.28444305 0.29315536 0.29292291 0.293911
 0.45880831 0.2871831  0.84037859 0.29210656 0.29061113 0.30241562
 0.46244895]
47 2761.1326485813115 [0.29962187 0.284334   0.28353618 0.29312606 0.29303165 0.29333281
 0.4580573  0.28637319 0.84028002 0.29204187 0.29045262 0.3033675
 0.46250258]
48 2875.6727058259175 [0.29934084 0.28411238 0.2828293  0.29317609 0.29329406 0.29312717
 0.45768328 0.28543986 0.84018437 0.29176634 0.29050621 0.30450956
 0.46268261]
49 1943.0543287161859 [0.2991674  0.28388711 0.28203775 0.29297031 0.2934812  0.29301254
 0.45717956 0.28463481 0.84012146 0.29149167 0.29054126 0.30556611
 0.46282454]
50 2254.4329084695655 [0.29864767 0.2836556  0.28130644 0.29287261 0.29378136 0.29270564
 0.45649665 0.28383748 0.83994357 0.29127623 0.29061972 0.30626941
 0.46278418]
51 1224.0056056590897 [0.29794597 0.28358652 0.28077978 0.29270986 0.29381728 0.29232842
 0.45595701 0.28334388 0.83979083 0.29105924 0.29090876 0.30696088
 0.46257631]
52 1613.581991426059 [0.2975258  0.2836907  0.28047143 0.29265072 0.29396251 0.29182605
 0.45538212 0.28287596 0.83966286 0.29086115 0.29106932 0.30769403
 0.46240371]
53 1893.1242108981767 [0.29727287 0.28398609 0.28025076 0.29229098 0.29442902 0.29141611
 0.45491293 0.28266983 0.83957279 0.29077094 0.29105092 0.30815838
 0.46237305]
54 2507.6053429025046 [0.29705747 0.28439052 0.27991743 0.29190105 0.29475263 0.29107825
 0.45439815 0.28228766 0.83947475 0.29051874 0.29104527 0.308548
 0.46231451]
55 2359.3466058322056 [0.29690384 0.28483823 0.27959391 0.29150916 0.29511785 0.29074571
 0.45391299 0.28194751 0.83936681 0.28998725 0.29102224 0.30891733
 0.46217034]
56 2216.8346298073684 [0.29689114 0.28530463 0.27932939 0.29119361 0.2951551  0.29038025
 0.45356801 0.28148853 0.83929993 0.28953385 0.29101151 0.30934562
 0.46208149]
57 1105.8369024608912 [0.29676971 0.28557969 0.27929695 0.29062179 0.29487774 0.29020496
 0.45319471 0.28119239 0.83922739 0.28889773 0.290923   0.30964178
 0.4622172 ]
58 3400.7198521458795 [0.29675374 0.28598194 0.27929586 0.29016004 0.29462999 0.29018938
 0.45284556 0.28104745 0.83901398 0.28819273 0.29080506 0.3097937
 0.46239027]
59 3308.920381676251 [0.29676491 0.28632322 0.27922646 0.29001359 0.29437154 0.29018626
 0.45264521 0.28086569 0.83883383 0.28753828 0.29078064 0.31032274
 0.46277151]
60 2498.2669358628323 [0.29684637 0.28612662 0.27894085 0.29002158 0.29419791 0.28973352
 0.45269918 0.28050268 0.83858175 0.28694935 0.29077344 0.31082114
 0.46326352]
61 2179.6879336067987 [0.29698478 0.28603783 0.27848046 0.29005044 0.29417032 0.28935948
 0.45293474 0.28029402 0.83838706 0.28635785 0.29073505 0.31103556
 0.46374252]
62 3512.0696431766146 [0.29718109 0.28589471 0.27825185 0.28979299 0.29393334 0.28887047
 0.45305534 0.28018655 0.83819495 0.28589468 0.29071622 0.31096416
 0.46450923]
63 2818.6365471548843 [0.29733233 0.28594405 0.27798262 0.28943526 0.2936959  0.28867049
 0.45301059 0.27993263 0.83802618 0.28534894 0.29078602 0.31095327
 0.46499199]
64 2283.513461049697 [0.29745256 0.28593851 0.27776858 0.28929441 0.29361509 0.2884595
 0.45300944 0.27935042 0.83797113 0.28498931 0.29110294 0.31107066
 0.46503123]
65 1945.8063324499371 [0.29784966 0.28577403 0.27756854 0.28903648 0.29316903 0.28847565
 0.4529048  0.27883072 0.83794307 0.28450348 0.29157923 0.3111589
 0.46514219]
66 2020.784483326298 [0.29806664 0.28547254 0.27744859 0.28880114 0.29264816 0.2885691
 0.45296491 0.27832499 0.83794656 0.28419469 0.29219083 0.31119463
 0.46533573]
67 3236.9229900750156 [0.29854083 0.28529526 0.27736748 0.28854455 0.29245767 0.2884095
 0.45295794 0.27784938 0.83780514 0.28380078 0.29280037 0.31111675
 0.46539184]
68 1940.7747363624849 [0.2990233  0.28523034 0.27716608 0.28846477 0.29222014 0.2879741
 0.45287568 0.2773157  0.83761819 0.2835424  0.29338742 0.31119021
 0.4655015 ]
69 1377.336507051372 [0.29934811 0.28516395 0.27701722 0.28842839 0.29187204 0.28753152
 0.45260067 0.27681682 0.83748965 0.28344811 0.29391685 0.31111677
 0.46573246]
70 2563.731049685917 [0.29967652 0.28534438 0.27675686 0.2883659  0.29148754 0.28676933
 0.4522366  0.27640148 0.83731636 0.28329713 0.2944335  0.31089816
 0.46579477]
71 1400.6801200893624 [0.2999167  0.28538649 0.27642599 0.28837915 0.29097766 0.28614026
 0.45189666 0.27615603 0.8372602  0.28301163 0.29485069 0.31067715
 0.46593114]
72 1345.7900180485287 [0.29999169 0.28559422 0.27597802 0.28845491 0.29069135 0.2854159
 0.4517247  0.27591387 0.83721343 0.28276354 0.29498236 0.31048079
 0.46604811]
73 1598.9167499783011 [0.30024891 0.28555206 0.27563935 0.28839523 0.29066111 0.28473242
 0.45134993 0.27555835 0.83723613 0.28249591 0.29507709 0.31060224
 0.4661502 ]
74 1966.4861320260186 [0.30051343 0.28534678 0.27535519 0.28842895 0.29069904 0.28419678
 0.45062252 0.2753304  0.8372614  0.28233884 0.2950862  0.31086676
 0.46598731]
75 2495.652733561806 [0.30088716 0.28505082 0.27519336 0.28820816 0.29071621 0.2835995
 0.45012858 0.27510213 0.83720392 0.2819997  0.29514072 0.31110405
 0.46596977]
76 1911.286734439917 [0.30124677 0.2849538  0.27490776 0.28793401 0.29064487 0.28283275
 0.44968161 0.27499741 0.83714638 0.28160548 0.29537504 0.31154462
 0.46575731]
77 1940.2682633921945 [0.30157507 0.28491036 0.27476795 0.28768433 0.29055479 0.28205305
 0.4491799  0.2750148  0.83712814 0.28107871 0.29548874 0.31221953
 0.46549328]
78 1424.2800198354635 [0.30208315 0.28495132 0.27475514 0.28753027 0.29021818 0.28129665
 0.44875204 0.2750874  0.83708722 0.2805414  0.29560269 0.31287378
 0.46518305]
79 1351.9738856851168 [0.30255895 0.28500959 0.27472966 0.28770155 0.28976271 0.28043592
 0.4483114  0.27532124 0.83703117 0.28006806 0.29585975 0.31375701
 0.4652898 ]
80 1277.6963810548643 [0.30275469 0.28502266 0.2743554  0.28782841 0.28923904 0.27965445
 0.44816422 0.27576804 0.83699166 0.27929613 0.29614761 0.314471
 0.46530849]
81 1567.3450435753684 [0.30278525 0.2851276  0.27369163 0.28802863 0.28895965 0.2789288
 0.44816008 0.27619027 0.83688015 0.2785947  0.29649711 0.31533897
 0.46552325]
82 1642.6432288271526 [0.3026825  0.28514649 0.27330043 0.28817596 0.28866823 0.2781918
 0.44818834 0.27652193 0.83682552 0.27787413 0.29676535 0.31575149
 0.4657541 ]
83 1604.554334369017 [0.30225056 0.2852331  0.27279246 0.28833508 0.28852223 0.27759667
 0.44818473 0.27670851 0.8365496  0.27731299 0.2965589  0.31624416
 0.46616671]
84 1121.6146781153886 [0.30161254 0.28531181 0.27245967 0.28857606 0.28821589 0.2770052
 0.44848398 0.27671239 0.83629053 0.2768098  0.29649511 0.3167322
 0.46663963]
85 1260.949312487301 [0.30109265 0.28526658 0.27207458 0.28884095 0.28787715 0.27659922
 0.44853864 0.27657547 0.83601374 0.27652597 0.29641185 0.3172496
 0.46710552]
86 1265.6764189924454 [0.30073746 0.28532279 0.27144544 0.28883534 0.28770716 0.27632601
 0.44850075 0.2765455  0.83576312 0.27650154 0.29619969 0.31766838
 0.46716871]
87 1000.2879727187051 [0.30009852 0.28554632 0.27086273 0.28857233 0.2872538  0.27618435
 0.44843189 0.27656742 0.83552826 0.27650345 0.29644786 0.31786746
 0.46692979]
88 1181.7588438920086 [0.29972954 0.28586859 0.27040734 0.28829823 0.28709379 0.27581
 0.44831392 0.27668179 0.83534095 0.27650218 0.29650916 0.31792716
 0.46665407]
89 640.6427938176705 [0.29929237 0.28624032 0.2700214  0.2879013  0.28670468 0.27553832
 0.4480605  0.27674004 0.83519174 0.27656897 0.29657447 0.31825584
 0.46631019]
90 1006.7911705662896 [0.2988519  0.28653824 0.26983735 0.28780084 0.28631892 0.27547608
 0.44777051 0.27665758 0.83506466 0.27671672 0.29653129 0.31865448
 0.46577793]
91 1266.4654732746494 [0.29814067 0.28681081 0.26961946 0.2875018  0.28588138 0.27535724
 0.44739592 0.276397   0.83496169 0.27664583 0.29652437 0.31883695
 0.46540693]
92 1493.2411894315615 [0.29753248 0.28723668 0.26941504 0.28715607 0.28552522 0.27525194
 0.44700293 0.27606634 0.83492429 0.27653127 0.29650623 0.31919211
 0.46488254]
93 966.9310325974789 [0.29710769 0.28775798 0.26907115 0.28673897 0.28516193 0.27523249
 0.44647247 0.27543068 0.83489196 0.27633422 0.29671492 0.31913394
 0.46434486]
94 1295.564164721618 [0.29669419 0.28816286 0.26871675 0.28601695 0.28489814 0.27510903
 0.44588585 0.27460586 0.83484615 0.2760177  0.29669542 0.31889805
 0.46370073]
95 665.3624672648905 [0.29648718 0.28843103 0.26841018 0.28560135 0.28456971 0.27504521
 0.44535067 0.27369723 0.83478597 0.2757072  0.29673682 0.31877481
 0.4631616 ]
96 874.0411522185618 [0.29621451 0.28875198 0.26826446 0.28529973 0.28446556 0.27499751
 0.44488349 0.27309673 0.83472574 0.27549428 0.29684323 0.31884712
 0.46285798]
97 634.6558231562918 [0.2952919  0.28906051 0.26792051 0.28493056 0.28429769 0.27462115
 0.44451695 0.27269259 0.83480319 0.27508457 0.29682904 0.31887806
 0.46254309]
98 1406.8371228532965 [0.29432806 0.28947852 0.26759777 0.28473342 0.28417935 0.27448871
 0.44445161 0.27227236 0.8349585  0.27486351 0.29678788 0.31887322
 0.46212388]
99 550.3822150245499 [0.29318124 0.28985087 0.26727779 0.28457208 0.28399687 0.2745338
 0.44422047 0.27207184 0.83501928 0.27465559 0.29680577 0.31873602
 0.46174082]
100 842.9910190852527 [0.2923914  0.2898244  0.26701174 0.2844686  0.28373572 0.27412358
 0.44423824 0.27187776 0.83502985 0.27423093 0.29696687 0.31884452
 0.46141672]
101 763.3465786449485 [0.29159489 0.28995534 0.26658493 0.28442531 0.28344422 0.27386349
 0.44444732 0.27160311 0.83498015 0.27386478 0.29717313 0.31909506
 0.46112618]
102 607.9168401006243 [0.29075093 0.29038304 0.26608409 0.28438074 0.2833324  0.27366422
 0.44440021 0.27147006 0.83499919 0.27354009 0.29740798 0.31903398
 0.46084101]
103 558.3869731107557 [0.28996333 0.29062029 0.26581618 0.2842333  0.28321555 0.27346991
 0.44426665 0.27132213 0.83503662 0.27301184 0.29749312 0.31894105
 0.46040348]
104 874.3281947262063 [0.28940799 0.29070611 0.26560881 0.2839369  0.28310441 0.27314092
 0.44420328 0.27098718 0.83505829 0.27211838 0.29759824 0.31891248
 0.46031813]
105 574.028763407254 [0.28892486 0.29074476 0.26555547 0.28356435 0.28296918 0.27280911
 0.44412433 0.27059189 0.83508783 0.27130281 0.29769999 0.31915979
 0.46007099]
106 1017.9877150410737 [0.28864395 0.29075651 0.26549128 0.28321144 0.28305775 0.27240858
 0.44371782 0.27037238 0.83521995 0.27054516 0.29767985 0.31953424
 0.45980389]
107 471.1995935031341 [0.28818912 0.29072518 0.26526741 0.28286085 0.28304345 0.27208364
 0.4433896  0.27010334 0.83541064 0.26968834 0.29752057 0.31947393
 0.45939862]
108 459.2401887117961 [0.28722482 0.29059538 0.2649525  0.28218046 0.28314472 0.27175806
 0.44312787 0.26979246 0.83563013 0.26899808 0.29755805 0.31911531
 0.45895599]
109 498.5238602981766 [0.28654031 0.29035191 0.2647919  0.28140168 0.28310345 0.27161516
 0.44301432 0.26926276 0.83593807 0.26865747 0.29734328 0.31885006
 0.45856845]
110 525.8098046081992 [0.28579526 0.28980847 0.26464703 0.28091525 0.28323377 0.27139617
 0.44298688 0.26877444 0.83625296 0.26831535 0.29726405 0.3184613
 0.45824895]
111 438.9844157140965 [0.28524051 0.2890288  0.26444308 0.2803359  0.28360089 0.27115115
 0.44302858 0.26839053 0.8365143  0.26788558 0.29734668 0.31788197
 0.4578498 ]
112 731.2988636036853 [0.28441457 0.28837402 0.26429854 0.27951226 0.28399296 0.27097129
 0.44307891 0.26799194 0.83672824 0.26755508 0.29715475 0.31713988
 0.45757275]
113 761.3162717264961 [0.28381087 0.28772085 0.26388225 0.27886096 0.28445196 0.27087987
 0.44294372 0.26747165 0.83674006 0.26713584 0.29712767 0.31653677
 0.45737055]
114 713.5478009583217 [0.28332301 0.28710365 0.26327293 0.2781652  0.28473473 0.27077326
 0.4428508  0.26696428 0.83677133 0.26668883 0.29726588 0.31613912
 0.45694171]
115 438.48085992267806 [0.28272298 0.28669127 0.26262627 0.27755966 0.28498325 0.27061425
 0.44288015 0.26661295 0.83670428 0.26616078 0.29762771 0.31578151
 0.45660502]
116 664.0731338815677 [0.2823592  0.28627945 0.2620638  0.27708589 0.28523835 0.27046624
 0.44286159 0.2660259  0.83662393 0.26556688 0.29797618 0.31542545
 0.45577298]
117 362.407776189286 [0.28207528 0.28579467 0.26155264 0.276462   0.28516594 0.27030424
 0.4428891  0.26541367 0.83653652 0.2649782  0.29828734 0.31505187
 0.45497863]
118 353.64393851338787 [0.28159726 0.28529672 0.26092459 0.27582145 0.284948   0.27017121
 0.44279646 0.26470052 0.83661785 0.26454416 0.29823387 0.31464322
 0.45437155]
119 350.47408394938105 [0.28111273 0.28466847 0.26022337 0.27533767 0.28446582 0.27004576
 0.44265669 0.26419468 0.83674426 0.26405588 0.29818847 0.31404336
 0.45359476]
120 339.6034748810642 [0.28063967 0.2840805  0.25971642 0.27479535 0.28417453 0.26960666
 0.44251612 0.26399412 0.83683853 0.26341449 0.29816332 0.31390379
 0.45293905]
121 313.2097632010632 [0.28010235 0.28349538 0.25947266 0.27409871 0.28371062 0.26900958
 0.4425462  0.26374854 0.83684913 0.2626937  0.29838434 0.31405018
 0.45244251]
122 337.0454286747258 [0.279676   0.2827537  0.25890203 0.27332259 0.28330211 0.26844316
 0.44261651 0.26334114 0.83680356 0.26213087 0.29832048 0.31400476
 0.45209809]
123 320.02021408554407 [0.27930205 0.28221776 0.25852675 0.27265627 0.28293069 0.26758383
 0.44283771 0.26283798 0.83676055 0.26160152 0.298394   0.3140152
 0.45193004]
124 301.36976740001575 [0.27890224 0.28170599 0.25804923 0.27189076 0.28241723 0.26664458
 0.44313632 0.26240381 0.83679299 0.26126375 0.29842466 0.31393725
 0.45171734]
125 312.8883579477505 [0.27864825 0.28114494 0.25726658 0.27109759 0.28220841 0.26566566
 0.44323701 0.26206022 0.83681409 0.26124767 0.29849588 0.31396076
 0.45155255]
126 299.63805550861457 [0.27832041 0.28049339 0.25657705 0.27042351 0.28189035 0.26468001
 0.44334285 0.26178043 0.83685865 0.26127171 0.29876327 0.31399413
 0.45144856]
127 249.02605249472404 [0.27783468 0.27973564 0.25592064 0.26960201 0.28128768 0.26380158
 0.44352045 0.26137132 0.83706166 0.26153498 0.29921715 0.31389861
 0.45137043]
128 254.5460603496973 [0.2774221  0.27901151 0.2552979  0.26873276 0.28088443 0.26280047
 0.44385499 0.26083678 0.83740544 0.26165781 0.29991096 0.31375038
 0.4513533 ]
129 247.82437228077487 [0.27703942 0.27830086 0.25429286 0.26791807 0.2802748  0.26168819
 0.44416803 0.26030324 0.83769831 0.26174036 0.30031775 0.31401524
 0.45145349]
130 220.3329503170163 [0.27651988 0.27764587 0.25332526 0.267336   0.27967878 0.26062186
 0.44458735 0.25979856 0.83793149 0.26174647 0.30081047 0.31427578
 0.45163052]
131 256.63274955641856 [0.27601155 0.2769011  0.25248535 0.26672163 0.27924158 0.2595577
 0.44503221 0.25921214 0.8382091  0.26164872 0.30108021 0.31459225
 0.45182957]
132 205.7401652412429 [0.27540955 0.27620523 0.25152694 0.26618511 0.27875929 0.25857853
 0.44523811 0.2587459  0.83846603 0.26137288 0.30112414 0.31522786
 0.45194057]
133 199.03042333939027 [0.27475411 0.27553662 0.25057351 0.2656248  0.27811441 0.25787159
 0.44535929 0.25833754 0.83871094 0.2611099  0.30119397 0.31607301
 0.4520318 ]
134 252.11569014317243 [0.27399071 0.27499926 0.24964984 0.26510458 0.27737165 0.25723256
 0.44503649 0.25806724 0.83888981 0.26087625 0.30088702 0.3169786
 0.45243087]
135 223.50035556917067 [0.27314694 0.27404882 0.24884625 0.26471717 0.27682394 0.25637057
 0.44459003 0.25799261 0.83913272 0.26095083 0.30089053 0.31750002
 0.4527009 ]
136 213.45204507784484 [0.27212336 0.27356785 0.24806086 0.26444216 0.27638352 0.25557434
 0.44415003 0.2578092  0.83933219 0.26095815 0.30080894 0.318187
 0.45284799]
137 211.7167408367564 [0.27096354 0.27302707 0.2474855  0.26419845 0.27545383 0.25481323
 0.44374011 0.25769419 0.83944652 0.26114901 0.30089063 0.31873604
 0.45298699]
138 197.74907866770727 [0.26990485 0.27252768 0.24708047 0.26399771 0.27440861 0.25423757
 0.44352225 0.25752699 0.8396448  0.26137447 0.30116607 0.31903144
 0.45322925]
139 216.48304997128685 [0.2689509  0.27234467 0.24657089 0.26382556 0.2735548  0.25356497
 0.44333948 0.25729894 0.83983398 0.26123492 0.30136558 0.31957502
 0.45348329]
140 205.65352263934705 [0.26818603 0.27216203 0.2461168  0.26353821 0.27254788 0.25280104
 0.44335752 0.25710598 0.84005104 0.2611708  0.30162074 0.31992377
 0.45368595]
141 180.3378255731435 [0.26731935 0.27161183 0.24531229 0.263136   0.27186699 0.25191031
 0.44335632 0.25687282 0.84035701 0.26123551 0.30163823 0.32056097
 0.4536348 ]
142 207.77692090099356 [0.26656275 0.27114598 0.24452254 0.26290423 0.27107855 0.25096807
 0.44324737 0.25650789 0.84071332 0.26128989 0.30190713 0.3212181
 0.453508  ]
143 214.47117518400057 [0.26584974 0.27062451 0.24370933 0.26260309 0.27035062 0.25008144
 0.44328191 0.25629157 0.8409379  0.26128933 0.30212859 0.32181659
 0.45337785]
144 234.5472160663673 [0.26531115 0.27007397 0.24299559 0.26218926 0.2696421  0.24945525
 0.44328922 0.25625831 0.84121725 0.26125404 0.30217442 0.32247994
 0.45312014]
145 188.0296999547029 [0.26468437 0.26959407 0.24243765 0.26184123 0.2687955  0.2488754
 0.44342207 0.25624399 0.8414857  0.26128345 0.30230367 0.3230738
 0.45299152]
146 153.29401226953894 [0.26423731 0.26913009 0.24181726 0.26144348 0.26788134 0.24837271
 0.44373334 0.25603957 0.84155621 0.26134368 0.30282271 0.32340375
 0.45304994]
147 227.27904307861687 [0.26410246 0.26867384 0.24126594 0.26093663 0.2671901  0.24792297
 0.44407136 0.2556721  0.84159054 0.26149296 0.30320292 0.32355445
 0.45288207]
148 204.1173226771267 [0.26406732 0.26805946 0.24081938 0.26040133 0.26657762 0.24759037
 0.44439243 0.25515033 0.84139084 0.26160898 0.30357421 0.32362203
 0.45276079]
149 220.90098905331058 [0.26409377 0.26766045 0.24054387 0.2599841  0.2660123  0.24713863
 0.44453928 0.25471483 0.84121683 0.26200786 0.30380307 0.32355807
 0.45278794]
150 173.85634154783435 [0.26416409 0.26729439 0.2401504  0.25961002 0.26554734 0.24666119
 0.44451017 0.25414968 0.84105213 0.26238933 0.30404063 0.3236625
 0.45287616]
151 193.53408167921168 [0.26436175 0.26698501 0.23977522 0.25911561 0.26510721 0.24633296
 0.44435547 0.25349959 0.84092011 0.26268559 0.30422491 0.32364631
 0.45293502]
152 203.03741275014434 [0.26458427 0.2668836  0.23940345 0.25860285 0.26484458 0.2460388
 0.44421891 0.2527433  0.8408433  0.26291819 0.30436766 0.32383655
 0.45299043]
153 154.28247099048303 [0.26478381 0.26685124 0.23895882 0.25827966 0.26437716 0.24578489
 0.44421233 0.25209823 0.84083598 0.26328942 0.30423691 0.32384882
 0.45315239]
154 197.19493233962186 [0.2646261  0.26672894 0.23858121 0.25810746 0.26392178 0.2455372
 0.44415333 0.25167237 0.84083236 0.26347382 0.3040134  0.32369735
 0.45320007]
155 198.59211209702733 [0.26460233 0.26685214 0.23825414 0.25811267 0.26346896 0.24526319
 0.44405012 0.25114231 0.84082112 0.26338873 0.30370961 0.32357157
 0.45307944]
156 199.26588134694765 [0.26443617 0.26683773 0.23773379 0.25815199 0.2629964  0.24505394
 0.44395107 0.25085931 0.84084449 0.26328899 0.30355638 0.32349486
 0.45282018]
157 202.4981307280814 [0.26403584 0.26683777 0.23722362 0.25838777 0.26255616 0.24506354
 0.44377145 0.25038095 0.84079516 0.26324889 0.30337322 0.32358396
 0.45255809]
158 179.5153611631863 [0.26355962 0.2665403  0.23671517 0.25862089 0.26211579 0.24499289
 0.44365445 0.24959168 0.84079277 0.26345454 0.30318769 0.32348718
 0.45229231]
159 217.9936337950084 [0.26285158 0.26601302 0.23605475 0.25876059 0.26182718 0.24491848
 0.44354756 0.24884607 0.84091717 0.26345939 0.30305773 0.32371183
 0.45232261]
160 177.91496064054724 [0.26204686 0.26531578 0.23539872 0.2591386  0.26154592 0.24481181
 0.44334954 0.24826752 0.84106248 0.26340313 0.30316963 0.3236405
 0.45261934]
161 176.2574007792939 [0.26115725 0.2645697  0.23471545 0.25942024 0.26113195 0.24457976
 0.44341329 0.24767161 0.84116825 0.26338584 0.30345233 0.32381361
 0.45277375]
162 161.46697621365922 [0.26018081 0.26371189 0.2340205  0.25973518 0.26071123 0.24431688
 0.44365747 0.2471131  0.84111777 0.26321816 0.30392967 0.32355015
 0.45296897]
163 204.46077683429766 [0.25919672 0.2629447  0.23342568 0.26031543 0.26022469 0.24414046
 0.443961   0.24648398 0.84108456 0.26313076 0.30420718 0.32285076
 0.45303106]
164 174.54798392604164 [0.25835851 0.26231863 0.2328802  0.26078497 0.25983078 0.24381746
 0.44420942 0.24574827 0.84120675 0.26324929 0.30425064 0.32200779
 0.45318819]
165 205.34260261157561 [0.25763656 0.26176556 0.23241964 0.26126599 0.25945054 0.24369343
 0.44437257 0.24503036 0.84127536 0.2632647  0.30402726 0.32102123
 0.45310441]
166 185.68557642625024 [0.25705633 0.26122973 0.23199396 0.26174886 0.2591579  0.24336562
 0.44469501 0.24405956 0.8412799  0.26318893 0.30387469 0.32018647
 0.45302846]
167 186.34461556084176 [0.25669547 0.26084601 0.23158804 0.26216049 0.25874188 0.24289161
 0.44520239 0.24308928 0.84133733 0.26301564 0.30350126 0.31925143
 0.45302616]
168 156.01726140416855 [0.25640648 0.26035703 0.23119199 0.26249722 0.25844069 0.24232033
 0.44584728 0.24234876 0.84138913 0.26295031 0.30317887 0.31796829
 0.4530486 ]
169 182.99211246053838 [0.25630508 0.25961053 0.23077172 0.26270485 0.25808986 0.24182369
 0.4464677  0.24166216 0.84136986 0.26295847 0.30280249 0.31687314
 0.45323611]
170 178.92137142957108 [0.25619321 0.25899752 0.23013009 0.26287805 0.25767087 0.24141924
 0.44711755 0.24090445 0.84121    0.2628383  0.3025379  0.31586924
 0.45337934]
171 435.93031608106844 [0.25585965 0.25868223 0.22926631 0.26298734 0.25717405 0.24081877
 0.44759491 0.24017774 0.84121289 0.26304281 0.30213816 0.31478828
 0.45352631]
172 184.2158321501265 [0.25571941 0.25826045 0.22833276 0.26325092 0.25676009 0.24031634
 0.44812798 0.23951595 0.84129054 0.26308269 0.30184357 0.31394463
 0.45382964]
173 206.73508450328256 [0.25564212 0.25779869 0.22765433 0.26351764 0.25624064 0.23973195
 0.44849473 0.23867873 0.84142102 0.26315315 0.30179884 0.31292066
 0.45404849]
174 135.02361945643662 [0.25555172 0.2573974  0.2270975  0.26363292 0.25587293 0.23917218
 0.44892891 0.23789503 0.84148453 0.26322746 0.30190944 0.31204768
 0.45442422]
175 182.54157083747754 [0.25551932 0.25693427 0.22669473 0.2637798  0.25528883 0.23865837
 0.4493811  0.23725967 0.84160396 0.26336755 0.30195521 0.31128888
 0.45486032]
176 144.94147088026156 [0.25539731 0.25646036 0.22637773 0.26400322 0.25470926 0.23827326
 0.44957945 0.23685376 0.8417278  0.26350916 0.30205071 0.31037274
 0.45530087]
177 161.596008661715 [0.25532135 0.25609286 0.22609864 0.26409086 0.25413113 0.23820052
 0.44964561 0.23647045 0.84178288 0.26373614 0.30233918 0.30961435
 0.45582749]
178 163.03328852150298 [0.25510849 0.2558222  0.22574679 0.2641618  0.25349734 0.23816277
 0.44980233 0.23615765 0.84185206 0.26386893 0.30264086 0.30882367
 0.456251  ]
179 170.88315141273034 [0.25489223 0.25550978 0.22543478 0.26434    0.2530104  0.23806214
 0.45005806 0.23587991 0.84191832 0.26385092 0.30253269 0.30825549
 0.45691237]
180 154.00314426849064 [0.25476867 0.25511885 0.22521161 0.26462641 0.25254835 0.23795593
 0.4501502  0.23555266 0.84201577 0.26384623 0.30242914 0.30781424
 0.45764858]
181 150.28161109132486 [0.2548234  0.25484697 0.22490405 0.26505642 0.25216061 0.23788085
 0.45017061 0.23528939 0.84227822 0.26381204 0.30240934 0.30759769
 0.45832698]
182 148.88240439875912 [0.25517793 0.25465864 0.22463909 0.26535834 0.25152202 0.23774304
 0.45016348 0.2351597  0.84249798 0.2640303  0.30264785 0.30733325
 0.4590545 ]
183 167.8373411949862 [0.25567791 0.25443805 0.22435575 0.26567108 0.25087326 0.23772969
 0.450104   0.23498473 0.84260341 0.26428176 0.30300098 0.30707652
 0.45983644]
184 188.77057593559596 [0.25619703 0.25415798 0.2241038  0.26575433 0.25018847 0.23781045
 0.45011003 0.23480841 0.84258604 0.2645101  0.30348379 0.30686864
 0.46047573]
185 149.22855021322133 [0.25654666 0.2540513  0.22381744 0.26587011 0.24931499 0.23778702
 0.45020773 0.2346791  0.84254087 0.26469748 0.30356093 0.30678323
 0.46113385]
186 155.5970494033129 [0.25677623 0.25395043 0.22367664 0.26581553 0.24859567 0.23768907
 0.45023582 0.23450883 0.84254654 0.26495275 0.30362771 0.30640585
 0.46163352]
187 153.9813576167583 [0.25686369 0.2539357  0.22334282 0.2659018  0.24799981 0.23759153
 0.45029547 0.23405733 0.84250582 0.26513116 0.3037312  0.30605867
 0.4619589 ]
188 159.6031488410813 [0.2568675  0.25393869 0.22311132 0.26589288 0.24749467 0.23736386
 0.45032223 0.23374961 0.84240289 0.26544636 0.30390434 0.30579649
 0.46210789]
189 184.40778128894476 [0.2568837  0.25377912 0.22282571 0.26586586 0.24705404 0.23724269
 0.45047722 0.23322411 0.84229822 0.26584542 0.30409407 0.30566479
 0.46218565]
190 150.2401756583816 [0.25685696 0.25375621 0.22256606 0.26558251 0.24674709 0.23705303
 0.45043384 0.23277046 0.84225147 0.2662892  0.30414464 0.30550796
 0.46221159]
191 149.2783927025573 [0.25683006 0.25373225 0.22232552 0.26528791 0.24633307 0.2369174
 0.4501172  0.23229144 0.84221399 0.26679918 0.3042391  0.30519213
 0.46224611]
192 157.74181016623317 [0.25677372 0.25368022 0.22202568 0.26516223 0.24600432 0.23671918
 0.44986399 0.2318487  0.84236277 0.26735418 0.30440728 0.30487349
 0.46247042]
193 140.12647505590974 [0.25701186 0.25364208 0.22162739 0.26531899 0.2457935  0.23643907
 0.44959874 0.2316351  0.84247156 0.26800634 0.30468142 0.30472749
 0.46286412]
194 140.8568145713678 [0.25720426 0.25362627 0.22128801 0.26511608 0.24561126 0.23630467
 0.44938659 0.23111361 0.84268081 0.26855845 0.30502208 0.30446252
 0.46313112]
195 156.40090800868458 [0.25711389 0.25353884 0.22092504 0.26477714 0.24545376 0.23624441
 0.44915691 0.23062581 0.84281906 0.26896072 0.30529212 0.30425701
 0.46326957]
196 152.56607816486573 [0.25708221 0.25354281 0.22044835 0.264477   0.24540373 0.23625242
 0.4488514  0.23017038 0.843078   0.26954998 0.30559344 0.30417021
 0.46343323]
197 455.2771052116908 [0.25688152 0.25346225 0.22008345 0.26414628 0.24529864 0.23630842
 0.44865079 0.22979925 0.84337884 0.27037203 0.30600606 0.30425349
 0.46355906]
198 139.80588010714484 [0.25691642 0.25321185 0.21973231 0.26392543 0.2451849  0.23638187
 0.4484237  0.22946601 0.84346572 0.27100088 0.30644771 0.30442028
 0.46364855]
199 460.7728128349156 [0.2569457  0.25322099 0.21950844 0.26344334 0.24516742 0.23636392
 0.44836292 0.22917514 0.84367983 0.27132111 0.30684837 0.30448407
 0.46328083]
200 1322.3226283969109 [0.2570215  0.25336071 0.21943916 0.26291969 0.24510111 0.23618494
 0.44837002 0.22893957 0.84386562 0.2717974  0.30746935 0.30431207
 0.46298854]
201 117.76754311975864 [0.25728121 0.25358132 0.21932954 0.26247113 0.24489085 0.23600391
 0.44841278 0.228678   0.84408927 0.27213133 0.30772685 0.30414692
 0.46275096]
202 147.91516242481103 [0.25760543 0.2538946  0.21919269 0.26203063 0.24456993 0.23577787
 0.44853488 0.22847073 0.84425203 0.27237141 0.30817438 0.3041129
 0.4624412 ]
203 127.60339284272476 [0.25792348 0.25428421 0.21889513 0.26158625 0.24428715 0.23566797
 0.44851799 0.22827367 0.84424259 0.2726251  0.30849038 0.30409547
 0.46213108]
204 133.6467911369821 [0.25792102 0.25449918 0.21859928 0.2611075  0.24408637 0.23550333
 0.44841673 0.2279851  0.84417561 0.27276722 0.30884237 0.3037817
 0.46190303]
205 161.71404186967214 [0.25784163 0.25459743 0.21833012 0.26080112 0.24392231 0.235251
 0.4484927  0.22767822 0.84404127 0.27300193 0.30924795 0.303584
 0.46166363]
206 124.15368617534261 [0.25762081 0.2547448  0.21781927 0.26023837 0.24375183 0.23502509
 0.44837348 0.22734398 0.84371321 0.27330844 0.30957668 0.30320919
 0.46188319]
207 130.42750232580255 [0.25750426 0.2550053  0.2173828  0.25956267 0.24359148 0.23476378
 0.44822278 0.22701789 0.84341398 0.27353377 0.31009693 0.30302215
 0.46210212]
208 177.7222647173594 [0.25739866 0.2550351  0.21723874 0.25887854 0.24342414 0.23429487
 0.44809844 0.22655535 0.84323814 0.27408512 0.3106693  0.3031111
 0.46211518]
209 152.21741496954243 [0.25716354 0.25498527 0.21700984 0.25827935 0.24320975 0.23376748
 0.44782966 0.22618927 0.8430511  0.2744924  0.31111311 0.30325322
 0.46219211]
210 125.1359326211429 [0.25668442 0.25483622 0.21690716 0.25797352 0.24299124 0.23306082
 0.44751878 0.22593496 0.84282867 0.2749524  0.31127088 0.30361755
 0.46196953]
211 146.82796982721186 [0.25605822 0.2543431  0.21677176 0.25769948 0.24257869 0.23229534
 0.4470978  0.22576098 0.84256168 0.2755583  0.31091797 0.30372805
 0.461818  ]
212 120.5959609671836 [0.25558884 0.25378427 0.2166129  0.25742377 0.24217334 0.23162799
 0.44670792 0.22560633 0.84232527 0.27611248 0.31055018 0.30368028
 0.46182172]
213 133.81975110669026 [0.25501408 0.25304624 0.2164456  0.25719391 0.24167862 0.2310427
 0.44636698 0.22540832 0.84211349 0.2765358  0.3101096  0.30373742
 0.46200032]
214 131.5089652659332 [0.25457667 0.2523404  0.21636293 0.25703152 0.24109785 0.23054102
 0.44603772 0.22506998 0.84194376 0.2768327  0.3094241  0.30388886
 0.46238658]
215 149.91277418433134 [0.25423942 0.25179045 0.21629034 0.25669415 0.24064828 0.23000195
 0.44566666 0.2248015  0.84176959 0.27702229 0.3087178  0.30393749
 0.46271438]
216 113.93850833657115 [0.25389545 0.25138402 0.21613137 0.25640346 0.24020451 0.22949052
 0.44524016 0.22458289 0.84168837 0.27715508 0.30805432 0.30390498
 0.46292732]
217 118.17131351390498 [0.25347162 0.25125975 0.21577042 0.25619891 0.23955262 0.22901827
 0.44484242 0.22431628 0.84164753 0.27712263 0.30735787 0.30359851
 0.46322154]
218 120.4658446483158 [0.25317289 0.25107742 0.21529174 0.25602268 0.23889894 0.22866521
 0.4444479  0.2242348  0.84172606 0.27684185 0.30653034 0.30331874
 0.46365266]
219 148.77751375291453 [0.25309122 0.25084362 0.21490072 0.25588304 0.23841342 0.22827036
 0.4442176  0.22409128 0.8418245  0.27681738 0.30581589 0.30294572
 0.46398454]
220 141.09746283571545 [0.25283637 0.25049426 0.21441758 0.25583471 0.23814541 0.22797369
 0.44389009 0.22397852 0.84182409 0.27664761 0.30507905 0.30265813
 0.46438439]
221 165.90368680715562 [0.25255058 0.25024719 0.21401816 0.2560035  0.23799237 0.22781373
 0.44350858 0.22383091 0.84185618 0.27622305 0.30445357 0.3024665
 0.46478045]
222 128.43283801377186 [0.25238216 0.25008435 0.2136338  0.2558914  0.23781973 0.22768011
 0.4432348  0.22387074 0.8419373  0.27591276 0.30380436 0.30195458
 0.46515438]
223 118.04839390117093 [0.25223327 0.25009106 0.21329664 0.25591734 0.23763022 0.22763741
 0.44302066 0.22394126 0.84195506 0.2757448  0.30278583 0.30155912
 0.4657165 ]
224 153.09571445026904 [0.25216347 0.25005494 0.21295291 0.25611683 0.23744349 0.22772954
 0.44277475 0.22401068 0.84201841 0.27548324 0.30163704 0.30133384
 0.46616866]
225 137.68313150726922 [0.25215716 0.24990476 0.21260025 0.25628201 0.23722837 0.22764557
 0.44255327 0.22403603 0.84210316 0.2750981  0.30052205 0.3011921
 0.46639143]
226 106.68034598865138 [0.252083   0.24961324 0.21236469 0.25610418 0.23690318 0.22755504
 0.44212711 0.22412267 0.84222264 0.27477529 0.29976668 0.3009802
 0.46675878]
227 114.62805044549157 [0.25190258 0.24921783 0.21213848 0.25601262 0.23662263 0.22733305
 0.44167563 0.22414423 0.84239638 0.27430078 0.29918489 0.30064237
 0.46728705]
228 92.29699947681463 [0.25154322 0.2486145  0.21194252 0.2558788  0.2363063  0.22726004
 0.44112988 0.22424614 0.8426219  0.27383429 0.29855823 0.30033097
 0.46780193]
229 388.8853443424895 [0.25123021 0.24822925 0.21192637 0.25561033 0.23581429 0.22715211
 0.4407533  0.22403946 0.84268182 0.27327511 0.29783389 0.29985867
 0.46832668]
230 121.32879792884061 [0.25094884 0.24766525 0.21177328 0.25558682 0.23521287 0.22700756
 0.44057812 0.22369525 0.8427997  0.27279587 0.29717304 0.29927137
 0.46885945]
231 114.94238759955512 [0.25067824 0.24711965 0.21166855 0.25555641 0.23463738 0.22674318
 0.44024193 0.22329089 0.84293169 0.27217192 0.29673536 0.29885066
 0.46923252]
232 132.80186725460294 [0.25026189 0.24652504 0.21160372 0.25556111 0.23402634 0.22647721
 0.43980874 0.22293601 0.84307617 0.2717112  0.29650148 0.29854707
 0.46960477]
233 97.02439140470449 [0.24991115 0.24608694 0.21156606 0.25567809 0.23342186 0.22631094
 0.43952317 0.22271033 0.84322188 0.27147669 0.29629156 0.29828152
 0.46967102]
234 119.51311363659103 [0.24962364 0.24567101 0.21136454 0.25583988 0.23287833 0.22613381
 0.4393718  0.222493   0.84339923 0.27113143 0.29633966 0.29791035
 0.4698338 ]
235 102.02715115156093 [0.24930149 0.24530523 0.21105531 0.2557732  0.23224876 0.22577988
 0.43926497 0.22236625 0.84349047 0.27087948 0.29646564 0.29736046
 0.47018319]
236 116.93816999040453 [0.24906346 0.2450143  0.21074358 0.25581175 0.23147663 0.2254722
 0.43923098 0.22232905 0.84365307 0.2706446  0.29641496 0.29689029
 0.47050277]
237 105.10903202972565 [0.24887548 0.2446294  0.21060496 0.25603403 0.23079074 0.22520755
 0.4392462  0.22239506 0.8438512  0.27055188 0.29603146 0.29650234
 0.47075631]
238 102.64211008570427 [0.24867838 0.24436097 0.21043708 0.25628075 0.23017969 0.22497668
 0.4390756  0.22243794 0.84410494 0.27043926 0.29575529 0.29600157
 0.47084005]
239 113.36065244767019 [0.24848454 0.24389285 0.21034561 0.25672135 0.2294896  0.22487478
 0.43890591 0.22241665 0.84435285 0.27074135 0.29567265 0.29563828
 0.47082503]
240 140.4021547226929 [0.24829287 0.24348234 0.2102855  0.25699585 0.22892664 0.22486298
 0.43876872 0.22236635 0.84453312 0.2708548  0.29572457 0.29547307
 0.47085327]
241 106.32270061103924 [0.24806612 0.24302332 0.21015366 0.25718958 0.22843723 0.22462055
 0.43862888 0.22234555 0.84467224 0.27088221 0.29591734 0.29531942
 0.47109514]
242 96.46070837463168 [0.24782266 0.2427534  0.21009845 0.25726033 0.22791256 0.22432865
 0.43854393 0.22241423 0.84480168 0.27082757 0.29604018 0.29512638
 0.47129894]
243 121.12567235866607 [0.24739792 0.24249652 0.2098659  0.25725891 0.22724994 0.22383435
 0.43855561 0.22242058 0.84501271 0.27089383 0.29604069 0.29508802
 0.4716816 ]
244 106.81132168128447 [0.24706389 0.24193728 0.209495   0.25731135 0.22663846 0.22328989
 0.43849751 0.22249437 0.84529362 0.27090391 0.29590662 0.29498288
 0.47221461]
245 91.34396151937466 [0.2466318  0.2413916  0.2091229  0.25731756 0.22611208 0.22269905
 0.43832096 0.22259925 0.84556764 0.27056111 0.29582677 0.29458346
 0.47259664]
246 85.42374549063808 [0.24630058 0.24092655 0.20877569 0.2571871  0.22565206 0.22220337
 0.4382311  0.22263068 0.84594374 0.27030793 0.29598055 0.29416938
 0.47334688]
247 99.62255112884895 [0.24586423 0.24058473 0.20848019 0.25713436 0.22515909 0.2217944
 0.43812871 0.22266194 0.8463222  0.27017061 0.29595638 0.29355602
 0.47398021]
248 131.91193070472102 [0.2454369  0.24030392 0.20824832 0.25711172 0.22461669 0.22143205
 0.43787821 0.22273475 0.84674129 0.27001051 0.29613387 0.29306307
 0.47456352]
249 97.91865884328061 [0.24507933 0.23997449 0.20789271 0.25729865 0.22417225 0.22080627
 0.43756711 0.22268652 0.84714568 0.26972228 0.29642148 0.2925449
 0.47498163]
250 80.81289750463885 [0.24476177 0.23966127 0.20745798 0.2576631  0.22373752 0.22021284
 0.43709869 0.22266108 0.84735494 0.26954667 0.29669705 0.29210847
 0.47548422]
251 97.53602165644955 [0.2445276  0.23936871 0.20699214 0.25806884 0.22334392 0.21967439
 0.43658394 0.22269801 0.84759597 0.26953288 0.29684998 0.29177222
 0.47590567]
252 85.84969056986051 [0.24435746 0.23928398 0.20646133 0.25831458 0.22314115 0.21914143
 0.43615527 0.22279798 0.84770803 0.2694273  0.29689159 0.29126383
 0.47641469]
253 77.90301155279977 [0.24414351 0.23941873 0.20595063 0.25857677 0.22286226 0.21875437
 0.43595319 0.22279385 0.847801   0.26940204 0.29699156 0.29082087
 0.47692774]
254 108.2573429181711 [0.24379332 0.23962239 0.20537539 0.25876987 0.22256735 0.21847788
 0.43587109 0.22280761 0.84793588 0.26925394 0.29720846 0.29070738
 0.47756554]
255 107.55844320467062 [0.24345476 0.23994523 0.20485023 0.25894078 0.22213196 0.21809132
 0.4358208  0.22296138 0.84790829 0.26909521 0.29738571 0.29078851
 0.47831934]
256 99.04110731567526 [0.24310674 0.24029339 0.20433613 0.25910196 0.22171648 0.2177084
 0.43594007 0.22319004 0.84782717 0.26918239 0.29750232 0.29085755
 0.47882845]
257 85.96130626898133 [0.24258882 0.24057889 0.20374586 0.25915789 0.22142216 0.21726885
 0.4359617  0.22342116 0.84771177 0.26920899 0.29772177 0.29091535
 0.47946056]
258 87.92675524857353 [0.24196848 0.24084722 0.20317987 0.25918235 0.2210682  0.21677798
 0.43582825 0.22360991 0.84764581 0.26922345 0.29806865 0.29089368
 0.48013499]
259 76.8502872148515 [0.24125956 0.24099742 0.20263398 0.25917047 0.2206624  0.21615474
 0.43553883 0.22371577 0.84763913 0.26920869 0.29829334 0.29099748
 0.48060679]
260 79.62798340329286 [0.24070056 0.24102623 0.20213617 0.25912618 0.22018645 0.21559482
 0.43535756 0.22381398 0.8475333  0.26917551 0.2985642  0.29082245
 0.48120109]
261 75.03707768350003 [0.24038471 0.24100861 0.20172175 0.25926104 0.21984882 0.21497847
 0.43516833 0.22397442 0.84747651 0.26917405 0.29880981 0.29044141
 0.48163427]
262 81.12800369048392 [0.23984869 0.24086188 0.20124684 0.25941261 0.21952624 0.21455014
 0.4348503  0.22409776 0.84735742 0.26918846 0.29919709 0.29024459
 0.48228631]
263 112.44712008161432 [0.23923453 0.24085142 0.20091189 0.25926544 0.21931564 0.2140708
 0.43453989 0.22412262 0.84736683 0.26923588 0.29937328 0.2901507
 0.48295805]
264 87.9227390350697 [0.23864557 0.24101838 0.20052485 0.25928253 0.21900124 0.21371055
 0.43407237 0.22413882 0.84733817 0.2692901  0.29938735 0.29008755
 0.4837054 ]
265 81.36930882086966 [0.23806317 0.24111268 0.20015495 0.25909574 0.21878981 0.21342123
 0.43370281 0.22417254 0.84738036 0.26931623 0.29933053 0.29020794
 0.48439497]
266 83.52567920308303 [0.23733432 0.24132089 0.19980234 0.25891971 0.21849416 0.213048
 0.43339502 0.22412327 0.84730757 0.26944018 0.29928815 0.28994895
 0.48523904]
267 68.35987036751844 [0.23670715 0.24137493 0.19944885 0.25876656 0.21815935 0.21268273
 0.43325778 0.22402652 0.84724028 0.26939891 0.29913363 0.28977272
 0.48606581]
268 69.64565778143819 [0.23606863 0.24137105 0.19913187 0.25860184 0.21784588 0.21223701
 0.43326363 0.2240722  0.84721166 0.26939439 0.29901337 0.28963091
 0.48656655]
269 62.59542639654964 [0.23552806 0.24158544 0.19892535 0.25861264 0.2174105  0.21182536
 0.43330556 0.22411844 0.84727643 0.26942828 0.29870366 0.28972642
 0.4873566 ]
270 73.05038768958225 [0.23492756 0.24195953 0.19885235 0.25841078 0.21709844 0.21144611
 0.43344626 0.22413884 0.84732705 0.26931987 0.29853473 0.28984878
 0.48809567]
271 65.20514534103688 [0.23444354 0.24219726 0.19876936 0.25827672 0.21689943 0.21103806
 0.43355685 0.22423002 0.84737735 0.26919967 0.29842895 0.28973685
 0.48843254]
272 72.3044174995856 [0.23397687 0.24238868 0.19881149 0.2581347  0.21686701 0.21069359
 0.43377899 0.22429113 0.84736762 0.26918839 0.29832411 0.28959158
 0.48893974]
273 105.76400973137115 [0.23332559 0.2426205  0.19882262 0.25802953 0.21699038 0.21038359
 0.43406707 0.22436877 0.84737772 0.26910099 0.29821649 0.28929198
 0.48944638]
274 75.89106215573338 [0.23267107 0.24308926 0.19876915 0.25776484 0.21714489 0.21022764
 0.43445793 0.22450867 0.84738877 0.26885615 0.29777411 0.28893689
 0.48994259]
275 73.55830543294951 [0.23218549 0.24342675 0.19879134 0.25763581 0.21721794 0.21006409
 0.43486302 0.22466743 0.84747414 0.26863607 0.29753034 0.28854208
 0.49049748]
276 79.2185395210279 [0.2314746  0.24342775 0.19877759 0.2575517  0.2172686  0.21000013
 0.43524003 0.22478966 0.84755678 0.26844494 0.29760549 0.28806353
 0.49096853]
277 75.46225451132942 [0.23074892 0.24374948 0.19889954 0.25755094 0.21716575 0.21005347
 0.43568452 0.22500799 0.8476264  0.26829522 0.29770991 0.28779619
 0.49146635]
278 68.41073459293908 [0.22989477 0.24388102 0.19903205 0.25769161 0.21702502 0.21014948
 0.43609015 0.22522194 0.84771693 0.26833714 0.2976765  0.2875209
 0.49203538]
279 74.2528213996323 [0.22914656 0.24408901 0.19911394 0.25787083 0.21693607 0.21030015
 0.43634021 0.22529322 0.84771138 0.26841402 0.29761924 0.28731264
 0.49242665]
280 70.44153428599088 [0.22842857 0.24428429 0.19913379 0.2580674  0.21691088 0.21034952
 0.43647324 0.22525557 0.84765236 0.26844936 0.29755183 0.28696128
 0.4928149 ]
281 67.87923210846589 [0.22784251 0.24449763 0.19918509 0.25819992 0.21687988 0.21044252
 0.43657573 0.22522371 0.84756937 0.26851646 0.29744459 0.28659621
 0.4933242 ]
282 61.407081340044726 [0.22730784 0.24460009 0.19924089 0.25848166 0.21683784 0.2104979
 0.43664727 0.22527504 0.84749861 0.26845785 0.29735063 0.2863175
 0.49370801]
283 73.30730761884047 [0.22688541 0.24450426 0.1993388  0.25864186 0.21679233 0.21044621
 0.43660435 0.22529952 0.84727895 0.26852993 0.29740571 0.28589675
 0.49446167]
284 73.89659191579182 [0.22657664 0.24432095 0.1993246  0.25887351 0.21671921 0.21029957
 0.43641642 0.22529946 0.84707432 0.26864923 0.29752069 0.28541998
 0.49490844]
285 70.91095510840485 [0.22624825 0.24413224 0.19929682 0.25894637 0.21666603 0.21030125
 0.43629993 0.22513447 0.84689848 0.26865677 0.29775095 0.28487088
 0.49539463]
286 77.55417586371055 [0.22597844 0.24370585 0.19930006 0.25923745 0.21662861 0.21028903
 0.43618031 0.22492052 0.84674684 0.26874105 0.29798325 0.28449399
 0.49578581]
287 66.95006793559027 [0.22573774 0.24327245 0.19940345 0.25957533 0.21654574 0.21008647
 0.43612795 0.2246712  0.84665133 0.26871089 0.29827245 0.2839705
 0.49629482]
288 96.7149458872673 [0.22554835 0.24296276 0.19951318 0.25997328 0.2165007  0.20991944
 0.43592675 0.22432007 0.84632304 0.26881475 0.2984846  0.28341552
 0.49667114]
289 68.14502175598179 [0.22523723 0.2426719  0.19957613 0.26028883 0.21637808 0.20968392
 0.43573496 0.22397389 0.84594857 0.26913209 0.29873732 0.28288924
 0.4971057 ]
290 61.38333571674012 [0.22480968 0.24230444 0.19959259 0.26067306 0.21624572 0.20941942
 0.43555039 0.223543   0.84547703 0.26969152 0.29883918 0.28211636
 0.49712348]
291 74.85136517308209 [0.2244552  0.24197209 0.199627   0.26101064 0.21607808 0.2092003
 0.43539068 0.22317077 0.84507116 0.27040528 0.29905228 0.28134724
 0.4969577 ]
292 71.37187535594083 [0.22420265 0.2416513  0.19964629 0.26137247 0.21580314 0.20890234
 0.4354489  0.22283641 0.84470317 0.27095084 0.29923046 0.28056089
 0.49678033]
293 68.06891996377033 [0.223933   0.24123814 0.19962715 0.26169283 0.21555434 0.20856224
 0.43537541 0.2224556  0.84443617 0.27150549 0.29921505 0.27984036
 0.49651094]
294 70.59335290389114 [0.22363112 0.24069928 0.19954861 0.26182742 0.2153623  0.20815692
 0.43530066 0.22215914 0.84421045 0.2721541  0.29924363 0.27929183
 0.49628276]
295 95.73698264601995 [0.2231294  0.24014952 0.19953412 0.26173284 0.21523638 0.20775231
 0.43520461 0.22195617 0.84406901 0.27269784 0.29919416 0.27871854
 0.49568022]
296 73.42757755634284 [0.22270961 0.23967929 0.1993754  0.26146177 0.21509211 0.20740013
 0.43525976 0.22185139 0.84398251 0.27269285 0.29865072 0.27827791
 0.49495919]
297 70.0117854973338 [0.22227932 0.23935273 0.19915412 0.26109506 0.21487078 0.2071137
 0.43527587 0.2217522  0.84395173 0.27283857 0.2983216  0.2778959
 0.49439442]
298 85.19949478921086 [0.22183621 0.23889723 0.19903262 0.26073538 0.21465087 0.20684458
 0.43534715 0.22163132 0.84392711 0.27290376 0.29806907 0.27759106
 0.49373838]
299 70.41330321139043 [0.22141441 0.23844815 0.19897486 0.26032433 0.21443877 0.20661039
 0.43529819 0.2214772  0.84388711 0.27296628 0.29781256 0.27740207
 0.49324123]
300 70.21617303312985 [0.22100565 0.23796274 0.19877595 0.25991829 0.21415403 0.20627113
 0.43521918 0.22131681 0.84394968 0.27289221 0.29760908 0.27734205
 0.49292311]
301 65.17143339150667 [0.22067489 0.23735087 0.19868255 0.2594946  0.21393327 0.20602643
 0.43513465 0.22098675 0.84400003 0.27300324 0.2973677  0.27736652
 0.49223053]
302 77.83516076774694 [0.22036359 0.23671195 0.19855201 0.25911323 0.21364594 0.20580608
 0.43501258 0.2206568  0.84397956 0.2731906  0.29734463 0.27731338
 0.49185168]
303 63.354192432263716 [0.22008727 0.23609819 0.19841373 0.25889586 0.21344859 0.20564522
 0.43495091 0.22036856 0.84396677 0.27336719 0.29704772 0.27731286
 0.49150517]
304 72.84860216216191 [0.21973601 0.23551429 0.19816176 0.25870196 0.21334525 0.20550026
 0.43484098 0.21995427 0.84393671 0.27362363 0.29704016 0.27730644
 0.49156343]
305 70.67474523049127 [0.21943727 0.23498564 0.19783914 0.2584753  0.2131766  0.20543471
 0.4346916  0.21955811 0.84388425 0.27376619 0.29695231 0.27747256
 0.49180095]
306 59.10928465592768 [0.21905411 0.2345017  0.19741003 0.25827475 0.2128665  0.20544559
 0.43466639 0.21927543 0.84392665 0.2739298  0.2972252  0.27770184
 0.4917775 ]
307 63.68340221595359 [0.21869343 0.23378744 0.196882   0.25809185 0.21259882 0.20543635
 0.43463239 0.21892378 0.84397795 0.27403334 0.29763543 0.27775002
 0.49200579]
308 57.83522907221423 [0.21822051 0.23323949 0.19638043 0.257951   0.21250242 0.20531845
 0.43448482 0.21859153 0.84415869 0.2740535  0.29809483 0.27772444
 0.49184193]
309 63.836507345194846 [0.21759658 0.23276866 0.19582032 0.25762803 0.21244062 0.20525738
 0.43441324 0.2182044  0.84435551 0.27389638 0.29853676 0.27767476
 0.49145373]
310 61.58439319631434 [0.21694807 0.2323142  0.19507617 0.25727942 0.2124234  0.2052075
 0.43438052 0.21768989 0.84455932 0.27366498 0.29921478 0.27749368
 0.49088009]
311 336.2707220590964 [0.21644672 0.23180757 0.19437573 0.25698563 0.212454   0.20509424
 0.43452409 0.21724023 0.84473349 0.2734899  0.30003662 0.27738272
 0.49031868]
312 62.38363064866638 [0.21603029 0.23152618 0.1938378  0.2566898  0.21252673 0.20502162
 0.43466679 0.21694088 0.84510502 0.27325666 0.30076547 0.27741596
 0.49006386]
313 59.95446046009299 [0.21561312 0.23137044 0.19331958 0.25632423 0.21265933 0.20473963
 0.43475745 0.21660567 0.84540124 0.2728775  0.3014462  0.27763957
 0.48989311]
314 66.43243575926792 [0.2152064  0.23115446 0.19294213 0.25606328 0.21271159 0.20443116
 0.43490951 0.21638881 0.84546379 0.27251414 0.30215825 0.27772106
 0.48968329]
315 57.75128074451575 [0.214887   0.23097476 0.19260532 0.25594543 0.21278536 0.20416091
 0.4350619  0.21622197 0.8455245  0.27184698 0.30281092 0.27771985
 0.48949946]
316 58.315079164614374 [0.21457599 0.23067591 0.19228744 0.25581186 0.21271299 0.20391126
 0.43520672 0.21608304 0.84543047 0.27145077 0.30353342 0.27764132
 0.4895949 ]
317 56.82048553800483 [0.21424142 0.23034972 0.19192793 0.25582266 0.21260435 0.2036617
 0.43533487 0.21586548 0.84529918 0.27116581 0.30403227 0.27750559
 0.4897639 ]
318 62.67922380183787 [0.21391263 0.23003559 0.19158625 0.25602638 0.212502   0.20357104
 0.43539302 0.21578913 0.84514016 0.27090436 0.30454025 0.27750996
 0.48975307]
319 62.062094098390276 [0.21361815 0.22963276 0.19128876 0.25619952 0.2123236  0.20339072
 0.43556209 0.2155927  0.84494286 0.27065038 0.30487216 0.27745098
 0.48993072]
320 58.608814418681746 [0.21325556 0.22921344 0.19111366 0.25630625 0.21217695 0.20315627
 0.43577387 0.21544837 0.8447952  0.27057309 0.30536041 0.27727556
 0.49023132]
321 52.28875758043731 [0.21290489 0.22880922 0.19096471 0.25612833 0.21193879 0.20284604
 0.43609008 0.21522767 0.84463321 0.27062942 0.30552565 0.27718412
 0.49098572]
322 72.35867157854585 [0.21256967 0.2283797  0.19076202 0.2559357  0.21161098 0.2024483
 0.43650001 0.21492767 0.84449477 0.27062256 0.30567408 0.27693104
 0.49135946]
323 60.811066034223074 [0.21232201 0.2280005  0.19057628 0.2556281  0.21129612 0.20206431
 0.43679461 0.21457193 0.84440146 0.27050742 0.30615026 0.276773
 0.49144883]
324 60.523429701355866 [0.21213075 0.22769935 0.19038857 0.25561856 0.21086769 0.20172179
 0.43697675 0.21417845 0.84446441 0.2704649  0.30630928 0.27627597
 0.49173927]
325 59.86671313478469 [0.21193509 0.2272922  0.19028946 0.2555701  0.21050551 0.20148537
 0.43711533 0.21377985 0.84425158 0.27048619 0.30655415 0.2759558
 0.49201843]
326 54.48830444691404 [0.21171198 0.22692802 0.19016122 0.25575248 0.21012578 0.20118863
 0.43725764 0.21337757 0.84402757 0.27050927 0.3069193  0.27556296
 0.49213967]
327 55.431771197505796 [0.21130476 0.22651549 0.1900161  0.25594824 0.20975883 0.20096239
 0.43729303 0.21280444 0.84385287 0.27060029 0.30742869 0.27541285
 0.49227638]
328 67.95001461708286 [0.21099174 0.2262676  0.18981638 0.25617302 0.20944763 0.20072405
 0.4372941  0.21238757 0.84366027 0.27071829 0.30787296 0.27537197
 0.49192434]
329 59.2874460725992 [0.21063333 0.22615907 0.1895885  0.25658108 0.20917637 0.2003027
 0.43725528 0.21190822 0.84339642 0.27068988 0.30845787 0.27547537
 0.49180042]
330 59.11648460964727 [0.21033235 0.22602289 0.18948505 0.25704743 0.20904299 0.19999855
 0.43716157 0.21154151 0.84306057 0.27061408 0.30890023 0.27554788
 0.49179578]
331 58.62656725692501 [0.21011864 0.22594641 0.18944264 0.25744547 0.20888653 0.199771
 0.43702468 0.21107111 0.84276286 0.27053745 0.30927467 0.2757388
 0.49189843]
332 56.634612343364374 [0.20997134 0.22566248 0.18943038 0.25785974 0.20874926 0.19945387
 0.43705848 0.21060746 0.8425384  0.27055423 0.30929898 0.27566036
 0.49193954]
333 48.42298794944009 [0.2099225  0.22533688 0.18927887 0.25815653 0.20870839 0.19915382
 0.43708946 0.21029959 0.84238774 0.27053084 0.3092594  0.27568322
 0.49137011]
334 60.781730680349874 [0.20984515 0.22512072 0.18914064 0.25814382 0.20866702 0.1987423
 0.43711705 0.21003438 0.84214288 0.27049583 0.30926253 0.27565946
 0.49066381]
335 46.90817805115434 [0.20965564 0.22494567 0.18907092 0.25817764 0.20870478 0.19836418
 0.43710975 0.20968277 0.84189861 0.27073196 0.30901063 0.27557958
 0.49035713]
336 52.49141112571297 [0.20960256 0.22471776 0.18883138 0.25818669 0.20856024 0.19794759
 0.43686085 0.20936699 0.84172812 0.27093107 0.30877532 0.27560062
 0.48966673]
337 44.25160760123292 [0.20937879 0.22458201 0.18863411 0.25826009 0.20835255 0.19757489
 0.43662413 0.20907199 0.84154231 0.27118314 0.30827639 0.27556329
 0.48886635]
338 48.353455149044166 [0.20931777 0.22447401 0.18835104 0.25840746 0.20812942 0.19722246
 0.43631888 0.20880197 0.84124179 0.27163449 0.30773606 0.27563475
 0.48789827]
339 52.84988703387957 [0.20916057 0.22447301 0.18797078 0.25839976 0.20783116 0.19691972
 0.43593767 0.20858724 0.84099391 0.27209888 0.30730052 0.27574739
 0.48704028]
340 51.596073282993075 [0.20893598 0.22451795 0.18772471 0.25844178 0.20742712 0.19666445
 0.43564521 0.20854842 0.84078894 0.2726454  0.3068229  0.27579202
 0.48613639]
341 49.82648691912864 [0.20867545 0.22459057 0.18759829 0.25846161 0.20700811 0.19641823
 0.43538293 0.20858976 0.84057215 0.27310297 0.3065155  0.275767
 0.4855562 ]
342 73.07478095339367 [0.20855576 0.22457592 0.18750749 0.2585383  0.20651973 0.19617738
 0.43501344 0.20865769 0.84043571 0.27353408 0.30611308 0.27554772
 0.48508599]
343 48.87849823034922 [0.20844348 0.2244467  0.18740574 0.25870443 0.2060499  0.19589935
 0.43471861 0.20859907 0.84024526 0.27383666 0.30600455 0.27520321
 0.48453937]
344 48.74373352594684 [0.2084719  0.22437189 0.18730014 0.25880906 0.20571861 0.19573164
 0.43438956 0.20859188 0.84011816 0.27391897 0.30590267 0.27481175
 0.48379332]
345 46.447200978285935 [0.20849433 0.22409115 0.18715289 0.25901908 0.2054473  0.19552937
 0.43409929 0.20857421 0.840078   0.2739781  0.30579918 0.27439312
 0.48316514]
346 44.38004507789668 [0.20841759 0.22384893 0.18693938 0.2590237  0.20514194 0.19527008
 0.43368013 0.20846968 0.84005565 0.27395276 0.30574133 0.27414982
 0.48255685]
347 54.066679850978254 [0.2083918  0.22363601 0.18679813 0.25894415 0.20486747 0.19489954
 0.43330103 0.20842728 0.84003361 0.27378361 0.30570341 0.27378382
 0.48199635]
348 52.76066137277567 [0.20831404 0.22354047 0.18654301 0.25902745 0.20462711 0.19444193
 0.43312845 0.20836429 0.84003869 0.2736702  0.30549584 0.27338856
 0.48146816]
349 46.97927116376612 [0.20819225 0.22346626 0.18624044 0.25893795 0.20435444 0.19407625
 0.43298895 0.20840612 0.84014179 0.27353255 0.3053169  0.27319546
 0.48094208]
350 47.9159497880632 [0.20798868 0.22335607 0.18585656 0.25859235 0.20403164 0.19386168
 0.43286095 0.20851938 0.8403388  0.273285   0.3052016  0.27300311
 0.48065993]
351 60.095115966943915 [0.20773314 0.22333655 0.18557387 0.25833644 0.20363467 0.19370097
 0.4327095  0.20856819 0.84056359 0.27308477 0.30497997 0.27282458
 0.48040115]
352 53.11464926782536 [0.2075296  0.22336123 0.18530444 0.2582281  0.20331829 0.19350451
 0.43251197 0.20850188 0.84074407 0.27281034 0.30481821 0.27258756
 0.48029922]
353 50.713998242882944 [0.20730096 0.22342595 0.18505168 0.25806269 0.20301545 0.1933093
 0.43241737 0.2084931  0.84086354 0.27278198 0.30480936 0.2724151
 0.48042314]
354 49.77453427763834 [0.20713978 0.22355495 0.1848589  0.2579314  0.20273575 0.19311443
 0.43227114 0.20851145 0.84076436 0.27278147 0.30458811 0.27209137
 0.48066938]
355 49.598142921629176 [0.20697125 0.22357776 0.18469376 0.2578293  0.20242824 0.19295638
 0.43225439 0.20865136 0.84070008 0.27269147 0.3043695  0.27178152
 0.48104873]
356 45.69948508949393 [0.20676804 0.22359205 0.18448525 0.2577112  0.20218792 0.1927785
 0.4319087  0.20876835 0.84072839 0.27246204 0.30426992 0.27143283
 0.48139262]
357 50.312984420523975 [0.2065148  0.22364891 0.18430296 0.25771997 0.20195197 0.19247656
 0.43159428 0.20874968 0.84061903 0.27225921 0.30420041 0.27117423
 0.48149566]
358 49.61306257025154 [0.20629571 0.22356364 0.18409239 0.25781166 0.20169006 0.19232053
 0.43127784 0.20882068 0.84051559 0.27223975 0.30402427 0.27100181
 0.4813025 ]
359 42.61508673834078 [0.20615807 0.22345795 0.18399281 0.25786863 0.20148272 0.19218688
 0.43098322 0.20889621 0.84047948 0.27224771 0.30382706 0.27081566
 0.4809767 ]
360 37.970661953503964 [0.20604947 0.22348863 0.18392384 0.2577434  0.20119598 0.19205008
 0.43071256 0.20905567 0.84050402 0.27233402 0.30355321 0.27067259
 0.48065289]
361 41.91904116315032 [0.20586238 0.22348065 0.18388564 0.25753999 0.20094458 0.19191938
 0.43052192 0.20913571 0.84045618 0.27220863 0.30326633 0.27059504
 0.48015269]
362 44.40488917489776 [0.20564138 0.2235627  0.18383543 0.25729321 0.20068325 0.1918358
 0.4304552  0.20919061 0.84044175 0.27227183 0.30311127 0.27057001
 0.47977257]
363 49.390318785444975 [0.2054221  0.22368438 0.18387041 0.25706173 0.20050145 0.19172075
 0.43032232 0.20925097 0.84052602 0.27233181 0.30305094 0.27055594
 0.4792758 ]
364 46.17290623800896 [0.20516071 0.22369607 0.18389229 0.25672242 0.20038486 0.19158321
 0.43015346 0.20922044 0.84058711 0.27245807 0.30308025 0.27046795
 0.47878842]
365 51.71456846209456 [0.20493133 0.22366078 0.18382557 0.25639189 0.20025396 0.19149603
 0.43002805 0.20911119 0.84063627 0.27263575 0.30310586 0.27032144
 0.47837544]
366 41.93735250052975 [0.20473738 0.22365671 0.18374439 0.25603781 0.20008783 0.19135822
 0.42985419 0.20908593 0.84069217 0.27309673 0.30311671 0.27006903
 0.47798582]
367 53.974764642550866 [0.20454273 0.22362856 0.18362062 0.25545579 0.19987761 0.19125715
 0.42973718 0.20899119 0.84076759 0.27353666 0.30322141 0.26971879
 0.47749601]
368 47.500913001345225 [0.20445401 0.22375588 0.18351137 0.25503256 0.19963572 0.19108362
 0.42950484 0.20891449 0.84085551 0.27385864 0.30317564 0.26949681
 0.47682098]
369 41.12970221836194 [0.20441565 0.22374938 0.18336778 0.25461505 0.19932985 0.19088451
 0.4292605  0.20889328 0.84087675 0.27404554 0.30318063 0.26923921
 0.47634101]
370 44.3860296539963 [0.20440493 0.22371824 0.18321548 0.25425901 0.19896202 0.19072616
 0.42907281 0.20890616 0.84093108 0.27405811 0.30325095 0.26899372
 0.47591182]
371 47.25577209119098 [0.20426101 0.2238662  0.18305478 0.25365258 0.19865604 0.19065195
 0.42896992 0.20872556 0.84102696 0.27375359 0.30332093 0.26872455
 0.47503308]
372 36.25389265604818 [0.20404983 0.22413675 0.18291993 0.25317106 0.19829811 0.19067237
 0.42889314 0.20851992 0.84111416 0.2734061  0.30351765 0.26852223
 0.47417078]
373 41.63556404353267 [0.20393021 0.22443219 0.18277498 0.25277231 0.19797792 0.19072118
 0.42892575 0.20828545 0.841247   0.27315768 0.30369146 0.26836888
 0.47332664]
374 45.06756238715084 [0.20378373 0.2246667  0.18255074 0.25249611 0.19783087 0.19079405
 0.42882707 0.20810413 0.84132093 0.27294774 0.30399437 0.26822017
 0.47258424]
375 49.676957060544495 [0.20370797 0.22489148 0.18239174 0.25214359 0.1975738  0.19088213
 0.42886543 0.20801829 0.84139467 0.27269898 0.30411722 0.26813722
 0.47193733]
376 49.91901296216153 [0.20370277 0.22505813 0.18221096 0.2518217  0.19735357 0.19091065
 0.42900076 0.20798338 0.84146221 0.27250207 0.30472968 0.26819401
 0.47134846]
377 44.21258323295748 [0.20368712 0.22532922 0.18202681 0.25149642 0.19724926 0.1909397
 0.42905946 0.20796341 0.84139851 0.27228181 0.30520876 0.26813015
 0.47088913]
378 58.83065153086977 [0.2036509  0.22551364 0.18187595 0.25123034 0.19717959 0.19093232
 0.42918527 0.20791523 0.84136246 0.27189968 0.30566447 0.26799449
 0.47052012]
379 43.28172874752275 [0.20357106 0.22566097 0.18165656 0.25094589 0.19716    0.19081086
 0.42932026 0.20784771 0.84135042 0.27175141 0.30623781 0.26795911
 0.47007217]
380 38.12828353836238 [0.20353912 0.2258144  0.18138613 0.25078498 0.1971813  0.19071385
 0.42951888 0.20764688 0.84137231 0.27160854 0.30664076 0.26787681
 0.46964674]
381 32.96111318405498 [0.20351282 0.22604551 0.18116882 0.25055007 0.19723955 0.19063355
 0.42975367 0.20745337 0.84131511 0.27173833 0.30682075 0.26773332
 0.46906342]
382 37.975876905921865 [0.20353641 0.22624708 0.18097256 0.25042363 0.19719046 0.19051824
 0.42992706 0.20718344 0.8413641  0.27179544 0.30687478 0.26746165
 0.46872383]
383 44.61981999150751 [0.20360617 0.22640905 0.18095234 0.25025918 0.19713675 0.19043965
 0.43021481 0.20694606 0.84155982 0.27182106 0.30689037 0.26706216
 0.46844475]
384 32.24707368358668 [0.20357196 0.22648005 0.1808968  0.25003616 0.19700949 0.19038566
 0.43036493 0.20664295 0.84176795 0.2719439  0.30698924 0.26653303
 0.468085  ]
385 33.89077777284381 [0.20343786 0.22640098 0.18095245 0.24993637 0.19691353 0.19026297
 0.43056297 0.20640796 0.84176993 0.271931   0.30739729 0.26608867
 0.46780778]
386 35.635095904843666 [0.20334753 0.22621952 0.18102049 0.24989444 0.19680813 0.19022372
 0.43067482 0.20619304 0.84180123 0.27182101 0.30773775 0.26584491
 0.4675347 ]
387 35.476781151610794 [0.20328482 0.22602075 0.18110282 0.2498803  0.19662216 0.19022132
 0.4308371  0.20604174 0.8418476  0.27152582 0.30795448 0.265502
 0.46733757]
388 45.66748472410818 [0.2030957  0.22588542 0.18115409 0.24977197 0.19646016 0.19020638
 0.43107977 0.20582698 0.84193176 0.27142169 0.30815429 0.26512308
 0.46700636]
389 37.39481195263946 [0.20306821 0.22566462 0.18115417 0.24985924 0.19608428 0.19014165
 0.43143466 0.20561424 0.84213117 0.27143469 0.30812046 0.26468973
 0.46661978]
390 39.1232921754938 [0.20303447 0.22541882 0.18103163 0.24999253 0.19571255 0.19004008
 0.43173484 0.20547525 0.84231225 0.2715234  0.30814927 0.26426822
 0.46634934]
391 35.80203705397528 [0.20297801 0.2251756  0.1808295  0.2501129  0.19536374 0.18998547
 0.43206392 0.20545882 0.84245233 0.27152889 0.30817884 0.26394528
 0.46614482]
392 35.288034630484205 [0.20284284 0.22497322 0.18065908 0.25000184 0.19508943 0.18984587
 0.43247992 0.20534247 0.84259686 0.27144524 0.30795939 0.2636975
 0.46596011]
393 39.8567749551155 [0.2027109  0.2247298  0.18053601 0.24993297 0.19489402 0.18975318
 0.43279966 0.20518766 0.84266474 0.27134804 0.30782368 0.26316971
 0.46571044]
394 37.21968968763275 [0.20259514 0.22436915 0.1803243  0.24977349 0.1947761  0.18971561
 0.43308497 0.20498333 0.84276687 0.27114453 0.30760773 0.26267669
 0.46539736]
395 33.54546803787132 [0.2025029  0.22413977 0.18007563 0.24956882 0.19465414 0.1896701
 0.43336322 0.20489927 0.84283625 0.27099889 0.3074175  0.26212845
 0.46508285]
396 39.02718433700175 [0.20245423 0.22385614 0.17981512 0.24934336 0.19449989 0.18968247
 0.43362479 0.20475862 0.84298331 0.2708975  0.30711212 0.26154133
 0.46472028]
397 33.391404103976036 [0.20233688 0.22357512 0.17950123 0.24910441 0.19435226 0.18966223
 0.43390009 0.20457933 0.84319014 0.27093232 0.30684599 0.26094739
 0.46438002]
398 39.80522984373116 [0.20223637 0.22317158 0.17919474 0.24887402 0.19416275 0.18961906
 0.43418881 0.2044506  0.84340237 0.27088399 0.30648356 0.26037065
 0.46413767]
399 30.48486732550512 [0.20221683 0.22271101 0.17881217 0.24850161 0.19395675 0.1895239
 0.43448991 0.20423336 0.84346013 0.2707408  0.30621615 0.2599482
 0.46397069]
400 32.83848761928132 [0.20222086 0.22231614 0.1784908  0.24817133 0.19381213 0.18946384
 0.43469277 0.20401199 0.8433853  0.27076631 0.30596764 0.25942033
 0.46369122]
401 33.33505262685208 [0.20213162 0.22201343 0.17819859 0.24782819 0.19359444 0.18936151
 0.4348473  0.20373687 0.84326142 0.27064413 0.3058241  0.25891636
 0.46356628]
402 29.607092707247098 [0.20210662 0.22182179 0.17795452 0.24740354 0.19340594 0.18923255
 0.43481377 0.20345649 0.84315542 0.2704788  0.30565693 0.25856871
 0.46340763]
403 34.92604952216894 [0.20207493 0.22174026 0.17772266 0.24701505 0.19324687 0.18904071
 0.43464455 0.20315459 0.84291127 0.27024962 0.30566552 0.25821817
 0.46320393]
404 40.87367201163272 [0.20200228 0.2216681  0.17748428 0.2465667  0.19311387 0.18888755
 0.43456927 0.20285652 0.84259344 0.27008949 0.30559395 0.2578848
 0.46314456]
405 34.64424887581492 [0.20190625 0.22164313 0.17724311 0.24620056 0.192977   0.18877086
 0.43450919 0.2026337  0.84227857 0.26983597 0.30552956 0.25748831
 0.46309487]
406 33.26952856557763 [0.20180064 0.22172084 0.17704822 0.24596243 0.19285253 0.18872478
 0.43448235 0.20233033 0.84193461 0.26985503 0.30539609 0.2571417
 0.46313807]
407 27.27443013138773 [0.20173008 0.22176178 0.17685534 0.24572605 0.19274928 0.18862313
 0.43453358 0.20200966 0.84165651 0.26976158 0.30537352 0.25672886
 0.46301112]
408 33.930355675784185 [0.20165629 0.22183244 0.17662308 0.24544706 0.19270238 0.18853307
 0.4346161  0.20174179 0.84141626 0.26973141 0.30530962 0.25633546
 0.46296916]
409 27.073846430347658 [0.20160372 0.22183881 0.1765385  0.24514326 0.19270286 0.18843375
 0.43464337 0.20149625 0.84122453 0.26978452 0.30555855 0.25601596
 0.46301102]
410 26.83123191914479 [0.20145825 0.22182292 0.17634022 0.24471658 0.19259491 0.18823751
 0.43456269 0.20130024 0.84099451 0.26979094 0.30574352 0.25568946
 0.46295671]
411 30.326917836145398 [0.20134339 0.22175271 0.17606991 0.24415435 0.192491   0.18809917
 0.43433606 0.2010709  0.84078301 0.26991151 0.30576746 0.2554225
 0.46295219]
412 28.520362662116682 [0.20121715 0.22171883 0.17585933 0.24353905 0.19246449 0.18798841
 0.43401603 0.20080933 0.84055644 0.27015084 0.30591277 0.25524741
 0.46288189]
413 25.9965595403404 [0.20104905 0.22178636 0.17566595 0.24322298 0.19238259 0.18794424
 0.43376263 0.20060363 0.84046614 0.2703194  0.30606875 0.25494406
 0.46283606]
414 24.04406700013412 [0.20089395 0.22185064 0.17544937 0.24287681 0.19222824 0.1878845
 0.43361005 0.20041567 0.84032814 0.27046078 0.30619221 0.25459638
 0.46282715]
415 24.907583549125537 [0.20069315 0.22181419 0.17523004 0.24265197 0.19208732 0.18771729
 0.4333619  0.20030038 0.84016686 0.27061491 0.30633381 0.25415633
 0.4628557 ]
416 24.015776295721423 [0.20061053 0.22177766 0.17505784 0.24243565 0.19181947 0.18759027
 0.4331615  0.20025476 0.84003064 0.27082939 0.30635331 0.25389244
 0.46276598]
417 28.142594181377078 [0.20052949 0.2217848  0.17491646 0.24233597 0.19156419 0.18748731
 0.43302404 0.20015913 0.83983305 0.27111954 0.30653356 0.25359415
 0.46262524]
418 25.273206587375846 [0.20035996 0.22182722 0.17481767 0.24223508 0.19123384 0.18733201
 0.43293296 0.2001238  0.83968845 0.27153717 0.30650045 0.25332629
 0.46238111]
419 21.1755728619696 [0.20019369 0.22195437 0.17469793 0.24224536 0.19085922 0.18736498
 0.4326485  0.20015686 0.83941938 0.27197393 0.30645682 0.25306989
 0.46200903]
420 22.36517814554184 [0.20002893 0.22180458 0.17456814 0.24226086 0.19056345 0.18732517
 0.43233495 0.20023375 0.83919906 0.27236327 0.30653814 0.2527511
 0.46172316]
421 23.983070292254183 [0.19984673 0.22163851 0.17441764 0.24223422 0.19030097 0.18724786
 0.43205551 0.20032805 0.83903023 0.27265327 0.30665737 0.25251066
 0.46154896]
422 27.643976058086043 [0.19971578 0.22152336 0.17428521 0.24212114 0.19008931 0.18709129
 0.43173824 0.20037132 0.83889676 0.27279327 0.30682207 0.25201938
 0.46143856]
423 26.27091637724925 [0.19956965 0.221416   0.17419381 0.24212212 0.18998898 0.18698595
 0.4314524  0.20029329 0.8388057  0.27287271 0.30680363 0.25151505
 0.46138521]
424 27.35688549039336 [0.19930351 0.22125924 0.17402665 0.24193192 0.18992161 0.1867713
 0.43118533 0.20006827 0.83868898 0.27310246 0.3067923  0.25092195
 0.46150384]
425 26.53409274867751 [0.19910271 0.22117194 0.17387639 0.241914   0.18974078 0.18652211
 0.43113994 0.19986222 0.83855085 0.27334249 0.30662883 0.25045245
 0.46170301]
426 31.339270098946358 [0.19898563 0.22100183 0.1736285  0.24197663 0.18954601 0.18620868
 0.43108452 0.1997084  0.8384223  0.27347026 0.30640754 0.25012809
 0.4618536 ]
427 26.441001215088278 [0.19888202 0.22088176 0.17341666 0.24202747 0.18930103 0.18590634
 0.43100275 0.19953585 0.83835403 0.2735343  0.30606041 0.24992045
 0.46216507]
428 27.899607078562834 [0.19881793 0.22084321 0.17323078 0.24202991 0.18905474 0.18560381
 0.4308885  0.19926623 0.83824727 0.27361493 0.30577059 0.24967425
 0.46248615]
429 28.80283403417126 [0.19886145 0.22083447 0.17302101 0.24216775 0.18881934 0.18534305
 0.43076049 0.1990268  0.83803448 0.27379619 0.3055858  0.24945138
 0.46267435]
430 29.302606563462824 [0.19902704 0.22084428 0.17280051 0.24223001 0.18854941 0.18498434
 0.43073053 0.19888952 0.83794511 0.27410481 0.30534762 0.2491905
 0.46256287]
431 26.612965161817783 [0.19915903 0.22089772 0.17263234 0.24224649 0.18838375 0.18463492
 0.43078665 0.19874796 0.83778271 0.2746242  0.3051441  0.24889745
 0.46238816]
432 32.44665818842059 [0.19923971 0.22096773 0.17248612 0.24236938 0.18815211 0.1842771
 0.43087531 0.19854859 0.83758224 0.2752013  0.30500782 0.2487664
 0.46221559]
433 24.29454504287174 [0.1991523  0.22104311 0.17237744 0.2425068  0.18806481 0.18397671
 0.43109369 0.19834586 0.83746767 0.27592334 0.30489866 0.2485698
 0.46218338]
434 29.43017852228445 [0.19905339 0.22116237 0.17231967 0.24259055 0.18793786 0.18371183
 0.43118259 0.19811661 0.83742652 0.27656558 0.30473278 0.24844805
 0.46215527]
435 22.65584546566758 [0.19890619 0.22116672 0.17233185 0.24270081 0.18774254 0.18338593
 0.43125117 0.19785913 0.83738612 0.27694163 0.3045074  0.24827843
 0.46234388]
436 28.58146650637461 [0.19874313 0.22125188 0.17226242 0.24278572 0.18757672 0.18314289
 0.43135571 0.19756809 0.83731189 0.27743326 0.30449401 0.24817604
 0.46256851]
437 20.680518201682993 [0.19854225 0.22130669 0.172082   0.24289662 0.18749628 0.1830266
 0.43135576 0.19718539 0.83716168 0.27774101 0.30445076 0.24806799
 0.46286837]
438 24.907487939460978 [0.19847223 0.22126955 0.17186735 0.2429536  0.18746728 0.18291066
 0.43134431 0.19675357 0.83697487 0.2779079  0.30451795 0.2480067
 0.46308471]
439 22.244536483176155 [0.19845711 0.22114553 0.17166765 0.24306632 0.18743078 0.18285834
 0.43129887 0.19630741 0.83679776 0.27821019 0.30469779 0.24800604
 0.46338288]
440 25.36050472540149 [0.19851145 0.22109397 0.17150922 0.24305558 0.18735837 0.18282508
 0.43149156 0.19596874 0.83662315 0.27823589 0.3048646  0.24808452
 0.46378576]
441 22.846174934061835 [0.19846805 0.22096746 0.17133907 0.24297861 0.18733001 0.18279889
 0.43156242 0.19574655 0.83648424 0.27816898 0.30503916 0.24800574
 0.46412869]
442 22.2189676852943 [0.1984676  0.22089903 0.17120517 0.24274185 0.18733744 0.18276866
 0.43156335 0.19558866 0.83635901 0.27809371 0.30516673 0.24801283
 0.46441377]
443 23.03634650238679 [0.19843918 0.22080849 0.17106749 0.24224588 0.18729494 0.18279504
 0.43150115 0.19534783 0.83621496 0.27794243 0.30537272 0.24800204
 0.46458331]
444 25.416528961039802 [0.19839673 0.22057339 0.17098208 0.24184268 0.18721079 0.18285532
 0.4313107  0.19510402 0.83611481 0.27804323 0.30551535 0.24797236
 0.4648487 ]
445 22.22495091637796 [0.1983786  0.22040658 0.17091223 0.24157161 0.18706443 0.18292123
 0.43108165 0.19491667 0.83606381 0.27846449 0.30548426 0.24798655
 0.46521076]
446 24.710636551094012 [0.19817642 0.22016666 0.17083251 0.24134323 0.18687532 0.18294076
 0.43085248 0.19487094 0.83600572 0.27882145 0.30535098 0.24804062
 0.46549831]
447 22.70080517415365 [0.19805674 0.2199862  0.17073453 0.24105362 0.18674865 0.18295318
 0.43054272 0.1949417  0.83591665 0.27904389 0.30526065 0.24819802
 0.46573872]
448 21.257885101004263 [0.19795978 0.21971359 0.170611   0.24079633 0.18666109 0.18286846
 0.43025991 0.19496036 0.83584309 0.27933177 0.30518659 0.24841116
 0.4659972 ]
449 30.69025422301916 [0.19803904 0.21955777 0.17044663 0.24050754 0.18660684 0.18281953
 0.42991566 0.19512942 0.83580139 0.27984929 0.30488186 0.24868409
 0.46630217]
450 24.07264197868511 [0.19810599 0.21935662 0.17035303 0.24026606 0.18657242 0.18278423
 0.4297653  0.19528998 0.8358014  0.28045985 0.30469543 0.24896329
 0.46647371]
451 20.701822912014116 [0.19815608 0.21913854 0.17024733 0.24002789 0.18650985 0.18272538
 0.42966935 0.19544689 0.83578558 0.28099002 0.30462172 0.2492098
 0.46657537]
452 24.84931298131974 [0.19807919 0.21909913 0.1701662  0.23990053 0.18632083 0.18260007
 0.42950505 0.19552318 0.83568384 0.28152711 0.3047917  0.24945256
 0.46683361]
453 27.259020263235964 [0.19803827 0.21919157 0.17006261 0.23963706 0.18617996 0.18248622
 0.42942047 0.19548669 0.83552682 0.28190944 0.30486026 0.24971765
 0.46705291]
454 29.71447283153462 [0.19797986 0.21911134 0.16991595 0.23935157 0.18607139 0.18242004
 0.42940795 0.19536461 0.83536879 0.28229778 0.30504678 0.25000107
 0.46716254]
455 23.59544740971009 [0.19792046 0.21911514 0.16978427 0.23901399 0.18591371 0.18226986
 0.4294804  0.19520305 0.83515388 0.28267297 0.30517092 0.25022658
 0.46727887]
456 26.8535291996008 [0.19781196 0.21924593 0.16975013 0.23872668 0.18581376 0.18213309
 0.42955255 0.19507429 0.83496714 0.28309996 0.30543619 0.25042505
 0.46720848]
457 22.046662344484943 [0.19771455 0.21949974 0.16978764 0.23845829 0.18568292 0.18198641
 0.42978083 0.19489051 0.83481421 0.2835689  0.3056969  0.25062245
 0.46728018]
458 20.076598900480093 [0.19766233 0.21964151 0.16991279 0.23834195 0.1855898  0.18185753
 0.42998406 0.1946854  0.8346537  0.28376211 0.30586258 0.25085241
 0.46736476]
459 19.941421819804113 [0.19759851 0.21975767 0.16999939 0.23813519 0.18551811 0.18174367
 0.43013776 0.19449305 0.83451582 0.28394597 0.30598694 0.25106689
 0.46740879]
460 24.564184770994487 [0.19759959 0.21991503 0.17007822 0.23792144 0.18543861 0.18161952
 0.43021009 0.19434959 0.83434678 0.28427217 0.30621133 0.25129526
 0.4674997 ]
461 21.10388367214466 [0.19747239 0.2201245  0.17015475 0.23771645 0.18540631 0.18134333
 0.43007888 0.1942259  0.8342772  0.28443512 0.30649112 0.25156584
 0.46755605]
462 28.896320005206995 [0.19732881 0.22031707 0.17025329 0.23751926 0.18528481 0.18112071
 0.42996006 0.19422324 0.83427958 0.28470221 0.30668604 0.25179394
 0.46758044]
463 25.041283888661276 [0.19718117 0.22040441 0.17029327 0.23742008 0.18532707 0.1809406
 0.430022   0.19416496 0.83421656 0.28506316 0.30705024 0.2520207
 0.46746107]
464 25.548449733293616 [0.1970026  0.22038456 0.17025731 0.23741696 0.18536794 0.18081295
 0.43000073 0.19402765 0.8341548  0.28548856 0.30742476 0.25213892
 0.46723044]
465 39.779233035805554 [0.1968716  0.22057191 0.17021973 0.23737848 0.18545725 0.18068605
 0.43006134 0.19385831 0.83408424 0.28576827 0.30796696 0.25226611
 0.4671032 ]
466 27.248281728538338 [0.19655992 0.22058707 0.17017311 0.23731429 0.1855115  0.18059259
 0.43018236 0.19363044 0.83400636 0.28618165 0.30860191 0.25230834
 0.46707387]
467 26.205452360702722 [0.19630571 0.22058344 0.17021674 0.23699714 0.18556859 0.18044241
 0.43022716 0.19352355 0.83392764 0.2865536  0.30918976 0.25234242
 0.46716189]
468 28.57622212959496 [0.19614063 0.22050443 0.17021973 0.23671423 0.18562533 0.18025325
 0.43021196 0.19336775 0.83384471 0.28655825 0.30973157 0.25229516
 0.46733603]
469 26.114421717858306 [0.19598542 0.22040862 0.17016864 0.23642081 0.18562902 0.18007447
 0.43026795 0.19334267 0.83372695 0.2866748  0.31027877 0.25222743
 0.46754123]
470 27.91196090126129 [0.19584852 0.22042153 0.1701859  0.23620919 0.18561768 0.17993154
 0.43023791 0.19336515 0.83357592 0.28659549 0.31069024 0.25208693
 0.46774575]
471 24.58453428712437 [0.19574774 0.22045631 0.17010994 0.23614154 0.18556577 0.17980637
 0.43024309 0.19346411 0.83348419 0.28659765 0.31104767 0.25209649
 0.46759465]
472 21.62920966994785 [0.19573002 0.22046827 0.17003804 0.23621216 0.18550076 0.17964145
 0.43026335 0.19359705 0.83345544 0.28662225 0.31145073 0.25210559
 0.46738316]
473 29.86512836232933 [0.19572352 0.22031505 0.16999492 0.23627447 0.18543031 0.17950289
 0.43036388 0.19375695 0.8333538  0.28668759 0.31189951 0.2520123
 0.46724518]
474 34.07922638901473 [0.19555747 0.22012268 0.1699575  0.23629088 0.18536172 0.17937555
 0.43055619 0.19396934 0.83325827 0.28643935 0.31232972 0.25194103
 0.46705418]
475 32.70253959948471 [0.19547547 0.21992859 0.1699759  0.2362743  0.18528001 0.1792495
 0.43077353 0.1941785  0.83317252 0.28596853 0.31274791 0.25190724
 0.46696721]
476 27.981127128872345 [0.1953902  0.21975676 0.16995273 0.23637802 0.18519811 0.17917083
 0.43077306 0.19433258 0.83310453 0.28546212 0.31324529 0.25187158
 0.46686079]
477 23.780538845402017 [0.19523569 0.21965306 0.16994434 0.23630773 0.18517344 0.17908452
 0.43082488 0.19437705 0.83311648 0.28522166 0.31365594 0.25177934
 0.46668027]
478 19.784017976144433 [0.1950923  0.21958087 0.16992527 0.23632292 0.18512471 0.1790291
 0.43085487 0.19448488 0.83315449 0.28507391 0.31395586 0.25166018
 0.46653494]
479 28.073771923244568 [0.19489582 0.21938833 0.16986845 0.23641998 0.18502575 0.17893653
 0.43094958 0.19465687 0.83318476 0.28513392 0.31423456 0.25152861
 0.46648995]
480 26.933049125157133 [0.19471299 0.21914018 0.16977562 0.23647672 0.18493076 0.17883032
 0.43108102 0.19474881 0.83317441 0.28538814 0.31432966 0.25130243
 0.46647305]
481 29.358495045949255 [0.1944769  0.21901153 0.1697639  0.23674366 0.18485842 0.17870261
 0.43117575 0.19478246 0.83315898 0.28538438 0.31452975 0.25111788
 0.46631461]
482 24.444384433403464 [0.19421184 0.21886522 0.16977389 0.23683426 0.18474025 0.17852149
 0.43124026 0.19487047 0.833111   0.28551864 0.31463469 0.2510448
 0.4662417 ]
483 21.970254805301337 [0.19397221 0.21868655 0.16968107 0.23693159 0.18463269 0.17831786
 0.43137479 0.19492349 0.83305633 0.28557094 0.31486218 0.25097635
 0.46610578]
484 25.793001359989425 [0.19376226 0.21854276 0.16960806 0.2370824  0.18456646 0.17809473
 0.43150979 0.19498927 0.83311145 0.28559938 0.31508464 0.25092165
 0.46594786]
485 25.682083198692354 [0.1936593  0.21844642 0.16952612 0.23708961 0.18445988 0.17780551
 0.43158409 0.19498385 0.83317432 0.28579916 0.31547481 0.25090624
 0.46586982]
486 33.8599688270878 [0.19344798 0.21833799 0.16943868 0.23701265 0.18435048 0.17750669
 0.43156943 0.19500389 0.83323091 0.28572264 0.31587401 0.25088334
 0.46568866]
487 26.802120048200763 [0.19316422 0.21835891 0.16945263 0.23695297 0.18418793 0.17719647
 0.43158277 0.19505019 0.8333131  0.28602314 0.31615845 0.25087075
 0.46563674]
488 21.379240910248406 [0.19278711 0.2183759  0.16945859 0.23694035 0.18399832 0.17696195
 0.43164385 0.19505216 0.83330212 0.2864261  0.31644144 0.25092849
 0.46553523]
489 22.693872283073034 [0.19239472 0.21848676 0.16943172 0.23698902 0.18374801 0.17674435
 0.43167448 0.19507425 0.83326721 0.28696321 0.31655772 0.2509804
 0.46537841]
490 22.418271684258762 [0.19216006 0.2187109  0.16941261 0.2369967  0.18357045 0.17653431
 0.43165284 0.19511296 0.83322464 0.28711663 0.31674066 0.25093011
 0.46543774]
491 29.508278657874847 [0.19199393 0.21892507 0.16938471 0.23709065 0.18351288 0.176254
 0.43190015 0.19513061 0.83305265 0.28713152 0.31688746 0.25086784
 0.46556847]
492 29.19348655767669 [0.19183578 0.2191722  0.1694277  0.23712802 0.18343141 0.17600238
 0.43208621 0.1951085  0.8328865  0.28692846 0.3171293  0.25066383
 0.46577172]
493 29.51387868227475 [0.19172418 0.21953957 0.16942769 0.23709113 0.18335782 0.17572288
 0.43228684 0.19513234 0.8327164  0.28695768 0.31731486 0.25042263
 0.46602342]
494 27.794783327861325 [0.19149403 0.21972759 0.16939215 0.23690721 0.1833708  0.17544067
 0.43255495 0.1952666  0.83260012 0.28669848 0.31758938 0.25016233
 0.46628241]
495 27.87059634689917 [0.19133938 0.21981087 0.16943903 0.23668095 0.18332045 0.17520758
 0.43282861 0.19545476 0.83249513 0.28627088 0.31785892 0.25000952
 0.4665083 ]
496 22.27117452157897 [0.19121112 0.21988935 0.16949549 0.23639214 0.1832366  0.17493443
 0.43298048 0.19551226 0.83234004 0.28604836 0.31846744 0.24983866
 0.46650717]
497 23.443743301722066 [0.19108275 0.21993201 0.16959064 0.23617035 0.18320216 0.1746378
 0.43307117 0.19549522 0.83220673 0.28573406 0.31934682 0.24966299
 0.46611453]
498 23.007844720553646 [0.19096706 0.2199785  0.16965492 0.23581448 0.1830965  0.1743352
 0.43306956 0.19544064 0.83216966 0.28564708 0.32036742 0.24945421
 0.46567817]
499 31.558362792638622 [0.19087225 0.22000592 0.16969392 0.23542933 0.18293228 0.17408788
 0.43300801 0.19535932 0.83212679 0.28558755 0.32102515 0.24924392
 0.46527113]
500 28.308652018965518 [0.19072459 0.22003665 0.16973817 0.23503299 0.18284211 0.1738427
 0.4329602  0.1953523  0.83212227 0.28582022 0.32161797 0.24911486
 0.46493803]
501 22.04765896759928 [0.19057628 0.22009435 0.16972383 0.23476439 0.18280268 0.17370476
 0.43299824 0.19545951 0.83213492 0.2861474  0.32225058 0.24898774
 0.46466616]
502 29.194923151059154 [0.19046709 0.22012226 0.16981631 0.23452472 0.1826932  0.1736851
 0.43295989 0.19567245 0.83211771 0.28660259 0.3228255  0.24891745
 0.46436206]
503 24.483194587914745 [0.19034832 0.22030517 0.16989725 0.23437624 0.18259371 0.17371066
 0.43303284 0.19583279 0.83214714 0.28706227 0.32327404 0.2487513
 0.46424583]
504 27.625283936034318 [0.19025251 0.22035296 0.17000517 0.23420173 0.18255477 0.17376619
 0.43311325 0.19595774 0.83219957 0.28742893 0.32369359 0.24863532
 0.46421697]
505 25.777997147746163 [0.19020465 0.22035719 0.17012823 0.23392196 0.18258146 0.17379101
 0.43326153 0.19602327 0.83218236 0.28751093 0.32379096 0.24847906
 0.46423446]
506 33.26899693091505 [0.19027148 0.22038901 0.17018442 0.23348587 0.18260588 0.17380234
 0.43331139 0.19601656 0.83216943 0.28791595 0.32397495 0.24834866
 0.4640564 ]
507 22.60932296645165 [0.19025822 0.22046188 0.17021778 0.23310928 0.18262177 0.17384067
 0.43337394 0.19603818 0.83219285 0.28860158 0.32409606 0.24820575
 0.4639391 ]
508 23.22038282624603 [0.19016119 0.2203414  0.17021081 0.2326827  0.18255558 0.17383421
 0.43343735 0.19609113 0.83224077 0.28907882 0.32408644 0.24794062
 0.46378995]
509 21.81788891388855 [0.19009937 0.22027102 0.17019227 0.23219165 0.18247346 0.17389613
 0.43348575 0.19613974 0.83229765 0.28929412 0.3241164  0.24767511
 0.46365392]
510 30.19517524424871 [0.18998343 0.22013089 0.17016846 0.2317697  0.18233558 0.17392183
 0.43345145 0.19628124 0.83223758 0.28945364 0.32420718 0.24751188
 0.46348721]
511 25.056981422211273 [0.18979822 0.22005563 0.17015813 0.23139237 0.18216976 0.17393304
 0.43342389 0.19637994 0.83217522 0.28928245 0.32430645 0.24741783
 0.46352809]
512 25.87069886730304 [0.18954753 0.21996604 0.17013558 0.23107706 0.18201813 0.17391687
 0.43323653 0.1965541  0.83207006 0.28910301 0.32429411 0.24733099
 0.46349946]
513 35.17930784079038 [0.18934696 0.21988897 0.17002338 0.23084404 0.18196659 0.17385338
 0.43304707 0.19667961 0.83199263 0.28898623 0.32430079 0.24723397
 0.46330228]
514 22.894217163735284 [0.189128   0.21983839 0.16995495 0.23068611 0.18194883 0.17378585
 0.43281467 0.19670065 0.83195946 0.28896626 0.32438148 0.24729341
 0.46325152]
515 26.29912615606721 [0.18885731 0.21963664 0.16995141 0.23056998 0.18198826 0.17372288
 0.43258105 0.19674017 0.83188817 0.28897709 0.32416833 0.24730309
 0.46314914]
516 23.38549447374041 [0.18848351 0.21934365 0.16994124 0.23042494 0.18202039 0.17365125
 0.43232192 0.19674681 0.83181348 0.28916549 0.32377349 0.24727719
 0.46316568]
517 25.310653767975175 [0.18811195 0.21903724 0.16983563 0.23036622 0.18200869 0.17354901
 0.43208323 0.1968029  0.83173476 0.28928883 0.32340776 0.24716019
 0.46317013]
518 24.56517874239377 [0.18777276 0.21886239 0.16976489 0.23041757 0.18202172 0.17346159
 0.43195516 0.19686344 0.8316961  0.28950017 0.32310615 0.24707681
 0.46325906]
519 24.260538050945378 [0.18754469 0.21875494 0.16972475 0.23050527 0.18203058 0.17339584
 0.43173575 0.19696296 0.83161654 0.28966456 0.32295277 0.24700705
 0.46329005]
520 24.59643278919405 [0.18728381 0.2187166  0.16966338 0.23067185 0.1819716  0.17333831
 0.43150055 0.19710728 0.83156513 0.28990637 0.32284528 0.24710554
 0.46324291]
521 21.551827761861865 [0.18692353 0.21869505 0.16966756 0.23086064 0.18184653 0.17330229
 0.43119487 0.19715774 0.83149231 0.29023542 0.32299025 0.24730514
 0.46303643]
522 22.34757283091306 [0.18656978 0.21867193 0.16968026 0.23091078 0.18172386 0.17333109
 0.43097038 0.19730391 0.83142756 0.29036028 0.32311516 0.24757475
 0.46289727]
523 24.7758784256158 [0.18612854 0.2185917  0.16970022 0.23091476 0.18167106 0.17333244
 0.43078799 0.1974122  0.83139655 0.29033018 0.32318301 0.24778157
 0.46272086]
524 22.515965463170595 [0.1857562  0.21854203 0.16975988 0.23085269 0.18161558 0.17334235
 0.43064333 0.19742112 0.83140471 0.28999486 0.32313552 0.24778023
 0.46270182]
525 23.919361668059974 [0.18536476 0.21844256 0.16991276 0.2307701  0.18157641 0.17328343
 0.43056292 0.19734298 0.83138075 0.28973729 0.32292567 0.24784613
 0.46278622]
526 19.721763027160506 [0.18495723 0.21820134 0.17002459 0.23068332 0.18157183 0.17320381
 0.43047384 0.19727375 0.83134356 0.2895005  0.32244834 0.24784851
 0.46289493]
527 19.36750078523885 [0.18455323 0.21797957 0.17009641 0.23070459 0.18157357 0.17315658
 0.43045569 0.19724659 0.83128735 0.28936006 0.32203443 0.24778299
 0.46316314]
