0 85.41730926484257 0.29845296274897815
1 102.46274321883908 0.2978307157392994
2 98.54748625792669 0.2978502078817197
3 88.82678686022916 0.29774413333559313
4 101.69050140684999 0.29749311306155957
5 89.23625424386873 0.2975205542655356
6 93.11997592463547 0.29738536123472836
7 111.96782572829301 0.29718041781182664
8 106.144019535664 0.296988889629096
9 98.09452880560195 0.2966948498201524
10 80.93369608862002 0.29651102405825824
11 96.44756766853487 0.29634312661014517
12 109.15615362274958 0.29629521774270745
13 79.72749434618942 0.29631538216469594
14 101.35834496731728 0.2962536017582854
15 97.25026721732223 0.29613395226862216
16 91.07932051611755 0.29600949192768394
17 66.208243922485 0.2958332542350307
18 81.33814801562421 0.295528110197783
19 89.02189292843258 0.29518292356441966
20 66.39246934868147 0.2948331068327835
21 71.83485374337194 0.29446241871589507
22 75.33261110176014 0.29409753197260446
23 64.70880079062404 0.2936873114424848
24 77.68939388972078 0.29327036182858923
25 62.20849435406322 0.29282927181639984
26 68.95846718740009 0.2925383873273869
27 61.349175259189984 0.2922909143116596
28 83.35359974260267 0.29207762592771735
29 64.1687004102701 0.29195892063195406
30 73.4877322622141 0.291804344390189
31 64.3370824037207 0.29173211070004434
32 64.39016958699074 0.2917123989555737
33 55.870111737036076 0.2915437277481864
34 59.00131297264528 0.29130665914942444
35 59.84071374331418 0.29111041308418134
36 51.286294980967725 0.2908798270498919
37 64.82159296278441 0.2905973030169655
38 68.67495473563726 0.290260354846133
39 54.64788748955233 0.28988721466154144
40 73.35864075963563 0.28942671956552424
41 63.357324695395285 0.2890655493758511
42 57.52595482522898 0.28877838031173747
43 55.990242627499896 0.28855446216047903
44 49.51923697722067 0.28825182265350036
45 41.15680250429571 0.28794834923985857
46 48.04892525748487 0.28764780332434153
47 48.508632278353375 0.2872169141343994
48 58.703367461423596 0.2867815440151179
49 50.60879208535468 0.28632118014701885
50 55.029769397488806 0.2859013752215861
51 47.78982492360508 0.28559105083103886
52 59.24835334526657 0.28525929120349736
53 45.93483895927783 0.2850099448812975
54 52.240311647338984 0.28465960636183973
55 53.45925362844924 0.28423377145888845
56 57.93818679688982 0.28374997158679144
57 46.866425650868564 0.283362347341931
58 56.245031998586676 0.28301359720468156
59 43.26782276829257 0.28267840399634203
60 52.91993086235016 0.28229595365732274
61 42.612272760557715 0.2819979269730079
62 47.21116801535959 0.28162185413083624
63 44.67640965658103 0.2812738232024327
64 47.9317765897211 0.2809048337089767
65 36.62784907719152 0.28054589339030306
66 41.86066528133544 0.280175775343901
67 42.45444047872586 0.2797423284375623
68 31.64075448389388 0.27936526079709917
69 31.126232566143564 0.2791552299233785
70 36.56677630329815 0.2788971935971479
71 39.784841783324026 0.27866764691587276
72 36.096519656581975 0.2784761833712953
73 35.068569362444 0.27828473415292504
74 33.708929735650685 0.2780269619994948
75 41.59810430996557 0.2777028888875358
76 27.69697507073162 0.2774517451490456
77 29.308951311002076 0.2771711355643518
78 27.197125479163084 0.27681821669524026
79 27.23154867777359 0.2765119359760204
80 30.683260651871095 0.2760684198034995
81 29.717762775132453 0.2756207299000354
82 36.06158501511823 0.27517047302472747
83 34.211731801877136 0.27473025065644296
84 31.98770692287746 0.2742689166874631
85 29.531469101723125 0.2738522526555077
86 38.67770811018551 0.2734457313651716
87 28.09437023859443 0.27314644403787836
88 25.629372385622318 0.2727967712125676
89 32.72190833672286 0.2724813866284391
90 23.937499678202073 0.27231620608752183
91 32.14542388526519 0.27209424876772537
92 17.16589830230243 0.27183101933267134
93 19.285544944921973 0.271674338515121
94 30.226264579717807 0.27161083193055935
95 23.505669352969644 0.271551146541664
96 31.23706458022644 0.27142418034567806
97 24.95597498406189 0.2712519357734261
98 28.22840828466675 0.27092519614184885
99 28.456850209864278 0.27064689077673176
100 32.353529866723534 0.2704350304610841
101 38.426727023325554 0.2701727694168584
102 32.204765290975274 0.26985529870897157
103 31.23697678733499 0.2696015751504993
104 29.236684203125662 0.26931777764650616
105 27.702152740929158 0.2690386945292525
106 26.693338194792453 0.26880575742016993
107 18.716824688094455 0.2685753564569878
108 30.04555136216375 0.2683935147311697
109 25.149137479204587 0.2682399730878433
110 22.821093047904068 0.26815635085001965
111 28.207580574095886 0.26822010546825753
112 23.442360841063064 0.2683327728876763
113 17.27100813584004 0.268564098342507
114 30.04274098591381 0.2687670180339333
115 22.571532695500622 0.2689615544970002
116 19.379351196142167 0.2692106647778155
117 22.311639692803126 0.26929625160163817
118 22.9575153731019 0.26937496064895405
119 15.492847717060068 0.26938925875096664
120 16.442136245508266 0.26936081220331165
121 23.72663741894913 0.26929506559959304
122 28.067641064933074 0.26914066075531173
123 29.629069199110205 0.26890867733809426
124 18.774565328536468 0.26878466364751824
125 21.98579486487095 0.2686427273976589
126 23.6926849856113 0.26857300003585766
127 22.37702399208348 0.26851093335214593
128 16.903873939523365 0.2684652369487899
129 18.67343494093707 0.26846400525607306
130 20.585857827079884 0.2684540910420863
131 14.490726711890694 0.2683923865033474
132 24.398892819145946 0.26827177625442544
133 24.282934556693846 0.26809373032285017
134 30.30519429976156 0.26796540705207217
135 20.358885355559323 0.2677415155665166
136 13.29665120348249 0.2675193777329205
137 18.23776837378188 0.26722105645472743
138 28.170213195497553 0.2669399658824062
139 22.40094946446977 0.26673159048972694
140 20.725787424470266 0.26646795011347213
141 32.143769554182846 0.266172822564231
142 26.534947372266565 0.2658390892020016
143 24.380445133916787 0.26550868173417974
144 27.92562012690143 0.26520260405805735
145 22.16436405519678 0.26495357243759443
146 21.908305769336497 0.26462549480805253
147 21.954947037314728 0.2642718468628194
148 22.737496555635445 0.264014872480534
149 23.996773901553944 0.263748660549198
150 19.429931894293926 0.26344529722975385
151 27.729410020064634 0.263067997455131
152 23.731499654397794 0.2627001959895024
153 22.26439804753283 0.2623959604375485
154 13.870456105069996 0.26209111134227925
155 25.105101871438656 0.2617855095591376
156 29.34212813993124 0.26139647776601177
157 21.668315953050463 0.26107214063784123
158 15.89114995753981 0.2607670856595631
159 22.720420293380986 0.26041329329715956
160 16.413888421357363 0.26007582510955973
161 19.723061735640236 0.25968754365153995
162 22.897396930809172 0.2592460483163115
163 25.055127877435023 0.2587620745778717
164 16.243198992545967 0.2583475165159401
165 17.794789138507376 0.2578599380643124
166 19.594398984070274 0.2573599183593063
167 19.788251895212156 0.2568392541197996
168 17.861051871839976 0.2563526206419675
169 16.55302967604881 0.25581551798580093
170 29.361985929406842 0.2553886802013373
171 13.236669856425232 0.2550434585360569
172 28.193210772528367 0.25469514853471803
173 21.220109603186987 0.2543608020816289
174 16.911894231361906 0.25400943179810836
175 19.27775842473337 0.25364495893896316
176 20.20550375942994 0.2533944078617873
177 24.109912668733095 0.2532215279179214
178 19.495270798134108 0.2530672636296438
179 18.253506151078422 0.25288479966713273
180 23.918102911049136 0.25271634472371146
181 16.621279781731893 0.2524427242622046
182 17.747952938072586 0.25220695621453815
183 19.702294490210946 0.25192694430895035
184 18.619004631491826 0.2516773901231628
185 17.005175884692477 0.2514641761965604
186 21.684617087970068 0.25126876506439233
187 24.416477144427397 0.25101887631868947
188 15.924447584935638 0.2507748819855943
189 22.096222435538692 0.25052142042520487
190 19.492230302597743 0.2502866139996387
191 15.870515258545286 0.25006698554402906
192 17.96481314967805 0.24974371089703906
193 18.750062064274225 0.24946244716724775
194 17.8511377490261 0.2492779319043909
195 20.242759682004568 0.24909502848771314
196 16.288637308412923 0.24887867731954944
197 21.386610380538656 0.2486499496324973
198 17.636451428251917 0.24846237150615808
199 24.836564668501087 0.2482176793618754
200 20.72133574458568 0.24797500605870432
201 21.26977777159185 0.2477658929219644
202 16.22237091026681 0.24762440926384732
203 17.81605880751807 0.24739084048941454
204 15.59357114050833 0.24722776679967326
205 25.335698198437726 0.2471238305155586
206 14.50128787478303 0.2468737858011728
207 17.18446036161798 0.24669397411674798
208 14.711910931944267 0.2465892435150382
209 19.086917682178267 0.24645837625504963
210 13.570349123866535 0.24628137032546388
211 12.536796377250347 0.24612045472797567
212 13.875150023189768 0.24603996580236506
213 15.755650474702366 0.24587142602451928
214 17.04042523058402 0.24573124736574423
215 16.452376789259965 0.24552837001265343
216 18.61306916424503 0.2453827812417688
217 13.249458763379508 0.24526076178973583
218 17.451816177180707 0.24510523583223776
219 14.001874621455176 0.2449207347210924
220 14.180853177601586 0.244805613730334
221 17.840768662617705 0.24473346523433948
222 18.201044489992725 0.24454301172924495
223 13.20092878997826 0.2444265894171732
224 13.281346203260844 0.24431665706158967
225 11.90537286933251 0.2442942570871755
226 18.59903149370897 0.24431009570952497
227 15.536081602928544 0.2443241729461133
228 18.041742982759608 0.2444099653368555
229 13.415030988541439 0.24449231743019248
230 18.38219933945744 0.24457484216576506
231 16.170039173463785 0.2446588303628911
232 19.555891206730248 0.24476733405557294
233 16.021040812217365 0.2449452441072058
234 19.123059089210585 0.24510462008303496
235 16.518758354754922 0.24527430872498496
236 13.857968672927154 0.2453044486950703
237 20.675056492400458 0.24538924637514853
238 13.644068061359128 0.24536725144619004
239 15.797086660916628 0.2453248943238129
240 18.30104485336755 0.24527868296703065
241 13.862804253831026 0.24519947235387984
242 21.306032941819925 0.24515619597071547
243 13.450617230850405 0.24504954176950536
244 19.085130654759908 0.24499040995284094
245 15.560851074136217 0.24493673065656035
246 12.116563696790525 0.24487545848908554
247 15.403593611805807 0.24479105814004248
248 14.560147502346455 0.2447456956634038
249 11.808116849937376 0.24476232172471113
250 9.813035715871745 0.24480763812771789
251 12.871344008728808 0.24487765205671547
252 13.037242900385714 0.24489518845345737
253 13.778351528437156 0.2449418059634784
254 13.473121841171452 0.244922260122133
255 16.27368540632561 0.24487158810324777
256 18.113151705426468 0.24482166071115635
257 18.174180936361495 0.24477257431583868
258 17.821634524669967 0.24479054165600322
259 22.70595753658679 0.2449339187531016
260 18.32634947888982 0.2449830305521744
261 16.32374745812998 0.2449718299075273
262 21.68089219307413 0.24500016919266682
263 16.673549424997358 0.24493080946196466
264 22.049327509491167 0.2448147500799504
265 19.94382461302167 0.24479632091137993
266 16.14373811941127 0.2447435619324665
267 11.469285339176137 0.24468065187000193
268 14.787659293172048 0.24462929518323917
269 15.73147109433433 0.24456232524018157
270 14.457370197248881 0.2444876848817115
271 16.169797127237796 0.24445052596747655
272 19.928013955487096 0.24442465260262544
273 17.79387288377473 0.24434852558583292
274 15.35766940537674 0.2442043319040209
275 16.34696967713972 0.24407674307241053
276 17.183797641776884 0.24393541898307303
277 18.51173147646265 0.24379578996422752
278 18.200270750663663 0.24359843474908532
279 12.966547381031603 0.24342277340136018
280 19.028088961896785 0.24330838467073573
281 16.84977791914142 0.24327372078995108
282 13.517012803951491 0.24324745567594935
283 18.667067407266565 0.24325475697323415
284 14.534363657919503 0.24327546444499523
285 24.516313815289923 0.2433324119831531
286 14.95975479126717 0.24334983275875377
287 17.19058848604432 0.2433448609403244
288 13.392828245342681 0.24327381846681748
289 14.328355843208072 0.2432136703325893
290 15.92395689710067 0.2430720704384729
291 15.63029150787823 0.24295108895055012
292 11.452684452874308 0.24267781818501807
293 15.028720271714583 0.24232781720415297
294 19.90979948205009 0.2420403981022766
295 14.496261480553937 0.24182260188898103
296 11.210333823271098 0.24168007357504956
297 19.961373415874146 0.24154082125339937
298 12.432811052850944 0.24138872599279343
299 17.254035795796444 0.2412036348004179
300 14.776836284735188 0.24105150547437362
301 13.323338669569406 0.24088180246501267
302 14.323073666360786 0.2407329597851043
303 12.079022113275443 0.24053628888361075
304 20.44315644356052 0.24052177169435635
305 17.505990013582235 0.24052082608105402
306 13.505351814233247 0.24056516569210543
307 19.36468435383077 0.24052474273462424
308 13.24751177826651 0.24045846275791746
309 14.503255477359083 0.24042180057232035
310 13.955087445507463 0.24042670803626473
311 14.398550835267237 0.24033563388920792
312 15.888515486852201 0.24032239028959088
313 21.264941355882257 0.24035015020124842
314 14.678609003070884 0.24039092242400126
315 17.814284439252685 0.2404411421639892
316 20.985349481811102 0.2404316904988637
317 21.241584063371228 0.24034662822826028
318 21.90350684183654 0.24022403239226864
319 17.190207519496134 0.2401177829153563
320 19.092646958163222 0.24001556965918833
321 18.521669828027573 0.23995444359099974
322 18.125036715466152 0.23994193173533385
323 19.916793395089684 0.2399001190908066
324 14.115829529370153 0.23983192501140738
325 16.369656735686213 0.2397264352640297
326 17.47202629190778 0.23961987513924218
327 15.778145088701418 0.23949266337215033
328 17.475120590444675 0.23937919404745459
329 12.487230577295072 0.23925355193221515
330 16.25837295486387 0.239115074403263
331 12.57980195244297 0.23893965081247592
332 18.45409376641458 0.23882956180905882
333 17.91755669688802 0.238576515671163
334 15.712146646276686 0.23824874945926355
335 19.435860921059835 0.2379450570310146
336 14.968118660503759 0.23762651906458454
337 25.698432397404083 0.23739725393644584
338 20.456915982456763 0.23718454276643275
339 16.296338835276455 0.237025994237494
340 10.717212028504767 0.23683541571318678
341 15.58839228418223 0.2367540140858959
342 19.485468043985207 0.23666537996868237
343 11.103668193637848 0.23660427684755136
344 15.291113231947632 0.23658354658561567
345 18.90947986187651 0.2365340013678376
346 19.072661675431533 0.23650204656255938
347 16.414884141471763 0.2362411717736905
348 15.107153907847007 0.2360978145366167
349 19.89472723069775 0.2358980760491569
350 20.02678215191475 0.23583538016306957
351 24.266957384648492 0.2357889028466087
352 17.4321393320993 0.23571275009928735
353 20.230127357511257 0.2355834746657881
354 17.717786658897538 0.23556212013317862
355 18.71574626950591 0.23549094018689545
356 24.458273052640948 0.23549144212169876
357 23.638804505074113 0.2354161865306408
358 23.270071963676127 0.23539996729832077
359 28.27757565170532 0.23540912405599718
360 28.190630958884118 0.23547712000829868
361 24.767947014580038 0.23556479108066472
362 27.629327305443322 0.23566920727649515
363 18.499954950954255 0.2358711695139043
364 20.62529373928228 0.23610200824988076
365 17.351084126541195 0.2364102010068543
366 22.70371439161938 0.2367589553997889
367 27.57216103875095 0.23720595763335658
368 24.390367895586216 0.23770172911128007
369 29.689137166702274 0.23750651849057683
370 26.99965384213329 0.2372442074906363
371 25.741865020927065 0.23707729881596695
372 24.240781887157958 0.2369326437438626
373 18.91313113550499 0.23676718903452215
374 17.937240824950198 0.23643600703115014
375 33.39250728173306 0.2360759697547713
376 22.048587246003766 0.2356872179782257
377 23.0045395029262 0.2351779493159698
378 20.134717921298012 0.234675452441309
379 22.157630345120445 0.23428660743085933
380 22.726793721066745 0.23380928108347515
381 12.50407992116823 0.23356692452491876
382 21.647654743566548 0.233486160545673
383 16.864228060118382 0.23324988743771624
384 20.96546158920643 0.23295330322659719
385 21.71898617204625 0.23271663519847702
386 31.618893445714832 0.23254968559838188
387 22.42984845895942 0.2323005517394462
388 23.357520828158968 0.23198647897109126
389 26.115427054220078 0.2316147910978003
390 26.10558036769188 0.23128820053388008
391 25.51979369311867 0.2309552650777279
392 22.726623612977146 0.23065393276520374
393 20.25362615298269 0.23029908594581788
394 22.951617349630514 0.23002301337086653
395 19.428659751218078 0.22984510538360514
396 18.375489337583023 0.22971977340953934
397 19.895419288393363 0.22958672567005672
398 23.572901285571916 0.22942004210265254
399 23.25566503632554 0.2292553486452207
400 21.193808847278117 0.22914539307084084
401 21.766821507203595 0.2289859662998371
402 21.216424651731813 0.22886826121106313
403 21.36588040326494 0.22884753125660795
404 18.361367809916388 0.22873937307090486
405 18.405174038365928 0.22858096261102567
406 19.11931439463629 0.2284441495675747
407 27.427455565151455 0.22832999292488132
408 20.46168609208222 0.2281394086988882
409 23.231247401606563 0.22801211475184283
410 23.047808809982413 0.22792086091873218
411 23.026038444010513 0.22781399462506982
412 18.261673750754312 0.22770758881638614
413 29.648228163894068 0.22761947480237965
414 23.056925840177236 0.227663551491601
415 20.87261747332527 0.22770498004980264
416 23.304474037417215 0.22772502798296027
417 23.16943913684058 0.22773754298308774
418 21.928562130862616 0.22768229197868534
419 22.366739547552783 0.22758369575794402
420 20.87715365513656 0.22750581015214166
421 21.699318078620408 0.227484638830213
422 20.811916895234532 0.22756624414653515
423 20.921714295780394 0.22770039459903535
424 25.74935710138265 0.22786909144560077
425 19.255723090447553 0.22798291961440573
426 22.42110169994061 0.2280313850968424
427 17.69611919180244 0.22814658863938347
428 22.17432677297654 0.2283393964412651
429 21.001434040808576 0.22851042614298683
430 13.82874090372674 0.2286268167728891
431 18.978455611642097 0.22872156361481089
432 21.336152303221354 0.22874851878650243
433 24.417253518589014 0.22883402382646018
434 24.831523672843943 0.22881063556800096
435 18.795993997307484 0.22887917301147215
436 16.967776735747798 0.2289195766781164
437 21.096886933580826 0.2289986910355615
438 20.08269727544474 0.22908782157935234
439 21.317414455834705 0.2292382919410983
440 20.89322611616805 0.22936395505564017
441 20.745057723627667 0.229526878905321
442 21.023953151284793 0.2296465826451206
443 13.292373609229852 0.22973673787803928
444 17.296976064693677 0.22979380544650171
445 19.228918751765956 0.2298660062270282
446 20.595884447917257 0.2299564759009719
447 18.172238312197223 0.23004793527247605
448 14.370413258416402 0.23013282247433883
449 23.733849814812537 0.23029967886539604
450 24.47043167804211 0.2303481940516264
451 20.381584117978747 0.23037504884552182
452 19.283870560366886 0.23034092321036365
453 18.01612852597921 0.230358871692126
454 19.79743760498324 0.23045834785364236
455 16.465993090567103 0.23052807391970306
456 18.507132052284554 0.23057834085541973
457 15.062099856843883 0.2304583866166737
458 14.581741013179618 0.23029489200391945
459 17.432506382034532 0.23017307627714506
460 17.97949338160808 0.23007298444123625
461 20.696018236100418 0.23007135053259936
462 18.10806789140889 0.23003715189077312
463 16.86874848427889 0.23000786271051601
464 15.371656624852678 0.22998402761245285
465 18.98030957206691 0.22984807400654778
466 14.972537705743138 0.22971977557530415
467 17.193843530744083 0.22958510872337012
468 18.356763565341137 0.22945524688997104
469 15.761267227313756 0.2292887030512204
470 18.410854974747142 0.2291740326507202
471 20.46631209075677 0.22910080942524613
472 19.7826679409035 0.22890996852805193
473 13.9302503401349 0.22875279144459298
474 20.87692618284459 0.22865174241867817
475 14.670414266182377 0.22861393973474248
476 15.435693448882688 0.22866170765214208
477 18.857598484444125 0.22865104634833458
478 16.885723384923857 0.22869078409627636
479 17.223346477822933 0.2287071906322046
480 18.456089757851604 0.22855937694815998
481 18.789155045297903 0.22843750556027836
482 16.303310756133424 0.22844455692496593
483 16.233771354845402 0.22847417566716943
484 16.314345250283907 0.228492985751244
485 18.65559730116928 0.22851597558477663
486 19.35015529355124 0.22859915905713601
487 15.627175048064366 0.22873183502029698
488 15.033103155933308 0.22886383694719745
489 17.643475323825363 0.22892487753825083
490 15.199062983805284 0.22895966478151544
491 14.950422465012252 0.22896821907745807
492 13.994479864781834 0.22895710111561857
493 12.721701016742772 0.22883927169267607
494 25.585149618876937 0.22874453425388785
495 16.422078711311762 0.22856545681809165
496 17.72224668633873 0.22835428235914834
497 15.970005502373205 0.2281620367954807
498 16.787028872108067 0.2280332218730579
499 18.31026409273003 0.22775399333514496
