0 79.93417736399678 0.2995468223922773
1 90.44506350081483 0.29878198055330846
2 86.90208124334393 0.29857973093514273
3 77.05931801897884 0.2980905401302448
4 87.7403261307913 0.29742749378330685
5 65.08461473872633 0.29680831685219655
6 75.5542394745055 0.296266451097074
7 62.33069997057936 0.2958495059975893
8 61.043235847886805 0.2954809944586105
9 59.716376934333766 0.29516514263050647
10 58.244020458631724 0.2950117469994373
11 57.57325540148065 0.2948266573241061
12 52.23938835857137 0.2946003234741872
13 63.73362429355478 0.29437809080841065
14 55.720882414170674 0.2940455603348892
15 51.17792588709381 0.2936993867086992
16 49.35510086164166 0.29337343914990927
17 45.560955716326234 0.29297256097667573
18 43.96604047692185 0.2925715281121069
19 37.70424402510558 0.2921484632785615
20 28.90107704138154 0.29178328506200596
21 36.74063703137365 0.29146431279659857
22 42.91288733557809 0.29113809409122804
23 40.764944072033785 0.290883555570659
24 38.35262123026189 0.29060027216428724
25 40.276428906369375 0.29039655532966707
26 44.21714478730853 0.29023002084915356
27 39.27166227813818 0.29000693664124444
28 29.4804687204633 0.28974921481985866
29 31.945987214333876 0.28956068476584756
30 32.241697947574195 0.2893023345503522
31 31.907701202133246 0.2890637674091333
32 30.933245366665023 0.28886882521572627
33 32.20706472415688 0.2886534283929955
34 33.223542332245636 0.2883869663436549
35 31.90552148407877 0.28809187762613936
36 31.560096610976867 0.28785181804322263
37 24.85534658045044 0.287506025737528
38 33.351824500104115 0.28712882483031027
39 25.746030600183882 0.2868330231182522
40 24.79456742239819 0.28642446103761937
41 30.403212533038484 0.28603424188597426
42 27.821415189101085 0.28564432430609865
43 30.704492891029176 0.28526056526812643
44 23.685631198929972 0.28488332218301315
45 24.064039230464886 0.28452542880289616
46 20.529015224031205 0.28423363860723866
47 22.343261111882477 0.2838742372886642
48 22.829477896227136 0.28353767519720174
49 24.335104440622704 0.2832328595218205
50 22.47228815784798 0.28291467484382016
51 25.588143709857565 0.2826421385493625
52 25.70398115023408 0.2823828992893505
53 21.738123816495072 0.28210571201627244
54 26.971376693809866 0.28185142491996823
55 20.228923470327494 0.2815868152163871
56 24.36857321263804 0.28133691194249516
57 24.03432248325566 0.2810522092937926
58 23.00087445516394 0.28074260188687244
59 22.066248077555613 0.28051239382754917
60 20.53148693482123 0.28031245269646493
61 19.961930845024078 0.28010878055302507
62 18.534116663859947 0.27986515227105835
63 18.919351921159194 0.2795756123720046
64 17.996555502732896 0.2792403887908265
65 18.694893632511963 0.27888713176517693
66 23.744170398402485 0.2786471384665237
67 16.74542123310782 0.2784519415808679
68 16.267730376471086 0.2782196317391013
69 19.169241450895726 0.2780059866440468
70 19.304474979360307 0.2777919142900922
71 14.786283673638737 0.2775801040271244
72 20.402696480983312 0.27744668443598686
73 17.288147343952772 0.2773145238155467
74 14.793625772014682 0.27723135096375595
75 24.17130951614646 0.277263162164386
76 16.760657783862165 0.2772335005997562
77 16.892403790743423 0.27726389827358955
78 15.606750884955932 0.27730850874562996
79 17.149515514813135 0.2773795133089785
80 17.61646424360333 0.27750948789392516
81 15.338661887973538 0.27762129533254504
82 14.227171395176605 0.27777217513989366
83 13.818987258125361 0.2779334909560815
84 15.61555802874164 0.27806529612321196
85 11.94229483281906 0.2781510746965386
86 15.813483734844034 0.27828363659412564
87 14.61453049007934 0.2783814143367202
88 13.942755854569867 0.27836213063350673
89 14.689458816265015 0.2782358782637394
90 13.89576440102009 0.2781453118789645
91 16.149387896233932 0.2781010210916538
92 12.918163346871506 0.2779832298339973
93 13.71114516575042 0.27794798251335434
94 14.033747417845122 0.2778802920307592
95 11.934614629115773 0.27788467339880946
96 13.158512803447032 0.2777709885685853
97 13.389739950930956 0.27769199033090747
98 11.176117452311907 0.2776009286304095
99 12.709520423603202 0.2774731089925413
100 11.179665589546957 0.2773387875917566
101 11.690975695911906 0.277207290308858
102 13.562803694539157 0.2771235480453724
103 12.14270181110297 0.27710738785254657
104 13.873423405505022 0.27699717649316735
105 12.143945964763844 0.276979588183218
106 12.262289245463286 0.27697654272114985
107 11.649616495372436 0.27688530566937325
108 12.30146857732083 0.2767534693494858
109 11.124494305467104 0.2765699084149655
110 11.323264639703801 0.27643364954467686
111 13.788396554629161 0.2763362013764738
112 12.135380170332596 0.2762495483391662
113 15.519154749401515 0.2761201684608894
114 9.147471720765786 0.2760470583052167
115 12.780554196221235 0.27595920517635664
116 12.49702343308492 0.2758840180490457
117 12.371142714880644 0.27578648247298937
118 10.506486867274585 0.27557879959359405
119 13.503840718434173 0.2753654524594993
120 12.036056441799424 0.27516246525537746
121 13.369743236629278 0.2749425060194283
122 11.632972828124835 0.27479863489514106
123 11.621661779986798 0.27466508201931467
124 9.840272519015844 0.27459857014686306
125 10.09406711803424 0.2744304551997523
126 10.07386680845498 0.27423795751426644
127 11.997713927981703 0.27403521000841735
128 9.0622792415062 0.2738494154544973
129 11.124062978810114 0.2735984781452091
130 14.504989240571664 0.2733424511304258
131 9.536829550533326 0.2730880708493694
132 12.70615150822933 0.2729069191834905
133 13.216437459147954 0.2727769407639704
134 14.405279310131657 0.27265835810507855
135 12.01513627036184 0.2726103479377604
136 11.19436517687138 0.2725164237073087
137 12.02290820240545 0.27241985526465307
138 12.094382547798098 0.2724211930775137
139 12.710887008215371 0.2724093990893477
140 10.713014908830374 0.2724408347405423
141 10.4802181766355 0.27242747473716106
142 11.06161539594175 0.27248819178389116
143 10.274190014503247 0.27265004834856893
144 9.473423052092327 0.272784702658297
145 12.20781324523379 0.27282439823753607
146 7.506286341050577 0.27287692695302995
147 11.2715374669339 0.27294564511391334
148 11.934273201594308 0.27298162707162354
149 11.512451338200254 0.2729553368238481
150 8.119034239702032 0.2728624086052461
151 8.198501020634538 0.2727149506074175
152 9.476192578085154 0.2725500212938504
153 8.39467368881755 0.2723955916560616
154 8.778799156822059 0.27224591335798015
155 9.42730528178386 0.2721747315979209
156 9.076654339275855 0.27204458103105195
157 9.444108713332628 0.27199248911095264
158 9.415034659449827 0.27203785967556465
159 8.895843052283105 0.2720837574881173
160 10.373191975825517 0.27209159944211525
161 8.867848059919025 0.27201090712825954
162 9.153834320021033 0.2718891111327605
163 7.442945661479007 0.27176654087153057
164 10.478746280423625 0.27164706163220126
165 8.561567175554714 0.2715263359123647
166 10.294941712052317 0.2714162771068726
167 10.001805714351049 0.2713892078469801
168 7.602425579823398 0.27130704128294697
169 10.343865050504242 0.27125612009892497
170 9.170129796361277 0.27115643222657587
171 8.719671372922486 0.2710601338026841
172 11.456163523548474 0.2710088690369468
173 7.818753102459246 0.27099276354803603
174 9.204808423876134 0.27099148068959306
175 9.763249387261144 0.2709644134158638
176 12.007775946946888 0.27096395549485314
177 6.820391561779784 0.2709503587980248
178 9.341806481025298 0.2708775103099763
179 9.6614602604763 0.2708790634634177
180 8.386438683704545 0.27095315872901377
181 7.288306546748516 0.2709871217189843
182 9.663270516278164 0.27105957628749805
183 9.410363588542788 0.2711087202670223
184 8.934939051814036 0.27110795846964586
185 7.269532252736803 0.27108213360760997
186 8.00717421713007 0.27106822041814127
187 8.703260863241491 0.27107406820570895
188 8.385059286082265 0.2710197076873085
189 8.966032055121122 0.27093003807753013
190 8.481803900430346 0.2708403244722534
191 8.863201038736793 0.2707001364933175
192 10.11892521176835 0.27058280202611823
193 8.061410558408785 0.2705239399484551
194 8.893287430895944 0.270480873061845
195 6.800535518903163 0.2704322660635274
196 7.301428175750118 0.2703041017768819
197 7.05281879395268 0.27018247357126685
198 8.533871529613226 0.2700863937702288
199 9.064411647011315 0.26995411464652835
200 7.931384674554524 0.26987214691379596
201 7.640520369108437 0.2698003187605982
202 8.357211087442293 0.2697473934245358
203 8.900293114913541 0.26975749738258364
204 9.069478695434073 0.2697666976317513
205 8.099017372197213 0.2697412920417181
206 11.433168975347371 0.2697140224828017
207 8.770356230568769 0.26964345265605355
208 8.03973602017517 0.26958844800540693
209 10.96677803080149 0.26947201046429764
210 8.648067600783733 0.26932003282608913
211 9.723449404504786 0.269221475175861
212 9.258556463120028 0.26915359686255047
213 7.071370186988524 0.2690826234470494
214 9.187036940123576 0.2689306675964509
215 7.752576966131814 0.2687928078957964
216 8.14408490587768 0.2686457763824538
217 7.311337323743112 0.2684445811957103
218 6.106398259091241 0.2682874529628992
219 7.358938607076093 0.26804556642957694
220 7.0867547591250535 0.26790149680060577
221 9.03398820206503 0.2678067212017621
222 7.571369335727915 0.2676693684214377
223 6.476498560951983 0.2674952074834361
224 8.926584337249974 0.26732173932303627
225 6.978937565087208 0.2671828865646848
226 6.593047053341985 0.26708120731092655
227 8.567555634470573 0.2669055363437549
228 7.390212209578009 0.266692172193264
229 7.561242853122634 0.26642730135467035
230 7.3058534157467685 0.26623878044143107
231 6.169158954722171 0.2660946816398126
232 8.428774076733394 0.2659882724513756
233 7.913277212873092 0.26584500684559836
234 8.366357158778507 0.2656328468455241
235 8.346723390257788 0.26535595971967646
236 8.280491191987666 0.26516258163737855
237 7.437178956800157 0.2649681121073217
238 8.747065957917446 0.2648441378356972
239 7.0678361173686195 0.2646686508603974
240 7.7214469994434705 0.264465127166364
241 8.012183945158748 0.26429215974545994
242 7.270016395028825 0.2641464670065542
243 7.601010610025283 0.26401152358993807
244 6.88806646098055 0.2638460322662054
245 5.097907660027323 0.26357871964153057
246 6.695902989248068 0.26339625503895686
247 7.272091935727198 0.2632048986326884
248 7.114135919499464 0.26305575054869085
249 8.039885971884301 0.2629203850516906
250 5.578440033949105 0.26284096001396784
251 7.640425038855401 0.26284640397121306
252 8.023481282989637 0.2628752260903216
253 9.968902702219268 0.262965983084382
254 9.53963019222744 0.2630702031544985
255 9.44845744357756 0.2631402079224861
256 9.648399841931983 0.2631480657764662
257 11.876229185659177 0.2630748900084021
258 9.85515301530831 0.2630608974670599
259 10.04175944813452 0.26300665995935174
260 9.539692491545388 0.26297981269520415
261 12.361371690085388 0.2629848983545388
262 8.750300600322914 0.2630279025982534
263 9.465869996631078 0.26304048398563046
264 7.127209871655353 0.263031213333965
265 8.497103798841394 0.2629868928615854
266 8.14058928409317 0.26296548731726427
267 7.756516203260056 0.26290695829625094
268 9.189084475752 0.2628593038958417
269 7.2639052510521545 0.262744989038089
270 8.867178109773906 0.2625497017026614
271 6.832704160634917 0.26234627311747344
272 6.596322302510515 0.26224632081249233
273 6.3934100529548425 0.2621529330998386
274 8.123230358639772 0.2620764065091162
275 7.814690493266223 0.2619405068857395
276 7.944254814789055 0.26177860710884154
277 8.497433365875883 0.2616060421816136
278 7.039453491713219 0.26144850042829265
279 6.10410880628177 0.26128525679829157
280 6.951487576632593 0.2611044705089709
281 6.540569018058463 0.26097686415426935
282 5.035597783928431 0.260875331484022
283 6.295059372666356 0.2607715038943486
284 6.669280688892458 0.260702000636532
285 4.561951371738683 0.2606961918767008
286 4.185959191146022 0.26070054691030964
287 4.999702430807954 0.2607961107733688
288 7.032747141352001 0.2608375033352786
289 5.614958106039007 0.2608874899243925
290 5.842418106514567 0.2609734302007429
291 5.930258727602567 0.2608632394981307
292 8.84585853183611 0.26076807169689725
293 5.933869353559441 0.26067466393820876
294 6.390179023468144 0.2605132877135233
295 7.7186828885853505 0.26040781064550383
296 7.487735840865748 0.26035807984388376
297 5.190555902256291 0.26030399417515476
298 4.820356815146594 0.26023941091856406
299 5.448157974601584 0.2601601521629819
300 6.478920086954766 0.26008704922478076
301 6.619327553404909 0.2601023982559668
302 7.2072317804876675 0.260134014536742
303 6.8822114936485566 0.26012778526012476
304 6.6903161335079755 0.26011083136048047
305 4.566452469235662 0.2600512406276889
306 7.0117373946861115 0.25998054602818393
307 5.714335998364273 0.2598775431339064
308 6.186789659771704 0.2598298407453327
309 5.472884665192272 0.2598477923039426
310 5.679234929010095 0.2599227119940964
311 5.503958687266849 0.25992759303803986
312 5.596361758588525 0.25994886013613194
313 7.4288871381619055 0.25993958420086166
314 6.399025876876607 0.25995707780380134
315 5.695668010117778 0.25996624216323844
316 6.414250799444099 0.2600265553459007
317 6.188536969752892 0.26006960973496934
318 6.32859275261975 0.26008466360205185
319 7.508985590878328 0.26018613813994956
320 5.266879300098399 0.260316975795979
321 6.438097083646191 0.2604330766577656
322 5.346122389159188 0.26039221835666954
323 6.097633064914527 0.2604249320509021
324 4.822940842201536 0.26058271936968325
325 7.213641554264521 0.2606033488868101
326 5.441357274389777 0.2606825106269041
327 4.785106661721234 0.26080726090017964
328 5.331489752792612 0.2608673822915804
329 7.4829107267510775 0.2608164044288883
330 6.123625060017815 0.2608408525368908
331 5.5410604465763615 0.2607058351809712
332 5.601579185752402 0.2606004619174424
333 8.210256388733557 0.26059278079561377
334 7.197064583772135 0.2606222642994788
335 5.694203618375722 0.26072056517344316
336 5.573263024526062 0.26076837448517737
337 5.767596190218479 0.2608399756969019
338 6.030957643365608 0.26082129714237506
339 5.387941357104657 0.2607246978966688
340 6.2780995751124005 0.2606837933607135
341 4.207063417365865 0.2603858346390971
342 4.541254989366024 0.2601916099614097
343 4.736984554208309 0.25986866789349966
344 4.004077662317288 0.2596381758808568
345 5.379842126324501 0.2592808569656658
346 5.324844235530309 0.2590039332507487
347 4.6235905238429975 0.25877381714970943
348 3.8568186480852322 0.25855730522276127
349 3.690860749595412 0.2582015154945961
350 5.003046618111671 0.2578347021214527
351 4.967996372720257 0.2575535718760587
352 4.5793214789183665 0.2573850502923223
353 6.598079557465875 0.2570758074828489
354 5.19814968862563 0.2568011855674594
355 5.097634782604886 0.2565962773447778
356 5.381474012862521 0.25632061995672933
357 5.378458399936963 0.25607001761712705
358 4.851209467736999 0.2559138789081831
359 4.387273591675768 0.25579535629300404
360 3.6656995804229644 0.25572713646520817
361 3.525213644096791 0.2555886600946882
362 5.1771764538619465 0.2556140553066371
363 4.667916244958619 0.25560230796806843
364 5.757296025892901 0.2556058763145435
365 4.2808837628117615 0.25569091854854314
366 4.69300178382712 0.2556626655614125
367 4.199846338297497 0.2555524095653763
368 5.153098639151983 0.2554672834858183
369 3.7101219379575054 0.25536007123816956
370 5.151756396400248 0.25525062614654015
371 3.78186699470515 0.25522027914324
372 5.0158984127317305 0.25525593429235427
373 3.338638350324157 0.25519987561521856
374 3.8220311409574155 0.25514380126381897
375 3.192805663667155 0.25507323177339136
376 4.698846509809007 0.25495968470415015
377 4.337673164083716 0.25478578048695605
378 5.365429704615213 0.25460627333114366
379 5.471791051511254 0.2544868733526433
380 5.030468125776274 0.2544593027457509
381 3.8816656026036123 0.2545079199730479
382 5.07251981214086 0.25452057218427987
383 4.831818677180081 0.2544713284683294
384 4.7541192613710574 0.2543461450287066
385 4.476189014091661 0.25425689031529736
386 4.266217828952108 0.25420103822207396
387 4.36957479409998 0.2541159823106432
388 4.9276325466658 0.2540186729459966
389 4.5459565693428345 0.2538971989995288
390 6.031414408552929 0.2538968151003079
391 5.381491589679758 0.2539202577896246
392 4.123161949718495 0.2539203946234626
393 5.2566002295908145 0.25395706216530856
394 4.194168365768133 0.2539868662157513
395 4.752750453892146 0.25404618131453227
396 3.9732291272932234 0.25419058286330265
397 4.611446766046482 0.2543540768013514
398 6.031746229489787 0.2545033386105231
399 4.552383564113578 0.25462117234760456
400 5.265133773545701 0.2547604503867818
401 5.470980275424234 0.2548403328044572
402 5.465934313509836 0.2549201545726861
403 4.710916307625366 0.25494933067928766
404 5.060396321067582 0.2550063396648424
405 4.5245107682323455 0.25500034173509994
406 4.583062795041712 0.25485382273085894
407 4.608224810896812 0.25465571503766854
408 4.776118246130018 0.2544734171967148
409 6.2949782085251975 0.25437711464791235
410 4.4953262110618475 0.2543488240197252
411 6.806319313794333 0.2542955570235517
412 5.03775460275005 0.2543290772270407
413 4.570109597123987 0.254344681361748
414 4.2103518194634 0.254350011706657
415 3.6652956567668875 0.2544174155370573
416 5.933587293380457 0.25447850204046696
417 4.2504836546206715 0.2545608425962173
418 3.54388978140378 0.2545694180035927
419 4.498214353515754 0.25468276050635646
420 6.0369021187342184 0.254826779074004
421 4.439651029304191 0.25500198234655685
422 5.947556759164434 0.25511752242172064
423 4.082017461618779 0.2552447407484554
424 5.747248567176915 0.25539756407893144
425 6.253542589010282 0.2555521165993196
426 4.789367385749336 0.2556487027180163
427 4.1449733733128635 0.2557475725517452
428 4.703812070349458 0.2558057326553051
429 4.610253824463198 0.25585951091754683
430 5.372125265672496 0.25597777940406324
431 4.7758749667913785 0.2559846088984507
432 3.8676476686807097 0.2559551700637908
433 5.536694911029992 0.2559215006944008
434 5.686278265403001 0.2558321252891597
435 4.623959712522011 0.2557893915301345
436 5.562013260642219 0.25583779126919065
437 6.914829653617915 0.25587639680672375
438 6.77353969265657 0.2560622813912471
439 6.696770581482286 0.2562784616376948
440 6.595030237104451 0.25647008964426227
441 6.895279499473034 0.25672635933121096
442 6.822723300062949 0.25708065435286276
443 6.684008267714997 0.25727847422200306
444 5.45416002810753 0.2574863191705572
445 7.073244583278612 0.2577064852416037
446 5.775590232866268 0.25786986172871557
447 5.607543843140288 0.25798899497686284
448 6.4458710781424235 0.2580507049430499
449 6.7406771535829035 0.2581705763304705
450 7.8002732731651285 0.2582707866335782
451 6.245336279850103 0.25836190227818845
452 5.760323464057928 0.25842732884547676
453 5.799283311038205 0.25853033303646294
454 5.345485107704097 0.25861035895740336
455 7.126297393016035 0.25850573429418083
456 7.49216411416557 0.2585268093938753
457 6.510758337749282 0.2585825976395905
458 6.484481960727903 0.258638060162315
459 6.179810435880526 0.25863675357881155
460 5.893164731208321 0.25862979062189756
461 7.69624261558327 0.25861924267557335
462 6.103212930230445 0.258484945289365
463 6.767944656902447 0.2584060665669204
464 6.821669547695526 0.25830939807647835
465 10.401091299495196 0.25835359610083575
466 7.148529330194983 0.25835131896656444
467 6.320743793451054 0.25833059154833177
468 6.356077153895676 0.2583844022192177
469 6.689057565558013 0.25839805703989194
470 6.804317595772268 0.25843685612299566
471 7.038847081271941 0.2584027320633728
472 7.214642419850335 0.2583111376164402
473 7.491339593236299 0.25823268862774207
474 7.9280272524135285 0.2582165389101209
475 6.875415231439096 0.25819211576902995
476 5.664625403596834 0.25835604314057165
477 5.957663889255825 0.2585436683621643
478 7.269991025591677 0.2588173573318267
479 6.856760840743506 0.25896135421584315
480 6.441697056028758 0.2591798133787042
481 6.583942752822303 0.2593461220478272
482 6.084534157653543 0.25954329520776365
483 7.1211760195241585 0.25967919921197485
484 6.185427138133575 0.25969735866715093
485 6.384169795076594 0.259703755490514
486 4.5136788215656125 0.2596648672409883
487 4.388267273765185 0.2595745142186902
488 3.745441047439664 0.2594311010471348
489 4.263578562528321 0.2594789483523842
490 4.3341567628657796 0.25945460203970544
491 3.4664484871198358 0.25946102427065243
492 6.152676220776071 0.2594869815684389
493 5.720318517548149 0.2594587656479559
494 4.801286521371338 0.25946727962940935
495 5.5521583524814035 0.25926156598624533
496 4.758024316888681 0.2590303710462087
497 6.627352423541199 0.25887307780743013
498 6.961635684052819 0.25879054836811216
499 6.759364363484105 0.25863936670627
