0 45.55614750405478 0.300250016096747
1 59.462021975701916 0.3005444131233861
2 59.82795210171892 0.3003577320332859
3 54.88223278548972 0.3001618481485901
4 46.70071866088337 0.29992156514665097
5 41.60142045382579 0.29959885483399823
6 41.43528296513223 0.29936922438501967
7 34.289375442501346 0.29914220057004925
8 43.12585525353084 0.29880911430771623
9 49.464116146813865 0.29855072921194337
10 48.06014328376072 0.2982481635067562
11 43.67308847407881 0.2980127182027175
12 49.72111488687917 0.2979388404079406
13 42.33425279198598 0.2978833725388743
14 49.03053166647 0.2978434946905873
15 40.28842988208996 0.29787068498373587
16 46.75604000148394 0.29790853406363876
17 49.34518235016216 0.29797772437496933
18 37.31254578603623 0.2979637347298704
19 36.91794684242588 0.2979136460634676
20 38.594960905837695 0.2978731085534823
21 37.42549458218953 0.2976762998201042
22 35.06279338027858 0.2975752190175769
23 37.385852978139525 0.29750488045554646
24 38.336882137800615 0.2975737992894698
25 42.2897910258162 0.2977191436759598
26 34.454815476432685 0.29780277608952244
27 31.704190511235254 0.29789815927001245
28 38.9917156964392 0.29791676801155337
29 32.41419650713242 0.29796003726414916
30 36.66792213254783 0.29795651735822715
31 27.703818379742888 0.29793714101940466
32 44.591040498195895 0.2978834215721096
33 34.047775197404675 0.29782204484989133
34 32.00207454048065 0.2977929808629367
35 20.760235583846356 0.2977983125995944
36 29.27667486135541 0.2976478359431787
37 27.221716886022314 0.2974422928753206
38 25.996388610682473 0.2972047205377371
39 26.140121141124013 0.29695962584782837
40 26.40399008719668 0.29681944164319934
41 32.98905509348958 0.2966035033888101
42 28.63191150388083 0.29638584808104157
43 27.002398473087524 0.29613589789721906
44 33.699243486427704 0.29581165505331314
45 30.31272322955364 0.29548380420787096
46 25.887697816795285 0.2951499666527904
47 28.664348070134402 0.2948907446516957
48 24.363808141056854 0.2946049190805087
49 27.040777040203828 0.29433666206448705
50 19.70486323488329 0.2940385839732174
51 16.069321170030058 0.29378071718081616
52 23.305720401777762 0.2935392672768878
53 21.636896683026816 0.29328998829859837
54 22.969754482544246 0.29306915165077235
55 22.013609792678984 0.2928946752426295
56 18.580959165652715 0.29271078919516785
57 16.825000190792217 0.2926214801847909
58 22.76287807314403 0.2925025542332113
59 22.358162640059255 0.2923449899234121
60 14.27064782984003 0.29209087585514276
61 14.128688514585058 0.29183155818446077
62 20.265656318152473 0.29163096861424703
63 20.58398966983107 0.29144743385261107
64 17.64546241491471 0.291318032605436
65 17.33633987980541 0.2912507179823675
66 16.750007088522874 0.2911218347340231
67 13.773198173755556 0.2910862481268786
68 14.971925329666337 0.2911077080220237
69 15.22101770675325 0.2911469969135974
70 14.282323360556322 0.29111377697561625
71 19.346615150452642 0.29096689076408594
72 15.427652805446606 0.2908461839374412
73 14.92152599656312 0.2907258599144784
74 14.171755211525516 0.2905373059669381
75 18.510049496994746 0.2902462849428797
76 12.614770757792783 0.28998189373266475
77 20.968239546084014 0.28972902000664735
78 20.25110380026514 0.289517836059513
79 11.675209075303895 0.2892262986591945
80 13.243912095069255 0.28888442918645657
81 17.073800435667444 0.2885676282541689
82 12.743856609726851 0.28827681178649184
83 13.579019649646693 0.2880387601627305
84 11.684154970313038 0.2878038470643649
85 11.411486514223363 0.2876087933456532
86 12.899683038014693 0.28733383692270703
87 10.866143502401687 0.28707089879092756
88 13.461643522286334 0.286877518654365
89 11.728112361208051 0.28672133977769926
90 13.515324781616188 0.2865287308333736
91 13.274503347012342 0.2861947227533385
92 14.357927759386243 0.2859032583614601
93 17.97886452548753 0.2856915248510464
94 14.219542460998657 0.285525265844928
95 14.520020126123717 0.28545651351117546
96 12.938423441929402 0.2854260392952768
97 13.814708432548352 0.2853026870034114
98 13.015372099831534 0.285228370224947
99 14.793078603762282 0.2850948899537493
100 17.5309967282628 0.28500677879188263
101 13.526239052895706 0.28490280960029574
102 15.555512077653368 0.2847846201008923
103 13.046888001399239 0.2845999698140549
104 16.838818875657637 0.28448107112157706
105 11.347271452591002 0.2844533635891339
106 11.075434644454308 0.28446376821792013
107 9.109264279711486 0.28447151647508256
108 11.336157151968631 0.2844314162098344
109 10.022876501367856 0.2843387409539067
110 12.141738558755495 0.28420323801857966
111 16.052482747534228 0.2840475242433846
112 14.788439311949595 0.2838901494067306
113 8.47477113355163 0.28375074213983725
114 10.902979686423619 0.28365553585897113
115 13.437529087556394 0.2836787023407763
116 16.336245103309004 0.2837524502175291
117 9.342712967550353 0.28385440944431384
118 8.903209280336197 0.2839486588903582
119 14.824988195113171 0.28400527371977025
120 10.488043616332867 0.2839641129783099
121 11.057037575657066 0.283782270581414
122 12.886030458111058 0.2836814225190433
123 18.390406273837833 0.283534288298304
124 11.094136504034072 0.2833395659212455
125 10.995519677017766 0.28312722520014505
126 11.26900965788267 0.28294308499990395
127 12.9985478299557 0.28283843935964564
128 12.953229933934608 0.2827580066298402
129 12.066029494034499 0.2826824406151239
130 10.37034901313633 0.2826025908471002
131 9.857737216087745 0.28245212414546467
132 8.80469886662662 0.2822936386948656
133 10.367504313999422 0.2821126466094345
134 13.112738684185796 0.2819284859889916
135 8.409974642182585 0.2818693291779743
136 12.34690807609195 0.28187533833864103
137 10.682587320986674 0.2819198617557449
138 9.586516259471779 0.2820187939894226
139 9.521540802226415 0.28212383276993347
140 10.126602122242877 0.28220802443251886
141 10.026651855057843 0.2822923491788851
142 6.693754292775626 0.2822572415930057
143 7.79363584541564 0.28218140698148253
144 5.055145891417222 0.2820257603304834
145 8.072333003500969 0.28176943503767926
146 6.362667342466885 0.2815866941799455
147 11.879508373823692 0.28146872762151715
148 7.386684220802829 0.2814170139779584
149 10.455295544401512 0.28133156604310766
150 10.730859659980323 0.2812226685146508
151 9.494373764805664 0.28117706077798404
152 11.574817078395188 0.2810837965255854
153 10.582458433178022 0.28098471631297306
154 13.438784194601393 0.28087586448567614
155 7.29488388668936 0.2807935073490931
156 10.64351732064172 0.28069719685548156
157 11.820745185390894 0.2806183111115717
158 8.19100190695744 0.2805241546707666
159 10.258372056602047 0.28045332980477006
160 6.886771606300606 0.2803547895818193
161 8.366902596445948 0.280248562995326
162 11.624036668186424 0.2801460880170194
163 12.291004759284895 0.2800985687034445
164 9.721331814579047 0.28002542044731765
165 10.82314040468854 0.2800107283974427
166 10.515929314927474 0.2798330274908601
167 9.11818315069856 0.2797677746400853
168 11.207583982289417 0.27961741634686477
169 10.826981025313126 0.27949759455547213
170 9.480924948180043 0.2793871056790471
171 11.655623979029382 0.27930286634194773
172 15.132835841278371 0.2791795826363368
173 13.03793795482541 0.2790348273723808
174 11.84970040222267 0.2788335046838774
175 10.459719596983174 0.27869555157524223
176 8.80442450905361 0.2785327207842637
177 9.957309340651268 0.27830813642719393
178 13.280521150723224 0.278024983286602
179 9.169055608825705 0.27772155922559516
180 10.504339789693912 0.2774138923080027
181 11.320896681030327 0.2771302734399907
182 14.030823564876457 0.2769452709249964
183 11.65550736209503 0.2767104967342022
184 7.737523217776742 0.27651783793597523
185 13.965861540347287 0.27640602129269326
186 13.003595421469786 0.2762993828652136
187 8.37834333993455 0.27615110243255186
188 10.744401725316838 0.2760609682383343
189 14.741373106292817 0.27598379361633674
190 12.07709672725374 0.27597068986221324
191 13.269063492239894 0.275853522360358
192 9.630998289215578 0.2757479340412633
193 12.968872982328389 0.27565885668814666
194 10.760649840068929 0.2755934761156586
195 10.859835361870092 0.27556534373352554
196 10.413731233219135 0.27559248395345876
197 8.16426048279173 0.2755533061897162
198 8.343723115831226 0.2755468281374303
199 7.451064946735537 0.2756700548806517
200 8.038384499044346 0.27578296550152204
201 9.823790138518497 0.2758447972852743
202 6.666833705554259 0.27595730162335486
203 10.586325828864528 0.27608332870312347
204 9.067159445061602 0.2761095635721793
205 12.894181531215693 0.2761621063639583
206 8.790408338468662 0.27608625907245826
207 13.298520886103756 0.276036034245675
208 9.932684975378532 0.27601186017866247
209 14.427055900388186 0.27603058881757564
210 13.372772803349928 0.27603455834416835
211 10.739241514250473 0.27595325920501873
212 11.256287480111553 0.2760044761813975
213 8.079204698461282 0.27607297188583735
214 6.600954258428295 0.27609473081839503
215 11.94361475240315 0.2761100905511553
216 8.583323451949628 0.2760909009492505
217 7.550054410938833 0.27618924320452115
218 7.498407337102067 0.2763911679083162
219 7.214118932366929 0.2765290815973957
220 12.711017243413675 0.2767191400260522
221 9.110249241114314 0.2769608872602226
222 9.102019960093385 0.27713154825071734
223 9.43734210623334 0.2772850797694382
224 6.2978118511634555 0.27743929325203665
225 6.900880315343293 0.2775156158009691
226 4.091714528840264 0.2775676478977026
227 6.602493351065224 0.27771826160456775
228 9.149376777377974 0.27789471001385585
229 9.014613577353305 0.2779905740901097
230 8.974124937084298 0.2780830341478023
231 4.781158492213393 0.278033233777843
232 6.658275793677065 0.2779678690875674
233 8.7317350019512 0.27771092863744146
234 5.4862881803790255 0.277471468966789
235 8.348576249265772 0.27721353830543544
236 6.18538292872385 0.2769523493196258
237 8.663957876234289 0.2767442352278155
238 9.240656517438167 0.2766195559384844
239 8.739850978525268 0.2765497926004557
240 11.044770296811478 0.2765552682770785
241 10.243905963080243 0.2763569908725104
242 5.647046637726287 0.27605364366138313
243 9.941181636473981 0.2757216785787304
244 8.211759956027214 0.27546367912205333
245 8.1609838563867 0.27529540130823205
246 9.001206062972742 0.2751414292072938
247 5.6720890471310526 0.27491089497264043
248 11.731114685760442 0.27464007077036207
249 8.096886841652214 0.2743614586024094
250 6.317604334637302 0.27409006205940306
251 5.271403984189361 0.2738231770818926
252 5.571470099099526 0.2733990460871672
253 8.347529212865465 0.2730249839127288
254 7.370826938132758 0.27272819675956245
255 7.237995751406443 0.2724031458820375
256 6.880214602243733 0.272102636204913
257 6.807280717068343 0.2716671479118253
258 6.7854269867307515 0.27131698195764425
259 9.567639728232999 0.27094471486520844
260 7.816727784265417 0.2706512624212032
261 8.353571348433613 0.2704231244585838
262 8.766710188733882 0.27030992860428243
263 6.3768471877148745 0.2703233547153235
264 7.562037153974847 0.2703536400156102
265 8.665612223553847 0.27041555513196913
266 6.969311813453776 0.27045300433983854
267 7.479834977567233 0.27050268531920324
268 5.861748519606973 0.2705721716660326
269 7.0498033669198525 0.2707620972365205
270 4.39894562878856 0.27085790442679675
271 6.139579561441218 0.2710001005934644
272 6.927634796836333 0.271057392023527
273 6.048762049308112 0.2711647221333378
274 6.574834486666773 0.27112637330347794
275 4.7084177675674015 0.27111849311722896
276 6.91933009796733 0.27111829937830517
277 6.566396652849207 0.2710783757952597
278 12.52859084425435 0.27102949433901435
279 7.270756182598085 0.27093857436077745
280 6.254408327629122 0.27079072922912967
281 6.525209626139936 0.2707050444476272
282 6.139574748430609 0.27062095780768475
283 5.902396838696561 0.2703794738989968
284 8.591036151404285 0.2701477953711971
285 4.3227553648134185 0.2699975160530431
286 4.640433944902073 0.269760263352186
287 6.724919364084103 0.2695210530541974
288 3.691431275195601 0.26937578789467453
289 5.1340363640117666 0.2691917249338179
290 6.83937230740896 0.2690287589621389
291 4.603280958075285 0.2688247460535193
292 8.1305916834628 0.26864155560511455
293 4.595907023085783 0.26841031027511114
294 8.023146460449363 0.26819422231232826
295 4.244401819212302 0.26798544299726795
296 5.431773026489984 0.26786832499157337
297 5.593248690050029 0.267786412022394
298 3.9918286150986306 0.26760096350952167
299 4.840868207094304 0.2673486347652094
300 5.47344534289263 0.2670508013036222
301 4.7226695482232675 0.2668639471415338
302 5.349318381864284 0.2667001505068683
303 7.088505782638716 0.2665925874195512
304 5.227823317598888 0.26646159835993505
305 6.037310936754776 0.26631722722412393
306 7.48407609681946 0.26614178539631816
307 7.734263450263161 0.26591128633849276
308 5.059377168945002 0.2656500945785671
309 8.76538909275252 0.2654825573246209
310 7.004286235164738 0.2652217157522785
311 9.422535587271879 0.2649773814629664
312 10.281717136144174 0.26474643202502707
313 9.812443654377521 0.26459988034106013
314 9.693672640672267 0.26437658855465046
315 8.28965205235158 0.2641727500106476
316 9.571544397681162 0.26398404243795787
317 6.6437373390026355 0.2638135402354261
318 6.560148395466289 0.26369171424360666
319 5.728992364556097 0.2635921063245837
320 8.889967617323315 0.2634637297103098
321 8.673033202207879 0.26329024108145804
322 11.010401127108366 0.2630672118936778
323 7.494038159848593 0.2629510420097512
324 5.869417657192677 0.26281569768479945
325 8.529006068132322 0.26275917463107595
326 7.123854957795356 0.2626522536048359
327 4.080472846043983 0.26254906113148824
328 6.4975574075752265 0.26260176436222726
329 7.586313625669847 0.26261064632061165
330 5.066051066119008 0.26261342739696125
331 5.31668352603759 0.2627028238159452
332 6.782213478537018 0.2628254696111953
333 7.851387318991131 0.26293031719842436
334 5.426044196603144 0.26305899521894727
335 4.395799254961402 0.263206094934456
336 4.5689910011622885 0.26334795541347605
337 5.736727617018962 0.2634386893604854
338 7.447065959818874 0.2635245000918986
339 9.902682094983522 0.26365187893083164
340 5.046151043788454 0.2637683610386261
341 6.2954838939082745 0.2638859348538074
342 9.124841779953544 0.2640161544733684
343 4.1641003803953325 0.26413018012945666
344 4.03114343413894 0.2642079677431632
345 7.378512219925377 0.2643300609966391
346 3.6773775948564875 0.26446113519003916
347 8.043762673332894 0.26447367628463064
348 4.207642211306109 0.26445786862827947
349 8.519503792729706 0.26441162798768353
350 6.947952204777541 0.264377069727104
351 5.60694531290246 0.2643678262066268
352 9.068452782662717 0.264359908562049
353 5.89665269436367 0.2644068870940786
354 6.2523936554552995 0.2644946554263491
355 9.127188546835379 0.2645055427318289
356 4.060637278821634 0.26453889977638667
357 4.894596586130651 0.26453657381571904
358 5.687182276340093 0.26448803798819676
359 5.893832205116526 0.2643792383961568
360 7.02223527428878 0.26429978651574815
361 5.749881360307384 0.2641498302659801
362 5.097367060665908 0.2640365644675507
363 4.512145767175895 0.26396857176381056
364 9.325585959300394 0.2638403096959959
365 9.006063859136066 0.2637639300872279
366 10.122117433100911 0.2636863638772447
367 8.942746547893412 0.26367128571697335
368 10.16900842562355 0.2636515321189542
369 10.09359072197697 0.26359065376780993
370 5.173875944607708 0.26352675069410264
371 8.120901997578667 0.2634882583602097
372 10.61277092276227 0.2633773416546659
373 7.275816248777464 0.263334202287765
374 11.619314300423092 0.263285188939258
375 8.830514147157528 0.2632231940668283
376 7.075105626730975 0.26317812761319787
377 9.382084844082925 0.2630972786577984
378 4.3756447147358175 0.2629827217553224
379 4.829807042785698 0.26288861774674327
380 5.494318081629437 0.2628500732944226
381 5.278748801032968 0.26272790371985216
382 3.8841468977236895 0.26264756385820426
383 5.671228207317759 0.2626386970844174
384 6.9767341860972625 0.26269350630496996
385 9.56964483593422 0.2627478966961348
386 9.311398290657149 0.2627319075605075
387 6.100786264614635 0.2626441766153293
388 6.67558629036586 0.26245495347297604
389 8.297815111286994 0.2623088681249403
390 8.10066617155869 0.26221012953535056
391 10.491023760687568 0.26208853460169595
392 9.484923246757333 0.2620391046521678
393 9.019159516523796 0.2620380659845076
394 9.896002299412787 0.2621090736787521
395 8.473772367584017 0.26221555536317537
396 7.5600286106848635 0.2622871868061161
397 8.656298903527667 0.26233420477573915
398 9.22404370283707 0.26238339763525814
399 6.285224111612184 0.26246234537191837
400 5.480427490676494 0.2624901761200437
401 5.891215395959203 0.26259020965273666
402 8.731197467688222 0.26268881666510013
403 6.662454461122279 0.2627387546022502
404 7.448501100395503 0.26279501658352944
405 10.372915143065285 0.2628860349420736
406 12.5151610311435 0.26300878192830796
407 8.166717134765863 0.2630079429372028
408 8.941332260216665 0.2629840523998603
409 5.410121272631262 0.26287237424104376
410 10.278351890522051 0.26283300593649156
411 4.584706220860838 0.2627715784426334
412 10.223980240210759 0.2626949807000127
413 8.725591621212747 0.26265338759526724
414 7.383688675086561 0.26259572997902164
415 7.0599102731612255 0.2626041419610713
416 9.063584513578858 0.2625803692741111
417 6.0968655485473775 0.26249661113846345
418 8.824054007805014 0.2624649997880549
419 8.692187356872807 0.2624741243524357
420 9.049081847579508 0.26244115763206727
421 8.625008894898505 0.2623027843263815
422 7.983882783241733 0.2621018259541721
423 7.375107648922368 0.26187787391326134
424 7.481955632806892 0.2616717604047246
425 6.914627773425881 0.2615073270793768
426 8.004332527163982 0.26137390674368777
427 8.392586797186732 0.26126569063008165
428 7.480729308541887 0.2612392780225587
429 7.705515822083223 0.26116870020605815
430 9.245167914443384 0.2611632974025539
431 6.076553978658085 0.26114838637392485
432 6.942182518650718 0.2611148347881891
433 8.229730709651989 0.2611567068356045
434 7.382497152364996 0.26110336715572663
435 7.017095702300596 0.26100349042475585
436 5.404115052385651 0.260977330267072
437 8.785479056260836 0.260886045250196
438 8.071055364506318 0.26090450230143897
439 5.596515300069163 0.2610719845415805
440 11.532493083953709 0.26121076930782383
441 6.855224539566098 0.26120812271217836
442 7.476097033952643 0.2611661297772446
443 6.816961322399074 0.2610964452391736
444 4.985381938566141 0.261127890064198
445 12.701635954347978 0.26115143561147264
446 7.754852797983325 0.2611566208946177
447 6.199861671480527 0.26121926217522784
448 5.608499043775592 0.2612519497203229
449 6.188519466002326 0.261279991055456
450 7.293162959214907 0.2612716655486676
451 7.609228318027628 0.2611739656382203
452 7.275849162187815 0.2611565337770499
453 8.639697071159745 0.2611558211221644
454 5.121458648303854 0.2612012719028021
455 12.485319758760916 0.26118482475017196
456 9.880660009100378 0.2611031240271741
457 7.110055212944824 0.2610297340526034
458 8.609563534618529 0.26100003598821075
459 5.2605128370973215 0.26096694022202405
460 7.303455948624983 0.260957181531591
461 7.247647012022252 0.26093884366210457
462 5.821307829249989 0.26107352126701655
463 8.473604884914698 0.2612831662597546
464 7.902624788677999 0.2614883040242798
465 8.691859570144924 0.26167316831403725
466 3.6444879583117 0.2618765886008124
467 7.811948182459575 0.2621489593599987
468 11.156618869531606 0.26233804855273724
469 7.618601217216533 0.2625110056262383
470 6.709548359743693 0.26270610431972435
471 6.543921558478315 0.26285215916240884
472 9.186815592692657 0.2629467169972435
473 5.616190665996932 0.26291851674870226
474 6.791861591043422 0.26295405318078385
475 6.369788753651603 0.2630296012644957
476 8.211605180306394 0.2632228195808319
477 9.06028827017727 0.2634785598721546
478 8.952994716065106 0.26366377849038525
479 7.534430228408721 0.2638454954042044
480 9.370666709865063 0.26399564400019115
481 7.458694476847294 0.26412302445105057
482 6.36272201572913 0.26416239113713974
483 7.074090239048772 0.26425855718152813
484 11.956681498254142 0.2645254382577881
485 11.046054508254992 0.2647711721564862
486 6.840542069010744 0.26502483315303815
487 7.776209786515244 0.26519040460003257
488 10.06418974726935 0.26541033903512395
489 6.896878524443139 0.265649495639627
490 9.442283284418437 0.2656526826346947
491 6.65787731090451 0.265684436603742
492 7.119156857034637 0.2656385630269587
493 5.997867064437969 0.26564807987901623
494 6.450744582597956 0.26561370106797605
495 7.767947220001694 0.26541969163613155
496 7.623460428946716 0.2652418034151347
497 6.385070971517562 0.2651624464391595
498 6.913944145324981 0.2650377541563916
499 8.761563086448577 0.2648731915898135
