0 94.47925596503538 0.3009141519075385
1 83.42360451166556 0.30137635845434685
2 94.05014220507621 0.30109501605924505
3 126.07876839055177 0.300804603802886
4 140.0915842483917 0.3000765465625115
5 104.03695732411214 0.29970819251177755
6 137.35529347263937 0.29921402922265505
7 131.76978158017624 0.2986270103081725
8 112.05280279868856 0.29808838102779134
9 115.85267907209935 0.29765327405039277
10 107.69305582920407 0.29728316819146067
11 111.20288031939546 0.2971088662073478
12 111.92031313391016 0.29686161260228117
13 95.20939299378509 0.2966359357553144
14 109.10586777096941 0.2965129920934705
15 107.62577186594905 0.2963321848906345
16 79.58071759724928 0.2961596811932635
17 105.5692653083144 0.2959955002832345
18 90.8723882305342 0.29583125236438457
19 100.29002571989459 0.2956462431747994
20 71.81592904106573 0.29563078339485455
21 54.47758507258948 0.29563436327409864
22 101.64486964265492 0.29565720894090913
23 88.53093076166965 0.2956571782127238
24 77.58403228532725 0.29559073182977974
25 82.58567350462738 0.29557928991611077
26 72.8241928957126 0.29560272838021545
27 79.03427007615957 0.29559445854061445
28 76.3876512243776 0.2955700109715579
29 74.32392511941362 0.29552152232378526
30 89.90512000936477 0.29551303811730656
31 68.25123226464186 0.2954540336938965
32 64.02683476376875 0.29546841519921907
33 65.82623075774735 0.2954828895746078
34 78.93969462507175 0.29555548437410495
35 64.63295407623082 0.29560317246496076
36 87.14398436275718 0.29557033856579196
37 84.85524891903752 0.2954977877807504
38 73.44410053454166 0.29537452693014143
39 65.36117259746327 0.2953689766784135
40 70.08310825441853 0.2954561827911769
41 84.50943966649282 0.2956659482124502
42 62.22888819659896 0.2958457221866909
43 74.67509954915161 0.296163230368654
44 64.40413325547144 0.29655072965182705
45 63.92407214204815 0.2968172344235297
46 72.53607768963701 0.29701715734456374
47 80.89696549515672 0.297274725798269
48 72.02322326701507 0.2975037550442126
49 72.29870687901456 0.29765211409944353
50 75.07880823113994 0.29770493444541973
51 80.62312196454462 0.29782378971478896
52 77.19721423181917 0.29796299100825185
53 48.457044883159995 0.29791452497040327
54 64.45136682611813 0.2978898330625288
55 77.8057526872363 0.29787502537288335
56 65.32766890964865 0.29782921298237747
57 57.126884749552914 0.2976109842050163
58 54.99986229169879 0.2974353095371505
59 83.22391228440154 0.29717116631506146
60 86.88607114328096 0.2969504394577581
61 42.65286718739007 0.29671616726464256
62 87.52072863797578 0.2963470219401004
63 95.11612320446754 0.2961101700231667
64 53.01900074845631 0.29578989879034034
65 60.316893969151366 0.2955810983987161
66 76.76829594479638 0.2953628831890871
67 81.6446926337834 0.2950049368165817
68 59.04140904613088 0.2946096141043444
69 71.94016879621046 0.2942318450638902
70 60.76201343368657 0.2939551890594834
71 51.63668162342567 0.29364137347805785
72 45.725220955108206 0.2933278620221521
73 59.35988982961214 0.29308343260620906
74 61.2431015247883 0.2928448513039508
75 80.91029431176604 0.2926256304740974
76 49.92430743802741 0.2924261471736169
77 67.93650187705668 0.2922165864866975
78 50.562956995529476 0.2919993132705774
79 63.77949955024442 0.2917235284024646
80 73.16339274552118 0.2914330549884414
81 72.06565850927417 0.29120802151805436
82 57.49420803686688 0.29113844293953595
83 82.9908325910774 0.2910188297656316
84 65.14128348834596 0.29092059465547726
85 60.49554081170109 0.2907533999558035
86 62.16442353362915 0.29060505753563703
87 59.98649166975506 0.29044399132429055
88 45.89048945304219 0.29026743821036843
89 54.08700139286182 0.2900969049998463
90 66.2776739647694 0.29004020356896065
91 50.54021173089577 0.2900822693953496
92 45.51559123866224 0.2900644303305373
93 46.482091181205625 0.29001413714547836
94 55.574229356836575 0.28992708989383503
95 60.98632847844732 0.2898630321617148
96 64.74313699696467 0.28982682920884323
97 37.06848549057267 0.2898236334599183
98 57.007392388041794 0.28993030266271
99 53.655674769345374 0.289958532879498
100 43.95669769415863 0.28992577839342837
101 52.23094682970276 0.2897691540279943
102 41.199588317429786 0.28959049256580544
103 52.668110650562326 0.2894200390475641
104 57.867621532548895 0.28924457808188825
105 55.99500129762782 0.2890790546343896
106 46.446055929079236 0.28899957852594216
107 54.19026169843747 0.2888903663358698
108 44.70278312559037 0.28878349717333424
109 48.57719064157962 0.288612143618523
110 42.222853966632314 0.288425019043542
111 43.803231976386314 0.28823760616973715
112 41.06008996281081 0.2880338460455959
113 53.293814271426044 0.28789083302194407
114 43.5598650061928 0.28777181908175326
115 41.870143425054295 0.2876618693469299
116 39.009446769510646 0.2874801466032414
117 37.903075617130085 0.28721847798634975
118 37.598447822260596 0.2870658887442371
119 41.19573264656685 0.2869248736688944
120 45.85202378185451 0.2868331816271492
121 36.58563382817851 0.28670654494603054
122 48.37060786469752 0.28672158211403076
123 45.85870506094565 0.2867442533595556
124 47.323365099360544 0.28678743574718024
125 39.388357085307476 0.2868137342798144
126 26.492016982924284 0.2868806946400234
127 35.60697415746142 0.2870221826708412
128 40.660495233818814 0.2871553339133465
129 39.400260197144604 0.2871902954719415
130 34.416640616422086 0.28721737883720333
131 54.09323918797516 0.2872683394568203
132 48.86331307498472 0.28725616600160125
133 41.8803216248221 0.2873254288567172
134 30.877026440868836 0.28742851030741395
135 56.7481337105489 0.2876064269989147
136 37.03757783682506 0.28770176642282874
137 47.130777228832564 0.28772208759980855
138 45.48129882319347 0.28787789854077306
139 39.74987953990326 0.28796230338763235
140 60.64728994808575 0.28812697613387506
141 34.851669412187924 0.2884107777920364
142 48.929446143675236 0.2886844417979992
143 53.16316577390075 0.2888598233518406
144 58.762803070549495 0.2889949184347693
145 34.00653013222336 0.2890729592144363
146 63.63106226575093 0.28911622040229656
147 46.45745130748887 0.28912984505439876
148 54.27438050387784 0.28912660280622804
149 58.92005629673448 0.28896821703324915
150 57.85545382839581 0.28883561501294763
151 50.194046482876104 0.28875373194738896
152 55.00336192490617 0.2887257755834602
153 57.46400709265784 0.28864459912687696
154 29.086204846103286 0.28865533801438714
155 44.92748079704061 0.28866969256966013
156 53.54667738591921 0.28862049812135593
157 33.02678558026975 0.28851870540650826
158 29.1788217799305 0.288496604374854
159 37.058196261329954 0.2884047123020923
160 39.743573313172675 0.28842515795791623
161 54.47370911033744 0.28845505128685967
162 41.19410068913072 0.28862212672037635
163 45.42105735551892 0.288673255291999
164 29.903520525535633 0.2887866721447197
165 29.91514238520613 0.2889769779000015
166 35.54377561211751 0.2889768881671327
167 33.70685955170574 0.2890140189865631
168 47.97350709628088 0.2889966797662582
169 44.79790114035667 0.2890199321833196
170 43.62351798431127 0.2890389457238497
171 49.489817557252536 0.2888482552566636
172 37.16828328374811 0.2886965760932403
173 39.39451505339175 0.2886691888704411
174 39.307413253347214 0.2886157994078584
175 41.469200950096436 0.28869805733934656
176 45.26012759466212 0.28876818303583374
177 48.94908768650384 0.28872995433221177
178 61.16104507392536 0.2886921910829985
179 35.40703319027583 0.288603053832067
180 60.756752420968525 0.28860272508194906
181 35.627094119085 0.28852128701643065
182 54.24618983197678 0.2884934701259503
183 50.2033125615211 0.2884079739139268
184 42.18385229836411 0.2883151819151975
185 32.377989377174444 0.2881043295160645
186 29.058232786250414 0.287981154883957
187 33.62092541154814 0.2879117590850711
188 57.09788339956444 0.287760263861525
189 32.350666496044774 0.2875349586003887
190 62.18905696743286 0.28740271266255485
191 37.08657842426537 0.2873773064415233
192 40.84318124439349 0.28750379243330526
193 43.087536355997784 0.2874835154186588
194 33.602098085881465 0.28736441501695
195 45.987777616482404 0.2872064018408015
196 31.990539064051468 0.28707810346039747
197 24.39374630318953 0.28688959947637693
198 33.25526816363589 0.2866698345507535
199 50.75749093186596 0.2864180996032993
200 30.6920329522063 0.2861433420701863
201 35.69010739503541 0.2857510757752889
202 39.997257645881206 0.28531829974113954
203 41.222353227345565 0.28488258569293773
204 30.412303843660965 0.2844500722209462
205 35.57603588312379 0.2839599262718259
206 40.808722518878135 0.2835412087176914
207 42.73760837920932 0.28327641464758707
208 48.56085173659402 0.2829970490810746
209 39.8137659430892 0.28254520264440464
210 34.65461574623234 0.2820755111842699
211 35.65665914119184 0.28168325594504623
212 33.003653086719446 0.28130841119649197
213 32.97664636051461 0.2810395087487577
214 25.56278440512626 0.280696815513962
215 34.188422509455656 0.280459121094331
216 31.841362236314936 0.28021889749642526
217 34.33193706180566 0.28003615234576695
218 25.143727362681055 0.27967212879991765
219 29.32575147859368 0.2791754254084557
220 50.65727836213981 0.2788867967921789
221 38.31165836054417 0.2785815075718103
222 26.84166718545928 0.2783273061957376
223 32.15815923052358 0.2782409270582554
224 31.15848195992691 0.27809840125132207
225 26.536022156306608 0.2780683663028024
226 26.864991793168432 0.2780498265069941
227 29.676096306059414 0.27804721668000826
228 41.8202250418254 0.2780520997717449
229 27.85001741806084 0.2779760119492608
230 37.81961131799342 0.2779569096528056
231 25.295202847266054 0.27793172132130484
232 38.98594076435965 0.2777058525289961
233 36.69749836809583 0.2775097021750145
234 32.139273413941176 0.2773714953927421
235 22.622453205795743 0.2772575619501071
236 46.2415974098617 0.2772799261879295
237 35.622254212134486 0.2772519279737133
238 36.13566514814998 0.2770270803933107
239 25.94687281041394 0.2768286295717609
240 35.09304942387635 0.2766728610610725
241 36.892920841218995 0.2765880485414036
242 35.37414583301162 0.2765306409168852
243 34.313218634721224 0.2765048300591136
244 21.76935478790827 0.27652681519248445
245 31.420643187000636 0.2766153903674798
246 30.644964089758368 0.27670580403155937
247 22.937942201879274 0.27680996395457513
248 23.92012262021079 0.2768566250272248
249 25.235511083462534 0.2769725005721188
250 35.44571123371562 0.27701092540371175
251 35.801612865316415 0.27701786387677363
252 23.780261340452626 0.2769523521493751
253 36.59447522322505 0.2768494448114378
254 25.071457960766047 0.27665459532346953
255 23.374367927837866 0.2764641712988185
256 29.588161859467085 0.2761429517748674
257 37.5644096672074 0.27580039751634444
258 23.940956125489958 0.27547119849896506
259 29.022911956962588 0.27504321301359563
260 27.54648033221354 0.27457980304161744
261 30.29381744058852 0.2741211916254648
262 29.026330700447453 0.2737089217026244
263 36.250636882558375 0.27341770578929653
264 24.03218727700674 0.2731548932742407
265 28.772949645581036 0.27275900693740257
266 39.93693330002991 0.27237442343862484
267 23.801641187750946 0.2720505432031987
268 28.925894134450306 0.27171797382243695
269 21.2705232926784 0.2714782926802184
270 28.70685873860988 0.27128494056345626
271 27.450211664221726 0.27101827884738816
272 37.45057466085344 0.2706915564625175
273 32.05926226253249 0.27038995748763267
274 33.29642129273944 0.2701278427242212
275 45.07054447397667 0.2698310273175133
276 33.0238398184742 0.2694744411053161
277 31.089253923091 0.26910771877599265
278 17.527675724751095 0.2687639154781963
279 42.282292675624376 0.26852348483235555
280 44.41852882508014 0.2683785665001226
281 39.622254501392035 0.2681526961803596
282 22.192532472014086 0.26790802850937445
283 31.311355714386714 0.26768165755442297
284 39.54602180772378 0.2673847181508565
285 35.764794136105834 0.26706145601910636
286 23.958757346636318 0.26665178985729604
287 30.8514485220957 0.2662937337670763
288 28.114332251589442 0.26604285211471945
289 28.009076187187496 0.26575726794085675
290 33.92814078405391 0.26553339307157175
291 31.65426749881727 0.26524085618854987
292 34.972481958774296 0.26501252593456254
293 35.54752969046957 0.26478163030126656
294 30.10876170152412 0.2645939833572787
295 20.452695401959744 0.2644697619086317
296 33.68698926609858 0.26433421729199114
297 32.15081453607652 0.26421741770908413
298 33.54411256166418 0.26405181946059525
299 34.699532168573754 0.2638711379297051
300 43.0102592397957 0.2637258006561338
301 41.76542374281807 0.2634485476167292
302 28.38701054420451 0.2631412608340575
303 33.4110860749648 0.26277225151669353
304 30.64008290073179 0.26242421580226666
305 27.765594938403765 0.262103208689356
306 32.88107943517182 0.26171657700727413
307 37.546159993056435 0.26140449040549085
308 36.32219752925812 0.261201094659963
309 47.04784320446842 0.2610233426545904
310 25.440985149936072 0.26088437344985227
311 39.04308844343798 0.2606988261946138
312 25.573307036068158 0.26049381666182275
313 30.826629750875114 0.26027388229165527
314 41.02379464060589 0.2601814152743934
315 43.914857161490815 0.2601680217363707
316 33.8354363198494 0.2601256240996602
317 32.54394425131094 0.26013523517092163
318 36.3909499260948 0.26028359327658823
319 23.269076741124856 0.2603692652165668
320 21.421162554251218 0.26033444952688184
321 38.88444924396991 0.2602147212428655
322 25.603354820675268 0.2600314126372479
323 40.453089686258394 0.2598983055386166
324 22.5635241083289 0.2597497179187737
325 22.521918044540406 0.25947506380897445
326 28.24434161627614 0.25912641298325306
327 23.400847571228056 0.2587808500428356
328 30.790153968180668 0.2585228156295135
329 30.98748026193566 0.25828269011437255
330 28.252818484558443 0.2580944603753307
331 23.683923071688334 0.2579740333087234
332 19.22754367485563 0.25781215545674757
333 26.43406344522839 0.25763402217783804
334 22.59340832990777 0.2574981203365731
335 26.22267926655026 0.2573925040081505
336 18.523504908547608 0.2573433912539359
337 26.689093332663383 0.25723312789607844
338 21.43981362400121 0.25724695451420654
339 23.637248612731263 0.257324763960489
340 20.050892191991284 0.2574029854453422
341 25.106613085438234 0.2573535575693946
342 17.765204362042684 0.25730504144509675
343 31.388632415884672 0.2573570320761693
344 15.101599719879015 0.25727621407878043
345 35.017187239542906 0.2571909055421897
346 27.318981764498126 0.2571727996879382
347 24.300780705667144 0.2570933134169249
348 29.72735447964315 0.2569602896948009
349 25.374251715201023 0.25683378361211157
350 14.597599472136345 0.2566600767789
351 17.091005769635146 0.25658508389086576
352 21.951203837169963 0.25660094733621036
353 23.31092173240323 0.2564387591621796
354 25.652596066698525 0.25629423017932274
355 31.25840613042059 0.2562838451965687
356 34.10775719104936 0.2562783609357091
357 19.148169620933764 0.25619956102406727
358 26.729823670283608 0.25615318843134105
359 22.86925298766915 0.25612382169445125
360 21.69451353200376 0.2560006195600052
361 18.839073784912753 0.2557715586573549
362 16.286955177652764 0.25554658502701655
363 15.517575448605179 0.2552899802414551
364 25.008449653031693 0.2550462736343979
365 21.861398065968867 0.2548977093752856
366 21.816801997199374 0.25463771648738787
367 18.080987646362914 0.2544181457945345
368 16.193962597285836 0.25413261631525075
369 13.350602889997333 0.25394470019673687
370 23.036103754868684 0.25368713887940586
371 13.507449683279212 0.25341560878148156
372 9.896266955289798 0.25319756520647785
373 18.847390147742416 0.25302321019795687
374 18.04942706032297 0.2528610944472037
375 24.959344105315342 0.2527326434077298
376 22.595614531276937 0.2525918332895087
377 30.904109709608353 0.25241279386358273
378 25.236368696083296 0.2522781696212206
379 22.78035774667714 0.2522024753578876
380 29.877484114467308 0.25216393253256475
381 22.793008133935636 0.2521750232620813
382 25.29068687355725 0.2520987829597705
383 16.5274115595518 0.252046142450156
384 16.60581503883021 0.25196077010680457
385 19.750053588556824 0.251875186830271
386 15.760991778848677 0.2518356409762741
387 12.83476052402646 0.2518233429313804
388 29.726537783547577 0.25174807094381124
389 24.831835936323255 0.25179634314380406
390 24.05287992831477 0.25183930103473784
391 37.414102761071234 0.2518652131244198
392 16.944327525582874 0.251918399229763
393 30.350483952156296 0.2519262490892927
394 31.82898540623698 0.2519063591222845
395 31.358760193163217 0.2520018286984813
396 24.907587538453743 0.2520032932625311
397 46.67375399258193 0.2519894050142467
398 29.06400219775881 0.25198148465669457
399 24.884837263615772 0.25196372727722494
400 27.008193834876153 0.25194176222676057
401 23.94554318920921 0.25189944150912663
402 20.010693845765232 0.2517047438217043
403 26.07427877165463 0.25161872919607664
404 18.401091783358503 0.25156471921052304
405 23.521769164759554 0.2515520884881418
406 18.576232974208303 0.2516541097461634
407 19.244409520090954 0.2516458652961247
408 24.688203180602898 0.2516785860449684
409 29.934996547178375 0.25170024863632545
410 22.17308897196246 0.2517911077675234
411 24.863163418543945 0.25178947614717645
412 32.11581606509038 0.2517494568808829
413 30.910263304182568 0.2516799427609696
414 34.995017121698744 0.2515406010671325
415 29.120239492428375 0.2512012787070067
416 21.853158478761827 0.25098903791751864
417 28.428336726056223 0.2508105928270113
418 20.04761310512397 0.2506492055073237
419 32.21925659491813 0.25045470668247594
420 28.247464660523896 0.25026467104530287
421 19.294876106676604 0.2501001224075524
422 30.99310949716883 0.24994742846640872
423 24.339624357217062 0.2496281903804215
424 23.29986989651422 0.24922639692142132
425 30.69149747338523 0.24889731660356532
426 29.14284523100273 0.24864019269016524
427 31.672454030227485 0.2484182523430722
428 23.594406869814733 0.24828498790782536
429 28.985635230267086 0.24817728041178921
430 20.17226328764344 0.24791644774237823
431 26.814149640123734 0.24774704847951687
432 24.450615094464364 0.24764012946267122
433 28.1916283493824 0.24741526675301106
434 26.80417411842525 0.24723006084520918
435 21.964325204373527 0.2470839647157177
436 22.117544880055746 0.24699738664323934
437 23.021746133046822 0.24684765087909755
438 25.992176417472567 0.24675215432345604
439 39.31415438656751 0.24669681838498175
440 20.243924796117774 0.24658397502136797
441 23.844355982559563 0.2465775777043252
442 24.344947520015708 0.246598727126986
443 31.050841792510095 0.24650685198452713
444 23.30357380104947 0.24647583593739258
445 15.432266662867837 0.246494199720199
446 18.133791441004604 0.2464743977981221
447 21.83377421525864 0.24651990743180333
448 35.73832903281548 0.24659648136408324
449 20.17515660967024 0.24667463450042806
450 19.029161641210486 0.24682249288911406
451 34.5385594018014 0.24692615286730976
452 16.03087630384813 0.24706964108280807
453 16.813813669111163 0.24722500829785088
454 23.554678252748644 0.24729423286630203
455 20.226589458836855 0.24730925466651243
456 23.731399271441386 0.24728837134065554
457 24.583896196728098 0.24721597523489616
458 23.79839288295984 0.2470837735890193
459 30.246317220906317 0.24701555272209336
460 19.50047210876199 0.24698557708001195
461 14.40691476618288 0.24683683883824895
462 25.152827060403915 0.2467840251541299
463 22.014825151103295 0.24681492232220956
464 30.079910146471647 0.24677079490853807
465 21.407659007438454 0.24667845184421547
466 19.424081557294194 0.2465629460331168
467 28.762590277492876 0.24646023753453905
468 21.216740475240137 0.2463516365955027
469 27.559693792003223 0.24611991142819584
470 16.206958857923006 0.24598870770039433
471 27.087869504285543 0.2458214462707215
472 24.022224991869056 0.24570320764420503
473 33.55457117850686 0.24573729281681939
474 31.34580261483187 0.2457299171314141
475 29.085202229035993 0.2457012719686614
476 32.15677456733957 0.24568979214353817
477 32.57465896006511 0.24579017048272156
478 34.11752053243603 0.24586841618737967
479 33.38233138940522 0.24584437122788494
480 34.735332352980464 0.24575639395835858
481 32.45440509018479 0.2458080305679406
482 31.981062837136125 0.24596640436924627
483 36.03839769176307 0.2461098681073895
484 32.86198187498047 0.24631981305079764
485 37.08345209934049 0.24646384282818035
486 33.02000948661026 0.246599355038114
487 45.18137022392477 0.24656536150748837
488 30.754643976732346 0.24645947038499832
489 24.62453199398427 0.24631015293596287
490 33.225990852719434 0.24617763850755453
491 23.711279855088645 0.24614112170685265
492 30.72080538674362 0.24613944522239672
493 21.289828549470567 0.24622441802265496
494 34.82026102272246 0.24631562237225035
495 33.05436990900216 0.24630196675645313
496 32.48165640781203 0.24634281772366268
497 31.908818933239928 0.2462901835425591
498 29.875308952645717 0.24627601797094614
499 34.030642068395785 0.24636022254535767
