0 127.1236197287281 0.30032814781710954
1 129.97502348628893 0.3011743624849941
2 131.55213085515157 0.3013568892276925
3 137.6387067275973 0.30163864356658865
4 149.96910889223324 0.30179111731057695
5 166.39282824194174 0.30203825813646307
6 132.8655279244845 0.30246912798690606
7 131.4564115286364 0.3027533224628362
8 138.12843038704082 0.3030928721079817
9 135.7304215295303 0.30338472186173004
10 165.05075482304647 0.3034854661831798
11 149.59102067252763 0.3034486207121363
12 137.88013459879804 0.3034679539113598
13 136.74234729807807 0.30339490965797977
14 122.12034669177234 0.3032449694097529
15 131.83438831795047 0.30314463509355194
16 125.7396998091402 0.30302602971682685
17 113.9482047159895 0.3028836314893839
18 119.29206753164928 0.3027818222203043
19 132.36923059799415 0.3027039506272042
20 116.45516675515736 0.30257662955265036
21 139.52230705271995 0.3024035086384029
22 125.23184812359833 0.3022417039309271
23 130.68920966652803 0.30212977659739604
24 104.31346730179362 0.3020436096482589
25 108.46744341111336 0.3019877409910861
26 126.81641081539466 0.30188963793354545
27 134.48095228486227 0.30188010129816195
28 121.94745193096145 0.3019223478397476
29 124.03911326642523 0.3020468529284861
30 119.87144840325142 0.3021256507620064
31 113.79872660237305 0.30222471396114753
32 103.54474367692222 0.30221283953437333
33 94.52864890731266 0.30222901321018464
34 124.53776851922439 0.3021309347413737
35 108.8043228044261 0.3020080516175494
36 105.27961174281317 0.30189347853770454
37 87.9119790863027 0.30184982176483005
38 100.60775769837286 0.30168996524142444
39 94.88243790680329 0.3014906854455898
40 100.23296020198109 0.30129694134363755
41 113.81959036403477 0.30111912623169385
42 74.1896669523745 0.3009661690389776
43 106.9974452468359 0.300793983065928
44 93.31840017246887 0.30071103114866654
45 98.88328141647051 0.3006098972909827
46 88.29823179895489 0.3005223941708929
47 96.27962208104056 0.3003918365442998
48 111.51970766058744 0.30035554494201167
49 87.14635336405513 0.3003241386378987
50 94.21663343981368 0.30033210260640364
51 115.44022208951603 0.30034672444229094
52 90.52259513277596 0.3003163520478433
53 101.84013587392195 0.30023781905301977
54 98.29775023254709 0.30028575718389894
55 101.38942053826867 0.3004203787336852
56 93.43363897005588 0.3004958665932399
57 97.72086450810437 0.3005068298189408
58 92.84016755408437 0.3004410762093187
59 105.27334357457346 0.3003320734142498
60 93.56120687080593 0.3001316138525872
61 92.5698378010867 0.2998066654164852
62 98.97811308222599 0.2995155146737224
63 79.45297212065029 0.29918130383279395
64 93.93815451823238 0.2988377227554413
65 74.20431588314582 0.2985301800853986
66 92.48970951136303 0.29833185437164517
67 106.72848974225124 0.29815109311516186
68 93.29557591098379 0.2978668658756462
69 73.11619922999176 0.297669144202171
70 68.69763374607291 0.29750365609610513
71 94.32516334486186 0.2973368709230588
72 83.93644779934476 0.29715317622318443
73 67.16079403588901 0.2968541359389211
74 86.62024829225797 0.2966391384909621
75 68.67423747092413 0.2963904265999808
76 81.6998835281774 0.2960955995626993
77 82.51368939321586 0.2958113112569597
78 86.81180995800204 0.2954932245946967
79 89.28087587969105 0.2952026111058837
80 67.08489007370122 0.29491800681758157
81 89.1740778654405 0.29459035575436343
82 91.28107123284548 0.2942591360045789
83 87.35370090806404 0.2939390866700015
84 68.15198980174011 0.2936034835384542
85 73.77808056119895 0.2933408258284315
86 73.04092226646698 0.29301897998367926
87 72.38382353743228 0.2927000265473177
88 64.3128320677325 0.29236308670463734
89 68.19012144525493 0.29195862024084107
90 67.40971465819993 0.2914875830993686
91 87.92954093670565 0.29103104974019217
92 77.39451263118693 0.29060653280808757
93 70.06988781050474 0.29018394831817323
94 67.59038855471294 0.2898177881924426
95 71.31853017485007 0.2894348325362825
96 76.54764511583267 0.28910240239255797
97 76.37685370750734 0.2888036344322777
98 80.74042033830068 0.2885429824915264
99 74.06218073699478 0.2883309330571295
100 76.11727556990739 0.2881825299282882
101 74.16576615691389 0.28800948476870764
102 61.64858645012432 0.2878221739332962
103 64.90695854555705 0.2876145399628922
104 76.37499315745521 0.2873713305777002
105 68.83092217525493 0.2871624109410091
106 64.41775748634586 0.28695827632417853
107 70.41154644413297 0.28678897896563343
108 62.77704926825421 0.28666628278607403
109 77.83828005227367 0.2865657702270932
110 59.31844266807851 0.2865107950365789
111 61.731168944597854 0.2864196792236908
112 64.58424280868562 0.28627725366138485
113 74.43339463234972 0.28616318898680176
114 78.80787455806758 0.2860868718301703
115 63.37950528579703 0.2859602737691612
116 63.564129582319865 0.2858361622039636
117 62.24290595104411 0.28568030187271537
118 51.496976592967194 0.28556728149648475
119 59.574756753428645 0.28555274592922153
120 63.297691955354736 0.28551218265066675
121 73.40253995842718 0.2854636981405298
122 68.67155208986404 0.2854121687489098
123 73.85083362329952 0.2853968253648936
124 72.16430744958696 0.28534875847258784
125 68.65807746831486 0.28525760263232214
126 59.65717966464936 0.28511526850973384
127 59.2131551956264 0.284944576171545
128 70.03326947810424 0.2848480806306828
129 67.6552828999576 0.28473376179541293
130 78.50956448802567 0.28473773878498726
131 72.72788462227527 0.2847878933707571
132 73.72234493264637 0.28483295294783656
133 68.03170080653571 0.2848537031840231
134 64.47897453347461 0.285002279063116
135 70.53647055612079 0.2851393336270949
136 59.387909726651976 0.2852280194804981
137 53.18285417098478 0.28528516638620977
138 65.25397525724445 0.2853983207315936
139 61.96883664119494 0.2856353433689624
140 58.59108906923079 0.28595005393483697
141 57.33113532706305 0.28634948101373753
142 52.01775711142964 0.2865972373849386
143 67.29639383004167 0.2868741575976924
144 62.15702981496465 0.287126138053779
145 65.21301288371933 0.2873399153542698
146 68.44827779698846 0.28746522727493007
147 59.03466536192235 0.2876009904083581
148 59.46811370266445 0.2877027482892973
149 61.42203532526819 0.2877473308243789
150 62.79718714364371 0.2878583106807177
151 46.93185590221481 0.28798233096918174
152 50.14711854040897 0.28806558284989753
153 53.627696600460865 0.28816718091298316
154 58.2531226232301 0.28826199877918146
155 71.44329769433168 0.28839768569203145
156 57.07025430379997 0.2884597604476702
157 61.385896932275415 0.2885774387616896
158 51.65776418182124 0.2886447056527081
159 53.30337278863312 0.28855167740684035
160 71.2215363582354 0.2884600706672098
161 72.77472200860825 0.28837280976161145
162 69.34127850534912 0.2883204991136354
163 65.93876693088191 0.2882507829020415
164 70.09784698425872 0.28822061057238124
165 71.36621508511293 0.288177882516107
166 76.91127638126608 0.2881350114941022
167 69.16886612914425 0.2881140703347415
168 59.49798218656337 0.2881326007081749
169 64.06869806621081 0.28816269228186936
170 76.13351584024923 0.28818966680744545
171 84.26347258193155 0.2882179763078444
172 71.25084596467165 0.2883493432737387
173 70.43673926056147 0.28835140400434295
174 66.78081056386728 0.28834977808934975
175 68.46374704864374 0.2883000282705068
176 67.77560386371552 0.2882440084474058
177 74.94994021163296 0.28821633957605236
178 93.08020253918579 0.2881890516572299
179 89.84809650980236 0.28817478904227306
180 73.37044431213636 0.28818673058785554
181 73.87901365723818 0.28825783084053686
182 77.4107894079567 0.2883341264888908
183 76.04002298798665 0.2883645384841301
184 74.30353885624503 0.2884413498140405
185 71.20653856159231 0.2885292589393007
186 63.72179227816902 0.2886547630048953
187 66.15095709282201 0.2888727043559492
188 68.45726126996428 0.289085433175528
189 69.61058999061213 0.2892554208041344
190 75.29158220694227 0.289399483803261
191 74.78106160549359 0.2895237888916577
192 76.09932855893926 0.2897031569987771
193 59.45267407834581 0.28985276586127023
194 70.91693570532468 0.2900408721030567
195 52.18680730291973 0.29021695623551486
196 75.69627682215003 0.29035480280566855
197 58.530451377911476 0.2905039322084592
198 86.15335145714019 0.29059369284769754
199 58.104669571243065 0.2906734894004534
200 58.32272091162395 0.2907476593375841
201 50.272610404126866 0.2908716615894324
202 56.07279967785092 0.29098867745997953
203 61.66313834648162 0.2910788943069486
204 66.92694897398391 0.29116228850552067
205 45.658187526382775 0.291261252795426
206 65.99197220410758 0.2913116290015266
207 67.6976525895117 0.29138698458207685
208 54.16505597391189 0.29150771734898956
209 59.211261413498704 0.29157077763384387
210 56.52228262551799 0.29169266460949145
211 70.13103272952984 0.29182082022257466
212 60.61573944434747 0.29183115368561297
213 59.42919181752288 0.2918169724866503
214 66.1836621876737 0.29173210659773907
215 71.31987712276282 0.29165522891676715
216 59.96112909710297 0.29164773534394
217 64.4407445674772 0.2916781289895157
218 80.70313080171465 0.2917110015639632
219 74.05540557628385 0.29168170621669937
220 69.77990109487865 0.2916157774544971
221 56.07556484359116 0.2914230434099854
222 60.180813059026505 0.29126666666687273
223 74.53617893955891 0.29101181960655964
224 58.59902010589391 0.29083533237557685
225 66.33689621163299 0.2907428973698571
226 62.88532088266321 0.2906327270881535
227 51.747160841103025 0.2906344220640946
228 61.294841035338436 0.29055948314079383
229 56.15644983240311 0.2904008103418017
230 63.334987532925794 0.2901279583567138
231 60.2318041817377 0.28985556025952075
232 57.2017142723952 0.28965053973910165
233 70.46944241006116 0.2895692831147079
234 77.34086432146833 0.28944654095851535
235 60.50464636224124 0.28932775127644644
236 64.28996973510544 0.2891551726133832
237 78.23861189773189 0.2888801922447541
238 61.407296279210854 0.28858636415815003
239 78.7266089901712 0.28841222316656656
240 63.34666088483782 0.28818921546533605
241 62.54234021018142 0.28800912673220896
242 57.83153605227217 0.28788614824281594
243 50.2749095377365 0.28776385019001516
244 63.06040588606112 0.28763739995393744
245 49.8832580057463 0.28758403727131765
246 67.70781670429349 0.2876526157267203
247 60.29019050992153 0.28766449895126994
248 51.16337556403141 0.2877204521111554
249 67.07182767591289 0.28769371858517573
250 70.50685176408219 0.2877083802080878
251 54.746293431063854 0.2878947128099762
252 54.91713291232616 0.2880581543599981
253 42.552811458036835 0.28825589098219223
254 47.45417220477982 0.2883884040413166
255 69.70770995744627 0.2884805012087923
256 67.7075521361601 0.2886237823816406
257 59.079367854656965 0.28873866507738294
258 48.44520633933661 0.28885584425205935
259 48.833872883977634 0.28899344440147395
260 68.60883302223223 0.28915042443060646
261 53.68900678795424 0.2892805117372899
262 66.49867754728209 0.28930174441713596
263 67.12765237359889 0.28929721837450734
264 68.55567162718519 0.28947059784937135
265 68.40699379113124 0.2896270386575444
266 76.67740819205446 0.28974702321794826
267 73.76035005290797 0.2897532492678309
268 65.41034508860265 0.28974399151629165
269 81.8728424441447 0.28977055063458973
270 67.15178236881545 0.2897102372340106
271 62.713655237354644 0.28973107239816315
272 60.30547016761232 0.28979586596034346
273 79.57031704792144 0.2897842509112056
274 63.023256016280406 0.2899176897636351
275 51.67536755364283 0.289967508341548
276 72.27756740372416 0.29000073717544017
277 67.48996115259509 0.29015168901166727
278 69.04195714411426 0.29024664329376654
279 57.07550735708043 0.290361527431176
280 71.25630038742861 0.2905434819994553
281 50.92134362964973 0.29076694466405933
282 64.91827664066403 0.29095846144712495
283 55.79067839623792 0.29116260525455756
284 61.82093834592404 0.29137261502653766
285 56.506051834092126 0.29146818765135196
286 53.785199487735646 0.2915809996902233
287 62.33649726417403 0.29163773380208835
288 53.779652926411124 0.2916989351712907
289 54.79564669526446 0.29167108854388285
290 57.14349615482983 0.2915355281055999
291 59.1974007816719 0.29141320288296607
292 65.76635148168958 0.2912584985822115
293 59.01429185792465 0.29113587166176663
294 58.35952989482738 0.2908977400399584
295 61.03095968248177 0.29054741453280936
296 55.3152559698357 0.29027291505400327
297 55.01329334606337 0.2900797598544219
298 68.75388737658058 0.2899023227101479
299 59.07770480993278 0.2896922350302194
300 60.37700859197331 0.28948259128160186
301 61.95559861131325 0.2892732632375223
302 67.26923149775897 0.28901728418358036
303 67.67126016550249 0.2887636111126325
304 55.852702422412904 0.28842844007280904
305 47.666705154498906 0.2881059031744098
306 57.872202007361054 0.28776817520899817
307 55.90573344739997 0.2874699507833894
308 45.972112891287864 0.28718410671101763
309 59.09413402183243 0.2869282441314347
310 38.89328444104336 0.2867338201080066
311 58.764638266826886 0.2865044536075731
312 56.18430689418057 0.2864388593177996
313 61.648698204884056 0.28633406911241427
314 50.57475570238101 0.2862289226344031
315 52.12789708780197 0.2861697444497863
316 57.76402927324274 0.28623599740658306
317 57.51796049025223 0.28634906042131153
318 59.400740771879256 0.2864270297825871
319 50.594640086677636 0.28651879127291524
320 72.581265838008 0.2865107989809806
321 65.60661427746717 0.28642484264262585
322 60.93109613100677 0.28632535330411374
323 56.05897672633514 0.28616095804705205
324 54.3338893469217 0.2861319902079133
325 81.69679861389102 0.28613875353030277
326 57.79138890081944 0.286094346104155
327 77.5723199546753 0.2860986163865899
328 55.86857180052166 0.28616455423739523
329 55.849140542314544 0.2861508080001293
330 50.88467531595742 0.2861191541780293
331 58.11280506280728 0.28609444886052776
332 56.501827284547836 0.2861231163078553
333 57.41259631823614 0.2861010581025199
334 59.23570187861009 0.286145781242456
335 55.21700919594035 0.2861802004761709
336 67.18299861624988 0.28618248669157437
337 73.42037891676682 0.28593898230158626
338 62.617761161376166 0.2856396280407861
339 55.38721411320973 0.285459649750536
340 59.375345746318246 0.2853378406876892
341 61.978915823345616 0.2851546960769231
342 62.77716510270687 0.2849340786071303
343 65.55103777080717 0.28468040352907226
344 62.99895842523037 0.28454718085821346
345 63.35756311287915 0.28442418290181104
346 56.37349293514775 0.2843427948501374
347 54.01624370265749 0.2842647431793201
348 53.87931034549762 0.28411384020369895
349 59.746743354127204 0.284026261714893
350 64.4751089202227 0.28394219951569205
351 64.57530115943771 0.28384730887480947
352 69.67733631817345 0.28379904236964437
353 73.48525378486244 0.2837133943761558
354 69.03516755855946 0.28359592421494517
355 54.7382797413705 0.28346788501683634
356 77.00078173904467 0.2833875345502826
357 60.999119565819555 0.2833708195833307
358 61.868346739238966 0.28333473883445187
359 50.885039310349484 0.2832832808605071
360 57.07857001262835 0.28330715427239545
361 54.61205761511501 0.2833468462877606
362 52.201908839184966 0.28345335047099857
363 48.38545985273029 0.283584523516047
364 53.73369033871891 0.2836301632235081
365 66.71769465556963 0.28362082392670346
366 60.39132697693081 0.2835390473293264
367 53.45757253526942 0.2834625752310879
368 62.526313277352315 0.283331905573106
369 73.45777142330762 0.2832863814939541
370 63.83970421884934 0.2832681689146992
371 67.65784652812549 0.2832145935262638
372 52.57266970882821 0.2831580865512427
373 52.30225819524581 0.2831401440273202
374 55.54369976251429 0.28312180038099627
375 56.201553466917474 0.2831537358793801
376 62.047054645366956 0.28321978641712975
377 64.69312564109599 0.2831848978215734
378 46.39884108376126 0.2832167480595152
379 50.42300864878869 0.28328162443868293
380 55.568901338693465 0.28324633847286296
381 51.88239065915595 0.2832020099823173
382 54.56562627947676 0.28310069129687315
383 53.67995934165405 0.2829555440528979
384 54.27395058658976 0.28286306409597267
385 48.136139057804925 0.2827968554953085
386 61.49688142482041 0.28275569555978725
387 59.50207713224685 0.2826780800352265
388 54.911067396146095 0.2826380747540837
389 44.74741319263336 0.2827297559627354
390 53.14401671169153 0.2828616013146413
391 52.93488930350259 0.2828516120582474
392 47.80768611036089 0.28288902587242876
393 41.20691800802067 0.2829839462384837
394 46.32224026164765 0.28301136739882654
395 51.207957486326215 0.28302627243690687
396 50.55154041507739 0.2831039827767625
397 42.871062978094294 0.2832134981853323
398 44.62788660933948 0.2834274875660831
399 40.78257126581697 0.28366925829038636
400 49.43181746988618 0.2838789271201852
401 45.59849306635405 0.28399560293169324
402 43.605650616862754 0.2841304199430312
403 51.906486384088666 0.2842853454939777
404 48.649541335626694 0.2844651615997193
405 48.42200571524086 0.2846411131937599
406 48.5205182845607 0.28473043599825537
407 44.89082721115315 0.28461598498967067
408 55.55894020594452 0.28463677579512997
409 48.5904043312032 0.2846968509128634
410 38.661119864537355 0.2847954988079475
411 46.789665009041336 0.28478186722847104
412 47.92542687833269 0.2846994874093196
413 45.73889942138479 0.28442096808006917
414 57.374316173661185 0.28429198793192084
415 53.336587026279574 0.28397373833609246
416 53.35716700531064 0.28375008716192046
417 38.46115075829941 0.28366925034344576
418 44.659513094223854 0.28360727233220406
419 53.583713005278085 0.2834483316794129
420 63.73204261787144 0.2833230222031916
421 67.00142573017723 0.28311408227379725
422 52.77420450562945 0.2829120905587211
423 68.31316014823433 0.282623894252032
424 53.36038491758727 0.2824652781246815
425 53.103586661473585 0.28231717636854414
426 46.68880704562601 0.2820566096102874
427 49.65372906246875 0.2819045411613738
428 50.07016577246318 0.281718612480834
429 59.5957941107704 0.28155792540383073
430 50.53633456807974 0.28142912520552527
431 59.61940951963852 0.28142074614370816
432 64.56777770471655 0.28140987730658834
433 60.450958521019764 0.2813800221686167
434 50.41120052324089 0.2814178438476143
435 51.85838482653112 0.28142774327266606
436 61.24908638937112 0.28144534192602627
437 46.348658899307544 0.28148368357085096
438 49.88329660070889 0.28149670249414344
439 52.45888054717829 0.28149137100309546
440 69.85355157295888 0.28158926000542966
441 55.173829122536986 0.2817234441599421
442 54.79972871601454 0.2818828417446897
443 59.2224847948379 0.28196687793231434
444 49.66884431586152 0.2820265246848856
445 41.25854562636075 0.28219915158910985
446 64.40541205245844 0.282392550467098
447 54.563227154628436 0.2825425078666845
448 61.34913954030122 0.28265010373871086
449 50.05059197241894 0.2827225284853862
450 58.8073792943253 0.28273042102589246
451 63.26034351770575 0.2827586816108614
452 55.78871118494338 0.28284523425059727
453 59.61695750791128 0.2828567267406052
454 55.81551948983253 0.28282395648349995
455 75.09506833160728 0.2828284576963805
456 56.97339238821324 0.282767563849375
457 65.73610177354739 0.2825926270389269
458 57.50818984432692 0.28247224645885044
459 52.000121117312474 0.282372220280999
460 48.637412456339014 0.28216769342596465
461 57.89163060310496 0.28199332153611206
462 53.806550890904 0.28190190839921403
463 51.18097577048217 0.28175655158753266
464 48.188054513643436 0.2816221036110212
465 60.71171834941991 0.28152533875314606
466 52.00699608288946 0.281392071540874
467 53.538877271245454 0.28133661567708107
468 55.22031770674775 0.2813113030633387
469 61.20851232335105 0.2813012915898245
470 64.7842724555731 0.2813181424986119
471 49.68411191776403 0.2814097698540829
472 43.99807431387931 0.28152701699799715
473 68.20539138073102 0.2815978948035418
474 66.80023416653373 0.2816258146652234
475 53.300836917216046 0.2817048229253273
476 47.65935881674383 0.2817352828294491
477 60.54268173204984 0.2818184861591311
478 63.58329238478915 0.2819097275319531
479 63.61052196736054 0.28211291532875876
480 52.16522827709524 0.2822403464350746
481 59.0387349514786 0.28229655268791026
482 53.27965177177924 0.2823300375851144
483 55.65655031657525 0.2823654696586078
484 42.156380401414715 0.28237119894837914
485 64.33924248431934 0.2824068772092729
486 56.55302737876005 0.2825058671374246
487 52.152641531120125 0.2825858296471806
488 55.96446230248203 0.2826376686456094
489 55.114990135639964 0.28273061421624823
490 51.178247156240445 0.28276184992028386
491 57.37031882702131 0.2827909373476004
492 60.033103385993755 0.2829302745225321
493 59.99821037538256 0.28302255967918444
494 71.39437145862382 0.28307731893018
495 54.08880622236903 0.2831744890373411
496 48.87817172484483 0.2831450068859099
497 53.47820559677735 0.28313559642970615
498 56.4158996321475 0.28312389199664345
499 79.12429848682078 0.2831400002703561
