0 140.45941826070197 0.2990389737534266
1 163.8382982383385 0.29835121381748264
2 144.01652723890624 0.2983477934289156
3 171.89666158211816 0.2982435689266904
4 169.87049715737527 0.29839993325437225
5 158.01415783112373 0.2984966182453826
6 169.30629904395295 0.2984227635064504
7 145.81230831895635 0.2982420637852988
8 164.19932728558615 0.29801312662971785
9 174.7395155162997 0.29773736704293174
10 175.42125001104077 0.29738790940741744
11 141.82880437965218 0.29702977644382267
12 160.62125943646242 0.2966583351328853
13 153.8522937362925 0.2963453545534586
14 153.96232949692705 0.2960352734599424
15 149.45304821247316 0.29575671927223257
16 138.13004609181402 0.295562722772886
17 158.29950204657882 0.2952403953925461
18 161.91566635392326 0.2949205189669648
19 141.6594367509686 0.2945650922527209
20 148.45326115524352 0.2940099125367506
21 132.3786879257657 0.29353572336533557
22 134.92119819546548 0.2930735619875915
23 126.89314293314175 0.2925706831405989
24 114.82907926251238 0.29205285157503275
25 132.54662501594743 0.2915679941963267
26 110.46354453930644 0.29112256909054396
27 104.14226382286657 0.2906822430092973
28 115.21262260458397 0.29026251344421466
29 125.5204608198204 0.2898309164717802
30 121.64854846506148 0.28925453349998353
31 106.23689488072037 0.2886414593201474
32 106.72999960047443 0.28822173315391975
33 136.1777027198503 0.2877792814188099
34 131.44282780539135 0.28737209901855676
35 113.11469613211973 0.2870598381310707
36 111.0696942892622 0.28677248871033667
37 114.58879182047627 0.28655955041668546
38 119.45617783025367 0.28629503106524756
39 110.11515820142654 0.28603923393330477
40 109.75821139486564 0.2858547414998204
41 95.91132167089326 0.28563648950120823
42 119.16846709417425 0.28551762249947044
43 102.30996436718104 0.2853256765253923
44 97.36581129158961 0.28508161104175406
45 99.01144827041476 0.28476730154077107
46 123.06551058909767 0.284476686804058
47 100.5947525794378 0.28419766941538016
48 116.87293182605187 0.2839161153112827
49 87.47428221826287 0.28359208759279764
50 100.8427168041305 0.28326601485696384
51 98.88897063114044 0.28295087183290835
52 97.27238138949559 0.2826235417981763
53 85.46588827441552 0.2822379852481856
54 85.21500574389212 0.2816981394649867
55 95.41646939393735 0.2811787154649552
56 111.6708328522202 0.28065813539922924
57 102.96819777523454 0.2801477868537127
58 118.14285849659757 0.2795701334699029
59 74.43452797457451 0.27914597936370944
60 87.06513216215816 0.27872819837147916
61 78.85959192512638 0.2783620893587689
62 84.60514234242747 0.27806592032968463
63 93.20326177642191 0.27778159480396647
64 92.15064706333027 0.2774882991934766
65 90.13624170696778 0.27723283913073693
66 87.24744106968731 0.2769426877204549
67 82.71884613377298 0.27669078169377936
68 79.02284885499489 0.2763757915112827
69 96.37082556483246 0.27612572461768026
70 87.7835721440671 0.27589518860880524
71 68.80251135946145 0.27573582493228743
72 88.89618468604749 0.27546497244486123
73 77.88016537599535 0.2752385605320732
74 86.10508992821588 0.27510798422483806
75 75.1281043170226 0.27502717507331986
76 72.07714560882886 0.27494343585469416
77 74.16501782127628 0.27475334121342326
78 72.33612503986839 0.27448649983038187
79 92.6737424031254 0.27422208197391773
80 82.36236227514573 0.27402280589822586
81 75.61848440842874 0.2738383369455603
82 75.75960729033132 0.27359378799162726
83 75.68134904071437 0.2733142275961895
84 102.48362178347406 0.27309613364163027
85 106.87213073983122 0.2728465820539978
86 96.28319923241945 0.27257099049417477
87 75.99170370460692 0.2723990248374631
88 82.0013238295324 0.27224550099455036
89 82.3733004154326 0.2720183361896593
90 86.00349029067945 0.27185291204302586
91 74.77503595029509 0.271655617046564
92 79.4212039242126 0.2714967573103368
93 80.36217946376432 0.2713960200644515
94 76.41307409323566 0.27127977878338694
95 66.24850860363608 0.2710643874705473
96 84.99876036202073 0.2708526126307921
97 82.75810644463738 0.270660932691802
98 74.71164005876653 0.2704675227697262
99 61.39459837243476 0.2703210035014597
100 87.60002213551213 0.2701604352160575
101 95.79046128163765 0.2700371669880852
102 59.52888319194251 0.2699766620379099
103 74.6821616331357 0.2698693831591723
104 70.23021064466633 0.26978957582424395
105 89.44937376061701 0.26972927317141226
106 82.49782400334705 0.26968654610307047
107 93.53486106527654 0.2697612945302711
108 73.95924710673857 0.2698614274529856
109 62.145933456460384 0.26989936974372214
110 74.18968120793207 0.2699944231945418
111 66.78787097132752 0.27016117358873004
112 68.67543878338637 0.2702445778773496
113 77.46635640930175 0.2702741749279619
114 72.26279490273123 0.2702975024002962
115 77.76282004017158 0.2703451681277871
116 64.61664920471875 0.2703365381233677
117 71.97086454050608 0.27023877141729247
118 74.30227585505571 0.2701664368649267
119 56.240019393843056 0.27005827936129345
120 63.318361977789614 0.26996608258867427
121 46.829101266090106 0.26986449041197696
122 61.16236487219244 0.269752689726746
123 54.18051798842594 0.26964473732822647
124 50.936469036562386 0.2694936154051761
125 73.21238519277335 0.26941192751178145
126 61.768777669217556 0.26930687343740195
127 76.45867040889627 0.26918450846567776
128 68.5641484296346 0.26904279394924024
129 62.77402649630258 0.2688945641472936
130 59.92571194620467 0.2687153038650905
131 73.86375735022868 0.26851066807819346
132 66.7326947973844 0.26832655845299347
133 79.6781176892325 0.26820289866910896
134 65.45458816549885 0.2681080769263593
135 70.51439444672671 0.26796715282117123
136 65.86685020521045 0.26778102457228004
137 74.9532534453452 0.26758054239008816
138 74.90367344147425 0.267384641851505
139 76.59483969986661 0.26709071959917097
140 63.91951052821274 0.26684775815911527
141 57.130716755142444 0.26662311535853644
142 53.23703979416308 0.266392479624792
143 57.10872549882883 0.2662310023164618
144 63.12829035962983 0.26602662449737957
145 57.37151840783835 0.26593318624633244
146 55.505541523657016 0.2658943064255877
147 50.629797742886836 0.26580855552570126
148 54.66271407159476 0.2656831776678576
149 55.89003752587142 0.2655975946938844
150 45.90990314502254 0.26550302832440176
151 55.17857998931103 0.2654539688702894
152 65.61613098891331 0.26530750659471913
153 64.59474913675797 0.26519289773231625
154 68.1514579816548 0.2650892403605485
155 61.81140797297614 0.26497585279676633
156 47.434073598531015 0.2649269303680639
157 46.93280306681905 0.2649033554312561
158 63.90893475816196 0.2649599341942492
159 46.39961976795493 0.26509925930034417
160 42.04845912785281 0.26520308103947643
161 49.67212808962253 0.2653088778859477
162 54.955044433263794 0.26559833168338665
163 43.12004621158455 0.2658687571106681
164 45.66598064171846 0.2660306630326859
165 61.083828264195546 0.26621901507434664
166 43.07246009351276 0.26622772515997206
167 55.68742884031907 0.26615054625624024
168 66.68349400285601 0.26597834358433015
169 62.241011652737924 0.26585846138468927
170 59.82569636249491 0.2657203647643384
171 53.02434435649005 0.26556860400838267
172 63.68873465686394 0.26539027496392575
173 61.013837821502776 0.26534935110531055
174 61.759211318432996 0.2654271280154302
175 47.11546155599788 0.26563985935069256
176 47.5262036572332 0.26556174070126015
177 53.868302460677725 0.2653841333015294
178 54.947623238128386 0.26519176693395496
179 44.63958408205383 0.26503962888636534
180 50.96774945895752 0.2648884497843852
181 58.686286178501476 0.26463515815951877
182 49.04310533123005 0.26439236491973195
183 53.32583970166874 0.26418551072720264
184 60.14065771963496 0.26399050380090927
185 63.11125953826016 0.2638427317291169
186 64.0150698978911 0.2636977714678159
187 65.16405737275554 0.2635322105916824
188 58.353978068448015 0.2635095574205147
189 61.718298657022174 0.2635026759550515
190 61.42393455037947 0.26357497805522245
191 56.606899885186635 0.2636568101798378
192 65.07762758275348 0.2637483914585681
193 66.3043157618705 0.2637645962415543
194 64.9884313951327 0.26385143435489267
195 66.93014803301011 0.26390636720475447
196 59.917275100771214 0.263894035785182
197 64.13552373226358 0.2639456266055459
198 63.039426750621615 0.26395059280528343
199 61.61763567019187 0.26406645394905925
200 63.55824085805129 0.2640691195630168
201 66.60051144342789 0.2640376522252965
202 69.30644480411752 0.2640117579801733
203 56.73252630920592 0.26385116695889416
204 64.67402195540416 0.2636825291262055
205 65.73957370831295 0.2635298193241113
206 69.0539688896535 0.2633421975658206
207 55.08842001919031 0.26309112931336165
208 59.77979320631196 0.2627856769933563
209 70.70062952308112 0.2624185843380014
210 55.68065331108927 0.2621106552704352
211 64.01665556803871 0.2618776154995785
212 60.52599301306188 0.2616991094759216
213 60.55656161061886 0.26154344049653316
214 56.57754147411809 0.26143195807024455
215 57.539564415279926 0.2612962343812577
216 49.85001098659268 0.26106040501383126
217 60.15571937068752 0.2609114173172771
218 48.96462690350148 0.2608166619360561
219 63.288482822722074 0.2606870967755854
220 64.05443009202317 0.2605239029346275
221 56.36485969601085 0.26042298956929866
222 56.28147347769824 0.26043291739397445
223 55.25509636014728 0.2603746517832618
224 53.79457119189159 0.2603462928719396
225 62.6130839334125 0.26039969443320565
226 59.88331501404812 0.26048822149313655
227 54.997416013624004 0.26051082968843675
228 52.242828132600856 0.2606065217842807
229 62.7714179890298 0.26054909649043817
230 59.62959729012982 0.2605452570738959
231 48.66813433417054 0.2604521784099624
232 55.14365271949701 0.2603119788932245
233 58.532436464897586 0.2602062640756304
234 55.820924438893584 0.2600039995014559
235 52.76743036775798 0.2598860868109392
236 61.321196264043465 0.2597508617285056
237 66.36367303418662 0.2596447613000188
238 59.82061289227542 0.25950852973805877
239 52.914402776619674 0.2593816350097894
240 59.952889615352916 0.25927341719652375
241 62.96388537433495 0.2590447535843897
242 61.623800132503064 0.2589054704448492
243 50.970248104994724 0.2588507158604332
244 57.45747332481919 0.2587416396548818
245 54.75309168000704 0.25874620434036916
246 51.534046451775865 0.2587807095316028
247 55.34756846189305 0.25889259974280104
248 43.79696453271464 0.2589043573780484
249 49.436160744297574 0.2588510104108191
250 63.73302604526102 0.25877318218541034
251 53.93012554665453 0.2586812207286128
252 50.46140080254854 0.25856617821379324
253 52.91922648692717 0.25838124563516285
254 63.64878215571145 0.25826231053418514
255 40.520883559371775 0.2582816249911482
256 50.223578018152395 0.25823193103124026
257 57.0107158800642 0.25824553499740494
258 55.7266523370557 0.2582669423642354
259 47.65632328851407 0.25828362794211146
260 49.065947337409156 0.25829219131339554
261 60.701875724377956 0.2582486374465709
262 60.51735251591158 0.258154127696655
263 63.19502873376774 0.25804330697431416
264 53.59488031174567 0.2579193435024697
265 82.16370867190525 0.257818179157575
266 61.93917503007526 0.257742561327717
267 51.015034982891564 0.2577154375884321
268 53.46339837280607 0.2577289949272347
269 61.74660977367482 0.25778177677670355
270 48.80338902934361 0.2578526582827692
271 56.52982589048736 0.25786138045800394
272 58.810883697217164 0.25782888806632254
273 58.888405595932454 0.25774557009884214
274 43.96591064330775 0.2575920199325359
275 58.34651922707218 0.257504612224735
276 56.18454063867257 0.25738265207396616
277 56.809632026905234 0.2571144479306337
278 51.434473113015216 0.2569105566053159
279 51.75724812774382 0.25658212054622864
280 53.586785804418135 0.25626512080484776
281 40.39533083740631 0.2559887978384098
282 50.026818405676245 0.25578133209092874
283 50.882716235602494 0.255607862023855
284 60.53749767027398 0.25538951158287626
285 44.29720042166091 0.25523328853059424
286 46.83898796601224 0.2551247302266628
287 51.84882452207334 0.2549997462763151
288 42.16666060445928 0.25498127686159333
289 44.90403891692709 0.25504103408473255
290 48.90264019427994 0.2551248129737781
291 55.161574387922705 0.255032986335276
292 58.67932401421599 0.2548790466171271
293 62.9657813118132 0.25466671968513244
294 44.944291506846156 0.2544897918620512
295 55.71466198802955 0.2543251516084818
296 53.79374726301752 0.2541049502933184
297 51.26869667480825 0.25387417933782325
298 58.85298480672225 0.25352611574318806
299 56.05120794405299 0.253313748996748
300 50.19703680239069 0.2530626414501434
301 52.17787657760899 0.25284854251855765
302 53.58033662086923 0.2526421035953129
303 50.72278441140681 0.2524892356867464
304 41.09352751502289 0.252395955419109
305 57.421052071448784 0.25237547737663113
306 53.40176560985253 0.2522944000740207
307 46.936783637542604 0.2521360904175829
308 51.71643925761245 0.25194905208228713
309 37.8974990380507 0.2518225373581907
310 44.406868754796946 0.25178142367221146
311 50.507107653175765 0.25184409374918476
312 35.7697906680681 0.25192444554876076
313 40.8069228757074 0.2519966048163226
314 49.91265716693714 0.25211183708279017
315 37.632449965920884 0.25220639200697503
316 51.736031022583184 0.25227027038774485
317 51.2871634147249 0.25225974861483735
318 48.9680766201574 0.25226218065819545
319 55.38999226072116 0.2523234494421428
320 58.40372225028582 0.25240125997163165
321 35.848813853744645 0.25244534682684316
322 48.568967149462054 0.2525262832524636
323 40.08223353021888 0.25254360972836754
324 43.9939613250088 0.25268680635935986
325 42.18474961058104 0.25285490636326724
326 34.310365625761705 0.25299183204501163
327 34.21853451958794 0.25312926960237253
328 39.65409956917144 0.25325773273818714
329 46.2693948356101 0.25340255613650164
330 45.27904044303481 0.25353053023568883
331 32.3596185192962 0.2537035837815699
332 34.85803384103196 0.25387172977887407
333 34.03514728563759 0.2540020033431688
334 44.987536006587945 0.25399388794255723
335 37.51071878247667 0.2539238048641184
336 36.69054916925329 0.25397223502520483
337 33.5414454293153 0.25404974693028237
338 50.72753333936293 0.2541913254832171
339 42.3243724848455 0.2543408958843762
340 49.86273638790909 0.2544638791404681
341 42.09326587734033 0.2545051121306581
342 35.81895697116366 0.2545757753608463
343 41.40646516603448 0.2545826874586946
344 33.33597656421884 0.25461214081596817
345 51.64658068476267 0.254708845891001
346 52.06379791002564 0.25480812359097815
347 47.165938984632106 0.2549315843683272
348 42.819618879861984 0.25502040040942364
349 48.19262096994916 0.25511376457533175
350 56.48929638111581 0.25519081155465656
351 43.93083508437941 0.2554220160845384
352 55.41098800150061 0.25566086480101813
353 51.75206217227577 0.2556583393729297
354 41.31903204904942 0.2556610997761471
355 43.98659723708881 0.2556855552918822
356 46.079756918330936 0.25582890807579955
357 48.935905933973565 0.2559472538232601
358 47.63422796466884 0.2560976546562617
359 47.714679074220534 0.2562608635626368
360 43.70383243528829 0.25651758536184915
361 53.29791468934626 0.256685323465344
362 40.48985527134022 0.25687191858092806
363 45.35398506105966 0.2571020405191361
364 38.78976883332966 0.2573341584766612
365 39.12264814511526 0.2575304298652954
366 50.13347882165937 0.25765560772598706
367 38.19268835508357 0.25776678551478394
368 46.84868720408513 0.25792086648072465
369 39.22023796415658 0.257966147597422
370 45.043711346396286 0.2578863279252471
371 39.67924527022791 0.25776661475876306
372 40.536621217124015 0.25751188894826743
373 51.70378190443088 0.25724142063268685
374 52.26125064862682 0.25700235214094735
375 41.94861159837394 0.2568361400750182
376 50.9262668850137 0.2567548707639461
377 58.40959951213337 0.2566038418972985
378 42.05565703452836 0.256377038422997
379 71.82297320194625 0.2562412983963574
380 56.78353259657396 0.25607829507265933
381 50.96418154589093 0.25578199968508974
382 55.357133908353944 0.2555215407221426
383 44.06161984400006 0.255259753444363
384 43.07903242931158 0.25498881612226304
385 41.76527080348264 0.2547719860602525
386 37.7072150641211 0.2545606996819947
387 49.414611648667126 0.25429994987728205
388 47.36144142374286 0.25396514336665055
389 49.86968138429998 0.2536056063082365
390 35.85033173718442 0.25323274184072486
391 43.91661475555741 0.25275528319044216
392 41.59475351676305 0.2522412864496224
393 30.627323437909425 0.2517351793881238
394 42.68689765248189 0.2512544977353992
395 33.79322873894998 0.25083986476683934
396 39.41900844389477 0.2504686672724321
397 56.50385377309456 0.2501410330250131
398 66.08562092727902 0.24996582502075615
399 40.25428060916464 0.24974160197640333
400 60.09166662563552 0.249485607401699
401 40.057380214884546 0.24932160115368673
402 59.369323405429625 0.24918227607396642
403 40.9556325878341 0.2488650445518979
404 37.124986809446156 0.248607099785574
405 55.75546813053161 0.2484103850778302
406 50.32166005361148 0.2481966874905836
407 52.897628692081014 0.24799313408408377
408 54.87369522537614 0.2478170136597572
409 55.12502854505006 0.247620115095636
410 48.86442362534892 0.24745550468855917
411 65.85857098389894 0.24730531654300625
412 62.68313115353289 0.24707747618694992
413 44.867073691244045 0.24693098233652958
414 62.058795199245 0.24691191649776745
415 60.112084629426704 0.24694223434474438
416 54.93433704728834 0.24702234703632536
417 49.6630020248093 0.2471449902658391
418 61.79587096244104 0.24720628353541918
419 45.18880322470135 0.24723445884690906
420 46.41313961450324 0.24727586813861213
421 53.0013694082363 0.24724481771899653
422 48.22892655255343 0.24734472277568614
423 45.36439934982903 0.24738483146912588
424 49.302039657556286 0.24743743641563137
425 45.30775347261784 0.24726669548004365
426 41.00122556317949 0.24704114128064117
427 44.46913685433361 0.24673378852000852
428 50.18209832677336 0.24659296769164785
429 46.55024462623941 0.24649056556993656
430 47.74135618113199 0.24649344913815238
431 40.679717622828335 0.24654485380092253
432 58.4870090345467 0.24656448339224887
433 46.733286094411895 0.24665832623903416
434 40.25252870220888 0.24680112192157336
435 40.24212867546672 0.24697342271604725
436 40.48658506583919 0.24705189081127568
437 37.72671329498337 0.24698477607890243
438 53.01910833458702 0.2468957926843135
439 42.24821469430538 0.2467348119025392
440 43.66636549857966 0.24663508628408246
441 44.88888218054666 0.24678680238107586
442 51.71148633614928 0.24689556565359105
443 35.756974597393906 0.2469325138617277
444 39.14268589832179 0.24691372700330239
445 34.020878461628826 0.2469572835708455
446 45.89735219626681 0.24691612076398622
447 42.83658782282154 0.2468345769419082
448 33.0975435649664 0.24678022497429036
449 39.134739981020196 0.24675909356685
450 34.89113734240889 0.24681487192980292
451 38.36627864436897 0.24693931754958698
452 47.33616061789992 0.2470798599603951
453 28.12698324031309 0.24705526796142335
454 34.944607397895524 0.24701358240214477
455 41.254609293677504 0.24693988960444005
456 36.209923468349345 0.24685720083073656
457 32.74581240807235 0.2468617557294765
458 32.146385170341 0.24680883445776816
459 38.51676350680399 0.24675397310975317
460 35.499522202050024 0.24669195669479607
461 37.38471624935865 0.24660415814377762
462 40.16878546030569 0.24639701242316384
463 39.63081049042623 0.24615501544056792
464 35.77638734602316 0.24603729930044194
465 38.087125567461285 0.24590356795421434
466 38.62137337133666 0.24576741966897217
467 34.88737841906907 0.2455779620440663
468 27.516485024714036 0.24542945674907346
469 29.280892892557382 0.24528538439098407
470 45.320086314811135 0.24517332812911521
471 48.66683198990789 0.24507687776259307
472 42.85728962147452 0.24499900522198587
473 32.925606703166906 0.2449181867128705
474 31.446749722249884 0.24473458407239668
475 34.22121247154211 0.2445710884709271
476 39.92270330867704 0.2445303143606081
477 49.48950072515229 0.24456438750042886
478 33.916417337986665 0.2446697097033152
479 42.96504105115066 0.24469103827101588
480 40.370642994729344 0.2446106782027883
481 45.288975347806584 0.24455136318684972
482 37.72298099433353 0.2445169964851543
483 34.151145181126424 0.24455880777577843
484 32.726230487709316 0.24468091856858915
485 52.87471863036059 0.24477208932307348
486 35.69344220920693 0.24475422176958564
487 43.801568102694894 0.2447866362756353
488 26.156027095090444 0.24479617237854495
489 36.53829555799685 0.24477586896041903
490 32.72833818001315 0.2447924379173459
491 35.18544058505674 0.24479381847645632
492 25.024159337942162 0.2448655955076771
493 38.83737200821608 0.24486846158568354
494 49.12815329300038 0.24491556128716752
495 35.45558752401919 0.24495100599186095
496 37.87185841653555 0.24499985238195668
497 43.15392018107243 0.24494449434880522
498 37.493752563072725 0.24493571499593902
499 44.40328872552601 0.2449669749342912
