0 145.38989062225176 0.301148547240237
1 114.15870616607525 0.3013562777606823
2 151.88422088606734 0.30095625124129943
3 155.35649294943016 0.3005813018804646
4 144.60727856850946 0.30041706558277625
5 149.62051630804882 0.30013806384188924
6 132.18251363941081 0.299804417725131
7 163.5013893481412 0.29950031454522674
8 126.5460932399153 0.29922801002673116
9 131.37369218400286 0.29900025464119717
10 152.946904516718 0.29860854399718756
11 126.5225144121757 0.2982612513264563
12 171.43704590153936 0.29791722188849523
13 157.6836413517252 0.2975850248659062
14 141.66049711323933 0.2972676074085475
15 184.36529471343744 0.2969852480657714
16 151.54103184511538 0.2968367557797978
17 142.94659860426495 0.29677458650599553
18 157.23747566925314 0.29675442871558266
19 139.68637367159238 0.2966592372857322
20 169.1718241140773 0.2966639847597322
21 158.44828390985487 0.296619470066963
22 145.9880277350853 0.2965340563104697
23 144.83558508829478 0.2964900432254461
24 144.18395333526118 0.29641611183162264
25 137.79167877770362 0.2963157403899379
26 151.8248771520835 0.2962310280633206
27 161.38936565628262 0.29622996398030044
28 151.5279407778225 0.2962437137926
29 132.56950327265523 0.2962393088098044
30 140.68551323116003 0.29623085765596496
31 155.9514216098202 0.2961077628064327
32 155.37287575209845 0.2958469313952888
33 131.48245015681078 0.29556073372647285
34 130.4129817415432 0.2953150181267513
35 137.09149486680002 0.29503940036248233
36 130.6620339343064 0.29470257318234455
37 122.72592815346454 0.29418102162635884
38 123.47066762682095 0.29372662135273025
39 124.8676743554692 0.29328689952174003
40 110.34318070864748 0.29289748415982964
41 99.40897091548476 0.2925041666977286
42 136.96359435420675 0.292079818971977
43 110.43645590155543 0.29167829114130284
44 105.94401229752161 0.29124750602700733
45 110.18066778565634 0.2908279789925736
46 132.65325958598618 0.2904834112748061
47 119.1391751792887 0.29013104670598744
48 108.2398308814868 0.2898398728885415
49 121.28484602327299 0.28956808860435673
50 126.18984788538668 0.2893525232697001
51 119.14938383590354 0.2890742631834875
52 133.40043545328064 0.2888810082967286
53 123.53798224210414 0.28860456862384987
54 114.62750157037416 0.2883889856842925
55 119.75512007364806 0.28822543812197987
56 111.4950953280962 0.2880105964655282
57 144.13414208858535 0.2879271840149836
58 109.29764408478798 0.287759886926234
59 116.9337449357773 0.2876412764444717
60 116.56554164797306 0.2875175954465875
61 118.48606697593995 0.2873678627573159
62 101.65801851882492 0.2871332335446296
63 111.78992270631755 0.2868678941376167
64 106.35285469490583 0.2866437618168594
65 96.98252876649238 0.2864510398715362
66 82.05202557650075 0.28638334164662904
67 95.90562960972824 0.28635864211726286
68 90.83108308870854 0.2863209637732661
69 75.9134907813183 0.2862936012406664
70 99.30946318847563 0.28624981012879663
71 84.27984666907113 0.28618562568258094
72 91.10388105005006 0.28598450157778155
73 95.54862911691217 0.28574915115193367
74 82.63743376389158 0.28551980047514686
75 112.836691204148 0.28525808364477045
76 102.32127999625945 0.284978152995335
77 101.62608006220226 0.2847174158460915
78 87.73663576745633 0.2844478251492074
79 73.75729523160977 0.2842438173463004
80 94.64140635526685 0.2840306304603941
81 86.32786569702013 0.28397193265321713
82 90.6386794663156 0.28393159093429293
83 95.83783523267476 0.2839319479833985
84 72.75462947591288 0.2839534790570611
85 89.23560808745519 0.28399581542552754
86 72.34281655118585 0.28400783340914926
87 93.88279154662453 0.2839833895901084
88 66.55361191720647 0.28392915866837987
89 85.17361873885979 0.2839286024225748
90 109.60377341395903 0.2839990330976557
91 91.40865625955387 0.28407649906546895
92 90.15820725775347 0.2841601537484034
93 83.96662238396198 0.2842570627369183
94 80.49304544315457 0.28434495518592523
95 96.13086429239684 0.2844414321656249
96 110.89596474119881 0.28446672067631246
97 109.85831746555799 0.2843086219790307
98 96.94658645633007 0.2840897842220916
99 89.01553407720714 0.28390072206090766
100 79.16345303523994 0.2837784898194271
101 102.9919273398412 0.2836842527024329
102 121.24119116211796 0.28357201576811825
103 95.41288321501719 0.28344724426380064
104 106.39658327721469 0.2833196959791377
105 102.446888316869 0.28312527018114253
106 100.70918115270717 0.28286757271125224
107 86.7731010901495 0.2826692328809798
108 88.16596102987668 0.28254635739215594
109 99.91510192108582 0.28237590659004763
110 103.57401741088316 0.2822273964823417
111 111.67358299404322 0.282100537410382
112 102.0653645140087 0.28196268529150886
113 72.69424507876451 0.2818376050367901
114 88.70109969190008 0.2818776482873703
115 92.42762191477694 0.2819989892473621
116 84.10463964357358 0.2820824929040827
117 66.16664938147568 0.2821652372613636
118 95.2387569187824 0.2822894753590227
119 65.43358223279643 0.2823956082203514
120 97.01701273109995 0.28243954466404375
121 67.60518273925595 0.2824455386248025
122 77.52512232178606 0.2824693289530903
123 95.98917159405818 0.2824085237616124
124 47.78490886755921 0.28238045247817034
125 59.11264739868142 0.28227788186187164
126 79.07245770366148 0.2821286173945442
127 73.45483773745457 0.28208306691352747
128 77.80054048548226 0.2819611547956868
129 72.40966644847299 0.2818936460890952
130 82.02112145727222 0.28174442812699607
131 63.470182455517545 0.28161987533188493
132 63.00040724039009 0.28144518456445966
133 63.608240359865206 0.28124887264505294
134 73.28939021207982 0.28113230117338806
135 59.69915077630778 0.2810893903516249
136 82.92188721874982 0.2810455868241047
137 73.76040783294935 0.2809184175278066
138 83.05718268321816 0.2807289676704018
139 95.75481232154301 0.28055761802525386
140 84.96803896740991 0.28031808838696587
141 61.1862961341026 0.28007382890437926
142 89.12067481240783 0.27986129585248243
143 85.68114895043368 0.2797156578717299
144 78.20384481368355 0.27955201981421784
145 89.00372103131728 0.2793144907345614
146 114.13176027143774 0.2791022402656511
147 80.9711537079574 0.2788980517122434
148 74.71483205209864 0.2787015440663825
149 74.8536532498759 0.2783992187171769
150 83.29155579579198 0.2780457392965652
151 75.70121437981813 0.27782629656775515
152 83.73304117256676 0.2775505878597949
153 99.4854421453523 0.2772222904794374
154 65.84115121664458 0.2768652925825804
155 65.8332077087516 0.2765348525100997
156 87.15882578932232 0.2763257035159129
157 65.02641071299786 0.2760907813323037
158 95.46403419752798 0.27592267564810263
159 67.7829754861672 0.27578760041687134
160 64.6686214491252 0.27555992825161185
161 61.8597888649801 0.27537973513473035
162 47.649879082068786 0.275252855133386
163 56.59121624901045 0.2750165651493229
164 75.2892080731983 0.2748172368591647
165 79.14141369362699 0.2746614729955216
166 49.61383987896153 0.2744919113369227
167 66.39622656041972 0.27439674941753306
168 96.13529820523397 0.2743204145880241
169 39.425903420314 0.27427053345179886
170 76.40967690496463 0.2742640930542458
171 74.51609330214566 0.27430441262465743
172 58.20962463930728 0.274375692671052
173 64.170037794366 0.27443477615737033
174 61.57021491703587 0.27459936790502515
175 71.1712135431755 0.2747199793354062
176 65.49093881446785 0.2747439935835907
177 76.30129667547914 0.27475475275172984
178 67.11571221447673 0.27487979925051287
179 82.8807785840078 0.27491622741083355
180 97.40802590930889 0.275084720177301
181 81.77448197935385 0.27518474715818536
182 95.50274032869294 0.2753496287289773
183 108.33887041241258 0.27556862225265777
184 105.64644727885388 0.27565792513301124
185 90.13408535091568 0.2757167064731937
186 106.30008576744692 0.27582674230845305
187 54.53053531317305 0.27590851872519384
188 91.23678196009249 0.2758324892755143
189 74.4049174342288 0.27576240994026435
190 87.69804163074255 0.27553688197078574
191 91.1655482265295 0.2752373822505359
192 87.08424935990269 0.27508302981810295
193 115.29135419980784 0.27481915408081603
194 69.86684277537088 0.27449399596803126
195 68.29714802294382 0.27408706548164785
196 71.46383323587527 0.2736403350511382
197 76.72122483536418 0.2733389427544378
198 74.97390321668678 0.2730799062138129
199 67.41350786787561 0.27298829296271154
200 64.4475394783194 0.2728627550041862
201 89.78986524141901 0.2728144212369334
202 69.8797993822668 0.27284097200162605
203 87.50719226203546 0.2728608071866622
204 73.03842168209403 0.27287135407677054
205 84.97213489820732 0.2728269382105754
206 80.784791370487 0.2728957640477094
207 92.0044846637557 0.2730216105161455
208 80.0537658014139 0.27313206356730224
209 96.9614033576795 0.2731735198942451
210 81.74255459230791 0.27318167759959505
211 74.27399292475019 0.2732575640116382
212 81.80704061509192 0.27336243000268334
213 72.26908349096004 0.27338631587249396
214 82.43311046416501 0.2734254180890061
215 84.75848246945378 0.27350424828478864
216 70.68914738188087 0.27363195186311107
217 94.10539188554117 0.27378237320104654
218 97.58167378249384 0.2739081301806173
219 71.33591705272747 0.274030220900595
220 111.21939885918681 0.27419500946514863
221 72.80505299034061 0.27439250204342663
222 72.7614375775239 0.274604944262467
223 67.95794785653123 0.2747963835240041
224 56.13574061563412 0.2750449418300094
225 73.37558281377028 0.2751571790821133
226 85.32746228485047 0.27517335873178506
227 71.30737452210724 0.275148927695712
228 68.82463231742746 0.2751849159274077
229 99.26687719613749 0.275189513343951
230 65.52964325511938 0.2751853296671294
231 80.64473430280027 0.2752278349185997
232 70.45658674337338 0.275249451113792
233 81.47163126780586 0.2751704491218534
234 80.88357374484534 0.27513801734458276
235 58.61379285101221 0.2750859482637411
236 69.9983774440814 0.27504765755391514
237 86.02360447679754 0.27507397534092337
238 56.901326530024505 0.2749202837426955
239 63.34847927441612 0.27476890484007677
240 92.88684076930014 0.2745976840736336
241 58.34223857531714 0.27447566719337113
242 62.71063084226709 0.2743933552975661
243 54.00943063991579 0.2743344880521549
244 76.23377499959403 0.2743086198328209
245 53.45370748451509 0.27423019177768404
246 65.96690889151533 0.2739073231470858
247 69.16158275617478 0.27363066355503646
248 69.55321208330827 0.27338677154637464
249 81.59976100627648 0.27317733959503776
250 86.47234559107994 0.27299089781400626
251 63.66431009101352 0.2729355640892661
252 54.00430974134959 0.27302914679136364
253 75.95322434529166 0.2730883020552559
254 65.32454420240441 0.2731772269574353
255 63.930089556732014 0.2732607006759312
256 66.113407789107 0.27327218228256656
257 81.96184924596037 0.2733128760939484
258 74.45734735492364 0.273283783792692
259 85.22612038602614 0.273301616126883
260 73.44868734362697 0.27322815791510086
261 78.98766244284566 0.2731869783628714
262 66.59745083287605 0.27327588951575504
263 73.64200068568618 0.2733246796781784
264 85.10242097471072 0.27334991689192756
265 60.130773506430984 0.2734492663788116
266 55.53649844548717 0.27354070070580216
267 71.13589393239073 0.27356525333033166
268 79.38626378927056 0.2735591687026586
269 78.27215142532626 0.27353219858318484
270 78.7831963400529 0.27356469577798526
271 85.21247133721752 0.27361745502023216
272 74.29722165536226 0.27365368672500745
273 58.73817001722649 0.27365872437652927
274 89.41952286105898 0.2736821180003256
275 72.15756775178248 0.27362201041131323
276 54.155190113475605 0.27362824521063756
277 66.74754586599761 0.2735597556231971
278 49.78179640846796 0.2734300179452218
279 71.61794244292963 0.273225891097676
280 53.13393882596128 0.2730617956107158
281 70.77660471097383 0.2727260699803115
282 89.80969088136385 0.27247506180789277
283 76.30650459381442 0.272319237026665
284 60.08751920349896 0.2722813211626478
285 55.51046575276979 0.2722798750199201
286 70.06680244973353 0.27216084605283364
287 64.71547455218234 0.2720101721027438
288 59.55309830856122 0.27194573781573494
289 66.49186455109245 0.27184537051054397
290 79.1896681323277 0.271772261080694
291 71.4067816775848 0.27176531473832943
292 79.00297139781256 0.27192487182326985
293 73.90882982579943 0.27212300487106555
294 66.8579069242953 0.2722277394814603
295 90.07615167463743 0.2722572569616068
296 76.22288350777384 0.272314742187465
297 93.0820482043249 0.2724246686997208
298 74.76419791996014 0.27254344991408863
299 94.38676192094721 0.27261724210028304
300 72.17055750105148 0.2726987192013468
301 65.55802979814574 0.2727844367684013
302 60.139694638578376 0.2727776135325717
303 47.86121915219569 0.27279424810834374
304 56.41998262781329 0.2728430677808286
305 59.4336310941284 0.2728745974129524
306 65.07730583522884 0.27282722883955546
307 45.27334622676389 0.2726712957384769
308 78.7414016184801 0.27241550901950184
309 59.685037433254294 0.2721929414995818
310 74.00438189822307 0.2720228497721855
311 38.86912219715853 0.27181233722485126
312 76.8934045664041 0.27164316481111384
313 54.74620359405499 0.27165691702710487
314 70.48159389405096 0.271726339507213
315 65.63100830878788 0.2718367008419952
316 79.30402875886088 0.27187754174499623
317 86.16721999047128 0.2719599533079319
318 87.36998021788521 0.2720558274637289
319 81.87689251894835 0.2721970205915418
320 74.27384859000475 0.27239573364684133
321 88.55496217798351 0.2726418289971583
322 64.11448330840338 0.2728243168666445
323 68.36738954995928 0.2730973231794585
324 68.30107069588354 0.2734350727036049
325 69.32689644349004 0.2736151732241219
326 62.72573391896132 0.27381636203334864
327 70.46372502003467 0.2739632797539241
328 63.74677594303894 0.27411082737856085
329 53.84511428837122 0.2742131139562363
330 77.12123341384418 0.27428039950937483
331 69.67594668744027 0.27434244193027935
332 71.66935171652062 0.2743094174770043
333 80.18201806528731 0.2741912404594844
334 76.39877779708787 0.27410015113379216
335 75.38792121062092 0.2740690602782031
336 71.19933834314918 0.2740555828659378
337 79.52172486172341 0.2741020954468962
338 77.16228385168102 0.27409950403929567
339 70.01653335010182 0.2741266873990546
340 93.12231655736211 0.27402593281368215
341 65.18136761112225 0.2740127187340581
342 63.06114122158125 0.27396725504412317
343 62.153455416086615 0.2738510181912469
344 95.02749403572099 0.2736601311411786
345 82.21181883671738 0.27349630292423727
346 63.40086949564619 0.2733719312407558
347 98.76710980310584 0.27314570510177655
348 85.69572279560938 0.2729550313978339
349 89.40457773752253 0.2727687087708786
350 62.06655535465748 0.27260195854834013
351 98.87817685684576 0.27250754252229714
352 81.35879379344357 0.272410425508267
353 83.44786570895971 0.2721125841407245
354 70.42875683320747 0.27182493969817867
355 82.27113317435229 0.2716683397107403
356 87.43177865548293 0.27145975633038577
357 94.43997077362852 0.27126987143450426
358 96.86311451983678 0.2710111235292708
359 86.62908132864935 0.27071597176030027
360 72.7070354210907 0.2704733056597099
361 77.6633520826991 0.27016241378917694
362 66.87789815906109 0.26983338701989573
363 72.24086555139269 0.2696078842407175
364 75.30603504308277 0.2694838193197968
365 81.55232000014617 0.2694693820351868
366 73.31951504497309 0.2694736888891439
367 89.3669033044504 0.2694185055382073
368 73.04338436365512 0.26936519754861293
369 107.9298275398955 0.2692757442214081
370 66.03313550230604 0.2692681976914232
371 63.86089895342299 0.2692571367794103
372 72.28672940259227 0.26926940527507204
373 78.25842655758063 0.2693085492611007
374 71.53142268684327 0.2692971050823303
375 78.18516844238667 0.2692482743437429
376 65.51620689968398 0.2691548108706532
377 97.92651662312167 0.26912866558938936
378 63.10437601403447 0.26920003069252835
379 75.01211192578415 0.26928611640592504
380 71.70839700457279 0.2692667146470077
381 81.1695135743515 0.2691821460890701
382 59.04119758408771 0.2690438170552749
383 67.2927928234709 0.26892152328501945
384 77.24226855199703 0.26870112894378373
385 72.03774470455323 0.2684916322170588
386 86.32890538932439 0.26833145436386263
387 74.50926370026059 0.2680844360941981
388 79.29924203197818 0.2677279909474007
389 71.24935222156134 0.2675466442420964
390 68.64572057515272 0.2674271327209906
391 86.5214451647943 0.26735606653646204
392 94.53104896912349 0.2673588661565787
393 81.68887774868517 0.267394315426303
394 76.76609986405948 0.2674974286552005
395 77.97650722289065 0.26764464824553963
396 76.13280155720247 0.267726227426619
397 93.23090072731219 0.2677607411589522
398 69.85952552099894 0.26773368868839553
399 62.69951984921384 0.2677203877096631
400 85.8927421566292 0.26767600945416337
401 77.48447097015863 0.26767573350437024
402 65.74950375139365 0.2677119572849169
403 100.4620699153727 0.2678410245516387
404 95.978428681867 0.2679627347977406
405 72.16617843773199 0.26801118654070144
406 61.87454413679549 0.2678957176012152
407 74.3548549248767 0.2677718613737694
408 76.09196332377206 0.2676533175153658
409 63.07326413593661 0.26753215098339517
410 47.310546256273234 0.2674564509794176
411 65.10029251396672 0.26739666077930024
412 62.606031162888726 0.26738619991355017
413 76.83584537721015 0.2672827182704655
414 81.72502846710822 0.26712682186760045
415 57.445845830966135 0.26695707308557637
416 64.47085929353659 0.26677228597114955
417 69.52460610376095 0.2663932690998931
418 67.70361450183415 0.2660102394286649
419 81.68529656968374 0.2657285829765727
420 61.38418261950987 0.2654110445408415
421 78.468536978154 0.2649867995028971
422 81.15847413868842 0.26460498483190775
423 62.07548969491749 0.2642645108068087
424 68.79220352210274 0.2640953634020988
425 78.89457867027171 0.2639154676038429
426 72.9701860580947 0.2637151746361469
427 71.09484957013005 0.2635091820956008
428 63.54728024963761 0.26317275404224694
429 72.51767599737855 0.2629030770779921
430 70.402300364388 0.262642628265517
431 40.85238646601867 0.26240197227474227
432 58.278876569648 0.2621432875718412
433 69.02742426486196 0.26182832291647273
434 79.3471387575862 0.2614833140107671
435 60.73513585090329 0.2610848203785928
436 59.602907510435486 0.26072349639204306
437 75.52215131885411 0.2603414405679667
438 55.10504999380481 0.2599832450591416
439 69.87044268057127 0.2596829194379813
440 60.19412987137811 0.2593579780155064
441 62.11773955522588 0.2590852605221099
442 51.229105251170985 0.2588194277422704
443 75.23337822628105 0.2585923037069089
444 60.562142630051575 0.2584245556302805
445 63.73055523865168 0.2583100345294562
446 56.15015700519086 0.25814599388133613
447 55.397076678433294 0.2579540787362517
448 57.500809022027184 0.2576438437808558
449 79.28433637648811 0.25737982388493297
450 60.00519348636553 0.2571096311281358
451 61.06649219351996 0.25688403552556205
452 47.02513224725097 0.256615022158173
453 61.682045445054996 0.25635897938412433
454 50.090882560895906 0.2560953613527527
455 95.46595008571737 0.2558464136823235
456 63.125042661293605 0.25568898051055977
457 78.66427093767057 0.2556028563216004
458 65.10948050967367 0.255698129396017
459 51.37839938373445 0.25584186891840477
460 74.95589611257219 0.2560281829464957
461 54.029475330552884 0.2562311175237172
462 56.9224376604155 0.256401948047285
463 60.14650653019341 0.2566362045012841
464 66.75523257951593 0.25684659544593513
465 65.54479520043155 0.2568663177211826
466 65.10625467379016 0.25689125491540465
467 57.99586760024346 0.25682842741785505
468 77.98810094237948 0.25679021629787196
469 55.83371915271951 0.2567400898626203
470 68.17895679817087 0.2567669070680041
471 50.733107150569765 0.2567467238509441
472 73.61924083183092 0.2567387762617994
473 83.21818863872682 0.2566899028183696
474 82.82457477151115 0.2567041690853385
475 69.958844406049 0.2566635250686091
476 81.80782107820735 0.25672391269457806
477 81.08942187374433 0.25677120737703113
478 74.35567266528878 0.25677349233830093
479 67.91865637354908 0.25677533967960353
480 53.23140275271486 0.2567476869979152
481 81.2592404280382 0.25670530898733607
482 88.53688085904332 0.25667355003146264
483 68.30651624370918 0.2566118242441796
484 85.86621034593779 0.256694058669989
485 79.88217391065274 0.25669488697138043
486 70.29431031564923 0.2566343818714163
487 68.82050953219917 0.25662411187077805
488 82.12761069155904 0.2566263658385484
489 76.37940934600152 0.2566215466286546
490 91.30815475986819 0.2566075349432977
491 62.09980452476408 0.2566772616180825
492 72.78144977855776 0.2568120263975238
493 74.25467358635413 0.25700174752697147
494 68.96159901153405 0.2570509445029256
495 63.543747608196256 0.2571272741961287
496 55.35967508205646 0.2572510775703143
497 77.99231832509872 0.2572612906397045
498 73.82866322686968 0.257364221232371
499 82.53236765097861 0.257461852025491
