0 93.03095271437525 0.30067975386596624
1 112.67681870320246 0.30122886038729735
2 107.75647882586225 0.3021191427556643
3 99.00404850468762 0.3025632284611974
4 101.55302498006577 0.3028502583258723
5 147.68516292175497 0.3030886930740757
6 125.35308704349063 0.3033457786447789
7 134.04837931751177 0.30346882389993546
8 152.82812698286966 0.30357776268171444
9 146.898914302303 0.30358211646097877
10 119.81373342010627 0.3033452134055662
11 141.29778116391958 0.30332262452442116
12 110.55222365186903 0.3032356722474058
13 142.50327735163717 0.30308502249736313
14 140.32753871067183 0.30305970905372903
15 131.6214168738224 0.3030332885418957
16 111.06762004802096 0.302986645315279
17 128.54345811675012 0.30296507076758084
18 135.4297702234182 0.3029623576137074
19 126.49252915149415 0.30296667881376227
20 113.90708551473043 0.3028986034997355
21 111.66837007442652 0.302696845491493
22 115.3230689144191 0.3026092445341098
23 102.24972283413506 0.30229223662665144
24 135.7088801422095 0.30207722407457954
25 122.74681255504552 0.30189478210198784
26 103.89434728098743 0.30166443819324085
27 95.91833961362099 0.3014422880533013
28 105.15933647317834 0.30117780207592426
29 103.0406284670735 0.3009254521033678
30 101.72181272585996 0.3006452043787373
31 101.11101885730073 0.3003275179452284
32 78.97143544594178 0.3000106994005674
33 84.73346506309025 0.2997114672748953
34 105.36755416133563 0.29936497161096204
35 76.93587483407404 0.29892202277697116
36 92.00272152171095 0.2985039376079616
37 87.97786731350536 0.2981921779031014
38 93.76775589562939 0.29793954143046086
39 76.37831807574145 0.297596510931754
40 97.87251492192439 0.2973616350850209
41 80.72068270666284 0.2971220133025857
42 84.22480529746578 0.2967349434441038
43 82.1512918998767 0.2963622115524108
44 92.4699739812952 0.29604459386467485
45 80.23882960426262 0.29578204622738535
46 71.06678539315695 0.2956094219036379
47 83.9446037651146 0.29536202061978234
48 83.4257526106187 0.29515299550082796
49 75.41043640551145 0.2948303552121956
50 74.37221123059791 0.29454023938066815
51 83.77942242814996 0.2942142132221788
52 75.54405307963304 0.29399310784476873
53 86.17278149619861 0.29385513887692905
54 64.04282897732939 0.2937649927676388
55 72.62733094709623 0.2936955389578133
56 82.20942714921436 0.2936227113928527
57 78.96119549069047 0.29339772041645557
58 74.01408089213146 0.2930581436322039
59 66.56568838472084 0.29266520257462536
60 79.45528371277382 0.292168846638105
61 81.63023288238459 0.29175625495549334
62 51.34653539386811 0.29122326504915663
63 82.51895258379466 0.29065852734688125
64 91.95799389401296 0.2900012217868339
65 82.00053879501988 0.2893704826003928
66 79.878159412016 0.2887516242491897
67 52.41831595139837 0.2882506991047267
68 63.869694929993436 0.28774411669657
69 51.664523272176595 0.28716661381883024
70 61.58524009854486 0.286538090287297
71 72.87938707164088 0.28595179405320825
72 71.30357651824511 0.2854334399220073
73 57.39696688399653 0.2849724304991599
74 91.78638946785316 0.2845514356547397
75 52.66339672931052 0.28415949433298965
76 64.67128692602003 0.2836819296591549
77 79.03681780229763 0.283266943978399
78 77.217882734224 0.2828168778556365
79 50.44199644705299 0.2824578114501151
80 56.939956880841144 0.2821005248926435
81 67.40496661838407 0.28177774287039153
82 42.14008804515895 0.28135610437044223
83 48.44098065231992 0.2809445547767938
84 59.15238835793366 0.2805534110145354
85 41.57802116138041 0.28009296853375404
86 84.77067906252364 0.2795595705959328
87 68.59240663194413 0.27917327354195626
88 65.03261628765343 0.27883874618328197
89 64.76198458948596 0.2785942748187033
90 54.50417998967406 0.27833389863511526
91 62.218395436507784 0.2781788909421164
92 64.03494066630678 0.27802688165520417
93 51.5584785682743 0.2777754746505918
94 66.9739528591103 0.2774484894596551
95 74.13250196283737 0.2771002871856414
96 55.143037513561715 0.27676191329160593
97 47.37780771656513 0.27635997046413957
98 67.40061851370044 0.27587905727859896
99 51.94297146145789 0.2754354707009786
100 64.60034362576752 0.27501714126076027
101 50.53088077756812 0.2745837358452823
102 65.31968962484655 0.27402293598425176
103 59.62528944254625 0.2735279304831471
104 50.53212263539585 0.27310731127045473
105 50.47424472389049 0.2725984248011545
106 69.4533282887316 0.2720436475614947
107 42.17357608374779 0.27143332940026654
108 48.70806823066883 0.2707579768308033
109 61.69675240606334 0.27021254762180924
110 46.93477802920036 0.26966538008994045
111 59.224554824904786 0.26921209176401395
112 55.398757715650255 0.2687706004370772
113 42.65396558384853 0.2683457917590965
114 55.94711949138453 0.2679550251197549
115 49.18220457976068 0.2676163686482885
116 46.75025365867313 0.26739965151163014
117 56.67435980884464 0.26714564137523705
118 67.55697417400592 0.26688174690462
119 45.801170149373704 0.26655982438519943
120 64.08344569924415 0.2661924975393025
121 58.995606618832234 0.26592740834325884
122 50.970690128055466 0.26564626797152757
123 53.57568117594301 0.2654224004838703
124 36.813938223921404 0.2652639936401029
125 52.572976240186364 0.2651189245949977
126 48.12524297575311 0.26500796657558945
127 51.27376202889294 0.264862219111475
128 57.46512933437805 0.2646948421282185
129 47.34244315060974 0.2646406127937527
130 49.734661362585875 0.26454806555188887
131 56.01954496886319 0.26443838468003034
132 42.8031232939841 0.2643820628598732
133 56.85978471763092 0.26432760479447914
134 37.2884519865906 0.2641419980149347
135 43.643706449138136 0.2639458221728602
136 47.84091426069574 0.2637644033805216
137 36.222879832888296 0.26357666269302676
138 47.872287947610474 0.2633391527785136
139 42.8275892580796 0.26311756755815213
140 39.21004281368961 0.2629786187348186
141 44.275973519371476 0.2628308077704904
142 44.68999973548802 0.26272087736115424
143 43.85312824149233 0.26268836567511034
144 53.004451055495295 0.2627015826109349
145 48.28666580149603 0.2627967839085744
146 28.880243216809685 0.26293013222440526
147 27.993927787784653 0.26305887424677693
148 49.977464836759204 0.26322494167344335
149 50.520710940865314 0.2634018738333223
150 37.971881812368636 0.2635345398238516
151 38.53928008451517 0.2636906333232205
152 43.58171446215234 0.2638666375982457
153 46.679154104459315 0.2639744856571825
154 43.19232859885928 0.2640830727040254
155 51.81585120622904 0.2641368537742796
156 45.88225327495691 0.2641261220951254
157 46.711882533407746 0.26414316440447777
158 52.52238970689175 0.2641672158534095
159 49.89903792827647 0.2641138495031542
160 45.444025606555954 0.2640816286510579
161 52.1135350321014 0.26405788745131953
162 43.424003478299085 0.2640061977216591
163 62.94907243991524 0.26393662726572387
164 39.761610950232665 0.2638652765819779
165 60.17999355407517 0.26374025935694184
166 53.659553992936296 0.26356197427387484
167 54.3984147653441 0.2634292382126442
168 32.240175314356975 0.2632970815017987
169 41.18934261233426 0.26316630588312445
170 65.41479035725746 0.2630065327540376
171 34.992933028706744 0.2629037404724671
172 35.25009833417221 0.2628193516169769
173 46.401559577554465 0.26271049051293544
174 50.13947695407346 0.26274551198235835
175 49.57992025219511 0.26278536650321493
176 44.388133814221725 0.26287662764886655
177 46.28119708252221 0.2627295954839609
178 37.55738668919203 0.2625082843951298
179 55.37560604897098 0.2624055055021643
180 52.49058725623885 0.2623120731903007
181 39.54479996606521 0.26211686911447757
182 41.62679874316474 0.26191175116706134
183 29.867695001416116 0.2616342706396043
184 35.52225270971977 0.2613768816999835
185 41.293432028092006 0.2611755179457383
186 33.10389214281826 0.26100586922825586
187 38.60120796249724 0.26087131167253874
188 46.1940817218981 0.260753279711014
189 44.87646751986057 0.26060546637156723
190 36.103951811538224 0.2605469117191012
191 49.55051455313199 0.26048513031142595
192 47.139224258795984 0.2603402711068744
193 35.055047016227434 0.260176811364852
194 41.23345295238497 0.2601557888156165
195 45.86711797448568 0.2602157121251465
196 44.48196215101389 0.260318266290527
197 38.73650433668188 0.2604741641928126
198 44.993074431494804 0.2605360717239856
199 53.73591954629917 0.2606253462974931
200 38.05281974724217 0.2607861505929824
201 37.41002924682387 0.2609170006082257
202 41.83099576920419 0.26103584131385965
203 42.07388942136862 0.26113958387881214
204 44.46744095404096 0.2613660078757121
205 30.713809951803718 0.2615048845523922
206 45.0016015735431 0.26169135519867986
207 32.25811208005579 0.2618431458753808
208 42.40766351721472 0.26202470090523083
209 29.004731041383074 0.2620839763289486
210 41.04335346203919 0.2621494226910935
211 48.44341416781477 0.26209341063402053
212 36.43074550044204 0.2620663678630384
213 44.99934987994878 0.2620513644613223
214 53.990205523999805 0.26212359811745356
215 35.78659080788904 0.2622570451384848
216 45.05674688916568 0.2623131505123732
217 56.32171354624256 0.26243835762452683
218 85.6163392991392 0.2626248654156238
219 49.838626239835804 0.26274041998929637
220 45.87107872348223 0.26296409100379803
221 44.57496818709198 0.2630639210486739
222 48.06822871760268 0.2631943508116523
223 40.46689568022519 0.2632467057446186
224 49.028499141823616 0.26334053861770496
225 34.94264548950365 0.2634694368869781
226 39.17234116483095 0.26355770733448636
227 43.18260953293898 0.26363104454007236
228 34.719287914793085 0.2637334397089265
229 34.71269206035642 0.2638614476277471
230 29.56278207321032 0.2638568527256555
231 37.74346406525104 0.2638486890939931
232 47.37533681647085 0.2638522565780437
233 41.73734158125167 0.26370320760770827
234 35.517698351409436 0.26349086833057
235 32.408520113295616 0.2632624234570826
236 44.97760171972024 0.2631158372756889
237 36.06078137097953 0.2629345623828526
238 52.51479524477138 0.26271124834152504
239 28.5382542708077 0.26245947828235383
240 36.581804627186244 0.2622005572180037
241 44.39594815393746 0.2619315072294747
242 46.65591089836931 0.2616452549087523
243 41.59836584137025 0.26132407345496533
244 49.53926042335655 0.26097404783492195
245 41.453586813564236 0.26073373445345505
246 45.9212374494774 0.26056050888697513
247 30.6998578226301 0.26035744764603663
248 40.85858107835174 0.2601239727222859
249 36.65995455940676 0.25982752643714135
250 31.686700806975622 0.25959836875233805
251 26.979832002813858 0.2593950179821475
252 39.534061065238056 0.2590717539385552
253 36.09225725794421 0.25870626420740206
254 37.91040299774204 0.2584036894175298
255 35.63934812684553 0.25818239810510146
256 51.968390399915634 0.25797403874428093
257 35.70070605126874 0.25779856925968114
258 43.31298291245366 0.2575831010410423
259 44.788153351110864 0.25741292538231514
260 47.886240450604646 0.2572673769561031
261 48.58009015365758 0.2571409750684376
262 37.11113776809381 0.2570319592856639
263 47.616521138676156 0.256824765341361
264 59.15753425581182 0.2566602183146599
265 36.748644486566334 0.2565202291636002
266 41.45416455169004 0.2563969285080088
267 47.353057590000006 0.25621637662459906
268 45.75900090235511 0.25608193103645377
269 56.05226180845267 0.25591637982670723
270 50.408685590594075 0.25578023463610894
271 28.845154473877386 0.25560824866377274
272 38.89314794745104 0.25546181796673795
273 51.45856555186888 0.2553419225309001
274 41.92234697975857 0.2552146758036693
275 36.038534993637924 0.25510916641254644
276 41.45183479193065 0.2550649784906406
277 45.40070165805081 0.25507533659683035
278 30.783766668952737 0.2550980676350987
279 62.03669699610607 0.2551137654232293
280 39.919404374718205 0.2550983752963524
281 35.28139284579824 0.255083249126071
282 37.54769473998905 0.2549712642151889
283 38.14947635520916 0.25474825978977556
284 44.34580844183797 0.25458604617912195
285 52.22567648798241 0.25434291689133287
286 36.7533924273265 0.2540008540513392
287 36.20870848875398 0.2537300653052521
288 32.54741489082586 0.2535875901030169
289 32.68825454747412 0.2534197710612861
290 34.66489450461528 0.2532870491755124
291 27.017469748136605 0.25319162256700817
292 56.89988290564676 0.25321297680809185
293 28.157800819579442 0.25318439937580695
294 48.7176346170359 0.25310752110052465
295 49.658914769123996 0.25309919665181907
296 37.207991340804654 0.2530321403665175
297 37.06427582543348 0.25292695486822453
298 33.92469398910467 0.2528529134233216
299 35.0909533094173 0.2527664482207509
300 29.586443641575052 0.2526650254800621
301 42.95574189592901 0.2525567198561226
302 45.01410105208514 0.25237346963210927
303 50.48088615862201 0.2521899898662011
304 47.84922061159541 0.25198286603971176
305 48.51842144306323 0.25188379745023265
306 49.68178861793573 0.25179057324871973
307 49.17817354242948 0.25168356793954005
308 44.884153074281386 0.2515658452997126
309 50.37666954316554 0.25130617809371714
310 50.187203090318576 0.2511337548655215
311 49.16441349126718 0.2507801049766987
312 49.36451164754593 0.25038385257510465
313 46.02028142762529 0.24997434719786954
314 47.73240677845226 0.24952212848628436
315 35.826047301329915 0.24906117729828212
316 38.82723134861017 0.24866314208607668
317 45.20622379413336 0.24829144764809735
318 32.749752513986614 0.24779099319483672
319 37.030046446740194 0.24736528741007563
320 44.89207054654317 0.24696823406247304
321 49.309101866025216 0.24651999061669924
322 42.683029951934955 0.24598005352770974
323 31.42685098821464 0.24537522804782147
324 33.80593930329701 0.24480000138970182
325 40.78771352497112 0.24434467515048655
326 36.03852592083694 0.24393942615177905
327 49.908066093282926 0.24347587638604634
328 55.198620953667756 0.2429859853259584
329 38.22543153186208 0.24249115873868415
330 29.142478585841765 0.24208551599404024
331 36.07794369895787 0.24182621741284654
332 44.378029170375825 0.24164417704912305
333 45.9248612024667 0.24144926317160145
334 27.676267497961184 0.2413818448532595
335 36.60304407658485 0.24128000362040636
336 40.617803993432446 0.24120856597563511
337 40.99350753053394 0.2411048937193987
338 40.141443884507666 0.24098642538560516
339 33.24661371676573 0.24087441824108474
340 37.59735906559485 0.24077531398759677
341 24.43971220749244 0.24069383598024538
342 35.09341283586004 0.24059147074381887
343 31.48025807379892 0.24057991096360548
344 25.510463098288355 0.2405622843743354
345 31.31234405297841 0.24048386524384802
346 33.943411861115166 0.24029034938646598
347 36.31747751749377 0.24011144125107362
348 45.15667336677657 0.23989547093253988
349 34.81809093505339 0.23974112804816577
350 35.14451539011289 0.23969863380441553
351 40.50616829415536 0.23960439164550215
352 37.03621174002973 0.23948881463230484
353 35.34444431325734 0.23950843526979065
354 42.86667170143776 0.23955655133272458
355 41.57803430580104 0.23959642299634568
356 30.371165509121525 0.23967724484298025
357 36.44582061264508 0.2397407743047326
358 35.994745370568964 0.23985789480105546
359 37.456473896988584 0.2399070420980996
360 51.92750016501099 0.23996656083796025
361 41.732544156710325 0.23992867524918607
362 36.06697896099697 0.23988812374340668
363 36.386563227933046 0.23982577856391848
364 48.32642436255594 0.23965267241682492
365 38.21002883512209 0.23960178347899708
366 35.6182438883085 0.23956346729675512
367 31.04676004926592 0.23959662168581294
368 34.357076280702586 0.23959393612498187
369 28.380256552682752 0.23957830086594614
370 29.973560354203585 0.23949678502846444
371 31.347829449180082 0.23940985211977878
372 26.405233225018833 0.23927401991011332
373 28.85225916036404 0.23919825042384762
374 30.358954774227303 0.23901951090041937
375 26.000631398747352 0.2387945650625936
376 28.05308624921726 0.2386124074152686
377 46.040495525329966 0.23846165774301176
378 35.25095768790781 0.23832688640691096
379 38.98350600352794 0.23833621848178513
380 34.03257935127185 0.238364219952235
381 44.44391512936961 0.23835334518826035
382 25.979851169068645 0.23838678090556586
383 31.345636838755556 0.2384768407883574
384 40.98093736375871 0.23857784953202768
385 41.35475479742719 0.23861292492040292
386 24.813878241668213 0.23859002723983763
387 27.919692056627163 0.23855265316727864
388 27.59360868544004 0.23848261047551667
389 32.20007957615587 0.23842524010294322
390 36.75896365758415 0.23841435159817445
391 38.33212744632424 0.23846966119779223
392 28.428205542142187 0.23858614270904968
393 22.575668562661395 0.23871078973975673
394 18.577191916739196 0.2388283040094646
395 27.81632071513296 0.23899914866171929
396 32.518856594262814 0.23915564965967134
397 35.78352265907806 0.2394029474600478
398 39.29034807851404 0.23957050872173707
399 35.158846454228 0.239680473100517
400 37.22602315471391 0.2398757181375209
401 29.974990016819984 0.24005701549454156
402 43.189976903993795 0.24021287144458983
403 38.209554318272986 0.24032641175204117
404 35.20960862591687 0.24039761750458866
405 40.31845566559872 0.24040968728701764
406 47.447128544419556 0.24046382993599674
407 33.71767629295458 0.24050269790724382
408 35.91469658892204 0.24061683733795639
409 49.92105524138581 0.24065401779498752
410 65.1343381903436 0.2406484304743414
411 37.291074957449304 0.24069765809832028
412 53.111337589021346 0.24073753490210353
413 39.203397903432446 0.24077306460813708
414 46.52934781998982 0.24078656266807122
415 51.35328107689456 0.24087379758085117
416 37.51746534391594 0.2410087851714814
417 47.69106954218104 0.24117762617221145
418 34.02589003791256 0.24130791890246545
419 48.937615194395065 0.24137100875174006
420 36.14852714066535 0.24136891216631443
421 35.00531304331997 0.24146337036713053
422 37.47761789288572 0.24160340611914818
423 36.42904600465049 0.2417474216768783
424 43.44896102754812 0.24186396492250095
425 34.89739615977976 0.24196491176073287
426 42.71815613078802 0.24208647727304017
427 38.25041634853011 0.24215974363378576
428 32.29319362449168 0.24215714464848698
429 23.236116909443233 0.24216556169576509
430 35.56780525262642 0.24204318824440235
431 38.372522683298826 0.24206035481655844
432 28.1870241355562 0.24207881155163058
433 23.002194187012414 0.24210066332027033
434 40.769054243826545 0.2421440570429244
435 25.90795643898958 0.24209261380465952
436 32.05370392136698 0.24207612393686256
437 30.212117803126585 0.2419872702470678
438 23.26756654347285 0.24180532663833793
439 23.21784742144935 0.24165395125357203
440 29.16860191153384 0.2414703577460599
441 27.13815605541101 0.24119923806249416
442 20.020053498515786 0.240909102201016
443 18.17141222785061 0.24066555307124227
444 23.122268922789623 0.2403587177272394
445 29.359825079548703 0.24014104360665983
446 31.017628557827173 0.24003437105576675
447 27.87598318395839 0.23994216124276185
448 37.401235019531015 0.23982893992035287
449 23.072940580529288 0.239671444917884
450 32.95291671624493 0.23947293103828116
451 30.611252320675412 0.23925786056985954
452 37.79758619424582 0.23901794584952157
453 24.97707928663839 0.23886595130222427
454 35.215214260348006 0.2386960154411108
455 28.479448482785227 0.2384626694195756
456 25.921085596756775 0.2382902249125056
457 24.737935780906234 0.2381438912518009
458 29.96706893013439 0.2379098101442979
459 28.949846182771516 0.23777649508134546
460 32.84359041942231 0.23762345474212854
461 33.26512014837588 0.23749653008364574
462 38.09944733089439 0.2372639052036652
463 24.886439438426912 0.23705518283991645
464 34.686155489604964 0.23694090826693684
465 22.15891339187798 0.2368550633559905
466 25.884537391683658 0.2367625103485385
467 25.19155945731663 0.2366161284668715
468 41.92102509923686 0.23648486655318454
469 30.461919498966985 0.23636814518501403
470 39.1011950853521 0.2361978736093448
471 29.41524885698214 0.23594855644757545
472 26.427230700922756 0.23576829839630115
473 44.60197881415334 0.2355990744014632
474 36.14690663307695 0.23550568184921442
475 28.647912429653893 0.23544959047528893
476 27.36405393972848 0.2354410522038639
477 21.53023086635456 0.23550519348063104
478 31.337241074795955 0.23555087404660835
479 25.494114627043693 0.23567112804141155
480 31.88556402597488 0.2358705606136455
481 30.521190845943938 0.23603460066706725
482 30.559582074082606 0.23615012107521532
483 31.189961905880907 0.23627468789268902
484 31.278645025588624 0.23645269969844113
485 22.64480255197296 0.23666493166350988
486 30.548112927070477 0.23700946205305884
487 36.96579038927281 0.23720951508824217
488 46.40248194258612 0.23750929247289132
489 32.276141200070384 0.237758158421627
490 29.785038214114145 0.2379879648555751
491 31.74089888341181 0.2381803669326465
492 38.08205824428889 0.23837886937466593
493 41.831543451108644 0.2385005221633154
494 37.84350092371948 0.23875007707675266
495 35.28410697484141 0.23896569899569683
496 34.68236956129137 0.23912045785951688
497 44.000428289024995 0.23925434443562232
498 42.970886741140234 0.2393660535258343
499 41.977699741464136 0.2394230809898965
