0 156.14997579433668 0.3004453536400466
1 169.29051234290023 0.3003579838030066
2 216.69780642225788 0.2997907025861247
3 232.29550007267002 0.2994719117453454
4 241.9778663082243 0.299256513873116
5 232.6060954581062 0.29904345175911184
6 222.40756931708523 0.29885505400211493
7 204.11594576111122 0.29847124782152856
8 251.92877600757112 0.2981542030181543
9 189.67894902051137 0.2980371633350771
10 225.5215141269656 0.2978468321428417
11 213.3260506532227 0.29770308992909555
12 200.41935933937785 0.2976467994486324
13 196.8929765780088 0.29754267434207626
14 171.4174909222467 0.2974019318092036
15 175.94656930669697 0.2972501054563823
16 179.7131678676764 0.2971018255385502
17 163.59555544996306 0.2971423975300765
18 199.46121277971892 0.29716740475573145
19 155.85496427153657 0.29704911193054084
20 173.83228048152728 0.29690662947306956
21 195.7422323510217 0.29683568686535977
22 210.86160331079017 0.2967071666812938
23 189.5237223363632 0.2966212489692802
24 195.14573407796567 0.29660192421732656
25 176.80639342352106 0.29658805004571764
26 163.8086663261979 0.2965819622886514
27 185.27993641978634 0.2964756968495509
28 148.04443892714752 0.29640766346094244
29 138.37469916311431 0.2964398444546448
30 174.2214107166252 0.2964991068138038
31 162.9419098378009 0.29654457250943755
32 164.9503192805514 0.29652214013278305
33 125.95186148147218 0.2964659327983693
34 124.09626809693408 0.2962286736836796
35 129.91345743919553 0.2959887844159649
36 162.9332978981861 0.29582067340935236
37 154.99355731657218 0.29559682744354654
38 168.96555380361656 0.2954091083984884
39 148.81327302177192 0.2952102254302947
40 140.4996047386614 0.29506247639455396
41 147.140009862897 0.29494078306439997
42 150.14571946219806 0.29478607454793726
43 180.32926477072667 0.2945993178286481
44 143.93589142709504 0.29461360040367435
45 151.95290303316872 0.2945065880193747
46 126.50388869027006 0.2943915028174676
47 135.91354211715722 0.29429859834199806
48 156.09477522093533 0.2940983855593947
49 140.01587263406222 0.29377794644318156
50 157.1958236418875 0.29358337577913285
51 134.71163046212848 0.29344327286243177
52 145.97612231196285 0.29336616281347666
53 148.23080188760377 0.2933050087745453
54 150.33042229572922 0.29327789859657455
55 184.44628427581836 0.29323880233137023
56 161.7718396231216 0.29321889082834085
57 163.3738249569938 0.29323169500459473
58 146.3409465427597 0.2933076492296957
59 144.37143900602945 0.2934676565675517
60 142.5996553153793 0.2936423218230928
61 167.63507822979835 0.29380672219665227
62 182.0769294603665 0.2939368087635498
63 155.2089326453993 0.2940608167253522
64 139.43415262366716 0.2942322618491338
65 137.4315897313196 0.29442078635684465
66 153.97392440417298 0.29451362285519284
67 161.65928505132476 0.29456588749042334
68 173.23671685331198 0.29459938424503057
69 157.09114785484155 0.29458900865158344
70 172.17143428121636 0.2944477740291444
71 178.07195231285544 0.294302263258903
72 166.86649454425535 0.29407806430783257
73 126.43471194548354 0.29395883112013665
74 139.94645581738308 0.2938674449302132
75 145.11822684180947 0.2937424556061691
76 159.96371239399477 0.2937003369455128
77 113.99792546032677 0.2936148613350692
78 158.78251325630163 0.2935335367342965
79 137.8733325744205 0.2935493693140134
80 147.94168904178957 0.2935767934773079
81 140.82414698965619 0.2934695792638299
82 143.14742050074312 0.29334140458451363
83 124.15809630758204 0.2932269519760251
84 129.98877572844216 0.29304670511152864
85 151.62903252131218 0.29286884540931307
86 149.47516283903548 0.29259057208983213
87 140.65339971420843 0.2923114889721419
88 145.5071047139782 0.29196247089923144
89 123.77245983294858 0.2916748671854381
90 127.41848640170261 0.29140506179239695
91 137.89272833264715 0.29121375763299606
92 164.7059864948947 0.291067450499614
93 147.17043801086714 0.2909212743801378
94 155.64488139650658 0.2907895759445709
95 142.40412837363652 0.2907620528804634
96 127.63128074559063 0.29068955441915306
97 140.08941202931328 0.2905921310158206
98 106.65331589155821 0.2905069337349267
99 141.48352416664062 0.2905149323267555
100 147.7828620367245 0.29036814664419286
101 143.61100584337646 0.290208480242332
102 132.4835506460773 0.2900463515875096
103 104.49413224115678 0.29000490771501075
104 136.0699850402547 0.29002773854620933
105 102.74799185525045 0.29001330656324326
106 121.71318900501825 0.2899781980055733
107 123.42119824384676 0.28996625995103686
108 132.65608592733662 0.289821958748981
109 125.74171918448258 0.28963682942853214
110 111.47263999702088 0.2893692179308536
111 141.5458589202827 0.2891278044449583
112 112.58338489178183 0.28895000121452796
113 112.70564363172878 0.28881829692799776
114 138.22730181223136 0.28872358726352343
115 88.0958225958156 0.2884943843057264
116 123.68897806755996 0.2883505285178066
117 97.11311605402317 0.288164246525234
118 128.39077723330468 0.2878885939808099
119 91.57503188062324 0.28752198503718684
120 94.19817711973226 0.28730867779086244
121 123.25534052545183 0.28713022964855334
122 94.57368530057458 0.28690050166824876
123 129.3504245574375 0.2866748300881323
124 162.77681558566292 0.28639935457782767
125 104.98196484417002 0.28622511046501725
126 130.6015029650389 0.2861566377236093
127 117.57129464832651 0.2861264650671558
128 134.0439549803186 0.2861293914503352
129 118.64208440658342 0.28611471659962173
130 137.73622044736481 0.28598303561547017
131 124.4767589768427 0.2858539507213081
132 110.30205347673362 0.2857613601443054
133 120.56189249077133 0.2856579076377209
134 115.90607808175139 0.2856714220399962
135 134.54499832573123 0.2856931163664371
136 125.97024034034257 0.2856808768958709
137 147.10034317734755 0.28578942667435603
138 101.83222692167286 0.2859202720086818
139 97.7677863841123 0.2859921334267048
140 127.18279160975212 0.2860396950710431
141 116.68041799726893 0.2859742330342554
142 114.78858377938299 0.2859064418614782
143 131.99493864519744 0.2856491768944349
144 111.63737107118402 0.28534544240348647
145 107.47364256058418 0.28513168553383933
146 119.97311810139908 0.28489044807273434
147 117.46366258197337 0.28463131735658553
148 124.19076048602804 0.2844057914860987
149 112.84534218230202 0.2841186085150956
150 105.8043070965866 0.2838759875193557
151 111.83246531773958 0.28374670575188987
152 105.30097129937852 0.2836333513240593
153 125.96299357927316 0.28351149228433753
154 112.8902861163132 0.28343495656301876
155 131.1448896998623 0.2833741109617789
156 139.63526640276555 0.2831297875819356
157 113.12191552046306 0.28289344711365483
158 95.83939194777354 0.282738544897862
159 114.3996920674457 0.28269019904953796
160 133.1001169950354 0.28265770823158776
161 111.40629238274326 0.2825287086752657
162 123.18886413396848 0.2824503850913381
163 116.72739140637876 0.2823874462605239
164 90.38022819677653 0.28223149599154307
165 112.88561454805551 0.28206899975937655
166 104.80300112996346 0.2818576648479666
167 115.65353426102634 0.2817591871003905
168 130.25372313516306 0.2815623891440578
169 110.90627596388349 0.2813715804933017
170 83.80553177211492 0.2811824750256098
171 90.51447560921754 0.281066916065372
172 119.2581713733108 0.2810268591417271
173 94.31585415168402 0.2809432563388625
174 97.47595797764421 0.28088622241741507
175 95.57444660808892 0.2807188745180936
176 94.47785362159502 0.28049306383451844
177 104.55826485236102 0.2802244548920613
178 108.59334071088611 0.2799410202317958
179 107.40681296055584 0.27974937879246276
180 94.16014351581433 0.2794541004468515
181 106.94293120118931 0.27910412996506506
182 106.3659954097337 0.27881453836631054
183 113.59547985793631 0.2785585872324668
184 98.84630240614447 0.27827552014920776
185 100.07346396966898 0.27796456465521613
186 111.0857544902972 0.2775886670847725
187 111.82610959520521 0.2773445911917772
188 106.99104614766807 0.27696130672575586
189 99.40724825789403 0.2765988661003235
190 114.23048064351131 0.2762069853855111
191 110.7603560783181 0.27583482414671556
192 113.9933748104441 0.2755252219002071
193 94.55215790286692 0.2752078113525436
194 88.27757239447955 0.2749251559732978
195 91.5612549771493 0.2746252876169877
196 122.10597088294708 0.2743350162433992
197 122.3733375236186 0.27399894573811995
198 96.12914693079557 0.27373234925133894
199 91.19650245766194 0.2734641626086292
200 93.48800144677016 0.27310502978822493
201 77.59960295115866 0.27271059036388384
202 87.67906119539674 0.27233518816620866
203 88.97611180092802 0.2718820873227039
204 87.81581037547016 0.2714783955170225
205 91.16858744937942 0.2711185469220355
206 88.01187031000475 0.2707707754145088
207 96.49088387102873 0.27040274357797967
208 102.46381373938809 0.26994932809994643
209 84.56032630477092 0.26962617283236867
210 87.30147157316617 0.2693139085742121
211 104.34744062658848 0.2689864339527496
212 92.36627189773995 0.2687281277844861
213 89.06035333399217 0.26856801934908153
214 111.18810364717295 0.2684070898606499
215 101.7302413390021 0.2682045745725441
216 86.54917896799975 0.2679546341006477
217 86.23451474395975 0.2676670644306433
218 68.7794576898695 0.26751764765262165
219 85.81860563729207 0.2673762419656496
220 99.73645563389402 0.2672701960491363
221 81.60355180169634 0.26718352128998557
222 104.94424413621027 0.26706196545140565
223 96.12114643994931 0.26691646470523056
224 62.69569836936056 0.2666985510090967
225 90.78737989154482 0.26648261447197946
226 78.08338417142284 0.26632402504943564
227 103.82207105619678 0.26630944606598717
228 106.58192475236214 0.2661908586207933
229 101.83890568339974 0.26608383478682374
230 106.73007628435835 0.2659474769600051
231 90.31247157158408 0.2658087564314967
232 96.28265166510042 0.26564700996592705
233 76.8331462324728 0.26543544096366245
234 92.8584728404187 0.26518339357385157
235 77.36430448271898 0.264927310273807
236 83.17705292110125 0.26464220602254074
237 104.37959762117464 0.2643281327212604
238 102.56158892663504 0.26411016882390514
239 102.54533455972049 0.26384079103190683
240 78.56164593329275 0.26358531248377437
241 110.46746417790646 0.26331599642866593
242 75.70202787033551 0.263046035769204
243 120.0088739579437 0.26284959130956803
244 85.39551142913925 0.2626034953837858
245 115.22073457188449 0.26240870951457024
246 96.95854765237858 0.2622704799064887
247 80.94312995710283 0.2621212454469556
248 95.22819357158656 0.26200849937170356
249 100.43071271414703 0.2619195250045172
250 89.09616770453565 0.26185232338285314
251 92.6189645853286 0.2618273453214528
252 85.81168537081433 0.2617834796342343
253 90.1098639861772 0.26171527090979296
254 71.69047307833529 0.26176089903278565
255 100.47197041320527 0.261662571145555
256 103.88152922745223 0.2615329794080644
257 93.7419625752048 0.2613549968547399
258 103.17422120961223 0.26128032841078086
259 71.15952946842992 0.26121712325313073
260 92.64225243822045 0.2610966939720429
261 88.19671224492066 0.26100114401105445
262 78.87897631999542 0.2608581987857025
263 115.67354610458676 0.26069541273079255
264 98.93252943550573 0.26050756067259806
265 104.7775188375465 0.2602773954856476
266 76.54766292414038 0.2600422609498528
267 99.98814061769488 0.259770456823909
268 89.47415261399601 0.25954073918722775
269 101.13401005752965 0.25932349578130937
270 85.13905775079876 0.258915790846624
271 63.43820850435258 0.25857519219358405
272 94.31041561474206 0.2581721621912068
273 100.8981993401988 0.25777952143909294
274 118.61973876109542 0.2574278744384121
275 85.80073656710532 0.2570754850324668
276 93.2861050768122 0.25676135454210913
277 105.54334786994355 0.2565310220927158
278 97.86998070575008 0.25629190475226427
279 90.01322006922966 0.255918645136742
280 80.77558439943347 0.2556816042675707
281 97.6822334450152 0.25546159093608
282 104.4109010770135 0.2552093365779945
283 98.86366369725803 0.2549234557740312
284 123.38567275513725 0.2546669310776688
285 101.63026129308733 0.2543975695248927
286 83.03645470491422 0.2540400601479061
287 98.21861547901327 0.2537737227242966
288 113.04017148768281 0.2534148467679591
289 105.57720898691692 0.2530595342590511
290 96.6723830999798 0.25275631996512515
291 110.60767310900866 0.2524775803483855
292 124.66051971298481 0.252161584687177
293 98.45788652185212 0.2518220950258975
294 94.55874374709109 0.2515475997300888
295 117.34572475031504 0.25132581935764087
296 94.5709128992371 0.2510717952040141
297 105.9196465373118 0.25079999339604014
298 104.49454978709105 0.2505760655876139
299 98.34951662809776 0.25027072166593667
300 90.68749917998677 0.25007635193987743
301 122.99476210511804 0.24990553069986077
302 219.95940823410746 0.24963405725424037
303 105.10056170858692 0.24942176071966304
304 93.32830109352138 0.24918716217485815
305 90.35686142327862 0.24891237795344032
306 107.50812913721043 0.24858559057679683
307 88.81258350548592 0.24831971543803386
308 85.13273960478381 0.24801646203868166
309 107.98781045880858 0.24766874479707046
310 103.6161354670781 0.2473447299741486
311 82.33454419616838 0.24693400471906188
312 81.78019355012995 0.24662242120955222
313 78.40425317187724 0.24635741672798134
314 84.38611901021132 0.24615239206855488
315 97.75316820073951 0.24589129814593963
316 71.34559358203438 0.24564398871132886
317 79.29795915751566 0.24555183446923684
318 78.39347003368044 0.24555997314953332
319 88.68413542993065 0.24548047768897718
320 95.87248496799654 0.24542348335099556
321 87.20094428418562 0.2453060873869733
322 99.20334463095645 0.2452500550717771
323 100.6860665335009 0.24525864766430883
324 89.09945856214273 0.24523789873877105
325 90.24134798392174 0.24527374346256664
326 94.35324594076343 0.24543778299076197
327 107.73586801782217 0.24547837673613376
328 90.0096065901123 0.24555072314336548
329 102.93466265295899 0.24562626386708747
330 90.03252283108242 0.24570802167392355
331 77.51635930116453 0.2457426998043207
332 91.02899440369683 0.24580234174295537
333 91.09603365405476 0.24584578644019078
334 101.86977619935956 0.24582795056131035
335 119.5037612303401 0.24578422488894125
336 109.4090602491702 0.24566966887910133
337 109.70455383818802 0.24559208907864435
338 90.81988440678963 0.24540595306326493
339 100.04613471975019 0.24529285586791275
340 98.60073466497946 0.2453426897378762
341 118.31066101338632 0.2453098271493122
342 114.01025326239719 0.24532670935501036
343 108.10288059930235 0.24509613987325674
344 104.70655118477326 0.24496923963483297
345 110.51652128799155 0.24479820736847924
346 96.04681572166555 0.24461698977011348
347 82.80382178512946 0.24444062153415763
348 93.09505819515583 0.24423770685834717
349 84.42011701794407 0.2441120261077683
350 95.68065120849218 0.24396184786447442
351 85.10550727364699 0.24371053867577658
352 97.3242543853784 0.24354693072224065
353 99.05941412638992 0.24347681247172867
354 84.83723783642233 0.24341500924509873
355 71.51432031199396 0.24337724315468215
356 91.79592440823983 0.24330732664101307
357 93.80215584387459 0.24323779703013418
358 73.1120015853588 0.24320318623818493
359 91.74706642589082 0.24322892166169832
360 92.24054307525188 0.2431860234753282
361 67.19072450086509 0.24322048411365016
362 89.07958211146331 0.2433518239303819
363 67.78676360735466 0.24347200616281756
364 69.95881264445147 0.2436196848019042
365 84.34142996914977 0.24359749576907394
366 94.78327527938872 0.24342726799229247
367 75.57750089164352 0.2432670251315106
368 72.84449049093973 0.2431189875469353
369 69.18359568371687 0.24272919337862364
370 65.88881938923296 0.2423956342089717
371 74.27603199520235 0.2420695304274303
372 83.54835337715804 0.24176300131551862
373 56.198048412265464 0.2414345526427048
374 64.79773059593538 0.2410335824927176
375 62.215125549087695 0.24077701823621833
376 96.54031787477146 0.24051930082463893
377 81.35353692723851 0.24026614012252082
378 55.66853593942963 0.2400710930701341
379 69.57387514397894 0.2399277738462947
380 67.1421395922517 0.23976531697341533
381 75.6522182358309 0.2395692776905945
382 73.88305694895487 0.23943840341130862
383 88.91962017407393 0.23936494456975282
384 74.25892025284298 0.2393180199675203
385 73.38371645440799 0.23938874512772346
386 66.01197178125729 0.23951909215661707
387 70.67326695800686 0.23959089396222974
388 69.82987162338006 0.23962693874908927
389 73.79696729529816 0.23966843742620003
390 81.7917783987219 0.23973554686834134
391 82.13797145641146 0.23971384047933947
392 71.2026947541156 0.23959449241368355
393 72.17395601678251 0.23955558684790093
394 66.25116939775195 0.239560530532872
395 81.91449253399266 0.23958275136042495
396 71.5262683507506 0.23950722516353734
397 58.28353185945068 0.23948980900200978
398 69.50667572062736 0.23950907759404721
399 71.53140329079754 0.23943295888818772
400 72.38481100927413 0.23931901813466677
401 69.22080573077426 0.23925678406118045
402 86.58513004993567 0.23926129054491516
403 82.58362665694176 0.23924916236629754
404 75.64842734174215 0.23928576891300044
405 73.90702805756663 0.2393321052961464
406 74.75589665836881 0.23950169703702007
407 79.30098605788992 0.2396963476076293
408 67.47665560967478 0.23980921114505677
409 66.69220143436634 0.2398629573232323
410 67.29611612602412 0.23991486111346538
411 76.59255433776502 0.239910163683121
412 87.31570364412715 0.23986725044614832
413 84.10662641712386 0.23983696344995592
414 77.20718115458992 0.2397798913950917
415 64.85664805151634 0.23973226146970839
416 73.7359637531524 0.23970186972287993
417 72.155565340481 0.2397381554369716
418 72.3292233096135 0.23979152312382845
419 63.240333778635566 0.23973616109656792
420 70.21956944377033 0.2396714290216223
421 75.62325443288962 0.2395202557212924
422 79.80071271120224 0.23934981126568
423 82.93436392270878 0.2392422517767493
424 85.66889416227382 0.23921650968668762
425 67.84014210124072 0.23918892913713719
426 75.29244255825887 0.23915750890778464
427 69.97766468114042 0.2390399552064048
428 81.93415783193902 0.23897124404848907
429 70.15827649278322 0.2389378790668455
430 62.46258329735886 0.23887677202320476
431 75.99594640092374 0.23881744685072093
432 65.94721911207286 0.23886895473532155
433 68.24346784165127 0.23881402737199803
434 72.76641274237602 0.23866905713415498
435 92.14101561802164 0.23860520842120467
436 76.76146956898714 0.238576336121679
437 87.65274876621712 0.23854296986510154
438 70.89985750731476 0.2384333051283872
439 80.22111792787018 0.23837061803857573
440 88.96740986511031 0.23840155415445544
441 86.76018668232564 0.23846739831280217
442 72.39932396940756 0.23854364863257482
443 73.51457138555634 0.23862034341914534
444 73.29319827967747 0.23865385426261884
445 80.25129460781413 0.2387003593365527
446 76.31273134981636 0.23873708086885684
447 62.9821998914264 0.23870924757257223
448 65.7231250039369 0.23871442019144534
449 93.972597892084 0.23875165049300906
450 82.12898393416383 0.2388836520112922
451 85.67516856323861 0.23903786418277778
452 73.93630178494001 0.23915943117554844
453 75.4267498596603 0.23910612576537915
454 68.275471933082 0.23913298787573942
455 65.96763497331546 0.23914019474793188
456 90.36137199903197 0.2391884905759198
457 77.15262109585916 0.23934665116864534
458 77.42964577133074 0.23951317415733386
459 60.23304221910255 0.2396999646002273
460 81.43784480177133 0.23977441654451961
461 93.40332756632378 0.23978688109940227
462 67.17449412876262 0.2397392552280574
463 71.97454769813783 0.23967552074854465
464 82.45502387481494 0.23965049381200795
465 73.33618068080561 0.23962407800802216
466 78.6015812989269 0.23959577347687547
467 60.98260705822615 0.23958035425248858
468 88.36091282513479 0.23960029487964857
469 79.56268945852946 0.23955323750518104
470 73.86551584031028 0.23952468798951776
471 72.67850964369612 0.2394441502212389
472 80.62907790481567 0.2393215471305703
473 85.592787148494 0.2391390983707673
474 70.51544694422793 0.23897333295510542
475 78.63313490366717 0.23881143379408276
476 62.8684208231312 0.23867977157257989
477 82.71586325638742 0.23851597208405217
478 67.4936670959795 0.23843238114867682
479 79.71142230603839 0.23837645802901009
480 68.76053592083814 0.2382928641860392
481 66.48645553559022 0.23820865421724288
482 71.64337626229545 0.23812232861574822
483 75.60258865099468 0.23811334850104998
484 85.53561782849275 0.23824694280931946
485 88.24390874778467 0.23838098987708317
486 81.66441083627399 0.23844648392176115
487 77.1621522333773 0.23850958645909
488 65.749766415097 0.23854029315850456
489 74.4761853876448 0.23861548371774505
490 65.27535274779429 0.23866735821298307
491 73.92855310245773 0.2386361402589281
492 81.91356547655069 0.23864678392097532
493 89.95694494054833 0.2386906915868458
494 75.70781653788723 0.23879748286138588
495 73.28232121341358 0.23895587269028334
496 63.133222190001305 0.23913125829657636
497 65.5533413141743 0.23933276831513559
498 75.1314035967003 0.23947000210840572
499 89.1360451045125 0.2395517074971709
