0 251.51173536382356 0.29974215710906993
1 245.12330982466705 0.29933813143248855
2 259.57291239238367 0.2995559435931401
3 248.56615840201295 0.299342287973137
4 286.5513523142356 0.29924096603535577
5 288.50691180218314 0.29912516756064667
6 302.29532979654596 0.2989279353399767
7 278.20292205006274 0.29856633812173095
8 263.21891734064354 0.2981982184249173
9 270.10351941307516 0.2978832442546369
10 264.2795527166489 0.29760789726415293
11 285.38138632041154 0.2974269638619389
12 278.75545738522294 0.2971371445602208
13 244.10954719747886 0.29686289339776095
14 242.32643646130322 0.2966834901450506
15 238.98060277377476 0.2963978082820261
16 264.6328414202114 0.29596795253731434
17 291.807027327311 0.29574133849456186
18 275.8788660247773 0.2955872929209338
19 260.74107282835706 0.29546432675743284
20 245.5400648196349 0.29547310374129476
21 275.48863381067747 0.29539440193572436
22 257.7308432085947 0.29530815424016943
23 238.56047274871196 0.2952225136330907
24 238.41485088457395 0.2950984331829135
25 269.19343190139665 0.2949538765485221
26 248.69855711873964 0.2948826410192619
27 245.8301459532155 0.2947469101110022
28 233.2832897831094 0.2945200273462306
29 248.89596060319766 0.2943685799050059
30 233.15229342371492 0.2941969598333519
31 226.76299773022618 0.2940751792538736
32 230.25017060856828 0.29394440488331663
33 230.0518607952431 0.29390032234699337
34 232.4525076843877 0.29390778584309735
35 223.55881692692532 0.29392410610876396
36 237.3405838879457 0.29379841467415596
37 236.3035918591371 0.2936550837164538
38 228.12740738875868 0.29365676925101025
39 214.158166135395 0.2935252688234021
40 220.21258802604956 0.29341316618344515
41 241.5901489173064 0.2932262238829484
42 249.38630625756895 0.29293790368678807
43 209.87221885749597 0.29269902446090257
44 189.05487585508786 0.2923978943842079
45 220.5828276722017 0.2921295985345136
46 196.20209173634322 0.2917685156018639
47 204.04127693354815 0.2914126891096098
48 224.04463212024058 0.290914529721942
49 207.74807293986072 0.2904117376868431
50 201.0610128916801 0.2900611514307597
51 203.521921759005 0.2896367632621265
52 219.99192158376758 0.2891932884608078
53 167.2798389292965 0.28877144129454957
54 199.73612140446053 0.2884240338783319
55 211.5500366328958 0.28812132917171374
56 190.71890184969854 0.2878024118075747
57 222.72470961138856 0.2874907761882056
58 211.05128045828764 0.2871635503166645
59 181.07624610542996 0.2867957737178682
60 213.51262069984398 0.2864383411190311
61 241.94422677626864 0.28618368232288716
62 208.7463761814202 0.28595365684921614
63 224.7712330801391 0.2856845438531278
64 201.6811769143839 0.2853522830616213
65 215.81856623417337 0.28499705678977744
66 189.92747777714152 0.2846853384330169
67 181.34045775936966 0.2843146850865429
68 201.85477099446328 0.2839076771282872
69 184.2022282417061 0.2834874235918744
70 168.97813391202476 0.28318790458556437
71 211.54036496655382 0.2828849503251899
72 170.085583385476 0.282494363859364
73 185.57488749088503 0.28214834970396035
74 185.8980921409053 0.28184742390409
75 183.68327157402297 0.28167029753951967
76 162.37856661813808 0.28150202348582065
77 188.09873681441132 0.28138100783314857
78 179.55930421095394 0.2811850956382443
79 173.82774554657473 0.2808971274961274
80 175.80344108679154 0.2806050460473857
81 178.6165756883658 0.2802859305040452
82 201.45098296554966 0.27993741719839715
83 195.6277441752017 0.2796742306273561
84 190.45285815088886 0.2793360489013076
85 168.26482918953886 0.2789745220359862
86 178.19670651440282 0.27865652536639657
87 216.78611989129809 0.27830495588921045
88 195.09003495563888 0.27795839590679383
89 167.2133582797358 0.27763342398061713
90 181.5797918322976 0.27737113049116224
91 193.64392540997267 0.2771448057256646
92 172.94444693710253 0.27691379192635335
93 202.20948066331104 0.276582940138773
94 169.46789114934342 0.2762520678844396
95 163.9881566835183 0.27589778296139117
96 195.54029491411478 0.27545725898829143
97 200.29317998445092 0.27504674324841766
98 159.851785898651 0.2746670615799177
99 167.42712190181908 0.2743662685905611
100 181.96659256425684 0.2740346820921064
101 155.72637568310145 0.27370792359161705
102 195.3427743810406 0.27338473845927036
103 181.97968900358183 0.2731023776430258
104 210.7561000724619 0.2728815961921476
105 191.33950238567013 0.2727751122936163
106 192.76773524047186 0.27263973035554045
107 194.16632290378325 0.2724528392474116
108 197.14492911376766 0.272246034325846
109 200.2735228459423 0.2720340937588842
110 203.71675480926575 0.27182895235256416
111 199.54962799282148 0.27168958844715607
112 201.71169239921062 0.27161993786159133
113 206.81836099266354 0.271529137197169
114 191.28125489562677 0.27129717310701884
115 205.56129584278798 0.2710409083307546
116 203.81552804840175 0.27073538192581265
117 187.31338288268606 0.27049429332640207
118 195.28705189054114 0.27027781278411683
119 171.3164580656465 0.2700689440330384
120 205.28058613026934 0.2699360302072323
121 198.21581044483543 0.269830397683355
122 207.94330194864983 0.2698049549745104
123 196.24310372186312 0.2698268812447187
124 192.04007312395427 0.26975918655334696
125 186.2686571323945 0.2697289528008865
126 172.94121045491752 0.2697174143440044
127 205.05916292298417 0.26966755896564826
128 196.31859612642197 0.2696511620984955
129 177.22759751272505 0.26963461319235726
130 181.6569838797223 0.2696564168157881
131 195.3702145783515 0.26968452535098286
132 170.52361002484358 0.26979670749436424
133 214.5411508135815 0.2698723402688882
134 183.89810348188246 0.26999811786157957
135 166.17930790859918 0.2699872696548007
136 196.49049227634706 0.2700026509580466
137 165.92197385174217 0.2699643364684361
138 151.33827442625233 0.26981409987608596
139 187.43454794881814 0.2696197123514892
140 204.86570404514822 0.2694192805671425
141 163.12731774950294 0.26920719880875454
142 194.30557653110827 0.2690229174442259
143 167.27740887919444 0.268871171729977
144 188.65212395244004 0.2687108037808459
145 149.70175232969729 0.2685792590892257
146 180.80096293395718 0.26838640050418383
147 177.73337526618417 0.2681216134936268
148 155.1814496241366 0.26781457808111586
149 165.41852219192438 0.2674909433357377
150 136.54834231220195 0.2670933012886658
151 163.517364691422 0.26670219335787027
152 168.12537189642592 0.26644751386453713
153 161.02716977459227 0.26627219326133783
154 152.3464452191059 0.2661301879351406
155 149.6561291993418 0.26606073818293585
156 166.61915952344123 0.2660045888811853
157 167.61694953609995 0.2658794973264643
158 151.42564862394522 0.2657897723865442
159 173.1863848392033 0.26564687281687177
160 165.12051772785048 0.2653626275171356
161 143.70023531661863 0.2650929874947193
162 160.22629916875871 0.2648588715425132
163 126.28066629460048 0.26465774483960347
164 202.51824874739356 0.2644834394554062
165 172.60735509509698 0.26422956295127736
166 158.15604685274195 0.26399782523559734
167 191.1668608666382 0.26377005053651603
168 182.3158424241424 0.26355628482731075
169 182.30570068848158 0.26341802280769117
170 172.25675632003447 0.2632865951576232
171 186.77517489663956 0.2631054784690392
172 184.85511801880477 0.26291882334978983
173 192.16993113287447 0.26266266649100384
174 187.1532847229399 0.2623504695187349
175 204.95161171648505 0.2619566930692073
176 162.31231509639753 0.2616526840874449
177 152.06726798851963 0.26141769968779144
178 145.86619917296173 0.26127825556607986
179 163.1469304262956 0.2612863611573223
180 158.32160929808703 0.2612895433024752
181 176.22718226545567 0.2612625065283882
182 174.3521175487619 0.2612485018223682
183 168.9668726936825 0.261177200708575
184 163.84649389890507 0.26112891445237124
185 142.3595714933268 0.2610435521500767
186 147.30022595527038 0.260953493140031
187 130.84581515072 0.2608886713013768
188 150.30474187077743 0.26085375078134365
189 160.40515588506878 0.2608091555836589
190 158.93860880397744 0.2607029568230482
191 143.21753151903079 0.26057359014131926
192 154.2820364046686 0.26042123068895495
193 152.78286909649924 0.26024033419173054
194 145.11980523241814 0.2600698613561856
195 137.19921079376525 0.2599247246269114
196 152.57520533128553 0.25976190430550933
197 165.127746558971 0.2596529552358019
198 160.95052296703972 0.259592277598111
199 177.8115331571364 0.2595702466107727
200 154.7787481684659 0.2596439802536993
201 163.78251514946294 0.25975976132982204
202 149.43147457076586 0.259798116724067
203 160.80533319008407 0.25973137494616977
204 136.13270740562615 0.2596642061072517
205 154.12324206547544 0.2596298891126309
206 159.11562388599955 0.2595196070709355
207 148.56327466918896 0.2594079304266399
208 157.2822894286752 0.2592859331747461
209 165.15036983693412 0.2592124145007709
210 162.0161152720002 0.25919100333804546
211 144.7495957520713 0.25922429659105817
212 162.63303690914177 0.2593177562832404
213 150.7611598440638 0.259393580597276
214 155.36290498748923 0.2594919243243089
215 175.3001075367136 0.259505404540475
216 174.31872843912726 0.2595736286769716
217 202.14165128790918 0.2596207879337023
218 163.6048546378327 0.259738047852817
219 210.98596812574354 0.2598652017493742
220 182.40073339917114 0.25996030261048075
221 164.73965754579507 0.26005184772490975
222 156.57121883459462 0.26007657628550324
223 165.06614834027408 0.2600106485920446
224 165.09317076565762 0.2599091493152602
225 202.09718056536516 0.25973788748640414
226 136.39288370554266 0.2596224502255167
227 169.458617579105 0.25957425137857953
228 174.8565022790796 0.2594524869230406
229 183.72352071002314 0.2591446985533466
230 156.13114255719984 0.25888888129188153
231 173.69203271165685 0.2586323215007037
232 144.33181437766228 0.2582757254035322
233 159.74551471447433 0.25792736864690147
234 170.40373438516477 0.2575647918417617
235 170.20134389643368 0.2572378133889798
236 162.2872700425155 0.25695138551741004
237 128.29187029601485 0.2566807121994479
238 144.93676624574795 0.2565004633178164
239 146.13230741449567 0.2562608331278133
240 192.40717515394087 0.2560916054723831
241 172.15173268457085 0.25599464687697715
242 155.25139985047582 0.25591518127634894
243 176.04189529081435 0.2558099992257106
244 139.07538142652368 0.2557671483961601
245 152.19730903939822 0.2557314293137736
246 159.72097991224734 0.2555991796349141
247 175.75048380318225 0.25558375812652934
248 161.74630575126335 0.25555075517225423
249 146.53501902384886 0.25552928245629003
250 165.24894913870924 0.25557017982294783
251 156.62961071918227 0.2556965550756882
252 156.0446528373812 0.25582176134488427
253 196.56882777131347 0.2558578938195304
254 176.04958876471147 0.2558792668650317
255 156.39109888248916 0.25591092336953863
256 184.64657241854266 0.25589735696199417
257 162.76255662534226 0.25593411710291175
258 163.27841962772615 0.2559364940630815
259 162.80699180754152 0.255941626434189
260 164.39322657854237 0.25596608342325966
261 180.96788147586938 0.2559460641009066
262 165.91225424057842 0.25594319622795425
263 178.2114167141982 0.25583600985620547
264 181.95426452362784 0.2557828521877588
265 157.14035772400473 0.2558115957704246
266 172.71036094665055 0.25584489525987586
267 163.133944917012 0.255906104087388
268 178.11776070190285 0.2560500170288005
269 169.15782307511495 0.25619623864838736
270 171.97316993038675 0.2563055780506874
271 156.9718597227416 0.25634230494195
272 154.6679906262136 0.25632869692414495
273 182.41719488614154 0.2563083216460651
274 155.6927915176879 0.2562690565200934
275 175.39794945623893 0.25621545005123386
276 160.1060883977223 0.2562820712006747
277 166.17374076385516 0.25628472236060434
278 156.9298410092191 0.2560782879985072
279 145.13825389888387 0.2557554641585915
280 164.13767373876794 0.255372336476464
281 143.18620908124538 0.2549858405736717
282 135.64865834429878 0.25467246302055124
283 153.86584070997299 0.2543265314931154
284 151.62913046380552 0.25415356224400365
285 152.18226035603578 0.2540307692374058
286 179.41695397328172 0.25391731472671514
287 144.9149393386513 0.25366742361828404
288 156.36556325537896 0.25352426646893
289 165.40097982611988 0.2532844027512243
290 134.7152676848226 0.2530261900828107
291 152.50602208827854 0.25263360753909364
292 159.9855361493921 0.252213864589763
293 162.92130014428366 0.2518948036956901
294 158.50358029055923 0.2516284819828729
295 164.03623139299197 0.2513450556198709
296 164.3910694420473 0.25109214920507406
297 163.6717471260971 0.2508802870384477
298 175.19748828512317 0.25070214451087114
299 166.3084172108251 0.25052496066818764
300 170.4476934209766 0.2503155510907815
301 169.41179012147455 0.25004070437262155
302 169.35946526914762 0.24995369177493004
303 168.58298106264314 0.24975043056019228
304 183.65634506906375 0.24960894963713248
305 191.34532014664458 0.2494060447846912
306 145.1140943715606 0.2491900699273733
307 166.8648495351067 0.24896318746246598
308 161.9808558959303 0.24870934316101592
309 142.2281159202909 0.24854847620995055
310 152.59589327292252 0.24850582313754105
311 147.8997449784618 0.24856021315429908
312 169.47198968646433 0.2486664891528494
313 163.33260220729042 0.24871393883972687
314 175.75656089460057 0.248792558586886
315 167.5559727146229 0.24881936173211333
316 155.25095018418475 0.2488677665118924
317 185.2291474137362 0.2488444223362612
318 171.67540193669316 0.24880540633732373
319 166.55492481712122 0.24878285291635963
320 147.8787824560778 0.24879795915810066
321 172.84552475979558 0.24882215872451574
322 178.59337598503703 0.2488980066058519
323 158.6507829747081 0.2489640262427883
324 172.0363223811882 0.2489683604692147
325 178.19739603708683 0.2489706379372814
326 163.7975700523122 0.24895771721830418
327 156.73985170532504 0.24887793842169637
328 170.20055786472616 0.2486535224780509
329 163.32363697076596 0.24846641507998463
330 144.47164521477856 0.24834090813211018
331 164.2380111367063 0.24823334920491236
332 186.6359021360413 0.2481182357853052
333 167.16331432236905 0.24796450371673187
334 179.40949749790957 0.24779326487736653
335 167.52663943875046 0.2476646383448663
336 154.2320463264011 0.24759729188045254
337 176.23194229898903 0.24752091863655024
338 164.13292491170392 0.2474651165702932
339 147.92630847387176 0.24739246438781326
340 157.35738228308122 0.24730819038651347
341 173.87817998505136 0.2472774904930895
342 180.83419635423846 0.2473387478416389
343 159.81571236867654 0.24741421326210344
344 154.03077069371045 0.24743662305437383
345 153.82665877050462 0.24741253218367323
346 185.7049522238289 0.24742058394177896
347 165.40086060668608 0.24726889952215847
348 142.3841288818678 0.24704181589623078
349 569.044711027951 0.24688127278592703
350 148.04082942812553 0.24680735339204646
351 152.73358681688507 0.24680670576660818
352 173.57024507468037 0.24681301835471853
353 151.75922963968026 0.24684150679447017
354 125.35962101452655 0.2468697671658127
355 162.93688753504478 0.24695032360786853
356 149.53271503640946 0.24706313697228832
357 181.08992667282618 0.24711542805534806
358 140.53182108300072 0.24714567906417578
359 200.75079490366676 0.24717288862962444
360 159.91049843680628 0.24729128618028043
361 159.47982851611243 0.24731953813394142
362 184.3312343771584 0.24744030933898187
363 139.54419832819852 0.2474414742445873
364 160.25574364669535 0.24742953687024277
365 152.69796175889107 0.24733222632961036
366 152.97273632365278 0.24719321078147355
367 138.11616902271356 0.2471422233644701
368 156.07641466736277 0.24707266999718305
369 128.71354366936407 0.24701669690663058
370 138.955464414012 0.24690793918657236
371 155.63594856457183 0.24685112955906974
372 149.29174035683937 0.2468437319305968
373 167.63668710016074 0.24691676517427236
374 123.88222360045927 0.24705309495229535
375 133.51554649001665 0.24707564045116054
376 141.3315102247597 0.24702631433756067
377 158.79592511176506 0.246979054711957
378 145.33193777971067 0.24698437875576895
379 127.95915090542229 0.24691620638141057
380 170.46641619681455 0.24692126068414488
381 147.67815076136492 0.2469815189453932
382 160.9864820978898 0.24703318890206952
383 124.7024570034009 0.24709913537582295
384 156.50781722980514 0.24722061534381928
385 151.5741330883122 0.24730659146153317
386 151.36013040707599 0.24734085862601363
387 132.44548851004802 0.24737849618333058
388 154.7550068433339 0.2473331507018408
389 151.09457637996442 0.24725067165854828
390 134.06479665221565 0.24707734635908973
391 140.41148207513316 0.2468940925000902
392 146.26455171545052 0.2467340792319567
393 152.51312909241926 0.2466753878155976
394 146.81127881019904 0.24662975672237902
395 131.49337936516815 0.24660661762602995
396 147.56600599813189 0.24661267733771725
397 144.2971744770613 0.2466092766967857
398 163.0569790975847 0.24666505035245348
399 150.51261046382027 0.24671176521562233
400 162.18177745425731 0.24665477745532605
401 178.68783656349802 0.24654429444841597
402 150.5507611795485 0.24650983531921283
403 169.781652796654 0.24653189620222438
404 155.12764758198483 0.24663312467798373
405 196.83025418745558 0.2467520397228986
406 156.8694334285491 0.24691017796056955
407 135.70821240681843 0.2469769432090134
408 120.08992545212213 0.24712981257154112
409 139.3710630003975 0.2472302063736794
410 150.18474793953416 0.2472129061311698
411 160.43938166874958 0.2470936817973084
412 141.57369470087121 0.24698742627569029
413 134.0027883210155 0.24684059717878787
414 166.85275866167234 0.24682965729408407
415 150.54669847757208 0.24687194049316902
416 153.72143941748664 0.2467632943036583
417 135.79287747852106 0.24664611527520022
418 156.75320947568747 0.24647815248758215
419 131.47728696464668 0.2463046994311338
420 136.98675620038966 0.2462031568146631
421 135.4548828330547 0.24622779349953386
422 128.38602412825566 0.24627325332065914
423 168.03144360763116 0.24629276310869214
424 143.65671386328677 0.2462754721041333
425 126.98935159456238 0.24632317967686598
426 121.60935558555923 0.24645309020949893
427 137.98286434819903 0.24656549251566062
428 123.11391533268959 0.2465162562019703
429 124.27948009824364 0.24655052749658696
430 135.63996406779188 0.2465734495987082
431 150.09846330871812 0.246732292810424
432 132.88780566314009 0.24708328865278628
433 151.00534814144783 0.24722999947094526
434 113.96882886242102 0.24751350814866108
435 126.67864497219992 0.24773200027593334
436 134.350504533297 0.2478730300469763
437 148.08437585852678 0.24783401971232444
438 123.7975665424081 0.24785367531658126
439 149.31640949876902 0.2478579939704066
440 120.02061060450067 0.2478827168104111
441 157.88705507924277 0.24789800490208844
442 141.0324817877579 0.24798926341594796
443 143.08887051518673 0.24786210255231206
444 133.39489261838986 0.24770837209522034
445 137.3690734645258 0.24762073199845366
446 152.20894107568557 0.24739897243722178
447 142.61395185707622 0.24719599042214385
448 137.16749268630286 0.24713108141609047
449 135.24898723159498 0.24715457395683832
450 142.89340499965164 0.24725159045238945
451 124.11123476953398 0.24732808471490592
452 138.2150248416883 0.2475109370097215
453 137.41447941617844 0.24772344791303336
454 137.34210680248407 0.24799697822370878
455 148.21978393793557 0.24813557393889724
456 167.34607561569265 0.24831218600556718
457 141.09261303108525 0.24852348120868223
458 183.9103477479889 0.2487373275153686
459 137.2857400981965 0.24900057150509805
460 143.96232659243003 0.24913474195795512
461 141.02491087102385 0.24923304602546442
462 143.78356358208748 0.24925732239528403
463 160.10989664624884 0.24926376811068782
464 154.0794634152645 0.2490713341767582
465 168.35644550958995 0.24883169065053193
466 163.33678267090218 0.2485790118489377
467 145.54154271874154 0.2483238848124161
468 171.28685277756583 0.24794348754821705
469 159.41274169118418 0.24763131758034976
470 161.43427573940343 0.2472483205365586
471 163.18084190811217 0.24685603409275814
472 157.92737830952615 0.246433536297288
473 158.70591492739229 0.24612848342255955
474 140.0347896613534 0.24584162530485826
475 160.12376085100044 0.24546853271193098
476 140.31560542134906 0.24499642773093575
477 127.96065671572156 0.2445590551592277
478 125.84782793422303 0.24414871860748813
479 155.9528166340258 0.24366352414861756
480 136.53155365157608 0.24308258499221314
481 127.10250869316765 0.24261875049535553
482 145.20887136533236 0.24226966045234222
483 160.4139365596606 0.24194560358142503
484 168.05995841225808 0.2416263081033791
485 172.0274376099828 0.24107358712749544
486 181.4063242259297 0.24060268048775627
487 187.44205053746236 0.24028776605336233
488 165.81085952115637 0.24000368697779967
489 172.5759194766523 0.23970500015493565
490 164.56104929253914 0.2393805101952322
491 156.61773965303223 0.2390826016842218
492 167.67124851484925 0.2389500784382851
493 151.66118453724567 0.2387798323999316
494 155.89902573403748 0.23857751158523158
495 150.95018289286963 0.23839027377986022
496 165.81179218394723 0.23821142735121487
497 154.22424443108952 0.23806897284661452
498 160.64033137154806 0.23794578888637363
499 155.30149271164674 0.23787612269072736
