0 201.38312938622335 0.3004453544382807
1 215.86845771868133 0.30002762165670455
2 211.21098147467205 0.3002231495036578
3 197.30602003679877 0.2998402777294239
4 161.19183752178063 0.2995583763994357
5 179.3322914064241 0.29910728378154483
6 197.53982461166237 0.2986416617794263
7 181.09178043958985 0.2982044086443109
8 220.40201210191663 0.2978476025298345
9 212.4395200600238 0.2974081869534877
10 221.04478797625836 0.2970675753081554
11 186.24533595772078 0.2966446588117656
12 188.50730614728963 0.29622456397674224
13 198.96247548410406 0.2957316936627955
14 203.56339562318533 0.2952483218076498
15 199.4907751789969 0.2948608290100384
16 181.7036740495048 0.29463908863462424
17 173.86250616329903 0.2943427322652027
18 196.90034862927848 0.2939563218415849
19 192.58491878194693 0.2935824617105516
20 208.86878876102202 0.2932632977755198
21 198.88120705048132 0.2929060861760392
22 191.7318941059026 0.2925379600562031
23 193.50105223608534 0.29220211413931896
24 155.94989739574788 0.29178912756430186
25 183.0464675510533 0.29137684665607344
26 161.1655147259862 0.29106020416418976
27 179.32017980412513 0.29077595875159346
28 195.72634023027206 0.2904674832892466
29 184.7309032223651 0.2901380454740735
30 155.4387373887104 0.28983535289940937
31 174.54757961376544 0.2895410627263839
32 155.68262695266566 0.28906873819862394
33 176.91832617591763 0.2886954500352705
34 162.4201514216457 0.28837498245305687
35 155.37678242025154 0.2880009152505861
36 177.28441707478655 0.2876880079457985
37 167.9675297316552 0.28743392437229576
38 161.21508767859348 0.2871406592314401
39 144.82217388820396 0.2869488737936057
40 131.49342684825487 0.28677409108938723
41 174.95692863006627 0.28660201924085515
42 159.06189975470687 0.28635338032290847
43 166.56666873843471 0.2861157717806079
44 143.44209620356594 0.28588712764341967
45 152.64205483793774 0.28571049046092023
46 163.23151706203458 0.2855251150399534
47 179.55554925099557 0.28548447165269386
48 154.92700019355073 0.28541830518166766
49 144.82115246802843 0.28538372476641105
50 130.9177735411488 0.2852224689203177
51 162.31907709725775 0.2851975387309382
52 147.65581024066393 0.2851067227993943
53 153.749332061876 0.28499008159782874
54 146.81567267867626 0.2849325493574573
55 144.02272718000052 0.28488866959732617
56 145.00031991464397 0.2848399207363166
57 115.63039586971044 0.28482788182024166
58 151.20291999496806 0.2847931731404139
59 143.98791191678163 0.28467395754311314
60 136.2420307706744 0.28453627495757716
61 140.77778459146435 0.2844194116330877
62 166.17455651744262 0.2843361617058389
63 136.21668501118367 0.2843121537074306
64 129.5596145855617 0.28423941634606464
65 166.9971064320228 0.28419914442318306
66 177.1605018294835 0.2842355844683558
67 167.18765907518372 0.28426299135145894
68 158.77323872167895 0.28429715308663295
69 139.72622433933284 0.2843224876002082
70 142.2735812742721 0.2842963657483801
71 162.10258878522856 0.28417831395131454
72 158.5811660067106 0.2840447493249575
73 142.6075728639406 0.28394331287995356
74 146.59980705544726 0.2839488748873994
75 118.70129950107064 0.28403643891458064
76 133.50061439201855 0.28409185678675686
77 151.01249048098546 0.28410225111103726
78 134.66821670634312 0.2841189418891622
79 124.3613120175426 0.2840962717203578
80 141.48072107615684 0.284004950202825
81 125.51520786070427 0.28387501730670106
82 127.14065516616853 0.2837629342072324
83 130.8025112705007 0.28370852934471824
84 105.17920500330311 0.28358329228272605
85 141.71358020584816 0.2833882720253189
86 104.07475455888122 0.28315165432848216
87 121.23857886976025 0.28285292433607967
88 118.46805661225824 0.28268658685200826
89 129.38574919726952 0.2825124447191982
90 138.33514402603225 0.28239689384325745
91 125.07530230889621 0.28222268657059946
92 106.69340449299267 0.2821457710094631
93 122.53384685916288 0.28202095203750477
94 121.51708787331546 0.2820392418719385
95 140.55320858049373 0.2819163085849179
96 125.25353392155176 0.28180319146311406
97 127.04747721756274 0.28164339576181774
98 94.43709439120678 0.28142455463187566
99 118.8400856739785 0.2811679309672038
100 111.95495119666396 0.2808796389976056
101 111.02977004965923 0.2806076218626796
102 98.98766660239409 0.28043052911722477
103 110.81027671819348 0.28034932949443614
104 118.82045794519954 0.2801983464678794
105 108.18350432169179 0.28000137173443385
106 115.65721779254814 0.27972080762073426
107 113.96118466723027 0.2794671725694884
108 118.03822827563458 0.27937208235821354
109 90.21247971626724 0.2793452246709198
110 134.9903770102601 0.27927215898595903
111 97.183919220982 0.27926301282155935
112 133.32806059527476 0.2792159435742748
113 85.00303802331727 0.2791821353683328
114 113.02239070508548 0.2791624638794977
115 125.17910764315951 0.27906126741288784
116 120.914420916518 0.2790673452227897
117 113.00992188803164 0.27897358060054
118 101.66914991137001 0.27890998528112
119 90.60693038644317 0.27886710116703656
120 124.95915590291608 0.27886518432745644
121 142.75681832595967 0.278993463869993
122 91.60022546798098 0.2791383172952949
123 107.62269269998731 0.27927918927146356
124 107.90213081702757 0.2793718521348125
125 120.14681984358202 0.2793339188989832
126 110.90429373961516 0.27925179397995203
127 90.80814383661772 0.2791395359383264
128 118.12315322282195 0.2790640463297533
129 114.50125648529837 0.27908863566080866
130 114.15566733715255 0.2790580896015772
131 113.64661165829844 0.2791291081929757
132 98.68245357204475 0.27913234209433974
133 113.32550483212077 0.27905494959960875
134 107.12682444409118 0.2790452567749734
135 105.68815559134494 0.27902607626342857
136 102.48445722020006 0.2789743457938999
137 120.32049673212099 0.2788989758998822
138 101.03904852821947 0.27883574219829765
139 94.48594077506368 0.27868676420219196
140 108.25407745626751 0.27852932946494746
141 117.01849943128573 0.27836935987640843
142 111.87872596296853 0.2780908029170345
143 93.81677388084893 0.2779363153329518
144 86.5926800491354 0.2776955531189399
145 99.11350984283261 0.2773943891428707
146 110.97402860440337 0.27720289155119426
147 121.41748312424406 0.2769683532957985
148 109.87333758299195 0.2768789242886285
149 108.38161480639695 0.27678863270016096
150 122.48527117237396 0.2766577686670592
151 120.64516479396218 0.27646302989273314
152 112.24461518077749 0.2762840574041473
153 103.08942841006127 0.27605210248237805
154 116.9911566317935 0.27582447390968967
155 103.28349383239743 0.27551720930270457
156 109.79280000530738 0.27532441605282587
157 112.26438383103087 0.2750302195772794
158 118.50971589676166 0.27480476504004914
159 114.37588331454967 0.2745005093419378
160 112.64590381934214 0.2743310832292708
161 108.41546058861775 0.27403568072705287
162 105.00088086993709 0.2738207904227178
163 119.67413788584987 0.2735962348438866
164 121.59416013934253 0.27330403178202595
165 108.3515516954366 0.2730693783125422
166 118.61309722969968 0.27277169311901195
167 126.03480582537955 0.27248860440606415
168 113.01348956694713 0.27231556027866166
169 117.23701807789516 0.27224032330871073
170 107.45559119212169 0.27219887495435724
171 105.58292805402982 0.27221256237486163
172 109.96819266607021 0.27223170848952577
173 102.57515260701267 0.2723323121025628
174 133.76525762580883 0.27246238735482337
175 107.47232057204256 0.2725417470403777
176 99.57689129986935 0.27250739117109174
177 120.78373423653335 0.2723744682307964
178 103.4486960445731 0.272209356218948
179 105.7502326428052 0.2720135568313883
180 107.05270222427623 0.2718988298183182
181 116.34282936158442 0.27174778910863784
182 121.71094146470017 0.27173759214035975
183 124.37515209953278 0.2716220832199897
184 101.72642179833574 0.27154261570587995
185 109.70830702996997 0.2715068561146323
186 137.94734267935053 0.27147269274186947
187 107.64826302399817 0.27138764595546416
188 102.75382237588101 0.271256229098977
189 93.27419576669547 0.2710249319967466
190 99.38781659034544 0.27082848113090474
191 102.18144966330325 0.27068486148863574
192 120.13486570431452 0.27058517668681203
193 87.83428666902324 0.270464910255073
194 106.39611883333492 0.2703486193668362
195 138.1176103147059 0.27022043154534325
196 114.42495383245314 0.2701172626142342
197 119.62060807272127 0.26998766263996876
198 96.16927409786828 0.26986375891495884
199 99.08910741769614 0.2697973241164143
200 111.90369561801944 0.26976877047428943
201 114.06701276408292 0.2698720705108117
202 93.79493879275189 0.26998141951885535
203 100.40231051849818 0.2701013520973605
204 108.03863911418026 0.27021374431159895
205 110.28366324149448 0.2702619809362693
206 75.41766399020597 0.270364708903179
207 114.8634478260631 0.270463437981813
208 85.31661761787791 0.27050341370164904
209 85.1815036731461 0.27049408713324274
210 95.12632484060369 0.2704113291909661
211 120.18292616627438 0.27038200860130673
212 93.85836788299025 0.2703841641051207
213 111.86871773725824 0.27037065902978696
214 112.17649192437509 0.27032067333631826
215 128.37625041406142 0.27014150822967825
216 107.92960104623268 0.26991834606975945
217 126.0978014099465 0.26968813033850436
218 99.77341865627125 0.26950409550053467
219 119.05967479217287 0.2693178041411384
220 87.07168295404364 0.26888562208454864
221 128.0492213848372 0.2684202447359928
222 132.91806495110092 0.26798394553647276
223 77.78681030392536 0.2678323798380967
224 90.74526300397557 0.2676706224901226
225 93.61606732494315 0.2675565027818427
226 88.13521328384854 0.267313690959869
227 111.08502965427682 0.2671885549680776
228 104.85994555845727 0.26716228509776024
229 106.20554975974038 0.26713320987145917
230 102.99867275947915 0.2670788896142054
231 110.17205235474947 0.2672340210276995
232 84.85790412047524 0.2673307221145861
233 99.54262712211569 0.2673748552950376
234 107.67944655081591 0.26730419218073076
235 120.01226034938972 0.2671828627733404
236 112.85669982700104 0.2670695472610526
237 81.71668436860469 0.2669908050195431
238 110.32203437835852 0.266888167484316
239 95.62319601307408 0.2668265000015052
240 119.1060938543009 0.26691676329592967
241 108.7647053347677 0.26688917170098925
242 116.78965690208193 0.2667518682528437
243 121.3092357301476 0.26639404659991645
244 107.59746642074 0.26611356787598417
245 112.35730176762479 0.26589115712927397
246 122.24200343673925 0.26569411625578715
247 100.76921963214903 0.2656061788051973
248 110.2083707366854 0.2654148050154274
249 110.28605233925373 0.2652133881092603
250 110.60027461537834 0.2650989554717408
251 102.43204928120083 0.264969633802138
252 113.59942438698945 0.26481477000352305
253 98.36571702134783 0.2646138737529753
254 115.85221082514556 0.2643949835843661
255 110.53494224233239 0.2642194251163068
256 103.78924907757312 0.26403858009969716
257 108.91703626405081 0.26384313456664826
258 91.85615570023306 0.2636779391315822
259 107.93353744635601 0.2635151842025919
260 101.92013727299985 0.263317907126581
261 115.8347756582433 0.26313986604549994
262 104.28337827168815 0.26286537269964677
263 134.216297313643 0.2625526950636301
264 95.59980140622 0.26218298313529237
265 110.9650887366906 0.26184172109873205
266 114.42007695573054 0.2615065006565494
267 100.07644374247323 0.2612485496122229
268 101.71409208166116 0.261017150575107
269 113.32413966314954 0.2607739634643536
270 118.99882127315695 0.2605121145711208
271 83.29426905919304 0.26026478650188367
272 105.90449641264685 0.2600413883597851
273 108.20104673408972 0.25986870235250126
274 98.36585726383376 0.2597189516256442
275 108.56927597196696 0.2596730742899415
276 102.09151700263682 0.25971955018635695
277 134.93330346255397 0.2597608347935293
278 115.98363147924448 0.25964208492225693
279 118.1350900448521 0.2596340687417916
280 132.12463590168224 0.2596295601754137
281 100.32736325904898 0.25969091116918885
282 105.54616786830462 0.2596410571280726
283 109.25108315883611 0.2595341739421605
284 123.62802196599833 0.2594143795049466
285 127.99675035584981 0.2592988958710428
286 116.55782386141682 0.2592255632180581
287 100.04541226841157 0.25905907209092793
288 96.29970779729538 0.25886572092424337
289 92.50802898582994 0.2586426897466584
290 110.74193508043723 0.25843567645381943
291 106.90972097349587 0.25819321187141364
292 125.04585927352468 0.258042576197579
293 125.85608562252409 0.25792310773055144
294 94.22910123959636 0.25788054492004775
295 107.3973518653998 0.25781163551194597
296 123.07101900244567 0.2577773463643255
297 78.78154650561945 0.25775173729382833
298 93.16932057369078 0.25771456662725956
299 96.62575811510096 0.2577854028196942
300 99.97849522769621 0.25785527173686407
301 126.79436267817903 0.25811279776199403
302 73.40421362992339 0.2582466772030823
303 110.277571308833 0.25836969629219797
304 86.28216751503834 0.2583431903302781
305 102.11136110613694 0.258329709575739
306 91.8491983019365 0.25835781652739354
307 89.64890976793367 0.25835364411758
308 110.97342163394697 0.2581772638090297
309 105.13258468605471 0.25802729218191156
310 110.07822116113165 0.2579215172451884
311 93.63041914806567 0.25789103315846224
312 90.07478339765706 0.25791130322796485
313 94.93523704453179 0.25792381664862785
314 109.72621628797847 0.2578337295264199
315 105.70824468803647 0.2577553141981036
316 96.1667646604716 0.2576309554875871
317 125.11852491346579 0.25765900787431123
318 76.0709426208364 0.2576751173334493
319 95.78068011539438 0.25764723526284194
320 111.14424131933887 0.2576695648876603
321 117.28849459913783 0.2576731347500441
322 92.94052529432173 0.25760611891802343
323 131.9250800118902 0.2575561225437909
324 114.6905626485416 0.25742184742544477
325 126.92520975515723 0.2573465996174927
326 105.8613685341186 0.2572403027450154
327 103.9318278378401 0.2571689645343063
328 96.70453629768846 0.2571773615259564
329 96.6194305268585 0.25717902347130234
330 99.98998190403955 0.25719480399645034
331 100.62522140825581 0.2572080617723578
332 112.92116779322642 0.25720083262825
333 97.96725079465264 0.2572539440800316
334 108.61345406069057 0.25727617942323877
335 101.67303059488628 0.257304085746095
336 116.28339352716571 0.25732141969546696
337 100.43793991587361 0.25724868012208285
338 114.35392111816222 0.2571328796982777
339 124.59405636042382 0.2568415013860967
340 121.03131332312608 0.25650083899925386
341 124.34943739760199 0.2562698683450544
342 114.4266826237812 0.2560785726149686
343 94.35550956218857 0.25582846802697395
344 107.10074279047063 0.25558121555414326
345 110.09629743838104 0.25542974680257347
346 93.23430250058074 0.25549734345569186
347 115.17305332558415 0.25545294030904575
348 86.23100656415758 0.2553342015490212
349 85.90794654231388 0.2551486376024359
350 134.38514798264526 0.25486223451745355
351 109.15133484594007 0.2546480725978496
352 106.21764358811203 0.2545127321084869
353 81.85640842968942 0.25447517489094784
354 101.27375724789738 0.25442298670616215
355 113.08145433082339 0.25434283735923535
356 92.05071909955518 0.2542434854507418
357 146.93003834368267 0.2541890635188617
358 83.03101215411735 0.2541605205437426
359 103.14474627206957 0.2540751159739555
360 85.9860210819102 0.25409207859144955
361 104.83935221556585 0.2541842571631464
362 97.69755063598343 0.2541781430032428
363 74.27347589569413 0.25422925697855564
364 119.3721672905311 0.25434062786006345
365 116.74345391541186 0.2545109586706818
366 101.52824438673497 0.2546645659203909
367 75.68205287092172 0.25461467651814707
368 75.53270423302251 0.25459015410779506
369 109.56617369492847 0.2544341899438359
370 84.66514694946653 0.2542841026316363
371 80.41913419690448 0.25426470399880674
372 93.50224881698071 0.2541741280403127
373 92.11969091831315 0.2542170099920538
374 87.10347667154487 0.25419703629916723
375 100.32585840756147 0.25422871371036426
376 80.23932905558965 0.25434552527299553
377 96.53485510956415 0.25446303606900567
378 108.82898327596419 0.25461488160018875
379 115.73215985786837 0.2547402119635882
380 107.51894825696527 0.25483578653152283
381 93.22760025573076 0.25486662091685763
382 89.53236401212304 0.25491742007465246
383 147.25873881270974 0.25506421673236135
384 90.27564774961543 0.2551757612471235
385 73.0915515029375 0.2553210072911956
386 87.37632288529548 0.2554870429228271
387 125.12910189945615 0.25560390828515567
388 95.8770308479913 0.2556668081535845
389 101.04908369660728 0.2556829213481817
390 120.15314812050747 0.25565030197293265
391 101.92530295150308 0.2557439496058531
392 90.96442430540401 0.25584888881201395
393 85.60728661432276 0.25591585356213314
394 101.36741290556151 0.2559218458386856
395 96.55611329682262 0.2559187213801612
396 88.40007679507588 0.25584875988669176
397 91.77723885110208 0.25571915106214743
398 89.61880215799928 0.2555515940392007
399 82.30835032918526 0.2554057739744478
400 95.37434215492303 0.2552195194028552
401 80.21162687860436 0.2550068096814845
402 104.51887719643352 0.2547972414586749
403 84.51646533352927 0.25460875095531543
404 78.85678394608703 0.2545423167675373
405 81.24527531027854 0.254507045600927
406 107.79990735862563 0.2543996025628476
407 91.43008118791164 0.25440101820788547
408 87.1905165456055 0.2543323160774815
409 85.8306750728411 0.2542191977615209
410 96.25839139474874 0.2540584937187712
411 85.7296269112848 0.25391035354611935
412 62.538815075211424 0.2537500412994185
413 62.092919533713484 0.25371334579161736
414 92.16261690335259 0.25369756165920837
415 67.24129534579848 0.2536861789421371
416 76.58566014859002 0.2537036552678593
417 67.64650511198225 0.2537483607491704
418 65.45291800379738 0.25376072334457866
419 65.98474602547658 0.25376007713417437
420 85.68338987861199 0.25375664697035116
421 82.02287446537981 0.2537708632436771
422 64.01187578255437 0.2537082052023893
423 75.52311050255031 0.2537600438629294
424 91.57013977903264 0.2538692052353677
425 75.43026204695425 0.25392655445992973
426 72.60892480120977 0.25394178547596247
427 85.97658954165608 0.2539218084009483
428 69.18485300896904 0.25386003911847244
429 88.15821825868198 0.2537500726409605
430 82.0923409427943 0.25372315342849927
431 81.3834682272867 0.25367262342223346
432 78.06215964754068 0.25365342641013666
433 68.03938475528062 0.2536509656241322
434 80.86080697106686 0.25357977749582217
435 71.01682235224209 0.2535040837075281
436 89.15555544859373 0.25341517796477747
437 85.11152958483191 0.2532918526860669
438 67.83964828029649 0.25324862683057847
439 104.67642322578415 0.25290903460063124
440 79.49659986209869 0.25265946339436907
441 88.40459725898782 0.2524180418561395
442 78.74083254274612 0.25220991950389826
443 80.56573147018216 0.2519665824061864
444 82.37354458161164 0.2517646038561819
445 85.6685265555582 0.2515628683768871
446 95.4448459360068 0.251421455699931
447 79.8622795801467 0.25132047700567767
448 87.0143453755947 0.25118445463891675
449 81.42579965494292 0.2510231332098387
450 76.18598580629725 0.2508808959641404
451 66.68961605954935 0.2506620925420725
452 84.4813009429352 0.25042169031090544
453 85.89513452369079 0.2501665521899883
454 84.77056052310598 0.24993633883754351
455 86.27322296797632 0.2496458221060408
456 86.01031484125954 0.24935179736715668
457 92.33405569897948 0.2491600344333729
458 89.52405512050386 0.2489108786344772
459 96.26563830673265 0.24869482073761226
460 88.79448271429527 0.248608883370134
461 94.53570404983994 0.24849696453956385
462 87.57480351396558 0.24841439666948179
463 83.99182255558617 0.24838048454769163
464 76.49868027998676 0.2483054920544196
465 86.07562397626407 0.24821216125901435
466 82.05404775354955 0.24808973402269824
467 100.55619575484499 0.24788314283739643
468 107.11174779822895 0.24773024106492691
469 118.94345729346063 0.24753505176307194
470 112.83398946417847 0.24743494111092335
471 115.43456784430813 0.2473248628110025
472 114.57628722615937 0.2472410489302957
473 127.42737469202464 0.24708035530945938
474 112.78813838784185 0.24701438663332845
475 88.41080725869224 0.24701455941928513
476 119.97413330239084 0.2470294274747324
477 126.05199700037315 0.24688346668722214
478 112.32896189997895 0.24673446172752728
479 96.41905961771862 0.24658261339208898
480 134.81156323121184 0.24643697730203898
481 87.7906143870722 0.24636666245763034
482 98.63457288476545 0.24630528206718358
483 111.30792379165258 0.24623252517142855
484 108.55622817805622 0.24617998500460264
485 114.20364233894752 0.2461119822661334
486 108.96122245186625 0.24605185743825467
487 115.29717608604798 0.24590368341451194
488 120.2436658921735 0.24559719507098438
489 104.62870873733716 0.24524141812934241
490 99.61999299463302 0.24494889996053745
491 117.3409684592643 0.24444596851057432
492 111.82855706578383 0.2438713974248317
493 86.03520952670266 0.24343457366892943
494 102.48487745224313 0.2429721637858394
495 103.37494217919864 0.24254091441580233
496 91.38701957933348 0.2421721204463214
497 117.47125874954037 0.24178759121884638
498 87.08882308017499 0.2414544586428098
499 101.72820151137938 0.2412154005228792
