0 77.05821549066297 0.3001718950887841
1 76.81974031285166 0.3006690573624568
2 84.35373934109245 0.3007832732272891
3 74.72626030846592 0.3009271477464517
4 83.4479764011802 0.30101191507283986
5 82.11797473501214 0.30101776893022764
6 88.436130107703 0.3010685916610489
7 79.47023697986464 0.3012494843113617
8 82.38019233281372 0.301404510406653
9 107.73488030312812 0.3015012621789674
10 85.80141956060758 0.3015423340920383
11 89.70779482369483 0.3016059215690537
12 89.97212870768803 0.3018743182156367
13 79.72390079054603 0.3020269727631248
14 87.89901947442232 0.30216779219425227
15 94.26009720977899 0.30225846973687576
16 70.1955163019546 0.3023546625238666
17 95.59867967740114 0.30247065243470267
18 83.5484023969075 0.3025510468200121
19 84.81194002465972 0.3025978567285252
20 75.76695655093107 0.3024674312967612
21 83.58963094883548 0.302242959932912
22 77.79905180854308 0.3020181075457301
23 77.5415246604037 0.3018456444515824
24 75.06985031575175 0.3016318835662461
25 62.1272414543958 0.30138216255080524
26 70.56209467066513 0.3011816698876975
27 65.87207142051827 0.30099835829793314
28 68.42118641660673 0.30090037022573074
29 91.20551642790457 0.30085310151565153
30 71.62572729676381 0.3008861078184812
31 77.0653991942745 0.30090949824540786
32 73.34227654657933 0.30091853388790574
33 83.25487883515076 0.30099519967813554
34 47.8513001216417 0.30110252672544885
35 72.70801425304704 0.3011625083164235
36 65.18302981936179 0.30125498340847734
37 64.38225107484054 0.3013387512094249
38 68.91102214963695 0.30140577260835877
39 53.37221177140937 0.30136984277206275
40 71.21927036772203 0.30114755587899317
41 73.87316160165774 0.3009249054633393
42 69.98965504906295 0.30075086686228714
43 71.3925752653834 0.30053288253488064
44 54.78767463205662 0.3003209252056324
45 66.77272949903114 0.300097312604541
46 73.2477105677389 0.2998804252160325
47 63.193632985917624 0.2996284053738326
48 55.14615869618622 0.2993653497801797
49 63.14603437385699 0.29911150769372635
50 76.34018951252663 0.2988658177935983
51 67.43002039885616 0.298605125621849
52 83.88317640871827 0.2983264720673741
53 70.55059242735346 0.2979582077074075
54 62.19587064146865 0.2976733354511785
55 76.82688312823154 0.2973950424810104
56 47.38590327410533 0.29718767586612294
57 57.714827048182286 0.2969900809602963
58 68.50998773623945 0.29686760612728563
59 66.45864860142204 0.29671281601800015
60 57.29548636729004 0.2966713210596169
61 50.44422753644433 0.29672231574217345
62 61.78874133637477 0.2967906630030714
63 53.191794992133936 0.2969024766088011
64 56.65397043918169 0.29697636560179647
65 49.83274725998195 0.29704535410934896
66 58.45251051476167 0.2971104610884985
67 56.19617584634904 0.29714171385634996
68 44.363751357298526 0.29708350866886596
69 50.66602875802427 0.29702169475158535
70 65.02371955230689 0.2969291948461806
71 50.52418378377918 0.296842195147093
72 51.96692506639366 0.2967917789950731
73 51.949221301126585 0.29671691237715253
74 42.08809916047783 0.2967213454363251
75 48.824153708820916 0.2966886234060642
76 46.96489461854824 0.296662184631141
77 40.250638187576826 0.2966103478685906
78 52.009341942582296 0.2964741580682369
79 54.9028958983109 0.29622414383744144
80 57.74881175689994 0.2959996559798339
81 52.28993878742785 0.2958541082604338
82 47.889419209771695 0.29567667973925077
83 62.2706501912421 0.2955378300581451
84 61.773152637624946 0.29540786014802617
85 58.967972055560224 0.2953008648870537
86 62.42730161812945 0.2951948389088251
87 62.59442623640828 0.2949792397014835
88 57.06409069418727 0.2948448006328508
89 53.5433518237373 0.29458284857074846
90 57.77003202491447 0.2943071209084565
91 56.705728777435894 0.29410152978842247
92 60.26153966267428 0.2937210865493208
93 57.73314200765455 0.2933740068320568
94 52.18886136065005 0.2930352720120884
95 64.93170978301991 0.29272950943518894
96 40.85468469139337 0.29247137954482155
97 60.32131146978318 0.29228428801773715
98 39.0544154159935 0.29207700639872797
99 35.46758379788814 0.29184366852131755
100 52.202089334198604 0.291468451163239
101 53.072554792501435 0.29119779547237107
102 35.3826351499719 0.29096334054460377
103 47.62632156332536 0.29075316239050797
104 33.63326659298217 0.2904919709276348
105 48.58962134056348 0.29029309296489897
106 46.62049674817924 0.2900658029810724
107 36.96458319975129 0.2899075818603367
108 35.9439532626263 0.2897081162556223
109 36.66972257943028 0.2895512984257442
110 35.27910738159002 0.2894089718129566
111 38.360142494042336 0.2892730812008548
112 56.41544089455482 0.2891583599818964
113 41.302458082523756 0.2889751220567181
114 44.555540762717335 0.2887217409962877
115 38.26995102576139 0.28852034746524263
116 32.850677277446856 0.2883888175233383
117 32.312115834982976 0.2882927597050369
118 28.421816221921837 0.28821409407810855
119 37.61302569660357 0.28812287204823467
120 42.66689925697404 0.28807695394890626
121 35.01903029986371 0.2880993850793144
122 29.658368753395116 0.2881203779944938
123 44.11545374598744 0.2881577261382399
124 40.249929270851325 0.28820080602481957
125 39.1173279326686 0.2882087007391852
126 43.16070220075837 0.28826895560542015
127 27.632985366445112 0.2882903016062672
128 31.16352103699327 0.28840785129294916
129 31.920278722831213 0.2885148304043339
130 35.387130957970356 0.2886358335379689
131 29.90016357373132 0.2887133704205831
132 38.800535268496894 0.28873394606467656
133 35.04043151488037 0.2888199355704562
134 41.88550169757432 0.28880032319378457
135 39.41103781363796 0.2888487482687175
136 29.54412469702474 0.288951027138151
137 32.01707911129267 0.28912179812887745
138 37.51463127952691 0.28925526557698705
139 28.109212834479525 0.289376094065233
140 31.187661176349856 0.2895337508977129
141 31.193685755014563 0.28968877328097264
142 22.175137279885256 0.2898070174257483
143 44.8334255627194 0.28976562786626053
144 37.57159351613636 0.28982547468988945
145 29.4226323516562 0.289862190558207
146 38.2634937689445 0.289856989722235
147 32.71289402500979 0.289839606178269
148 35.974663457499325 0.28983665343657666
149 37.28891082865668 0.2898317098132042
150 47.67716323392666 0.28982766121940806
151 27.784815138959857 0.28972670341179296
152 56.505213070573475 0.28950987371549103
153 44.80606720988935 0.2894252774362827
154 55.66541391386764 0.28951145200216655
155 33.18904427483276 0.28957156062054734
156 34.933884767889715 0.28955589091317013
157 25.26705178307961 0.28950333402396783
158 39.89497346568466 0.28952834189260807
159 38.11448898095583 0.28947500913422247
160 40.7644419682685 0.2894215172894281
161 46.97943210229644 0.2894093180964727
162 45.869551613114 0.28939407384062005
163 36.71681269896052 0.28939226631064136
164 45.8897464478556 0.2894244866426489
165 51.71486646365186 0.2895695423100987
166 32.64568956777116 0.2896854924439788
167 44.768306624188796 0.28974271091401954
168 32.93688817950094 0.28973413668978204
169 40.34563183824737 0.2896734521892614
170 40.25976511087568 0.28971851324393577
171 42.75934122630841 0.289763980463755
172 40.07937004222235 0.28982656038410853
173 45.41656833549813 0.2898487304988154
174 36.47275105998463 0.2899045627646381
175 39.72007933326294 0.28991660110354056
176 29.289033977419596 0.28985164396969965
177 31.459950551858263 0.28981730055767324
178 35.99503467527875 0.28968790983477466
179 31.529711194733483 0.2895255030361486
180 40.30860762884372 0.28945065762951844
181 33.01898829310841 0.2893776523335381
182 45.30946468237178 0.28929002244618635
183 34.472003441008795 0.289196382416217
184 36.935796445574624 0.2890565041681079
185 29.626127072676834 0.2889530995638321
186 34.14809966072469 0.28889397932497946
187 34.4961652889512 0.28887276980968624
188 45.046562000943005 0.28885252673570927
189 37.1410757322717 0.28881082766067273
190 31.195513897622988 0.28888730805275376
191 41.33422145707499 0.2888828656882066
192 33.920547379897535 0.2888359700197463
193 38.444084730021295 0.2887528017511256
194 30.833538374114227 0.28873426479443504
195 35.259871124860645 0.28871056579069154
196 45.33078773746486 0.28870034980194187
197 31.692197354132603 0.2886808606279816
198 42.20760729261301 0.2887234066292318
199 29.843450642967404 0.2888277573264215
200 31.160837035307186 0.28893622783534956
201 35.88563841275936 0.28898091615047833
202 34.79078434781788 0.2890268348205339
203 40.097863830371594 0.2890775664545486
204 39.71931493285326 0.2891964579995128
205 44.41245321580118 0.28927002037959204
206 37.51438806111902 0.2892785031704545
207 30.684034606959138 0.2893163958120622
208 36.19442979673453 0.2893445698056577
209 24.406410706700704 0.28943415907490017
210 33.29264312778856 0.28955266930905493
211 28.982969143790015 0.2896190910872026
212 35.96864445614896 0.2896147751417493
213 29.514571611784834 0.2896612855399083
214 31.898840754386896 0.28971835553551933
215 43.62015005626566 0.28975692325719854
216 46.7989728008271 0.28985996123071406
217 31.41481595730761 0.2899978970727481
218 48.031710462522234 0.29018440696401876
219 48.2342113449985 0.2904218857912275
220 39.79417601238645 0.290646028668768
221 40.14077224606109 0.29084140089028154
222 34.99170943856559 0.290995945463584
223 47.58535703020587 0.29114908983417
224 35.756732738919695 0.29137683766768085
225 37.93957735805391 0.29166311071964884
226 30.06781860216485 0.2920703796186306
227 27.05831507331829 0.2923731013589122
228 26.322467223837876 0.2926155005633351
229 30.665691840336883 0.2927782815443593
230 27.61206450144101 0.2929217111613804
231 25.202976095959023 0.2930860770847664
232 41.475387994480435 0.2932301109115752
233 30.874413147448685 0.2933889341070522
234 40.84290905634913 0.29349739249713275
235 37.12229266807505 0.29347743251608416
236 29.22407064337763 0.2935049945854846
237 32.15453290991649 0.2936369145440343
238 28.188006413319677 0.29383570123725783
239 24.599862276022357 0.2939917498137486
240 40.25298428361457 0.2941068659713492
241 47.373699060180726 0.29434370265733484
242 33.22931876458581 0.29456036777769723
243 31.53590210982093 0.29483992967361616
244 32.326756659760925 0.2950835425032268
245 33.28182187965619 0.29527627209334156
246 30.205747212973932 0.2954059519233821
247 41.435112648414474 0.2954233490735893
248 29.295796354783114 0.2954899849601877
249 39.24786912956455 0.2955119710530974
250 31.471341389716795 0.29553135899925337
251 31.355250852272903 0.29555701668115647
252 45.02020834347047 0.2956027286925734
253 29.12330761356407 0.29573181133633636
254 33.55960313960127 0.2958667120546601
255 42.13610186346815 0.29609031117362483
256 35.43741379547059 0.29632937274320165
257 40.03718361789835 0.29651336874042605
258 27.45770120958525 0.2966484551705211
259 33.75146249644696 0.29677685107083934
260 29.187843216064024 0.2969865673878244
261 25.06621098013488 0.2971445906666427
262 29.726369865299496 0.2972458821531676
263 40.53282182665391 0.297368874345823
264 28.384420156295448 0.2974338512068941
265 28.41973903279492 0.29755998272386575
266 41.32763045627639 0.29768012573462616
267 32.911314086813384 0.2979378392564805
268 37.19006613283736 0.2981598020849551
269 40.94509298990851 0.29828138983529223
270 26.13899870129302 0.2983385930910525
271 39.94443953290247 0.29838332664412
272 33.82585436895222 0.29835751019942924
273 44.99352803373934 0.2982463474903297
274 50.43202218155525 0.2980903088297026
275 38.87288917175116 0.29797318030742614
276 32.24980596927745 0.2978785092253264
277 34.26014755458858 0.2978729066145745
278 44.43829362824491 0.2978929603475901
279 47.44690349554901 0.297873411838174
280 52.42065889122694 0.29787231895208205
281 40.151067282926505 0.29786261073729975
282 38.82429906117916 0.2979523563273719
283 35.2474339483497 0.2979560841740682
284 42.44681472005546 0.29774930045202813
285 39.89227666861766 0.2976182320640727
286 41.0797719187575 0.29753656365601877
287 33.516638821304525 0.29744201228011935
288 47.291192013253394 0.2974458939762282
289 37.630792295313654 0.29732434180830225
290 33.155905485415325 0.29727647656668793
291 34.759831626243155 0.2971617055736127
292 21.40800501400537 0.2970868922176986
293 28.75585956116744 0.29696408647776706
294 22.139817033983782 0.29671288247036864
295 31.433806733751958 0.29657981349577817
296 31.57077526183909 0.29645520439030987
297 45.25608613904913 0.29624896980401244
298 27.77523383543717 0.29604693683447425
299 25.751928874765884 0.2958388049331462
300 25.647540836753482 0.2955896971035793
301 25.030528025285186 0.29542562123752697
302 21.531722020795605 0.2952527294380219
303 41.092655509312934 0.2951431709838699
304 30.596908493320324 0.294968050931989
305 38.6672034306521 0.29482879119532607
306 31.958424384382415 0.2946083627776038
307 30.1800063725804 0.29439214343528924
308 43.972373450748165 0.294147012643692
309 33.26741070596127 0.2939609411828768
310 42.13946510399788 0.29379277515576785
311 43.543157528212845 0.2937270804960805
312 23.802751008878907 0.2937915758920359
313 34.02055505331856 0.2938595799060206
314 39.60455723677414 0.29392857563451086
315 40.27912126833769 0.2940458835604924
316 27.698650509518853 0.29421393569729287
317 30.379627522870244 0.29432759368137273
318 26.943571357781448 0.2944502768223143
319 21.40633131335632 0.29461230165248553
320 28.153168491237018 0.2947827288089041
321 22.061287486709517 0.29486024213977374
322 29.823168812884628 0.2949748518597438
323 19.025864868929816 0.29505437909561977
324 19.920022947836557 0.29522418120502114
325 30.267412747172575 0.2954337106788903
326 22.068175216022034 0.2956410539399849
327 16.49784256224363 0.2958424778248145
328 21.907592672644007 0.29609587136924737
329 22.879739769213955 0.2963211972739233
330 28.371578377412582 0.2967113932208648
331 25.01058511187141 0.29694346408257716
332 29.12142013849884 0.2971081961153163
333 34.79668730684851 0.29712512356281257
334 19.703753822191437 0.2971107973479235
335 25.294415079566352 0.2970874016537855
336 20.915002651764908 0.2969553433852532
337 30.583685305961556 0.2966686268305654
338 23.261867705455302 0.29638165988141113
339 23.07681777269289 0.29607019940997964
340 20.92922546053269 0.29580988696673743
341 31.232339738754593 0.2955364584416645
342 24.581596169018816 0.29521656939549473
343 30.677400784355555 0.2949933019095503
344 22.7616375628795 0.29472592788784446
345 13.658757590951355 0.29457224211861005
346 32.9205495256145 0.2944330098823205
347 24.928612061220377 0.29423747377864656
348 41.711007666813664 0.29393322753998635
349 25.11241294333147 0.2936539486032051
350 30.40388826589301 0.29343023844675503
351 21.986134389077932 0.29318148876913946
352 22.14918837195794 0.2929359068925634
353 28.363768326518745 0.292732870908668
354 26.34281279494796 0.2925400245481489
355 26.247238826316035 0.29228105657259346
356 29.141502257969993 0.292180754276786
357 26.967122339462545 0.29207841488524944
358 21.554237128692076 0.2921636120315243
359 35.14714269793047 0.29233404617449826
360 35.02832906857884 0.2924710276459772
361 32.48960328383302 0.29251220430973507
362 35.9309438621126 0.2925536910907027
363 27.52108831234483 0.29250951118291224
364 27.613398688343572 0.29263274865901473
365 37.658155446559746 0.2928330044640259
366 32.79437338552223 0.29301004248279455
367 29.440926907796765 0.2931572832442119
368 40.92540693685042 0.293241148447841
369 25.36027253818375 0.2933664586836246
370 32.735645997579695 0.293569730391181
371 31.155581420119987 0.2937766674449543
372 38.39020150775798 0.2940146557039523
373 34.39441957826851 0.29422837524194495
374 28.898952462602445 0.2944002461087225
375 21.250151547122876 0.29461402284728383
376 31.14546377816419 0.2948688170288067
377 20.618939375915573 0.29506422294913587
378 27.614842357259676 0.29524685949857693
379 23.500183739371735 0.2954152262615767
380 30.288384558817775 0.2955713866974636
381 21.315605408699923 0.2956859318830686
382 24.942278316841886 0.2956734897687794
383 24.086424153062946 0.29549959323091174
384 31.24039379230925 0.295328753107452
385 24.79961096171805 0.2952115942835413
386 34.74163158776321 0.2950685453239912
387 22.54990670176393 0.2949770065676578
388 21.342458129114895 0.29489981919734737
389 29.421464448388363 0.29493026929997224
390 23.60088953901938 0.29504284423790533
391 33.32903158020364 0.2952904795564722
392 24.469671493113054 0.2953951489921111
393 28.563613562775593 0.2954441934731425
394 22.30609603925714 0.2954182199624413
395 26.310625181591234 0.29536610327006524
396 31.044563819899416 0.2954331206770472
397 25.80459439357966 0.29547302816665344
398 21.780051508480987 0.29541090820643606
399 19.194275490698796 0.29547587093824923
400 16.12926881349381 0.2955488698941334
401 19.629867566734404 0.29566336713400504
402 22.61891855294393 0.295810346472767
403 21.768945867546687 0.2958578327442026
404 21.242907246876086 0.29588476031157684
405 19.460840107642383 0.2958533773627577
406 20.740829445725957 0.2958698307132373
407 22.10564434767612 0.2959645757668765
408 24.507728727042927 0.2961306443178802
409 18.873952338940576 0.2961601909055729
410 21.096572711661114 0.296268765664862
411 23.073131058798225 0.29628723785301564
412 19.936030855100768 0.2963081114646561
413 23.22509261469027 0.2961480167677086
414 21.664376144741517 0.2960191892709806
415 26.990192686058094 0.2959428170825631
416 21.638595949605882 0.2958663330663262
417 25.434098972932777 0.2958320640123959
418 25.619831542934364 0.2958057483811638
419 25.4964763070666 0.29570338391157497
420 22.325064905214624 0.2957518501885314
421 26.61108029164366 0.295799060370531
422 30.340521406700017 0.2958344573096963
423 29.162045949462758 0.29593507523461415
424 29.156074578054707 0.29582736725659387
425 22.119500276626965 0.295782157536077
426 33.58069225081573 0.2959275232083967
427 26.650317498335532 0.29615670984723413
428 27.911368799470537 0.29632090487328344
429 26.96217436269044 0.2964062311298129
430 24.455652646032448 0.29657055970157126
431 19.95204802837528 0.2966479816416822
432 23.363871005562775 0.2965794026319249
433 30.73967047414634 0.29652151485389394
434 27.51403239900407 0.2963151646275224
435 19.954680857426027 0.29611495653444303
436 13.937370995165761 0.29598673544354526
437 21.009231850098228 0.2959468447002978
438 20.66108351802002 0.2958485563308329
439 29.056438525451753 0.2957873133403015
440 22.662592136776972 0.29568551348958544
441 31.903625061001467 0.29562178178221965
442 23.797224946493003 0.295573915461742
443 20.916398114877452 0.29557397227851473
444 29.074594483804113 0.29565828397081356
445 21.78739325210727 0.29573591524526494
446 23.78991403014531 0.2959221362801642
447 34.231017536342605 0.29618821080343904
448 26.989777449979034 0.2965257599093929
449 21.164515269815578 0.2967831451602334
450 23.149305379715443 0.29712555868302604
451 26.813860137337368 0.2974368153488544
452 27.987312872954337 0.2978006044103282
453 20.27672479465862 0.2982152863369812
454 23.63457754328335 0.2989052048278655
455 29.925170686791514 0.29959267413231383
456 19.548736332700848 0.30031945405994936
457 26.990004042083307 0.3010915388236601
458 37.370420376741315 0.3017862328632435
459 25.6054449561186 0.30248902762661234
460 22.52963998788222 0.3031913506660852
461 19.56711252015859 0.3037299923699939
462 24.738898150659963 0.30414091955463457
463 25.418227352373812 0.3042987304695441
464 22.82270754820284 0.30436316337608543
465 26.72427300108231 0.30449573718443584
466 19.370202770672364 0.30460941539976516
467 22.02938710970211 0.3046574800743524
468 27.948154603904275 0.30472006510422905
469 15.363785934185294 0.3047252284718986
470 26.23723684261097 0.3048716743649776
471 23.341934316903448 0.3049796139536363
472 19.084695347689724 0.30518607431045747
473 24.642457947355986 0.30531498872177504
474 21.222901893809265 0.30538942417900294
475 29.06025018437805 0.3054567365505256
476 20.016555355175093 0.3057223428688827
477 24.124257642199446 0.3060274275290128
478 28.788758700202045 0.30636838129776994
479 31.810295495053573 0.30666353973179744
480 18.650555559452535 0.306787923023849
481 21.696029197863417 0.30682645932906416
482 28.96958836760493 0.30715405005597596
483 33.65888718527028 0.30737139481444165
484 27.046092803375277 0.30753217463191534
485 26.53434475685482 0.3076689314831711
486 26.62640245257757 0.30764653317108454
487 26.453865064528888 0.307507847435679
488 20.843528736158284 0.307404119017281
489 17.59034349529822 0.3073543821557562
490 24.417375697392167 0.30723149525031174
491 27.950030547302582 0.30721676966171363
492 18.97410658440554 0.3071639173376031
493 22.717484382474446 0.3068577801628755
494 31.169869355397676 0.3066258445237402
495 24.917791628223746 0.30626339745441056
496 21.440333391156763 0.30598641905197727
497 24.305527391787187 0.305619727302236
498 20.3945004819819 0.30542979985238944
499 23.816980740464597 0.3052353456084177
