0 96.18860646289976 0.3000937583149627
1 116.88010602218165 0.3004410290116218
2 105.65176679456371 0.3006236232857562
3 100.81117517976492 0.3005250168349152
4 91.55145788138033 0.30041178724024764
5 92.89772821011934 0.30044522060927314
6 107.44589268557053 0.3003352112803763
7 98.49426017091773 0.3001687406457797
8 93.7249236505263 0.29989566701709247
9 81.26378843952006 0.2996706776911111
10 79.58076119107444 0.29955487253245233
11 89.93988214265713 0.2994787756535224
12 88.8369768507996 0.29938201215272225
13 83.75449003469575 0.2993940412895539
14 71.14059204816182 0.2994014390194333
15 85.9498409563366 0.29932886601047853
16 71.27219535968479 0.2992562775250193
17 79.6313843002538 0.29924206963247235
18 87.68789770434424 0.29915041681985277
19 71.01811210261917 0.29904146160181555
20 67.53282196469257 0.29902342427166373
21 61.23316155118602 0.29905527902677176
22 69.26512015027895 0.2989931281546072
23 73.18016488043725 0.2990394441941917
24 67.51264953160879 0.2990804774052969
25 84.28286692126719 0.2991728546353758
26 64.81320863429882 0.29922544353855696
27 69.15129347195426 0.2992561567927384
28 70.44287744305063 0.29927401191726727
29 68.44843984236313 0.29924559638603687
30 66.72327651532547 0.29910265530306884
31 73.99245755498686 0.2990161254211734
32 64.92889040072339 0.2989079410539218
33 66.98265062799133 0.29893435498230436
34 74.79831634658495 0.29898737299700306
35 76.17890881079344 0.2990482891517299
36 63.454332090578504 0.2991158499582786
37 62.73320906035124 0.2990718613939544
38 69.18706124530696 0.29896787463728025
39 69.39366552911795 0.2987355124451657
40 67.3619077303638 0.2984083988487103
41 61.23526013586313 0.2980050381221291
42 67.90919258522676 0.2976247283460093
43 69.17460026665489 0.29718486408530287
44 57.4751738800464 0.296631311800733
45 62.90441461267474 0.29605399968986257
46 78.18651080912186 0.29549057808443135
47 60.220991674436256 0.29505906290915557
48 63.034851320013885 0.29473141710909934
49 61.01206483648522 0.29444791558868977
50 57.58325138570542 0.2941589287613358
51 54.735163644873055 0.2938155717468316
52 52.27312106044742 0.2935124113777585
53 53.530905876037075 0.29317232838805246
54 47.977891069459545 0.29285197754135217
55 40.477114882951426 0.2925904597272232
56 54.19001168556538 0.2923420243965661
57 48.03306960090504 0.29206360659833097
58 54.391914858399744 0.2917969080309796
59 57.02881450918846 0.2915022495599577
60 47.22568568111146 0.2912864004444311
61 52.27798521350559 0.2909638022544085
62 40.2383417119985 0.29063464932702054
63 52.6005616516985 0.2903939969417003
64 58.20173242798434 0.29013373302540113
65 44.13077308107929 0.28983964911668025
66 52.2101584259917 0.2896214056773259
67 55.343187903288026 0.28948135662837926
68 57.26971952149338 0.2893683112662786
69 55.473276978797756 0.2893111555331643
70 58.07987764627546 0.2892503299162706
71 55.818627162178615 0.2890661449246703
72 47.72918333531902 0.2888957055496159
73 64.30813514975486 0.28887765288749734
74 41.32044868748848 0.28876348364143656
75 49.20165041089504 0.2886151247395643
76 46.85419321809833 0.28843103423299643
77 39.65316394364487 0.2882211551831946
78 54.83062174268437 0.2879429142186627
79 46.62340451464622 0.28764282597157464
80 36.61544075160722 0.28727262494782846
81 38.45528332399704 0.28679257698046084
82 40.651321547234346 0.2863410956496196
83 38.07182707609991 0.2858337589318306
84 58.985023082621424 0.2854007764581831
85 40.26737556313596 0.2849745426584386
86 41.66490880445816 0.28455937973119483
87 31.07515799904484 0.2841414516676308
88 31.107437429068106 0.28377194420553176
89 47.245050314276334 0.2833083473420829
90 35.639199244560764 0.28288115987601425
91 30.445014990546465 0.28249328162998644
92 36.09128413767938 0.2821319269130177
93 36.63778199669326 0.28182637290153956
94 36.60290135895601 0.2814899371661144
95 39.28453355713145 0.28101101155633146
96 28.671004010094514 0.28052488992155644
97 38.20858667970739 0.2801222494363602
98 41.71857497476785 0.2796433544368215
99 35.70247506454016 0.2792665287708304
100 37.039245650370724 0.27888191920282757
101 31.643631816729897 0.2784859026198235
102 31.916321030898438 0.278102386017298
103 35.34566940172279 0.2776614358729791
104 32.43753365907221 0.2773096440231416
105 35.002755303470124 0.27699431711904005
106 37.64569340142358 0.27666736549132503
107 38.098433047976144 0.2763306372648191
108 39.732522572028984 0.2758526694967318
109 32.925928382603445 0.2754511530549113
110 32.47236525489559 0.2750752582298315
111 31.382980422847247 0.27467705632179173
112 38.476153836195884 0.2743207217286645
113 37.37265418957395 0.2739113763044194
114 28.184042543635442 0.27358351632429034
115 30.24018231533185 0.2733625020344505
116 30.30234202973275 0.2730960594826323
117 27.88527410586906 0.27289437841245434
118 24.68534168781929 0.27269780390293424
119 33.984158510678526 0.27249832564940796
120 40.7974218036113 0.27237511473529613
121 28.609810334757277 0.2722908327726419
122 32.885403319751646 0.2722543026925278
123 19.905284333091743 0.2721633736630291
124 27.867219186615145 0.2720695893156208
125 23.28068092914964 0.27197084031634267
126 27.32198773792053 0.27193066826676104
127 22.768204993034974 0.27182169431367803
128 30.380740798328482 0.2716495405914115
129 34.772421814721966 0.2714631108501031
130 27.807119071438883 0.271287029605335
131 25.543259683904573 0.2711692888152548
132 32.676265408721065 0.2710830559422152
133 32.48281853467627 0.27113800734036864
134 32.13849267392309 0.2711834403936051
135 30.596924058632574 0.2712672107693488
136 28.045962657884374 0.27132797229554995
137 25.226402112730945 0.2713637974333839
138 25.35022354350851 0.27150957639689693
139 29.859409885213278 0.2715514603259528
140 28.813530682393484 0.2716094984203866
141 16.42406938984546 0.27174078778376803
142 30.669638221728718 0.2719198396428658
143 26.846296525387984 0.27211888099398496
144 28.761575790933264 0.27219777803295764
145 28.111308966763467 0.27213395630726545
146 32.14862598718444 0.2720644311136544
147 25.301023965131925 0.27194694978636946
148 29.965790154194234 0.2718912977619536
149 29.948672984368933 0.27182906055118
150 32.83039635304625 0.27172933864957705
151 40.91650812525247 0.2716568508143157
152 32.91129645621153 0.27150272561708044
153 36.73436804382292 0.2713770352709367
154 22.17288724313806 0.27130171728183544
155 32.50751050779634 0.2711518922656986
156 37.0133076081946 0.2709879530040152
157 33.40615745900526 0.2708612660691444
158 30.602531211106967 0.2706811269387404
159 34.57679689586999 0.27055422313639427
160 30.45116319353562 0.2704436806611759
161 36.76979944782666 0.27031960400581984
162 27.869465966948532 0.2700141983997836
163 25.69444663484724 0.2697599393832132
164 32.75988952261126 0.2694295793281452
165 28.404636621781705 0.2690236741811898
166 25.414647671541708 0.2686340241609921
167 30.796430579293936 0.26839876725580436
168 20.27637030690686 0.2682550280525672
169 25.27190823620689 0.26804787088789633
170 26.211318183579635 0.26785978756850215
171 26.503505596303174 0.2675093460503445
172 20.040044630412744 0.2671129243980146
173 24.37760253047766 0.26678314458860974
174 28.348634917411104 0.2665815735323037
175 25.796975176950077 0.26648007537522367
176 25.89049585310121 0.26641183329473916
177 26.151525440181256 0.26625775491835757
178 29.123060536106607 0.2660729994831058
179 34.81422936404812 0.2658785223958422
180 27.69734347978637 0.2656678038537564
181 37.24948132746265 0.26543745288849646
182 26.795945793897076 0.265220124487068
183 25.067893208977054 0.2649712169168421
184 32.754609612425455 0.26476276586892766
185 35.709754189475134 0.26460926471433666
186 32.23441367212053 0.26443907811149425
187 24.399529182771733 0.2643959283076667
188 28.07060074208519 0.2642216017124855
189 33.420837236954334 0.26403983487242944
190 34.84054151538904 0.26377884268276486
191 33.02334138734068 0.2633771236918984
192 34.3475447138058 0.2630191883506945
193 29.577052372981285 0.2627271908849214
194 32.60669025931419 0.26243173770724526
195 41.84782286577211 0.26219437624280273
196 45.313867367891945 0.2619148258934553
197 33.66761979245563 0.26172755626914346
198 33.33526209635248 0.2615233700276193
199 37.69580260904325 0.2613857840555318
200 35.35308576887152 0.26121463120096367
201 35.051747277659594 0.2609532784585556
202 31.43844271991795 0.26057468024499136
203 29.760603669614497 0.2603240313400764
204 30.189930490957238 0.2600009247413599
205 33.597823502892496 0.2596983943216044
206 30.209432370945997 0.2594897566539839
207 29.236600848499535 0.25921639749390113
208 30.534904466300603 0.2590220143298556
209 28.148894385167377 0.2588624460694475
210 30.706178853419868 0.2586919414813742
211 18.568891598514554 0.2585577908744209
212 27.667358288862452 0.2584799296410117
213 29.73284180739494 0.2584717318656451
214 21.825552028505705 0.2584398857114367
215 24.068454065957177 0.25841136298071316
216 30.565556168354 0.2584253807961109
217 22.49770388425266 0.25839364711979707
218 25.74854596449486 0.25828323854371127
219 23.03887863099391 0.25812460324421327
220 21.499955813541966 0.2580237216298808
221 20.789444514578356 0.2579007840251299
222 23.68454705776942 0.2577795912694234
223 20.151992735021967 0.25770811992791737
224 20.833788354183284 0.2577164619609065
225 23.464338977539374 0.2576694323941453
226 17.246136354038576 0.2576625321529298
227 20.964927132245485 0.2576891275168899
228 19.52580305246 0.2576530651962494
229 29.085186847929577 0.25767364444973234
230 23.047661984316292 0.25765936784270693
231 32.863172415904614 0.257600524319887
232 33.60229868229285 0.257713412787239
233 23.65705173787265 0.2578119783161801
234 23.996112674803427 0.25791391028251237
235 22.153740654685933 0.2580075688144339
236 27.271155572252074 0.25807583327676814
237 23.424921019656363 0.2579799583747601
238 25.45164970753352 0.2578635564243209
239 30.551761186903576 0.2577804012210084
240 22.33213836105383 0.2577713274131889
241 28.85972470992568 0.2577545277716061
242 27.87678105012329 0.257710628202707
243 21.9664927584406 0.25761688884972855
244 27.106470607758162 0.25758001301593514
245 29.220440276333445 0.25748775725690265
246 24.761406340938805 0.2574268504233648
247 33.851319462978516 0.25745283245295464
248 23.263098350685162 0.25760376308794747
249 33.11493140367515 0.25751741755975277
250 25.25988877959758 0.2573853391899843
251 28.295920434555743 0.25716465959789425
252 36.87865526011976 0.25696625191199784
253 25.465176371353856 0.25683368088706654
254 21.273349086471207 0.2567773003306046
255 24.850968126242293 0.2567300904852902
256 23.620671063224428 0.25654557313019843
257 30.568786642717924 0.2563997295890232
258 22.259365027370997 0.256275339076761
259 27.070984614513087 0.2561787769970183
260 27.982755790863962 0.2560078847660725
261 17.65542179550315 0.2558872262676435
262 24.38575200739708 0.25578863065172763
263 19.209378306786284 0.2557225805402319
264 18.649108051046635 0.2555362716243491
265 20.832017869661378 0.255373102255382
266 18.95713522594442 0.2552778655185245
267 21.923930435929627 0.2552405722605536
268 19.197611700925385 0.255277127175077
269 18.325902334325214 0.25516957140817753
270 19.265363506990433 0.255077302564741
271 22.09966313056467 0.2549621851355684
272 18.57148268359456 0.2549436392279929
273 19.341656085438174 0.25490660892401257
274 18.86132931336748 0.2549813522661946
275 25.060783314981517 0.255188921842059
276 16.992150454636615 0.255319960742202
277 14.25337004955892 0.25546363312384957
278 18.28075860758992 0.2555636847936887
279 18.59788737288156 0.2556064439849598
280 25.29021476846605 0.25567335744462005
281 20.53023944746127 0.25566815917452224
282 15.848273081014788 0.2557996140619301
283 30.504934332438694 0.2557910678105445
284 16.22060372154082 0.2557277285872855
285 19.502090573748806 0.25558792869496616
286 24.268547334377416 0.2554495649646169
287 19.030402572360313 0.2551820761402638
288 14.647712889216363 0.254974667737454
289 23.186218444684002 0.25476418201904405
290 17.357482542980616 0.2545231529676345
291 20.293287580871347 0.25419864537148484
292 19.62158869852906 0.25387866280868354
293 20.231850332678192 0.2534892111292103
294 16.998542992391982 0.2532592417570601
295 15.770840290745738 0.2531043849299168
296 16.01255002784094 0.25303073767000783
297 13.800138277107926 0.25299676231410223
298 18.38858850696112 0.25295094978428323
299 25.277211264501567 0.2528037615614088
300 18.914930770455786 0.2526573460051659
301 16.797434670887096 0.25251930564874026
302 19.9630655984087 0.2524138144524938
303 18.095584015350724 0.2523717880391452
304 14.923644226725873 0.2524539374795663
305 16.91371641901094 0.252503409796893
306 21.678941159352153 0.2526355069821118
307 24.5943491360844 0.2527459320475417
308 31.248834102905494 0.2529235425963705
309 19.556174980054035 0.2531151429117461
310 21.23673027107447 0.2532628285778092
311 18.454592950381993 0.25342342209409363
312 24.464952601234394 0.2536061937327736
313 17.624057008531423 0.25381499219398845
314 18.33093985383921 0.25404479551736825
315 17.6250625713937 0.25419148480200043
316 15.502000644529314 0.2542531647792442
317 16.808733497133957 0.2541891663486047
318 14.15587314329506 0.25409421978293073
319 20.4585921683219 0.2540586028370948
320 25.371859507724672 0.25402257895433616
321 18.037206311581418 0.25396358460277796
322 20.10739472007237 0.2538178458581313
323 18.215027475249826 0.25359054500776285
324 21.454906438001764 0.2533981621733047
325 20.766996447046267 0.2532214969497233
326 17.032286345604675 0.2530298705497565
327 14.447928999422697 0.2528452586531553
328 19.948407860648615 0.25262942547970435
329 23.538608202574817 0.2524642678060929
330 20.888201150948596 0.25229060052834873
331 21.554504680093466 0.25213074015957126
332 19.385406901961886 0.2520792145714758
333 17.82294785981827 0.2519934753082527
334 20.613713865148753 0.2519531458156289
335 23.081139722507537 0.2518393995768396
336 13.823815754660234 0.25170859592053196
337 19.897482222163866 0.2515178644960231
338 16.494524726240698 0.25129630346893034
339 19.69603263959906 0.2510583412665377
340 21.883930354245393 0.25092842227995943
341 14.805294947227818 0.25084956777576056
342 21.08099404127487 0.25080049498124357
343 20.456148900036993 0.2507739106727315
344 15.49198317236149 0.2507586317920585
345 19.99132293060146 0.25072980861196903
346 30.695101360296064 0.25073468869511945
347 19.548716833696275 0.25070716856579567
348 26.301716479976747 0.2505306567252593
349 22.76267517158873 0.2503542425028854
350 27.532270539439374 0.25015916482594724
351 24.175721332116797 0.25003168772941287
352 21.061799088183612 0.24981083552393626
353 16.826147065870046 0.24961270434723742
354 20.00765078804796 0.24950306403976819
355 17.408782229871598 0.24941461481525062
356 15.429273585764491 0.24932555214454602
357 18.298124621871416 0.24923365082774418
358 19.619236946297676 0.24912384327553183
359 22.090745410788546 0.24909935558096677
360 13.995403740421608 0.24900268797673075
361 23.728388242174443 0.24881851145479203
362 21.98350114773737 0.24859838121834987
363 18.64526992134079 0.24840949751549535
364 21.9597502749262 0.2482937663507714
365 17.91761622728172 0.24832207809491483
366 18.466023492444606 0.24836318002768856
367 17.468382831050363 0.2484902979855521
368 16.328011944295046 0.24854750874288745
369 16.67845447882125 0.24866226539635083
370 22.523773951697372 0.24888101725406037
371 15.713595140124141 0.24904472845233994
372 18.383692619707105 0.24919072539380363
373 24.856895943651633 0.24924483015969567
374 23.597414449930397 0.24930265753372816
375 19.1514916456439 0.2492630810665053
376 17.2624309820365 0.24916790418661763
377 22.80448423943531 0.24911760823669626
378 18.92622813813493 0.24899036624064186
379 15.620883807679522 0.24879721845857733
380 17.658965425358936 0.24867769732137865
381 13.924761425782439 0.24859163587109986
382 18.334273507009453 0.24845818483696736
383 17.001175383954532 0.24830002396908088
384 17.041101111085023 0.24817673861137315
385 19.31929837603213 0.24807295361848017
386 20.553714349836536 0.2478731745841991
387 53.67820198131729 0.24769144099467352
388 15.690580096099978 0.24755122776041247
389 29.004491804085553 0.24736963325452355
390 25.137370371707455 0.24710593487587162
391 10.239352982467162 0.24696801406465307
392 25.543588255793857 0.24682724906193088
393 16.28698460001562 0.2467639019500587
394 14.082739318163608 0.2466928652508567
395 15.833334323253467 0.24671500888460174
396 21.033656196625184 0.24676587446376383
397 20.475512279258858 0.2467163845767705
398 14.998605024777572 0.24664358630099986
399 17.681059519244496 0.2466672046039744
400 13.950999219416767 0.24675546493385742
401 15.675059362475624 0.24676767059653348
402 17.861075503597263 0.24683759496803842
403 15.268200991773696 0.24689458922373503
404 19.764467853903597 0.24696739901615494
405 16.519963147887285 0.24708588443933593
406 17.883788065720758 0.24733544014756098
407 18.173009258647824 0.24779635591891197
408 17.358561306434485 0.2482562081083266
409 23.37671245541155 0.2487411933201411
410 18.14569261231395 0.24917651451839226
411 17.060448245072646 0.24947162049194438
412 18.232482529360386 0.24967169716706286
413 21.86023753116966 0.24990068710220664
414 18.470334403003555 0.25016491101412586
415 20.59023479369238 0.2502953226418285
416 12.363841676952898 0.2504732144062509
417 18.61731909577187 0.25046184911863645
418 15.318301056967528 0.25041324284153227
419 20.84041599122395 0.250493122534003
420 20.030202259680287 0.25049210441033887
421 16.145263836331797 0.250479945668737
422 13.716326732148183 0.2504495608698343
423 20.84589193954797 0.25039467266866366
424 17.32984042232558 0.2503823169552343
425 22.30079844791461 0.25039544230053584
426 20.360689574417272 0.2502679980907616
427 23.258155610662197 0.2501302005699486
428 20.53363590843366 0.2498872365725971
429 26.883170588800667 0.24965535530586078
430 28.61731509141359 0.2494509301734884
431 29.614435158769176 0.24927653071692069
432 22.056032964179273 0.2492120281544106
433 23.19265914883198 0.24909129815924327
434 24.597680365417446 0.24889585174654227
435 21.54732024751808 0.2487810965299671
436 24.89075832423942 0.24870799551283945
437 29.671518142268802 0.24867182022605366
438 19.802040471413868 0.24857125216748702
439 20.77221628733172 0.24857327774681606
440 21.94238001456048 0.2485254607145637
441 18.99799000921194 0.2485208402152528
442 12.411079040175755 0.24845399276761904
443 21.24101648207083 0.24828857926376235
444 17.386237226757256 0.2481327362071662
445 14.751430727872936 0.24809636046906278
446 15.413773329644755 0.24802846620343588
447 15.667160062198562 0.24793018192227773
448 14.475060408953816 0.24782011238541923
449 16.662404622528882 0.24768741900067898
450 11.810237015466424 0.24754966408665988
451 16.991649079371737 0.24736320583826737
452 20.14810808176869 0.24714844075834946
453 20.833794607073283 0.24699622061772783
454 12.089350466067176 0.24689169026457172
455 17.90985275309094 0.24679991123521142
456 15.751755952529656 0.24668901509394098
457 20.74181658537326 0.24663887999471268
458 15.301648603648399 0.24660457329945715
459 16.055269334302317 0.24663911227026386
460 19.742335345055608 0.246733856213591
461 20.72237818020685 0.24681448565738112
462 15.362477320604889 0.24692067847184654
463 13.478885042132962 0.2470192684451875
464 17.16268497790647 0.24704015763320647
465 20.23934796201958 0.24704332974144694
466 17.986956082070144 0.24704947562410562
467 15.556274839177245 0.24704967149813706
468 15.644917646409425 0.24702255052045813
469 18.111895850971536 0.2470112494892917
470 14.340805425967492 0.2469423918721103
471 23.806230883732418 0.24701631777906016
472 25.86194475945103 0.24710435213895615
473 18.92116531603847 0.24718681566843692
474 23.114857772811906 0.24727400155137352
475 23.96297640939479 0.24737251936781585
476 19.41111137079952 0.24745049602386787
477 17.23317691393084 0.24748734195855604
478 24.74124112993407 0.24746153560039214
479 19.569000227153154 0.24736040313337757
480 19.25581470758752 0.24724652995584387
481 20.932437998211924 0.24698350527609655
482 31.61195721814184 0.24675970377653011
483 17.619469206532102 0.24659256664930723
484 23.324607373202532 0.2463938111900888
485 12.954995252981291 0.2462023784135647
486 19.439674713844866 0.24604459781635407
487 29.145377709111344 0.24588356895899957
488 21.27325258008328 0.24581286768201166
489 30.888446738864594 0.24573315674369123
490 23.198142435683557 0.24573271729818333
491 18.357757309837503 0.2457872554845063
492 22.599985947547268 0.24577898294400533
493 23.66349997525422 0.24571824592654654
494 25.439620610714677 0.2456828339014035
495 26.017380149075368 0.24575519813886407
496 25.692140249067357 0.24595086553833428
497 23.759633459361233 0.24613074245511443
498 25.143707103171486 0.24647937201724635
499 18.933385160946035 0.24680010795617796
