0 177.88526290908243 0.29962496171311936
1 187.14617282190414 0.29935673627054743
2 178.6095752439496 0.29921698536575725
3 198.376612439692 0.2995093864328523
4 205.66184773892303 0.29983115758967194
5 218.3627771919248 0.30004403760123216
6 192.48969674058145 0.3001652224838014
7 222.2380916131258 0.2999693838687236
8 195.98313847786645 0.2997647333665283
9 230.30789899079787 0.2995486487159787
10 217.05063007737928 0.2993786084476874
11 234.71344412296375 0.29915298574347005
12 197.41594734559604 0.29895161015948557
13 199.7047932896944 0.2989323422648358
14 195.0708245558838 0.29880767939634933
15 204.41022530117266 0.29852749366259773
16 213.53937071503418 0.2982708588037493
17 216.89371058417072 0.29791798623812643
18 206.81489712726494 0.2976363651854357
19 193.65266228654878 0.2973318254299535
20 206.12435027444172 0.29695115297828667
21 167.79967006237595 0.29650636008029313
22 202.94497820193402 0.2959828132228843
23 188.15744918594686 0.2954503647817125
24 182.16877018887237 0.2947665720384145
25 185.440990304796 0.2941660213105221
26 183.1842191332309 0.2935929726968637
27 181.73134421229213 0.2931254581717079
28 199.68684195688962 0.2925790955495233
29 179.59870770609177 0.29218967066229296
30 180.77170096938775 0.29176367829906
31 168.41055941330166 0.2912914157572582
32 177.8013614897169 0.29081926559497495
33 165.78096598800948 0.2903496457623143
34 179.65964531853703 0.2898368838527504
35 206.12012196040223 0.2892810406236156
36 174.13779415112847 0.2888183650300701
37 158.779080946066 0.2883389307644535
38 174.54708121379937 0.2879126699197603
39 135.389375355757 0.2875429611665866
40 182.37273010083138 0.2871258923314565
41 154.39958912014498 0.2866586638678681
42 164.94122721403502 0.28623032649234537
43 174.78514139171364 0.2858368973931046
44 172.75034008181967 0.2854781814025966
45 155.64255572031362 0.284932786753873
46 135.21824209568268 0.2844238224595521
47 169.12369403946357 0.2838807252237001
48 151.69329168639842 0.2834019988554602
49 159.88958243587908 0.2829570568633122
50 159.07504267935363 0.2823550490920689
51 136.84324815512275 0.28189712994017113
52 131.90351752567128 0.28143770250271705
53 134.21940655006242 0.28101736874613126
54 131.6695632807308 0.2805521940778187
55 132.62216146617817 0.2800784568811799
56 125.78764316486657 0.2795791928172999
57 160.66425239899462 0.2791150074564861
58 137.76825750297817 0.2786257672762605
59 170.70826473018425 0.2782101188946645
60 134.9164183478694 0.2778365434650386
61 123.81907179679499 0.27751390602079173
62 119.8626904260473 0.27714857950053295
63 131.40203936469865 0.2767083456782744
64 129.445491291874 0.2762964506314783
65 149.51735542544859 0.27594504048719215
66 127.88714870911026 0.2756480619989845
67 150.28811868434488 0.2753835273680676
68 126.96762500098409 0.27515797417266485
69 156.4405749133629 0.2749264926118693
70 154.55124688166688 0.2748114802166678
71 146.68023614396958 0.2746945185315771
72 138.46876443543715 0.2745724988174961
73 153.1083710132279 0.27445898167845006
74 132.345050391788 0.2742964594117993
75 147.38077360978684 0.2741605551253111
76 141.47182072086383 0.2740505114945895
77 132.8287767780142 0.27385177807164207
78 134.0051956712793 0.2736129135392914
79 120.71400336069509 0.27344058901009105
80 136.0737891524774 0.2731434874199261
81 106.74718731816466 0.27294671508524376
82 109.01383777602189 0.27270183553186766
83 123.92997972748998 0.2724405938120982
84 102.40924029549069 0.2722685744571549
85 123.6684504956648 0.2720889376243313
86 104.36154797422583 0.27187089782876694
87 117.96226077739283 0.2716001199487219
88 119.63899504897554 0.27137838619811505
89 131.6035239478727 0.27111777574518287
90 118.94899068694832 0.27076532699502
91 120.66035268780522 0.2703201482667983
92 126.30764331327337 0.2699458307600012
93 136.29241151890062 0.26952755190075545
94 130.09328346198686 0.2691218711211606
95 136.5137804093526 0.26883601045291705
96 129.04321711514586 0.2685725439779391
97 148.55989090883338 0.26835112672827
98 141.99588257046383 0.2681085196274724
99 160.3094635888065 0.26788418085689847
100 125.64313153877445 0.2676396484391983
101 140.8691297380418 0.26740199202956183
102 132.37845871057388 0.26713456783687595
103 111.7455060109512 0.2668607061922724
104 125.47033425068912 0.26660203436253316
105 108.79127405986844 0.26639661689470545
106 131.6803467410351 0.2661923184339397
107 105.35389587222792 0.26595139060069484
108 129.59077349558365 0.26570997699337945
109 120.86777604712178 0.265483277812149
110 120.20149511976038 0.26532151198198456
111 122.845912826778 0.26521772312500613
112 112.56776507280057 0.2651778776731972
113 123.8663579819985 0.2650913272375344
114 124.51524596688776 0.2650148181512708
115 129.30335070409765 0.26491999074868167
116 113.08489573905193 0.26490496495775484
117 127.8393461365421 0.2648230664413789
118 107.7203268026922 0.26477909508012637
119 106.96249364824538 0.26476736156228825
120 117.1701867735365 0.2647852948933792
121 98.35891475275594 0.2647483996889264
122 102.68076363202877 0.26468366673042437
123 133.02429009822202 0.26453927892347523
124 113.71555936497525 0.2643804513357549
125 134.27598687183217 0.264230293805612
126 105.64907790081887 0.26410080171461664
127 123.21018702436864 0.26393605124396186
128 121.2246734024751 0.26374785278365176
129 131.18769296787914 0.2635415020562457
130 119.97413784910226 0.26340882508924063
131 128.75820401607032 0.2632635043692285
132 120.30930622053492 0.26314829006367363
133 118.90790890837091 0.26303172254103635
134 131.30816761509254 0.26298606130942337
135 139.5994127983358 0.26291255088419463
136 129.28386669524485 0.2628433024804998
137 148.55095265724353 0.26283352830443285
138 132.76084902588732 0.26276444942084787
139 118.76291609057955 0.2626907217388514
140 121.15617444911219 0.2626701423994002
141 142.26774884819102 0.2626567140004584
142 113.80744543240567 0.26258713214062696
143 132.71634912444944 0.26242221600410814
144 110.98707920924355 0.26225800680083355
145 124.1584696288794 0.2620629208953158
146 127.65906875672337 0.2618763439898293
147 132.9686459341728 0.2617347230262842
148 114.95413361165967 0.2615525640121905
149 139.1191190731701 0.2614826757178499
150 133.21591377821727 0.2614609659473671
151 140.16146386923137 0.26140431493811667
152 138.93079530028993 0.2612879283306303
153 144.74836897100334 0.26119811052775277
154 120.3745390578658 0.26113588173499325
155 127.50121198407388 0.26095189750329606
156 155.66226157560794 0.26083438151213423
157 139.71399375804094 0.2605786388515372
158 144.72245553428613 0.26027127273219486
159 146.92834746119456 0.2599879215404505
160 119.48543361743799 0.25973018235597434
161 135.4967359166783 0.25958416622135355
162 154.02389390832636 0.25944070343151876
163 136.86555469641462 0.2594401854747676
164 121.1753565551956 0.25948763552086496
165 120.70616979619128 0.2595984348991438
166 113.11429976860137 0.25967103084939713
167 119.11443370913646 0.25971111679328285
168 126.40953648229302 0.2597674533317893
169 130.5686693648944 0.2597639305519639
170 108.24103128925871 0.25967931036874814
171 111.57614040269729 0.25953186648272053
172 119.70102099604702 0.25937308107078483
173 123.00239962161046 0.25921149630394236
174 150.38568204595867 0.25900178004457447
175 129.2095605865855 0.25880971898548516
176 114.49553610899385 0.2585520527970637
177 104.59478385204407 0.25841200814455945
178 131.7621261931854 0.2583094499432049
179 113.72365471999174 0.25827571174211017
180 122.15040728652087 0.2581267606355488
181 124.10802916539802 0.2579221788134455
182 123.6257267058098 0.2577982437117789
183 119.4318971315469 0.25766252054557226
184 113.95102767901159 0.25752177054043845
185 136.17678647894292 0.2574146526871728
186 124.79583452036974 0.25727876851128095
187 117.68152351145548 0.25722736029989834
188 143.2378113671192 0.25715055072923954
189 115.94625188307543 0.2570442964347243
190 123.46377774425278 0.2569030524076985
191 132.26340842632396 0.2566055607949004
192 105.97603711984878 0.2563367593520307
193 122.64643676299475 0.25604434596747067
194 112.59592295173385 0.2557808853569047
195 109.01194058368063 0.2555151925896014
196 99.63965905682363 0.25521779261046557
197 95.32240055876123 0.2549322971581153
198 103.81861661590007 0.2546825362449894
199 102.64802734989053 0.25442758070617943
200 99.37723921818264 0.2540840054654142
201 100.09250082207026 0.2539282444443699
202 117.51393444641104 0.25387779582919645
203 110.6836453168109 0.25380876239460665
204 107.73295042759989 0.25380988791559944
205 77.29310894903696 0.2538167334293974
206 100.66985540530561 0.2539219840427497
207 95.86790520820693 0.25406688911318204
208 95.25685843007275 0.25425513782662335
209 86.59646113319143 0.2544749703105726
210 95.82968593282845 0.25477773655236735
211 117.11382505356326 0.2551532260397469
212 110.50202144020267 0.25549774995769775
213 125.63706985951539 0.2557612513668269
214 153.40930826828995 0.2560111750266625
215 129.1436103461029 0.2562547218855974
216 120.95621944409152 0.25645547388714407
217 154.2414035774313 0.2565150134574221
218 106.77350005365497 0.25661605628985473
219 97.88423167429193 0.2566537136591907
220 88.71322732783923 0.25670995941043584
221 99.31513858462704 0.25670961259866604
222 104.33272970832923 0.25673433127005474
223 124.60560259503387 0.2567020787027754
224 96.39425226196278 0.25679553403183686
225 107.45880609068593 0.25699549579551895
226 97.84387671156006 0.25709245575412165
227 119.6349880531247 0.25710952174354607
228 104.1969121416603 0.25711086655229687
229 98.78576471342612 0.2569994011230414
230 124.30195378983322 0.25695075521031946
231 117.86328147909379 0.2570169452466837
232 96.3924324952311 0.2569642660254755
233 106.45432818165415 0.25693246276834136
234 95.76005946246173 0.25690053078786423
235 101.94928434392534 0.2570807560070905
236 97.32965343724142 0.257183023497016
237 95.19200883600564 0.2573132015839987
238 106.72985280284304 0.2574572848829081
239 146.91227967411254 0.2576508420301632
240 98.1403879385658 0.25772291778848133
241 90.58091138996221 0.2577885895591351
242 110.1293322630745 0.25792526682320116
243 106.6405896580613 0.2580742200228209
244 116.66144438340922 0.2582282961726493
245 119.34175727889604 0.25839069657215497
246 118.44354973998779 0.25858105897933253
247 108.1981588054763 0.2588426955570849
248 131.15084032441962 0.2590156097682508
249 90.87555575537493 0.2591086111371392
250 111.18299663951727 0.2590689017124605
251 102.27929100779394 0.2590513151515313
252 106.09534429425585 0.25892979957652956
253 97.95711692406721 0.2588048374030866
254 107.26646415223975 0.2587746087424668
255 109.4680413987331 0.2587869722898285
256 107.12136273806823 0.25883543273951204
257 91.49651489376966 0.25884462869902414
258 136.71459545113387 0.2589545637111554
259 102.85296845185677 0.2590567234232172
260 85.16573701863388 0.2591109275211725
261 100.4204962644965 0.25919873031410756
262 102.71616417976429 0.2593054980007057
263 107.22537155750959 0.25935772198440143
264 99.6845471405486 0.25939073419716024
265 106.14197295030036 0.2594100295887123
266 107.53790353927602 0.2593946707768985
267 125.75934977062448 0.25930423115748746
268 101.66723710524496 0.2591878265498173
269 129.5776948560532 0.25901297661568234
270 104.2383235920019 0.25886418027895475
271 87.41973066562934 0.25857892406803484
272 149.2214070129893 0.25827464216295926
273 123.54901883603422 0.25806380273524365
274 123.5089283492492 0.2578441771927709
275 116.83802571161165 0.25765523348040914
276 114.31528732326164 0.25755616761696726
277 109.17218900243537 0.2574243779270314
278 129.1319647805993 0.257297920437265
279 117.5140117739235 0.2570465180173177
280 110.31108671107827 0.25681036000421364
281 117.63708163151651 0.2565661052975326
282 122.44287177303643 0.25639758446313093
283 119.47317558608762 0.25628857607888467
284 120.92257261903585 0.25625682867682653
285 117.73173906894425 0.2561551311506595
286 107.11883296367823 0.2560325315382703
287 121.61958925204996 0.25595118151862395
288 108.6542265006095 0.25592263297800955
289 115.63492237937602 0.2558897650532622
290 102.55666260818691 0.2558647460322313
291 110.95390482624634 0.2558335205455505
292 98.80534093800614 0.25568186824077715
293 121.37843932012656 0.2556380875395223
294 106.43090882578844 0.25561894028242843
295 103.36134756664097 0.2555639937457176
296 125.46212902842171 0.2555062813578441
297 107.9885707659505 0.2555186460042047
298 115.6323491788368 0.2555630182062805
299 127.06546473481097 0.25557264320460554
300 122.5703450348013 0.25565260056101424
301 114.85556977736519 0.25587984031588396
302 112.3399380960611 0.2560400807745099
303 120.80152660981129 0.2561096580140554
304 118.17481594943513 0.2561533562254063
305 96.2805373261323 0.2562321516435812
306 109.91125592002852 0.25624858754132507
307 120.5345308070185 0.256249401618027
308 127.72153779453362 0.2562137937435313
309 97.37187945179565 0.2562457299791829
310 125.43436565989748 0.25623413172793674
311 93.54600995581968 0.2563451897763944
312 125.1206606169639 0.2565541410244126
313 101.63027060285656 0.2567274396470734
314 107.49675492119897 0.25682870034700755
315 110.86309154250952 0.2568408953279032
316 107.81763344694454 0.25684708677601037
317 102.66415969056735 0.25688280147731707
318 121.52766574841641 0.2568826766948771
319 115.66848439406897 0.2567993236371508
320 110.4322779128139 0.2566944561009337
321 138.6640517134477 0.2566290192261305
322 104.14121550103536 0.2566313556061315
323 129.63076604199426 0.25664415108532845
324 114.03490624009873 0.256773766453088
325 111.17556840969303 0.25691651070669064
326 122.23944063412074 0.2570005131490797
327 141.9162451122323 0.2570813125265576
328 105.20352983529516 0.2572443346598729
329 111.00134595580153 0.25748586578747856
330 116.76489548381431 0.2576576740588392
331 117.78197002970039 0.25785872981424623
332 117.98270641532457 0.25807432980039535
333 99.60626834536998 0.2583215793136811
334 102.87157947899797 0.2585588232435563
335 102.58175144394878 0.25897258142657004
336 112.02944307434153 0.25928244737128525
337 141.29497942285667 0.25960830502626925
338 101.97408382392041 0.2599865759062747
339 95.4041089594335 0.2602690887284331
340 116.08317404592177 0.2606095743923505
341 85.81730329073504 0.2609802088565103
342 113.80748609524689 0.26133664629629616
343 99.81837300999013 0.26165839991614526
344 118.73200726119991 0.2618556860174052
345 91.64573090212707 0.2620677102427368
346 96.86304596771473 0.26231532296240323
347 104.2721985183475 0.26244370728407557
348 105.0131959157921 0.26258397960404073
349 99.25023423640584 0.26258456259442386
350 99.18239304955381 0.2626068490072893
351 125.28112520566398 0.26263351683681957
352 109.06991210346547 0.2626521100878593
353 97.77282070747057 0.2627541840102396
354 92.11699980134503 0.26279651598081843
355 113.68030033069785 0.262925354987477
356 95.3484437556213 0.2631426226248649
357 100.31449387201394 0.2633393745389139
358 103.67600992797585 0.263633670037686
359 118.12578400491917 0.26382085624942503
360 113.7087493706681 0.2639314279565237
361 127.78208508555318 0.2642821221658967
362 98.72670349066314 0.26460033281983997
363 107.62188256348699 0.2647938645316431
364 113.2803428280734 0.26519817701462456
365 106.67249531795244 0.2655305605624728
366 111.97505833531375 0.265869695930097
367 113.69526397041449 0.26603626456113694
368 99.58158398140412 0.2660464518219785
369 99.06561952996603 0.2659937340690358
370 114.08880589709102 0.26582367342502045
371 87.64923973687038 0.26572025829582846
372 125.86981175179163 0.2654142158993808
373 110.23571427397515 0.2651923213360151
374 89.44208342554433 0.26523758963706506
375 91.16311758201637 0.2655994919815131
376 110.30288745564394 0.26611165084327
377 100.39497912822253 0.2665103708472051
378 116.72421426707051 0.2669267915696466
379 118.84421394548406 0.2673353817219219
380 105.095217611751 0.26789614808506323
381 119.36301576208643 0.2683865317723914
382 120.12014102699862 0.2688264349564157
383 84.25585626646915 0.2690244740967312
384 117.13133340587751 0.2691175036836569
385 103.23500652936573 0.26929768789021136
386 98.1138485378709 0.26938051035745014
387 92.17804312223764 0.26890536617579797
388 112.74353667646719 0.2685197272499484
389 75.84990865322513 0.26814934118751144
390 116.3341615667633 0.26784532506809144
391 105.56660595651374 0.2677355930263718
392 83.43120781096712 0.26781691693670384
393 103.43432089992231 0.26792764473456054
394 108.42248462679072 0.2679275573668276
395 94.58502345167021 0.26797056762979155
396 94.25426216742943 0.2681949615404684
397 91.41149100547707 0.26838509464453464
398 116.54213719961209 0.26838232928748373
399 107.88755128861375 0.26858067792359597
400 105.6443756436276 0.26915654756415314
401 119.14037992351822 0.2694403759183002
402 106.22791984503036 0.269532210477367
403 97.48609881788298 0.26975765231998206
404 93.66037871576637 0.2699168325415877
405 114.23803099406756 0.2701061865184515
406 98.64274834248849 0.27011928739675994
407 89.56091064196838 0.27014222063910476
408 117.03672733022219 0.2699338466593597
409 118.73409620638998 0.26992543956454074
410 99.54553757961449 0.2698276412135251
411 94.98848753771259 0.2698346705763301
412 119.74662075214727 0.26985369836258527
413 99.6872907983772 0.26985993310365763
414 97.17041147003528 0.26993001468012684
415 109.84202453015662 0.27001907335307784
416 92.54483720234589 0.2700583014475979
417 97.80283479092657 0.27002852965720026
418 109.19853521724286 0.27017187448322283
419 100.23249122498783 0.2705387386707021
420 100.25798946830496 0.2712034129852927
421 87.2390123763043 0.2719120582704506
422 98.52566009604121 0.27267886974527655
423 94.07484671694249 0.2734878955142018
424 82.62685019768998 0.27418974539814384
425 79.97570011466425 0.2750043726060387
426 91.2168872574231 0.27582878030994484
427 107.14629636940626 0.27673808752662266
428 98.85464266568738 0.2778706778142565
429 90.08267300729105 0.278938364118328
430 107.87093823890123 0.27983134097872164
431 95.61820636363012 0.28051022557822747
432 101.32906217387657 0.2810513567066963
433 107.46501152969714 0.2818887338588474
434 105.15272692196964 0.2825079167007476
435 118.03442497186114 0.28333489404837386
436 94.61960227704454 0.2843148541353807
437 126.04153490845607 0.2853368217440141
438 119.47219487970779 0.2859747273791762
439 90.75226047170993 0.28643113930453645
440 84.11078497719271 0.28716670024142443
441 113.95020289050106 0.28773311151578096
442 104.74798005082889 0.2888526745666574
443 97.79418689244827 0.2896857116637008
444 120.95454060922057 0.2905961940212625
445 100.32775046267841 0.29153150713837683
446 99.9269966249927 0.29241589697542614
447 92.11023254226984 0.29311116480457816
448 102.61747553018455 0.29460602955901116
449 96.52552157606374 0.2960686659469156
450 117.05410957059257 0.2978190206763899
451 103.23124383215483 0.29972070182061955
452 121.68378992570499 0.3022148319721306
453 109.00646507503703 0.30495382275878025
454 117.48854308382822 0.30752640793862346
455 119.35523251871332 0.3099208558931899
456 117.76167979379927 0.31220388403633287
457 115.40552173360248 0.31482735522617156
458 106.59323151058095 0.31762764057344756
459 127.04631448883241 0.3195848166220777
460 88.78700700357207 0.3217197965989025
461 104.24868870354342 0.32414679716562333
462 116.35961158607702 0.3253463260821329
463 85.4262474244839 0.328460294131495
464 123.64528272287558 0.33116206577421486
465 117.21713788318907 0.33380143222371533
466 124.84924375988936 0.33633059039556634
467 110.99146272571123 0.33872082732202335
468 105.82630256736965 0.3413968780988229
469 115.78098874368057 0.34488293612357734
470 105.88298047880542 0.34849871666425153
471 107.74264062928822 0.35209182224441415
472 110.90679707103183 0.35720234344060914
473 99.82700360550264 0.3635877352763888
474 108.87327909399869 0.3695466384519317
475 112.49362643925338 0.3761983290991828
476 135.47360249913874 0.3844039922883392
477 112.73040407189868 0.3938311908931167
478 118.57618818286463 0.40263119073231807
479 110.0068269152563 0.41063980176637277
480 116.41476685039105 0.4187445775012165
481 108.35547976975492 0.42651661117924133
482 106.00091183099411 0.4352427408740115
483 107.65446063614866 0.441170292637534
484 121.31016396576763 0.44375325144874095
485 129.57353492557505 0.4442176877484988
486 103.69605478611595 0.443753661396311
487 132.72459856960396 0.44231128494115246
488 120.19981119268357 0.44276642415573475
489 88.55253273201782 0.44306761810078243
490 111.12826406953246 0.4431087116395778
491 110.01244872357739 0.4426968010877754
492 117.06531975848932 0.4452606711004907
493 93.54199458071577 0.4464453244212132
494 91.20157759513728 0.4503289720163678
495 123.2487894610562 0.4499710602549627
496 105.40016201463567 0.4474211935536969
497 83.98742923527146 0.44277361390701864
498 107.40126986672678 0.4394828862723511
499 96.10496051166959 0.4354035103896497
