0 199.67289610232763 0.30017188989462884
1 216.51792540730372 0.30057122470046554
2 202.4848980610171 0.30099127195602776
3 189.74464393823285 0.3012094927455965
4 183.1038563807031 0.301262266316962
5 187.9871649385508 0.30131618221591
6 188.87259866428548 0.30141411730725615
7 167.46295425794568 0.30159081769660306
8 173.72289591580324 0.3018511745455505
9 171.2355685921044 0.30193638161758335
10 179.587012252906 0.3021397052679773
11 185.13969948240936 0.30228171515093843
12 171.009706550857 0.3023337706193821
13 142.68849447706828 0.30236030328077007
14 156.42566400268134 0.3023174511058384
15 149.03593930737242 0.3022584310139524
16 140.9548075684242 0.30208128922193467
17 154.28153268926587 0.30185842924008527
18 150.97697394560046 0.3015787176186903
19 137.53211150101066 0.30131490696958124
20 134.55006143112917 0.30105069983971217
21 138.60647242149417 0.30081482470729176
22 140.4106148771266 0.30059783950834273
23 121.60299926875794 0.3003991927741354
24 134.66313992707 0.30031670787012393
25 142.37998209453673 0.3002198988193833
26 129.05526385095504 0.3001557574337625
27 133.33137756104142 0.30018281493176135
28 136.0023667066281 0.3002869411367192
29 128.65359863400795 0.3004754600495933
30 117.86894334348635 0.3006753561201214
31 100.96317408369582 0.30084100868281705
32 124.94375724932736 0.30108862084535787
33 118.98853961360547 0.3012557344239532
34 111.13108221480232 0.3013850061941876
35 110.29366817936452 0.3013681704530231
36 101.83539405141632 0.30130912026208917
37 126.93620437731164 0.3012153679738081
38 122.85924380355188 0.3011729724654659
39 107.40549601670668 0.3010803435258206
40 109.07402872402521 0.300888852276317
41 90.93594249934189 0.30072838528003004
42 107.69639721764807 0.3006167950714549
43 117.18653447714966 0.30049027096359016
44 100.36535379636929 0.3003409358100501
45 128.86875777146298 0.3001521672225093
46 106.17692132424648 0.29976521187175176
47 94.31833435817649 0.299497319543167
48 107.08200743731956 0.29928804069119314
49 89.42271399354955 0.29906065052547537
50 105.37176655139018 0.2988619082562016
51 96.41903368879201 0.2986697918500989
52 101.74584032947755 0.29845929939223015
53 105.90417028229562 0.2983205203315074
54 107.4196291795746 0.29818181539701333
55 113.10660848095095 0.29801041278118845
56 99.95609376684286 0.29781622018994613
57 105.86533241109697 0.29757849356262583
58 89.26650183080659 0.29733073107960734
59 82.88318749508684 0.2970932146031254
60 89.15856778372995 0.2968671754974571
61 88.74840656355946 0.29665561949319624
62 101.44248641260403 0.2965707162942361
63 93.26666528484506 0.2964183202290967
64 90.98982178214416 0.2961630664218925
65 90.83738226936087 0.29594183426047554
66 88.32692665376665 0.295792377083275
67 85.9386273825405 0.2955660919445728
68 78.23744560231543 0.29534872515370186
69 95.51532568178212 0.2951573485531293
70 95.52261097790888 0.29489459200414364
71 83.71042286140352 0.294676423443269
72 82.16640643808162 0.2944305637666245
73 95.60937566605533 0.29419290361045136
74 73.93313516587767 0.2939752484139326
75 77.17422678741154 0.2937540888148755
76 90.71086369416342 0.2935904528219117
77 98.34049275442345 0.29344589493605167
78 85.91587709020897 0.2933549785796242
79 96.04784312185373 0.29325063248911115
80 90.36629524156703 0.2931769482870164
81 81.76494359594656 0.2931134244547073
82 88.14179382777316 0.292985946995153
83 76.08639421807962 0.2928440216022646
84 98.573747438822 0.29273364023830517
85 85.97921641382305 0.2925847412987048
86 94.79567674102336 0.2924058831514758
87 100.09416180656643 0.2922934572111016
88 102.18792051439505 0.2922557467013364
89 93.85771615224772 0.2922807449823319
90 79.42598362659854 0.2923523555557184
91 77.33113448040373 0.29240704588344824
92 89.14280302667177 0.29244467514737665
93 94.35374097971658 0.29256318924833047
94 75.5093415029419 0.29264719606669143
95 90.02964010628722 0.2926008799060884
96 83.66612413939603 0.29251814132212456
97 89.43097087829763 0.29246954185095125
98 86.40052946019031 0.29238928449112106
99 82.07894358801121 0.29231569788993667
100 90.55689175058635 0.29228316012109157
101 86.05904067576134 0.29220580149394365
102 74.82401178854266 0.29202608762619847
103 83.13366309691204 0.2918355205498289
104 91.90412697204326 0.2916687529188211
105 86.9751228932787 0.2914788325066357
106 95.94608873543552 0.2914149436857371
107 94.95897995096823 0.2913609698091318
108 88.01577485958697 0.29135364461056795
109 99.75865036070111 0.29134793875470605
110 76.23919302881171 0.29134426267143093
111 90.48642856168998 0.29125395247783475
112 75.63231987066033 0.29129835734059945
113 86.4219210498922 0.29126028648296853
114 78.05537030618359 0.29111645003113934
115 88.63850681701604 0.29078095318138825
116 80.28583360518596 0.2904185528391588
117 77.3414992083302 0.2900516430714617
118 75.38175517064847 0.28969677066935656
119 77.54368594997976 0.2894267687515903
120 76.19931428365865 0.28920521858644227
121 67.49900342011162 0.2889554610201665
122 75.89754168807309 0.288779705007948
123 70.8461920082936 0.28867570125313624
124 78.74077357945825 0.2885322272852646
125 72.96086679731101 0.28843916427217037
126 73.50224406362338 0.28823776676254986
127 72.88254225235949 0.2880556393010057
128 73.5715292328392 0.28796804126877146
129 79.24379357295263 0.28796661501629045
130 84.31634554949895 0.28788886367561745
131 75.01445955805039 0.2879641173790976
132 96.27382316523243 0.288046916463864
133 86.53512583185592 0.2882159291279473
134 68.41858309013357 0.28839621940862487
135 80.46610501590109 0.2885806883747359
136 77.66651391680278 0.2887962894579778
137 79.58717704956469 0.2889494084931863
138 86.1829563186188 0.28908026917677854
139 80.40767634174854 0.28922192466895
140 74.92010169840614 0.2893598854049976
141 88.55483458150928 0.2894724055110978
142 81.3039307073008 0.2896345867020118
143 78.48771023437632 0.28974750321093756
144 89.08631808133043 0.2898202483010515
145 65.06849538677666 0.28980730787269793
146 78.16131093709765 0.28982645572530696
147 82.57747497224823 0.2898934402253075
148 92.23690932507577 0.28977300141419066
149 89.93912870307463 0.2895957910712807
150 72.04002751922539 0.28934910246018003
151 92.23139562945298 0.2891413924045763
152 72.02670214683502 0.2888718007953028
153 75.14912224779349 0.28848588030954025
154 90.00369723725483 0.2881314139361076
155 83.88475595141226 0.28777670443219777
156 71.52310638366924 0.28754774590027576
157 71.73533018885658 0.2873397022786242
158 78.2728166515127 0.2870724442420374
159 91.2108510076944 0.28683483013009664
160 87.96398272646914 0.2866846688121933
161 70.70182906715051 0.28663225567917966
162 82.11830556808555 0.28653622518482574
163 78.49488414678598 0.2863936460616349
164 82.92644222736631 0.2862541119874036
165 78.7676824946738 0.2861618256652298
166 74.30323214348876 0.28605528166453703
167 71.42934709654622 0.28597202315850245
168 76.8722851043942 0.28595679626505127
169 90.26412448891395 0.28588139382382544
170 82.48213208256765 0.28581289042085284
171 82.55541662761658 0.2857938074820463
172 77.23016885465644 0.28576048285266525
173 75.92989369927648 0.28570943852742336
174 85.67714663737863 0.2855935205352366
175 81.4187318220342 0.28555366408684263
176 73.03957341689042 0.285590259614449
177 63.96326316397198 0.2856444227668006
178 90.28048572733154 0.2857061687826998
179 83.52897097653685 0.28584569143132743
180 74.9334520491658 0.2859745533433233
181 87.55367671981921 0.286082594371892
182 92.31873044005638 0.2861378314516106
183 77.90704918408628 0.2861770318315232
184 84.55976702839908 0.2861302548659766
185 76.48256676921275 0.2860945772827583
186 78.39213341099077 0.2860305951909438
187 89.74387745037639 0.2859602363118879
188 84.61042867474468 0.28594720084183817
189 86.92808486867551 0.28598298349642287
190 82.80080648319753 0.28591448586127627
191 71.24079725370089 0.28574823779726194
192 76.76779037874189 0.28559958791489537
193 86.53521417724808 0.28546471630561515
194 74.81945380073395 0.28526442463109514
195 86.78264025194751 0.28504674567772237
196 85.09495430686322 0.28497574035518564
197 62.03116924173912 0.2849452567013933
198 73.04188073134046 0.284817043285461
199 89.64219555615014 0.284751613945758
200 80.34515330368407 0.28463394371540335
201 77.1787814958057 0.28458575669435415
202 85.01101040874119 0.28450094060262504
203 84.01617716043705 0.28444541194556533
204 95.58193641265896 0.2844330936944713
205 81.55008237820874 0.28444189569288697
206 84.30352799218645 0.2843617874033449
207 84.91201980573945 0.28425323312663586
208 92.82497083764477 0.2841700599344098
209 87.9914054601758 0.2840272121365232
210 91.89960294693282 0.2837395695152714
211 83.73430018876552 0.28334533858028366
212 95.15499429403377 0.28298362209622213
213 92.17468167161744 0.28261595964563563
214 84.91246351131602 0.2822524802433666
215 81.92647308332543 0.2819068558906961
216 110.14349660977257 0.2815729504528175
217 83.12043900838125 0.28134005261615624
218 90.73827485951102 0.2810943945537502
219 97.25725313039112 0.28094149374541666
220 93.80796123735972 0.2807886178456597
221 89.80166977584754 0.28073317342450554
222 106.71146631886593 0.2806815530780456
223 95.03696001959719 0.2806044490679597
224 96.6796262600095 0.2805361177581874
225 85.96055546420524 0.28047353387954677
226 92.56297006609503 0.280457734593938
227 101.49961402190166 0.28051234947347464
228 96.99793752019173 0.28051500647746835
229 88.60296385450314 0.2805029840126411
230 114.61738903080976 0.28046119484562065
231 94.3731385751789 0.2804530357833963
232 104.53719842907596 0.28042547407823565
233 102.26439718100295 0.28043244778490695
234 86.35997181649356 0.28044879985379234
235 86.34040908278365 0.28039455771295896
236 85.61880698364924 0.28032475472843277
237 83.94907265446142 0.2802511887856292
238 80.16400589741772 0.2801922125817177
239 62.779409314960446 0.2801855761391861
240 81.11158465409638 0.2801389279978911
241 77.10937332264007 0.28012539898985006
242 86.89497462151277 0.2801665315617546
243 71.6164322609012 0.28015312463629266
244 79.60372590798474 0.2801184497097618
245 73.60457104266195 0.28008332045476064
246 65.59502783071794 0.2800998339994744
247 68.91790661641197 0.28021992801936585
248 89.98506914999938 0.28017491771020214
249 65.10663741525406 0.2801546886918457
250 93.66165843148448 0.2800241106167287
251 77.58893136978519 0.27998540539884664
252 81.18082713248785 0.2800762810019913
253 71.0436114082379 0.28005684962096294
254 70.66401336818296 0.2801012407161334
255 78.61610821097872 0.28018573004383085
256 62.51540273386403 0.28022312735513394
257 68.53656340027344 0.28027850659364445
258 58.76435546294147 0.2803921731523145
259 80.16481750626802 0.28051553175859617
260 73.92124560011429 0.28058048100529476
261 58.26698470338309 0.2806672455302397
262 63.65294853364149 0.2808471386508626
263 70.24720404050612 0.28109743642421287
264 72.3918256190552 0.28119035466609843
265 65.69528106607501 0.28131781394293176
266 60.97106941099415 0.28143569026813786
267 79.40175064061714 0.2816501536695075
268 87.15496297332281 0.2818717331269624
269 62.63547360162449 0.2820711905101643
270 67.27823267958188 0.28222994337760415
271 66.72153784329569 0.28242157700562937
272 72.00724095198333 0.282577918985502
273 80.5499084137821 0.2826255146144743
274 62.60509228858797 0.2825978272304515
275 68.97508913150504 0.28261338617492754
276 85.79752711698792 0.2826309721230184
277 68.21024525411745 0.2827592239005152
278 73.97502851985315 0.28295581812427634
279 73.1602358668682 0.28313662451730043
280 74.04067494458602 0.28324837150800775
281 84.69693124637406 0.283448609830133
282 80.32720056482947 0.28359672261982144
283 75.36486560773403 0.2837452127507941
284 79.10606146356216 0.28389588564325985
285 72.98195908425541 0.28406954292400305
286 63.27023820455986 0.2842251381047591
287 71.84332850535993 0.28438746475267407
288 77.61157112502124 0.2844765085952094
289 72.10923556129399 0.28454201945884966
290 69.8776065366099 0.2845732343839733
291 76.51407807254998 0.2845248442480421
292 75.8178046672709 0.28463759253523563
293 60.542869400735384 0.28477022672049346
294 77.77452212021521 0.28483010504900647
295 72.45914411495693 0.28499956601263793
296 82.0092930351855 0.2851440907184277
297 76.3961467127559 0.2852065995508808
298 60.13081235980925 0.2852113509543284
299 69.51064334880382 0.2853204615810919
300 77.75427485574127 0.2853635399177317
301 70.52147298036184 0.28539009555211753
302 70.49271102573492 0.28540385957160236
303 80.49310964883139 0.28539285111471496
304 78.40132661603036 0.28546599553309354
305 94.65949679915731 0.28556405865115875
306 77.6374248621993 0.28543484021191196
307 78.01870608907245 0.2853128872251673
308 78.38695123434715 0.2850937318037619
309 76.28520827607805 0.2849561760097471
310 68.03408829073666 0.284876950996138
311 80.4682430455579 0.28465801618033415
312 72.1199316840881 0.2848077216001866
313 75.14253837765645 0.28494506240058176
314 74.26376859079254 0.28514622585309585
315 67.60085355128784 0.2853198326208895
316 71.48003375423473 0.2854378456913998
317 82.67621525567914 0.28552525124835665
318 76.73730282466866 0.2856128177972743
319 74.653197987866 0.28571959195076824
320 83.88142018189575 0.2857473673153846
321 83.7856593321817 0.28581351299835994
322 68.82850247744929 0.28585463810914336
323 80.35784840684519 0.2859365148361934
324 70.37157445610148 0.2858283891125347
325 68.80062635369288 0.2857611495836548
326 71.45902333298291 0.2857511571756864
327 65.35962255101205 0.2855149137045668
328 78.10084035472613 0.2853255058569643
329 73.38558353868399 0.2850004925433622
330 67.22772353248553 0.28476967852296176
331 69.44682442711955 0.2847055096404081
332 65.77557828576593 0.2846441332034912
333 73.5177524458871 0.28445405724538575
334 73.17650372198486 0.2843443434322927
335 67.58322503759192 0.2843057292499198
336 76.5412514421381 0.2842977607020169
337 78.54710891011672 0.28426685899355264
338 59.192463069362944 0.28423441972977753
339 72.3607409806856 0.2842134158364131
340 67.06848351227879 0.2841717708574998
341 68.53327313133227 0.2841092457515788
342 71.65728018796531 0.2841102357884457
343 71.11900473471287 0.2840414033640725
344 77.07197232030457 0.28400962766684756
345 72.04827372172409 0.2837878873345101
346 75.27898664004513 0.2835036399128348
347 72.97159188369578 0.28321802961538917
348 77.23531867899922 0.2829218967961777
349 79.72880068300056 0.2826097359543101
350 77.91886156424738 0.2824043418994265
351 73.25642045329637 0.2821976643309546
352 75.65916594560514 0.2819479521647639
353 76.76282795416714 0.2815714905365322
354 83.3311348808993 0.2812472483678413
355 74.15709075595447 0.2810274234061416
356 86.50707909599811 0.28083389952764043
357 84.81212672740682 0.28069833797475363
358 77.0245390696743 0.28065115816186553
359 68.31839324655058 0.28085017265261714
360 69.69562952725366 0.28109569322629785
361 73.35501191481588 0.28128112828870994
362 67.48282376230637 0.2813840219053298
363 66.45041614899775 0.2814795407450332
364 67.39920047556102 0.2815135228838231
365 77.30401545342093 0.2815226816856904
366 76.48037091922177 0.2814390197942171
367 74.6337323831932 0.28139003780845767
368 77.95169676074806 0.28139062363866507
369 68.2751474308277 0.2813880683934982
370 66.92919504787781 0.28142003167580565
371 72.77385724716444 0.28151599628830043
372 73.70963056782358 0.2816237981834212
373 87.54297816555365 0.28178371039665784
374 74.51219083424724 0.28179676657536734
375 76.37670266848572 0.28181568360357184
376 64.4510021594628 0.2818113128215492
377 69.57576810769277 0.28189140906754445
378 62.56371696536535 0.2819084480929081
379 75.37663053680937 0.2820348926344227
380 72.05001532974373 0.28208790212296764
381 62.59246289524407 0.2820674755017611
382 65.47338475811111 0.28199478979166037
383 75.63192384312666 0.2818580921127107
384 63.94887828772801 0.2816075483363385
385 79.96191920505109 0.2814074331547602
386 66.82469055009926 0.28130832521662213
387 61.253129928491575 0.2811721225977771
388 69.82590177085312 0.28111631173581125
389 60.10655656892836 0.28109138147074303
390 68.07307043769211 0.2809747921889328
391 69.75134627344733 0.2808105320123735
392 77.86913649771272 0.2807800421920075
393 74.83400838526447 0.28076621011104197
394 58.57723920891007 0.2807371777276961
395 56.243624817307406 0.2806119854831089
396 60.986342848331276 0.2805950141119132
397 75.82227264369618 0.28054492575916934
398 72.90154205791171 0.28050334686363404
399 78.23830950582222 0.2803902802756317
400 58.41944069770982 0.28027382400937667
401 60.29910018307041 0.28018382560735783
402 64.0417094159286 0.28004556750680637
403 80.73495537038167 0.27982887930924605
404 71.50300842952646 0.27953969776364646
405 70.2455345101837 0.27925171896408824
406 60.6758389194151 0.2790028976681167
407 74.68812792711273 0.2788398656559322
408 75.64030913997297 0.27872461700917
409 68.75974181748498 0.2786006937668197
410 84.37300434415106 0.2785479373165554
411 65.84383128801174 0.2785299258915375
412 77.17587344733668 0.27850896437689765
413 58.16818380771531 0.278562069424912
414 71.6562979784072 0.27858778728906036
415 69.2019929846129 0.2786148568638486
416 59.36584259216526 0.2786260795049151
417 72.18815121729975 0.2785883882515818
418 76.36882250862135 0.27860318572297743
419 65.72442842763928 0.27864413201963356
420 65.07152494037516 0.2786526698055614
421 54.44119102508506 0.278653375699293
422 64.86241712192862 0.2785337858789207
423 62.3062342841241 0.2784878271201721
424 59.12169711377493 0.27862753933162115
425 69.91710215401297 0.27876714800730545
426 63.49922365083522 0.2789214215627788
427 70.40035239350621 0.2791820572651263
428 64.36244103265403 0.27939129499998566
429 64.32021962100353 0.2796762436044676
430 56.83301927960046 0.279952573790372
431 60.3207137866964 0.28026026025833284
432 72.5244676673847 0.2805571216127288
433 67.1209391341789 0.2807461596161674
434 60.76093651704889 0.28087290736834203
435 53.14283017778037 0.2809640658970915
436 73.69676132001713 0.28096775623310316
437 66.18623095270361 0.28095206363179087
438 61.27321366183298 0.2808346464728462
439 72.55774935655396 0.2807930667441001
440 58.68523611993389 0.28095565380724746
441 81.68031388847021 0.2810613479580329
442 61.47649957761854 0.2812198740195262
443 71.59602595159114 0.28148522990018576
444 76.61087033345564 0.2817594630482893
445 77.38851000314261 0.2820278130322164
446 66.77321930586385 0.2823056565526993
447 88.62004006855588 0.2825437214530236
448 71.7823555900687 0.2828410469621134
449 74.24264436533343 0.28308864685968826
450 70.71357477895378 0.28327233035172883
451 74.34814795744448 0.2835210458248157
452 90.71927998660193 0.2836958673583077
453 76.5808234216303 0.28382389534414804
454 77.47632867543703 0.28400059718565057
455 74.17758830496774 0.2841308663558052
456 82.39379833236534 0.284272090383999
457 61.15700985975894 0.28444374887101526
458 71.818316244832 0.28452250029529585
459 76.92633675617896 0.2845323076338147
460 61.05263106440117 0.2844429416077752
461 79.25378557780306 0.28424793041981977
462 72.47446695531625 0.2840443408678625
463 76.16988322502115 0.2838924283164058
464 68.21825834706857 0.2838913930075119
465 65.94243323711484 0.28395863283992734
466 64.89223586406257 0.28399319579000065
467 79.81202392295307 0.2839481340139398
468 65.18506603278794 0.28378662651318554
469 62.79118101028681 0.2835890924172424
470 82.79085389845216 0.2832782990886539
471 73.58435218933627 0.28290569821220346
472 74.21549501873733 0.2825167943987253
473 61.564348204164574 0.28210031614704767
474 74.61461048947987 0.2817617282380091
475 67.33349156321194 0.2815122108625507
476 60.67637298089717 0.2811868990871824
477 71.96369434632717 0.2809610092282106
478 70.82080216107335 0.28066063842891514
479 69.70016246396466 0.2804318479401624
480 49.0227311253548 0.28023311338916806
481 81.37061215099443 0.2800894851415132
482 69.29356848752454 0.28003786096670763
483 70.2376317210152 0.2799848156906015
484 72.98835383571502 0.28004063261418083
485 63.726555126039905 0.2800832270085232
486 62.421700435820554 0.28009173066422677
487 63.6971644914023 0.28007109822647797
488 74.85552084381236 0.28012213429548877
489 71.04234423073908 0.2801492415614799
490 61.94655584957946 0.280319295397586
491 60.7935988076165 0.2803797410826217
492 81.22865132160905 0.2804260144588695
493 64.13766432418446 0.280438468378785
494 76.78040950156122 0.2804282386412423
495 69.3525029982507 0.2804174249573013
496 67.74115535863305 0.28047142665670094
497 58.64612573219431 0.2804635366357604
498 65.0342623177456 0.28048064546019286
499 61.80303748642705 0.28046257015450765
