0 102.11871438960092 0.3006797696139394
1 98.3158370446395 0.30028398274783424
2 97.31032937252164 0.2996172608455132
3 98.99019494687471 0.2990258607684132
4 91.07090529415407 0.2987555987651644
5 95.6873822543711 0.29849949121924785
6 82.5485357808375 0.2981488722607572
7 85.3751985249467 0.29748206228447666
8 88.37924319191796 0.2969052883296687
9 90.524633670093 0.2963963982826755
10 84.81581921213632 0.29577068186200994
11 96.32833515697794 0.2953269242399672
12 88.60604827737771 0.294860944538108
13 88.63909741695107 0.2943200714251616
14 86.52690094840578 0.29386432571144794
15 76.60775207302002 0.29345296366252693
16 67.12032394250446 0.29296452538969475
17 70.0734602057702 0.2924729293936286
18 55.10047299599934 0.2920666325267697
19 59.13469142027316 0.2916744391133488
20 67.35073747135272 0.2911072259631705
21 63.435536641392886 0.2906053616640719
22 68.39499488118136 0.29024743852790047
23 59.022729763432054 0.2898896793782484
24 65.10490441298258 0.28949729421226034
25 76.77295548765892 0.28905495024235583
26 68.38799391832941 0.28867334393711386
27 65.86845386384066 0.2882405294291245
28 57.8424174674639 0.2877610674306722
29 66.20475307277977 0.2872612006260793
30 60.20390248871396 0.28682235345353785
31 60.10922273650993 0.2862830815947993
32 60.27723207985937 0.28589821614986377
33 50.077600861383424 0.2856294700155739
34 59.57094766922238 0.28540848699758886
35 55.586847640947155 0.2851483804335101
36 55.590223302151855 0.2848841137504386
37 56.63126314236674 0.28451596447780125
38 56.84713746239665 0.2842466737908197
39 57.548540804861084 0.2840055577762052
40 59.312279190046276 0.2837292874829432
41 51.896299046257596 0.2834920592243381
42 55.77642644695966 0.28320122232233563
43 61.57252734978056 0.28295743464243
44 53.924144051034304 0.2827224681747845
45 46.319436997014044 0.2824679236690634
46 56.801691553550285 0.2822032762797809
47 52.159887740712946 0.28191342256002455
48 61.9117438667377 0.2815194470798675
49 50.96107608400152 0.28112384093119264
50 71.66118224945829 0.2807135856032189
51 62.630251596545975 0.28023830449182324
52 47.77004522777477 0.2797858953136285
53 56.5656029564581 0.279278023908253
54 53.95699554216556 0.2788118022208196
55 61.542476213136396 0.27826682463660546
56 62.68173769257518 0.2778424838506454
57 48.27674362203122 0.2773392568993852
58 51.50996012001559 0.2769757969219245
59 43.21645650310845 0.27667938880772674
60 60.394770016151504 0.2764657941441566
61 45.70925921445069 0.2762963102203366
62 38.208522371031016 0.2761396221725261
63 54.856282817315915 0.2759983396741269
64 47.610037802495306 0.27589118434223425
65 45.71885889492504 0.2757624925104774
66 43.29984875599281 0.27561371996347794
67 36.02130714507294 0.27551803397965346
68 41.39399338942958 0.2754800350070651
69 50.73316411151872 0.27537603462215465
70 41.71673551185337 0.27523918169676026
71 38.61110174693988 0.27501115732549186
72 36.017531471800325 0.27480401674841115
73 38.58731463314305 0.27461952386759525
74 34.297818897182125 0.2744300503091436
75 28.221459081961235 0.27428273657914276
76 35.10301520035381 0.2741119390189306
77 27.559573341256225 0.273919691065644
78 42.89683959391418 0.27372675371235505
79 37.447720337151594 0.2734672198708791
80 26.387871505541504 0.2732160997390432
81 25.818781302971885 0.2728875155899
82 23.443999498465402 0.27255510227654145
83 29.39779617786716 0.2720491947477041
84 35.438902774651794 0.27158690627153437
85 31.97881931185171 0.27109035746772303
86 38.40567145515371 0.27063918371158086
87 25.879257544438907 0.27022764539745
88 24.911953847257564 0.2699288159204358
89 31.958295835202335 0.26973121226257946
90 31.112449400910847 0.26949288409978733
91 30.05270513338647 0.2692989554736066
92 24.428226581702155 0.26910883947732145
93 32.48985353220212 0.2689049750527477
94 25.672971540316993 0.2687504650986862
95 34.174578855961705 0.26847527031768303
96 32.488842808318964 0.26810979220606057
97 32.23319948263882 0.2677047159177925
98 25.978936687596104 0.2674001929027082
99 30.37685965371245 0.26707942961546677
100 29.756050872053244 0.2667285200130827
101 26.700177413402365 0.2663280794472904
102 37.0474484362499 0.2659576757915785
103 29.983241506260413 0.265630200549929
104 33.41729647034835 0.2652941831386105
105 23.738988765044702 0.26501030185544777
106 34.21324047100864 0.26475994130954444
107 20.342891256209754 0.2644489850706787
108 30.7878566316843 0.2640585602565794
109 37.74549060007998 0.26374695441934054
110 27.60255333233846 0.2635241882848915
111 27.340858778398726 0.26339006088481676
112 24.02807578928119 0.2632741243763871
113 27.38740936092932 0.26325679141698366
114 21.191830845962713 0.26325534807648
115 26.64656494563662 0.263267164696745
116 27.22032006224891 0.26323517439211463
117 25.171071324999758 0.2633702249339528
118 21.66226597912671 0.26348388135868334
119 18.887347162821293 0.26350959080554504
120 23.760250062493384 0.2635115642083873
121 23.37346869820744 0.26350912938833376
122 19.967108475431367 0.26349339723752124
123 27.81437862292462 0.2635577975374582
124 18.44468933863477 0.2635904734299146
125 19.173073636492603 0.2636344798143402
126 23.901056506827313 0.2636834522795032
127 26.59794020411774 0.26366404498703777
128 21.990250495170677 0.26376556405544044
129 21.77030636275138 0.26382651195318857
130 25.037479994209647 0.26387275305167524
131 26.189474991926602 0.263737776533088
132 24.6350226444868 0.263605163197686
133 25.157156533768962 0.26349154992397494
134 30.806800835431318 0.2632937835717925
135 27.41107510098209 0.26311074785766453
136 23.364284976603518 0.2628982436275007
137 23.264932463104632 0.26272492915295975
138 18.582715335462687 0.2624571976187701
139 28.039751211990968 0.26226433362030205
140 29.43887081807346 0.2620469793665702
141 16.693113217547243 0.2617819556576473
142 25.425220597209496 0.2614780032072146
143 20.61892347271989 0.26128950203155077
144 21.409523529844193 0.2611886148203178
145 26.064511707766833 0.26115147227772745
146 19.26950206480972 0.26107577954787464
147 18.074521544636376 0.26097807301470205
148 18.44772010254711 0.2608898537829751
149 27.24276764667556 0.2608567251904791
150 24.6771260941171 0.26084264212310226
151 23.09358705734135 0.2608394449295945
152 20.35435497284017 0.2607914635924901
153 27.836776617057005 0.2607040479433266
154 17.71756363303674 0.26061723742490783
155 13.878508883039881 0.26043339216364747
156 22.245240755156683 0.26021820348684055
157 15.971158500295244 0.2601275895738183
158 17.4250655516775 0.25999792486140155
159 20.267281310505403 0.25990207877794447
160 18.208870735941787 0.2596794003535556
161 25.569163381792414 0.25946292464418824
162 25.110868596628098 0.25928765483819416
163 20.073258739771276 0.2591803319356757
164 32.596177841526554 0.2590587078161853
165 21.538622904114103 0.25898805934929325
166 18.31642679151659 0.2588825187000272
167 20.911242582929795 0.2588644861871432
168 16.70940654990116 0.2590272589531593
169 23.170796535219672 0.259252080506333
170 26.699958708305005 0.25946821128018466
171 18.08101515899092 0.25958290063555006
172 19.735736911751808 0.259707155070072
173 18.771665584394 0.2598771536604306
174 23.401295252080217 0.2599822867517404
175 33.00125146711627 0.2598840368132563
176 33.33630823043854 0.2597353819043141
177 23.12901195396718 0.2595308286852432
178 24.505243573113578 0.2593195699095501
179 32.907115002456216 0.25905497913606723
180 27.049077132632625 0.2588276256065668
181 19.070273136868618 0.25868134920138786
182 31.46631726441983 0.258605093520941
183 24.579087699496238 0.2586031366811464
184 25.2196426219039 0.25853236439912725
185 32.76341873914162 0.25849720846190316
186 31.788587668393557 0.25847876997803815
187 32.89449483927921 0.25840047920239834
188 31.11041237490649 0.25835765402924826
189 29.876282064265354 0.25828160265817524
190 30.71542506370566 0.258202737861575
191 23.100800592712297 0.2581130059037162
192 26.032812172007073 0.25801498133508466
193 23.978369822387183 0.25795623331369055
194 28.593486172855172 0.25794463769295023
195 25.015588801110248 0.2579147814070124
196 24.480929735740304 0.25782715418835034
197 22.887856983689446 0.25773196991382186
198 26.51328077939442 0.2575474554758416
199 21.67825022750433 0.2573607119860482
200 24.536628638542737 0.2571287930430081
201 29.763552614553408 0.25689319509966035
202 16.797757817079432 0.2566924326830716
203 27.236548019025385 0.2564972575222145
204 23.547443397653982 0.25630591070995223
205 22.67281742821379 0.25618407758633055
206 20.600561455375274 0.2560666827709924
207 37.75237057433725 0.25583101660090685
208 28.991906730972943 0.25561707044454995
209 25.77656368840437 0.2554538552992055
210 30.307383038649064 0.25529157585918993
211 28.521696607898818 0.25515681267077867
212 29.89229120953702 0.2550402866014857
213 20.431573461348748 0.25498257248164
214 16.824998349517934 0.25504317536131693
215 34.25722036306733 0.2551297819754497
216 17.497550587862072 0.2553320908373698
217 21.01535125613921 0.25555701599301156
218 20.319677020805678 0.25573313331909
219 29.81262412942872 0.2558059841188627
220 25.688202259294656 0.2559489215348306
221 19.812998897395836 0.25605061401407636
222 26.13139128512526 0.25625440245215847
223 33.61604804241404 0.25641406296694236
224 27.276039910197277 0.2565145447162096
225 24.435244744525626 0.2566793815362932
226 22.97155879669031 0.25674644079364833
227 18.845273028680836 0.2570266058045058
228 24.767145545089075 0.2572525913960851
229 23.490001841031294 0.2574357025161634
230 23.825435383712662 0.25753708395749253
231 17.301350696724416 0.2575279267574982
232 18.74949903911964 0.25749667294680584
233 15.145863551986535 0.2574382925367126
234 30.69364653365543 0.2575113265636918
235 29.18216702880752 0.2574678247042925
236 23.7571112156529 0.2573856900672984
237 28.30715731811373 0.2571764720470946
238 18.43826644452231 0.2568984775871539
239 18.02882648227986 0.2567296992929712
240 22.428739989931927 0.2565074480049938
241 23.699755059632395 0.25630098408196833
242 26.242003873719327 0.2559660670662675
243 23.23012357389129 0.255538430917625
244 24.394247931701827 0.25517360389988364
245 24.1332090617618 0.2549341057746308
246 22.65383746939024 0.254561573075067
247 26.393260295431517 0.25420543698106746
248 25.28364326282462 0.2539008263861414
249 28.50354491165765 0.25356597572309025
250 27.688140040049824 0.2532658617742367
251 20.478570378680622 0.25303325275013805
252 23.488892596916457 0.2528503763182201
253 25.811879910892113 0.25260581089953366
254 26.657962176293303 0.2523237265551514
255 20.92799331995202 0.2520966177476221
256 24.70741517211375 0.25194152864028546
257 23.74813383376391 0.25168414753424756
258 19.460898698716598 0.2515107918391478
259 20.481537981034542 0.2513402196835002
260 20.571788529707284 0.2510599286116272
261 25.15281558783392 0.25074974390664206
262 22.76135193216229 0.2504446923307664
263 19.423692493045316 0.25019137758103155
264 27.229962791204052 0.25000078170841344
265 19.04021469304243 0.2498427913863198
266 21.415619373022025 0.2497512242997591
267 17.343433043253505 0.24972284720392135
268 25.039919289488658 0.24969156555671132
269 14.816857737671151 0.2496621569690216
270 16.669039992620384 0.24972602441181999
271 22.057780962815485 0.24981221308934126
272 23.86545764820136 0.24991476138194846
273 19.737844037661148 0.25008884115457863
274 19.991429677644504 0.2501634510595249
275 23.650245605614856 0.2501912727544992
276 19.08384898121041 0.25022236401582065
277 24.77357981575599 0.25027764656856577
278 21.468519238685843 0.2504015605014132
279 18.708377836907516 0.25043921324570717
280 27.96748596218498 0.2504929564042348
281 18.966196689044747 0.250565649235703
282 19.63059230064463 0.2507041428748008
283 20.63189412153388 0.2508340258523269
284 27.806478248325938 0.2510150989036577
285 23.72661412194834 0.2511389470963519
286 23.87636265525216 0.25123344162012284
287 23.083433550112694 0.25140762957772356
288 20.113879797097212 0.2515314780159189
289 25.311893774608627 0.25158332951712825
290 21.79076243730892 0.2515148556114613
291 37.06944200598008 0.2514284875170843
292 26.18794563480394 0.2513544956770772
293 24.850739826966603 0.2512136509312007
294 24.979247685523042 0.2510565014887771
295 26.656509599269192 0.2508713562203163
296 31.643345378872407 0.2507480378324741
297 27.08160904264585 0.2506542485930724
298 28.540290262829572 0.2506436775250399
299 21.01525222925494 0.2506674756342831
300 26.171596595670138 0.25066400465695493
301 32.88727348459628 0.25057903045901087
302 21.877392595214754 0.2505164756191633
303 19.384797238428032 0.2503798249073099
304 23.627505165076954 0.2502315152501665
305 19.754450843849156 0.25014494115204466
306 25.003584926377492 0.2502453659962899
307 25.92484484046403 0.2503898623306466
308 23.712533425039858 0.2505493744796574
309 25.215006634658575 0.25072222916984893
310 24.401938013158464 0.2508876732631761
311 18.28715999640619 0.25102630352179917
312 26.69909137019379 0.25100367963905457
313 18.694622338771772 0.250920001374898
314 27.06748241407585 0.2508077303112807
315 18.881550789698156 0.25074754465223237
316 19.453742403172214 0.2506971523011728
317 21.930902354258286 0.25070034559951193
318 29.493003947735726 0.2506532082316796
319 34.80135260006982 0.2505007746471113
320 22.38864228949884 0.2503698771895647
321 23.277655161466967 0.2502478433205526
322 15.94384945812579 0.25012103187181384
323 26.594893762215293 0.24998277167869312
324 34.4208203551192 0.24989052250556104
325 23.56329660678938 0.24977104308560863
326 21.352044425518393 0.2496333567520552
327 20.59087597747108 0.24942430555362327
328 23.967524446621425 0.24920729084797902
329 17.296041771183138 0.24895000788847108
330 26.037005306434292 0.2487422754035098
331 21.048316003939114 0.24851071321753232
332 27.0921002853418 0.24827528469343027
333 18.148737327138388 0.248062706465771
334 23.272393204033975 0.2479021178582601
335 34.47487133362612 0.24776315591308706
336 37.347289244935965 0.24767656305725372
337 27.958500929383447 0.2477063514582642
338 18.623278685027373 0.24783460357755788
339 22.81529730651417 0.24791198044635498
340 25.48198972169017 0.2480723777763113
341 22.024058747558048 0.24822259920786155
342 28.066232755050308 0.24837405996927658
343 28.222996449520117 0.2484833164824336
344 27.714751467794578 0.2485462679798989
345 22.456297674497915 0.24861694443081472
346 24.050500682711 0.24882813151022856
347 27.033824868710013 0.24913039370203102
348 25.7132680425842 0.2493053868296638
349 26.37098160233915 0.24939536327316839
350 36.397838639637094 0.2493601856601024
351 25.700922140252274 0.24924819671557152
352 22.882933141407314 0.2491048827492598
353 27.279481971467305 0.24902063063382207
354 25.88540963927648 0.24898730137245373
355 19.469844560982075 0.24892373858593952
356 25.92030387599587 0.2489357619223716
357 28.467148588231133 0.24884009593876533
358 16.522551478198064 0.24870841010759698
359 24.58502904072804 0.24848430086344458
360 25.526205487305987 0.24831627432758502
361 26.942112174623034 0.24807699434123365
362 28.466222347185777 0.2478530263654682
363 22.383121757679245 0.24754483187809406
364 29.116117883050723 0.24726957889563828
365 25.624895534751936 0.24701341685486883
366 22.79986453711143 0.24682516557057546
367 30.033601466251174 0.2465180412680834
368 23.95723344422298 0.24625186415263056
369 24.771391475809555 0.24609726466746962
370 23.284623943463526 0.24589949621591484
371 29.061481807657177 0.24574033068751344
372 19.73680153220114 0.2455557127346765
373 31.92209618997414 0.2453778027663142
374 26.103809892137626 0.2451450160402583
375 22.60772146508407 0.24490379412306765
376 23.44587948545086 0.2446020902447647
377 27.295274098407468 0.24427422555243405
378 23.445136979006584 0.243995664958219
379 29.364649860459533 0.24363501618061978
380 21.825650426181298 0.24325004289177393
381 17.404994380293278 0.24295145653849287
382 23.469511626555146 0.2426784421964363
383 23.52947381394707 0.2425317720062476
384 24.758149083030563 0.24245710895562783
385 19.29463281982644 0.2424248212335106
386 29.62229325928969 0.2423129921376447
387 19.48437261214093 0.24220857691262254
388 15.030729720276753 0.24201941963374132
389 19.063996548659887 0.2418029562619196
390 25.4420389387656 0.24161255309520985
391 24.931670204351022 0.24152310494609003
392 20.575535889546533 0.24139833461614604
393 29.96514891827588 0.24129201758991542
394 26.88240629571158 0.2412820319427028
395 23.855441748788643 0.24125971127502308
396 19.66174438094395 0.24118816758859032
397 25.41498278184509 0.24106725597616405
398 24.427906015196356 0.24091474972149451
399 19.632960888956585 0.24087379205480206
400 32.542943891670674 0.24088161997086155
401 18.760217097141474 0.2409004931471543
402 23.05079442408765 0.2409966448701975
403 15.106807036736164 0.2410637978295289
404 17.717543610818442 0.24105647405310138
405 19.14984101939266 0.2409951825289468
406 21.432721296351275 0.24090278113513813
407 17.918540499225188 0.2408628325679121
408 21.73052115182486 0.2408596579249153
409 29.97483487231069 0.24092233068963298
410 18.84520009469051 0.24082180412118204
411 24.361599189936605 0.2406046011808618
412 30.049308209695475 0.24043496421518457
413 26.97390617330225 0.2402830274303025
414 16.096350748103617 0.24005012013672056
415 27.040799246688785 0.23980584505911418
416 26.518323275293874 0.239515400285042
417 22.91183584983608 0.2392585849272766
418 18.35242216093359 0.23917483119109473
419 27.220532152010392 0.2390304926392075
420 28.262996803380307 0.23892613433301915
421 32.25788683158849 0.23879623338701286
422 19.84581044674715 0.23867513119459735
423 21.209552587360502 0.23860752066225813
424 20.80088898976969 0.23869644838883325
425 20.490682530241003 0.23873637226319683
426 23.374898939647935 0.23879739938594427
427 27.358011570053797 0.2388658667301792
428 34.84631330686447 0.23897650976486554
429 30.015430346962354 0.23895390701757285
430 34.707828698465406 0.23888583775070846
431 25.839599919051402 0.23887899950546407
432 26.28630247485784 0.23891201549614655
433 31.11387094292101 0.2389509377137699
434 27.965563890477686 0.238812245286101
435 26.094111345696703 0.23873248394434024
436 20.284548866243902 0.23866760739615334
437 26.231153861463646 0.23857380320993424
438 23.348477989454345 0.2385555074248703
439 22.605462903905483 0.23860592693879773
440 34.46141593913301 0.23865393498967308
441 17.802322927371065 0.2387007536466265
442 12.084984459519083 0.23872467128623914
443 22.80682766226893 0.2386680072635207
444 22.38405579586219 0.2385125509522351
445 21.6738209150002 0.23845653052947907
446 17.741761038712355 0.2385003512077809
447 21.89260017367659 0.23845572921651137
448 19.242539836884603 0.23840709017265188
449 22.586861327422547 0.23827365359270192
450 22.866075008856058 0.23820107629597714
451 31.13220604602832 0.238189906302879
452 22.140338877505098 0.23821456633451832
453 22.902527255592098 0.23818695384700145
454 15.141109139256244 0.23813059182379367
455 29.60897010089746 0.2380997126802035
456 18.891711248152212 0.23813431578842356
457 15.118940772910609 0.23807899621786893
458 19.28147763210507 0.23808618660955153
459 23.833207629921134 0.23812769368752112
460 10.713942869577194 0.23820473297531908
461 17.566903702080747 0.2383245804041751
462 13.119670613949644 0.238434030424891
463 15.689225218335343 0.23863614447049775
464 21.190405079421836 0.2387960609142012
465 16.593308172378904 0.23892776034691338
466 16.01016151221376 0.2391093693589759
467 15.484005716258782 0.2391721000014533
468 19.046932560322823 0.2391606681286384
469 24.798917985177532 0.23919539929012856
470 20.842515995608633 0.23932793573199063
471 20.7756000903998 0.23950296879042324
472 14.36158587414434 0.2397246753761983
473 21.486959018213952 0.24001544792915463
474 17.84127333686918 0.24031739283580167
475 27.894939529563636 0.24053475537105784
476 18.359384026930496 0.2407673796629204
477 15.310978318273866 0.24092525331931797
478 17.505935984171927 0.24116901693259457
479 15.357629822648201 0.24147503486319827
480 14.406711458210705 0.24178605845586493
481 16.8148325978074 0.24227280123606498
482 17.421012813509254 0.24289645407531996
483 14.610484491145321 0.24341865922674868
484 14.450985975918947 0.2440733386762636
485 14.108386070695367 0.2446955196171566
486 23.753861055065794 0.2453140299928389
487 11.356117587620368 0.24547008404179144
488 21.605358214525786 0.24567057889128885
489 18.73746103248108 0.24587882048428594
490 14.375409852398391 0.24606179204290976
491 11.34385060562679 0.2461216554381982
492 20.44575510519698 0.24615384795954887
493 16.29642386908285 0.24602841667502331
494 13.929375531322624 0.24600137601839003
495 18.178302862281804 0.2458312571144512
496 29.535197284141432 0.24561536513960547
497 14.49504016131834 0.24559334939018929
498 20.134161387873053 0.24553061042999513
499 19.077354802033582 0.2454474174849046
