0 158.39487857512302 0.2985701603524551
1 172.03259024711048 0.2978784822023209
2 191.55466153745272 0.2973476434354888
3 192.22576508322612 0.29677361496359944
4 190.24901604851647 0.2957991537296676
5 201.28318999038135 0.29518965408070885
6 169.87289013072808 0.29464510910572855
7 203.46601414086592 0.2940597722096516
8 185.06236119527426 0.29348335346077126
9 200.5477758115727 0.2929076550078026
10 195.43961974193547 0.2924804008688633
11 200.35024449693267 0.2921463102474198
12 206.4294127316037 0.2918548010502273
13 171.02425031235452 0.2915569246294467
14 177.87086021535453 0.2911585858268523
15 176.56143771970807 0.2907357898712048
16 178.91043537283008 0.29041017902550326
17 180.85251432244615 0.2899843648398233
18 175.98933614338966 0.2895265839808195
19 173.96908943931922 0.28909979438995465
20 165.43514512617185 0.2887337636904247
21 152.87416683797198 0.28842359591439454
22 181.92576799936109 0.2881820870685893
23 180.8152979479226 0.2879121390056115
24 159.05812000094886 0.2874869570110572
25 184.9428269949476 0.28709064511424487
26 163.0258270763125 0.28686797606687475
27 181.3841279371095 0.28658780975468745
28 163.23731098779618 0.2864047772667407
29 139.48845550087646 0.28621236382305104
30 165.61552265756555 0.2860687565772096
31 175.54042975697274 0.2859424738529357
32 173.92112262728858 0.28578448967398634
33 169.60792853664358 0.28569671310066896
34 156.84236051483316 0.28565327877556657
35 167.46572917848954 0.2856593420571736
36 180.76926681739616 0.2856607816588286
37 154.8506828145449 0.2856397607391098
38 181.81653949016606 0.2856858553625863
39 132.23211855252387 0.2856828364706835
40 130.72287506528355 0.28570157654279793
41 181.75965337327438 0.2857929292516537
42 175.8537952312156 0.2859398080158293
43 186.47957900060442 0.28611333214411744
44 163.77269036710337 0.28621762382894006
45 162.46855192958145 0.28619714744150043
46 150.38946350267557 0.2862393333430828
47 154.28767048849278 0.28619199192039846
48 159.9955454011422 0.2862657201110498
49 159.35371916941108 0.28636088679685967
50 152.36198248368817 0.28640548274117
51 160.38185573566417 0.2863965817195485
52 145.39194328833614 0.2863455767725024
53 145.63920467260309 0.28638036108556175
54 144.83331419925617 0.28640708229153167
55 159.04601576471623 0.2863420056614975
56 157.99511391830316 0.28612848960713433
57 169.0166545344108 0.2859922786881295
58 160.84934588852337 0.2858860489309184
59 151.16616507256572 0.2857976301426437
60 177.3875966638995 0.28575049043454753
61 171.36333960497655 0.2856073727144918
62 150.27903922355785 0.285379548419993
63 156.20104450940377 0.28521479236167974
64 161.55864768571467 0.2850625489566171
65 154.242960937252 0.2849771352601915
66 167.19884328634316 0.28493230859182006
67 164.52608484597806 0.2847789379702278
68 143.49073698715063 0.2846435802028257
69 165.404280086335 0.2845220617309704
70 164.64639658032013 0.28438611607345465
71 148.86491373266264 0.2843069608607815
72 153.58756964629112 0.2842418643810375
73 172.3274701086738 0.28408218592999707
74 156.30834214873016 0.28389560993984475
75 145.10217657087162 0.2837664459861219
76 165.64640542273133 0.283650546831127
77 159.97816940973206 0.28347475989198073
78 149.00123793595787 0.28325762345073496
79 151.96380527561723 0.28300801862382885
80 142.68386642793985 0.2827991513414073
81 163.7185374131722 0.2824414512662674
82 145.3260396716261 0.28216701580208087
83 160.77405564693254 0.2819757326231148
84 154.2459667470688 0.2817497389609609
85 148.364259528749 0.2815780933654217
86 182.47963562679342 0.28134726427074636
87 141.3714714817583 0.2810925008249603
88 157.26299397349385 0.2808947486062503
89 172.46892125700793 0.2807431208860621
90 156.36516669437788 0.2806324183946092
91 166.07269696328416 0.2805739333764722
92 176.3838984535341 0.28051255308376377
93 163.76761734479282 0.2804364411313188
94 149.6811625212291 0.28030244199165333
95 159.24188283466123 0.28010780093389104
96 138.83410875096925 0.279936812493254
97 159.51673997020475 0.2798067529869366
98 149.5067850807967 0.27969223944843236
99 133.98811793953456 0.2796033173312662
100 136.82910529660194 0.2793835174655356
101 144.8859597654968 0.2791956812630807
102 168.29741272156875 0.27898586166285244
103 148.72056421666034 0.27874591756792005
104 115.84534223338225 0.2782655551051401
105 144.92594424350514 0.2777126297054155
106 129.60414998129605 0.2771610618586372
107 135.70524517228893 0.27665247019463735
108 122.30289615394672 0.27617234649268996
109 117.72503875525217 0.2757681918719136
110 116.10466082572052 0.2754031733089153
111 123.76317939932648 0.27509549641786646
112 145.99113532977407 0.27481612230933683
113 114.9870699664904 0.27454654129980494
114 122.97244761847327 0.2742829413631719
115 118.58576554402507 0.2741694257311764
116 103.4909410972602 0.2740066307322635
117 113.32761338298175 0.27382816624098555
118 125.2370300820518 0.27368061510284736
119 116.32184602122203 0.27353603991706926
120 121.75097091535164 0.27343269512917007
121 141.12022315444455 0.273368204171046
122 137.19375809795355 0.2733345268515695
123 131.18293893783434 0.27331030219067015
124 126.38515538770083 0.2733464458817797
125 141.03138440244015 0.2733570452915413
126 129.0252807750042 0.2733351340093067
127 115.86727026444592 0.2731617424633791
128 144.69939442490733 0.27304312330890324
129 127.36899141918622 0.2728954197455611
130 152.66140017211802 0.27267839500565083
131 149.25732230883773 0.27244137333554874
132 129.42519330842038 0.2721359509852686
133 146.57091056287177 0.27186845770116586
134 130.96458140251056 0.2715753110557908
135 116.07138634950707 0.2711486252550538
136 117.88209756963272 0.27079170060656815
137 120.59912751926012 0.27043104215279534
138 133.11630837751446 0.2701494206700087
139 134.15905380755356 0.2697765808658255
140 134.43259347358176 0.2694591792965883
141 115.31217941243801 0.2690740780363545
142 139.7246895436521 0.2686501256949691
143 119.51521480786838 0.2681255728843323
144 119.58344790367818 0.2677078249878171
145 120.0833315592497 0.2672570863338051
146 110.88064031251285 0.2667483596857344
147 114.68160634329072 0.2663196417651613
148 117.33184438293813 0.2658589769429966
149 120.42995216641793 0.2654996202864889
150 131.84448164100525 0.2651159608298677
151 116.95829713684634 0.26477357687197545
152 131.10362822306053 0.2644072400511043
153 119.1910514718179 0.2640536324134598
154 92.35164890193985 0.2637345811777878
155 121.02253726835765 0.2634292354849681
156 111.56840904491926 0.2631360058792765
157 127.72296982237786 0.26280452413710664
158 106.9912581311957 0.26253026521757494
159 141.7171718433513 0.26232526106707643
160 132.5987662975071 0.26217675858855033
161 137.53979599783037 0.26195795060461347
162 124.49520670332839 0.26172993931288946
163 125.85883347449482 0.2614826169308415
164 113.38796753184462 0.2612411436840042
165 110.94371892466985 0.2609579048902311
166 125.68626256300635 0.26069900112050826
167 115.08938311626788 0.2604958803261787
168 134.3621569268622 0.26033181635455166
169 138.8448103025201 0.26015276611779237
170 118.59357085287911 0.2599682901212793
171 106.14843360474136 0.25979561749229785
172 125.71972966113537 0.2596990411382759
173 121.01977589244488 0.2596748546355243
174 109.21678455579024 0.25953992128487197
175 108.53118095972269 0.2593312383260823
176 126.56150805567148 0.25906527824700004
177 106.99502513504973 0.2587954115831129
178 116.28292074634797 0.2584155344380786
179 122.46292940731472 0.25809776668029194
180 114.6887202556556 0.25781580155482664
181 95.17071482802257 0.25761167842594834
182 126.03134162737805 0.2574265031359461
183 126.91322713537352 0.2572356962202541
184 95.00258487399773 0.25699945356358833
185 107.85617454119195 0.256720702730824
186 121.54115249322072 0.25649643936266775
187 110.81290979425006 0.2561023724505365
188 142.06659632571652 0.25571934309295763
189 113.79846743004917 0.2554153791559452
190 122.47372396582695 0.2551072024197661
191 116.3948834649756 0.25481149614241144
192 116.59980711376122 0.2544841492221297
193 123.86510315785154 0.25424531329715105
194 127.79371643506522 0.25407283397562497
195 105.3639860738953 0.2538737305251968
196 124.61146141681002 0.25366863504072645
197 130.21916623646965 0.2534654526031108
198 146.25336583687488 0.25332298318153224
199 113.27768516236716 0.25318243588266404
200 99.50375022698898 0.2529889282485758
201 109.89617067381229 0.2528060013387261
202 97.29331876771084 0.2526228859873338
203 128.36152793859344 0.2524688875370305
204 113.51316845683678 0.252313866110153
205 121.2391898541384 0.25216805641193374
206 103.46854013185403 0.2520159805483957
207 133.85710947842065 0.25186750369197974
208 116.28422377566892 0.2517060411556732
209 113.51338274644591 0.25144569951874696
210 105.77907721097876 0.25114704415986794
211 114.80080263063729 0.25081375480288515
212 118.35969084700693 0.2504557895692077
213 101.76681763597301 0.25014127677042625
214 98.63596411006104 0.2498449934151279
215 122.35149294389359 0.24965816510761554
216 118.2988317473737 0.2493938229403921
217 97.11569655313266 0.2491063731646933
218 115.50432974297834 0.248767821358287
219 96.27399797982054 0.24853152037350995
220 117.9203291170619 0.24836218720372108
221 110.61895151601675 0.24829927134249574
222 120.18117117959054 0.24825031804912118
223 117.51873590035797 0.24815341269654168
224 103.3260218492463 0.2481006578482162
225 107.12744263602583 0.24800206422445353
226 105.70410946401512 0.24781912459511618
227 120.92887250183378 0.24749202036192597
228 95.4138256314465 0.2472138380151896
229 107.42348898377986 0.24693651783172457
230 92.29041056791313 0.24679059681778304
231 94.02614384583549 0.24662195360768924
232 109.9807067577658 0.24653528197087815
233 108.62919161132265 0.24641245149997154
234 107.21202961421059 0.24625929088262816
235 95.37646822333627 0.24608548013841403
236 93.7547628778922 0.24591395405568905
237 88.77991485874271 0.24574026007986416
238 110.49401626488579 0.2455798236516728
239 104.5010672734732 0.24541586807007154
240 95.25386929600785 0.2452564510800106
241 122.90827249045324 0.2450261443438616
242 119.0037743391542 0.24486610518135854
243 109.37942211074021 0.24464376669494275
244 111.59479052080536 0.24446734339992
245 95.23457651012032 0.244353014621015
246 90.18244110690404 0.2443227987474736
247 98.20279529371587 0.24430211143384084
248 98.79400970898793 0.2442511678091083
249 95.75751843399141 0.24416994120120217
250 81.19586195247831 0.24409278852049363
251 89.065040757825 0.24396488854058176
252 92.2824997942727 0.2438289870078115
253 78.29170422208257 0.24371171369822528
254 98.6347437374998 0.24367375295049232
255 110.37344273310575 0.24358589527653837
256 88.24655613298394 0.24352578715132303
257 81.72355008484581 0.24341107325132244
258 107.38149587009717 0.2432863091371384
259 87.20936992047393 0.24316392019014768
260 96.79079907256187 0.24311660175869276
261 104.6192786329552 0.2430630497174162
262 104.52417111457783 0.2428792942501575
263 95.06124197860711 0.24269774260043026
264 89.73594345725044 0.24251254734206057
265 102.78356482606571 0.24232066734169394
266 88.96896377451178 0.24207574126977588
267 92.16353675275792 0.24180207641957657
268 101.51686993950375 0.24158280838967278
269 90.62984101993652 0.24137808114941
270 118.62375341854592 0.2410655488324348
271 111.37580271096594 0.2408023724126666
272 84.86937961784545 0.24056388915772586
273 95.14994727143949 0.2403192382481158
274 97.80600720976652 0.2400721463801983
275 107.80587724332463 0.23981995765255973
276 102.09004600866902 0.2396462939730209
277 104.97273150083531 0.23949287580806944
278 104.72507139501754 0.23927960395395334
279 117.67713265364063 0.2391020097811746
280 80.28410565245764 0.23886286133635576
281 93.91235645391649 0.23868349034813013
282 101.8292499603244 0.23848289742800394
283 108.87719475437746 0.23825521966477287
284 92.28670327703969 0.23800565683654773
285 100.93258140429879 0.2377546805332642
286 117.65768740836707 0.23760966397494476
287 103.83948324469512 0.23745230659004216
288 110.27571007395252 0.23723247539223116
289 111.71262017791764 0.2369774249711592
290 105.84853297717811 0.23666481298939715
291 114.37823939454033 0.23638086114682472
292 120.6853591600657 0.23611298918433274
293 103.86011642027975 0.23592360865569267
294 104.12408259404071 0.23579755191576518
295 113.50647380422454 0.23564586961379705
296 95.3302645882208 0.23550416606971322
297 94.85034975837726 0.23533269595879475
298 96.46356459469948 0.23518625307507338
299 103.86115620003883 0.2350640680644866
300 98.34399143141995 0.2349711415793371
301 89.26143570776358 0.2348764844895653
302 104.39539224328041 0.23482154396025162
303 109.44144597024355 0.2347823109761859
304 106.84649138149086 0.234733092253844
305 73.43772217042027 0.23471055973571603
306 88.45853226469077 0.2347276661436144
307 88.02288759264052 0.23470435784454413
308 108.5043123971115 0.2346167453996497
309 99.24512138542539 0.23455136979615543
310 95.36402447845828 0.23448030930734834
311 105.0789178681039 0.23437932973938896
312 104.2291309145672 0.23428768036416686
313 101.11944398537882 0.2342220956772437
314 107.23220566843773 0.2341511068082595
315 103.15210926278124 0.23401522187695223
316 93.14551940147979 0.23391577286193846
317 91.9055198139238 0.23382990920934402
318 112.02369866833426 0.23378593888415122
319 107.7345444929782 0.23374763060735065
320 108.97790617227702 0.23375042206180752
321 107.89393176965973 0.23373205994335128
322 106.72543917380307 0.2337069017028368
323 118.44383325267285 0.23364436178072906
324 110.36461836620599 0.23356442733579263
325 95.84595380359181 0.2335319131589937
326 110.87833821210532 0.2334798231657139
327 116.85884322164037 0.23338822663018136
328 112.99468193887162 0.23322593531238478
329 111.57452784876693 0.23308288844140002
330 97.83263449746042 0.23297239086082655
331 93.28470344807003 0.23285757593249984
332 105.71898015442332 0.23277825028768362
333 103.82362688562236 0.23267991055747309
334 102.24618511641728 0.23268880628981675
335 108.64210210704336 0.232562473855346
336 108.20661649526551 0.23247247147131897
337 97.22631239487919 0.23241597824691013
338 99.68774457131303 0.23233838763834397
339 114.9599156528092 0.23231606263507398
340 109.37038573026754 0.23224403049921433
341 99.89288435204648 0.23229369325734253
342 130.78496923902117 0.23236548691839906
343 104.9302088313637 0.23244193751343148
344 120.32190996787332 0.2325441155941652
345 102.84843122270179 0.2326624182322895
346 124.06635395754506 0.23271234955446513
347 94.34822880331416 0.23277653062043846
348 102.91713517354009 0.23286527194684148
349 96.37256707653543 0.23290040421997957
350 109.35405744736188 0.2329190645399919
351 93.94139340811165 0.23293782583694733
352 99.06621734536293 0.23296650125204182
353 115.20443192722689 0.23308837158443932
354 99.67046522480969 0.23315967436195553
355 97.69488012573363 0.23317717245790573
356 118.91816517848085 0.23314472958857543
357 88.21638693963462 0.2329988443594589
358 87.1562091924272 0.23280015179690872
359 93.6026817530462 0.23257012571929062
360 109.5860230215956 0.23236957237705458
361 96.98885193786961 0.23221821299909856
362 89.15368157149447 0.23205051683268255
363 76.2354349169621 0.23182897414949805
364 102.18295882961293 0.23162183032014733
365 105.67306732669053 0.23144158030665257
366 117.32634824072183 0.23126702313837744
367 97.78764821869296 0.23107340685395097
368 84.16298375441616 0.23085817815849283
369 97.80317710302363 0.23073568813141182
370 91.79241428058603 0.23059668575989795
371 94.06607614909197 0.23041560437242747
372 127.18377746593838 0.23021071862304235
373 87.29923922431954 0.23001693838980994
374 96.92781364944565 0.22983743676653148
375 88.36276450472907 0.22974871898789967
376 97.59708615555624 0.22958600517964578
377 81.00227153751686 0.22939295684329158
378 95.46515535795088 0.22919849124938968
379 88.88811642895448 0.22901329893904945
380 99.96338133300299 0.22892402699475706
381 98.18495778938669 0.22880588297982468
382 83.06138186305196 0.22872078400026813
383 94.4608310872822 0.2285944620064684
384 94.99821119436862 0.22843474754816845
385 87.5329139128458 0.22826511099492808
386 79.56322173714973 0.2281350921692067
387 95.23063360580385 0.227981216448072
388 101.89218594847887 0.22782489355376118
389 94.72657589438646 0.2276781682002732
390 96.9100522323163 0.22752959565265274
391 99.91607879851054 0.2274451907043569
392 83.01847674073616 0.22746856072662627
393 113.85578317088435 0.2274133049623119
394 98.08915280674802 0.22742284345379077
395 122.9516188643444 0.22744434603706606
396 109.25150286263356 0.22751267743988096
397 98.65420301512637 0.2275758805446187
398 97.49880170558069 0.22757784502323541
399 116.97057718324145 0.22754118236299747
400 105.55779968358533 0.2275601806759518
401 121.3165947374037 0.2275791956951754
402 112.55706195027906 0.22760413317769157
403 84.20903998661288 0.22762445801598927
404 106.21737759107327 0.22768636665714498
405 109.5451990583374 0.2277752770551007
406 90.70382473579147 0.2277658212525508
407 98.08416702664621 0.22778932984840217
408 77.91671149527775 0.22791005014408916
409 98.57565668750719 0.22801243739176438
410 92.65163752221622 0.22823920772846984
411 85.02545990792842 0.22836791054269773
412 82.97494466741001 0.2284555885142053
413 97.49298318581353 0.22863531450776087
414 89.7529023842316 0.228725988724224
415 104.25719240467012 0.22873969436373529
416 96.4813448904878 0.22877481307646302
417 85.66799849123757 0.2289016591805821
418 87.00778826149454 0.22903953730836518
419 85.40785279206898 0.22922427206962442
420 100.85392797098473 0.2293347845571903
421 106.2583002400602 0.22939252705669072
422 95.99636729085374 0.2294609462941622
423 95.43506965289015 0.22958092939435007
424 93.82265126390237 0.22974862428483783
425 97.00456199835723 0.2299231776481938
426 86.56121042542465 0.23005868302604743
427 87.12005757262438 0.23005855173467354
428 92.92810183876529 0.23021101858339682
429 111.3534708842735 0.230283357810892
430 105.24222684924794 0.2303815899974468
431 127.16004236668647 0.2305288115278764
432 92.81350708952726 0.23062558113433523
433 89.93639481624768 0.23080906316133737
434 118.88552302480639 0.23093467656133737
435 114.88784736679494 0.23105831115095227
436 116.52487896553265 0.23120065620009575
437 103.20599664629623 0.23136587381680285
438 111.93849645007987 0.23157049743270497
439 118.32407317498237 0.23191864615800958
440 94.67455242280764 0.23216448226988468
441 96.20437957210632 0.2324160730405246
442 111.54889127947735 0.2326344209626608
443 103.43113051905027 0.232748358882846
444 90.80240077899848 0.23292872360114697
445 81.3246665985441 0.23306293398041636
446 100.28995472057531 0.233305072864068
447 98.41517496553189 0.2335029667037198
448 98.70182101495263 0.2336343954292585
449 83.87425066219528 0.23368788699406456
450 87.46753252249782 0.233704029642474
451 80.96273527703784 0.23382913011148482
452 73.18113881907503 0.23405823972308804
453 96.52404993727478 0.23412254563940052
454 98.3234172565497 0.23413787955763954
455 78.43909488285993 0.234157159584236
456 91.6065782519197 0.23414220384923007
457 99.78977022346618 0.23425957120404284
458 81.44328492116014 0.23440516438584547
459 95.46578854047982 0.2345687477784937
460 90.6751763780168 0.23478980129298777
461 96.92812109724228 0.2349273547536238
462 118.99921940147831 0.23503881966782023
463 111.19448316132173 0.23515965969046065
464 92.64001495757825 0.2352346203908215
465 95.38248556901553 0.23512225284749733
466 98.07826949131076 0.23501777352421585
467 110.16084357658403 0.23492121487165651
468 94.2958000167273 0.2348097550080971
469 88.7749109254445 0.23479986560919616
470 96.10790682985035 0.2347878774341619
471 96.42910381600771 0.23472303466079747
472 107.15478221559252 0.2347921974689184
473 105.95071621383485 0.23485934448408735
474 111.78304235765685 0.23497718444522459
475 97.82745836188093 0.23501057694806882
476 91.86798945424268 0.23503803785976202
477 106.96292087945568 0.23516984001691138
478 97.69185957432262 0.23540738569510034
479 114.27236191309531 0.23572368239929542
480 84.1988793067654 0.23584602221852724
481 91.26487644718088 0.2358454449936099
482 113.74467500082625 0.23586561032251857
483 93.40489811015055 0.2359209170305705
484 106.60581685232614 0.23604022436192895
485 124.510029915118 0.23623547274851064
486 85.13021227248905 0.2363737451863201
487 76.48480335940332 0.23653378690131965
488 82.55286138769543 0.23666614406574754
489 82.96151856863221 0.23676233124421614
490 95.42219746978202 0.23684982953590078
491 165.26798273652207 0.23681858559978325
492 113.68901573403383 0.23671145835024274
493 93.57446823204 0.2366162947045879
494 136.0185922508212 0.23651616763304095
495 116.66182770121566 0.23632669202724738
496 97.3093668918025 0.23619810398567448
497 76.34236921215148 0.2361222207904061
498 100.8791908712531 0.23608214285677057
499 114.30966595239659 0.23605684158522233
