0 67.56701291785478 0.29985935441542766
1 63.05719374320363 0.29904271822256967
2 58.49770425482947 0.29823579744483353
3 73.0431992448449 0.2976400968447805
4 56.39004450116724 0.2971302785057755
5 56.69644670602048 0.2970560129189085
6 44.8519871752769 0.2967838482401456
7 73.78704125278162 0.29633027772717535
8 58.95270407532256 0.2959744478236279
9 47.90760708937466 0.29565524083947436
10 60.038694621306654 0.29520055685337865
11 58.06210254881398 0.2947524306599915
12 48.38824830386257 0.2942617755215724
13 40.408720592347734 0.29387002406433826
14 45.650820499587304 0.2935225650068254
15 58.192960850508044 0.2932644700218011
16 53.95937139301377 0.29284615883253234
17 42.86221111396029 0.2924052628255085
18 44.0851836005744 0.29206242802143667
19 42.699399057784746 0.29173635596920644
20 43.61821949257796 0.29136156567698296
21 39.82473438030047 0.2909342781006325
22 46.08093705161875 0.29040443663770343
23 41.096593460138905 0.28980320469384746
24 54.57418025841942 0.289067117661205
25 36.14788936659683 0.28852077423965805
26 40.47999132372602 0.28798162056926024
27 40.94810067956664 0.28755110645711845
28 40.28257822513001 0.28720943891904355
29 48.093314826401944 0.2868534418260707
30 37.832783938907454 0.2864994332721258
31 46.28005606493784 0.2862466393524909
32 43.87176873694373 0.28589808447077014
33 38.17672582374898 0.28558387758732706
34 26.94034037667793 0.28535502573411653
35 37.67976930178233 0.2852766803584148
36 30.767125745599 0.2851788651599335
37 33.078432194640584 0.2850289105675407
38 28.475671372642005 0.28477393761382475
39 26.662654657270522 0.2844906740805953
40 29.276751191490064 0.2841304883936872
41 24.937407239127666 0.2837970502554297
42 25.20502501835721 0.2834419105672462
43 32.79474869959965 0.2830959520128834
44 22.80969434065935 0.28269274320872373
45 27.700283992236724 0.28228125017093175
46 33.731805175686546 0.28188822904551564
47 26.47068753299163 0.28149236648144604
48 26.143011861552488 0.28109058407393345
49 36.57640794785687 0.2806162621020398
50 28.366844353030626 0.28016008832468264
51 31.33565169778972 0.2797201101335012
52 22.06078028055032 0.2792154493832403
53 17.79700891542236 0.27870956202743236
54 21.038406739291247 0.27826175424642297
55 15.957061003878927 0.27783646949203555
56 24.50056921288418 0.2774747755726352
57 22.75652980014891 0.2770787563065352
58 20.10382184976316 0.27659448223129385
59 12.500500690126616 0.27615226829223355
60 16.074265465571912 0.27569791731533977
61 17.46035647621684 0.2751889322048109
62 14.193642516968001 0.27471080569578676
63 19.62174756090853 0.27407868755561715
64 16.57781136516539 0.2734544084687146
65 17.08047679250895 0.27292422647174264
66 10.004395736159921 0.27248161580306396
67 17.734245403096164 0.2720443602498195
68 13.692078106180634 0.2715922791627282
69 17.223126957388452 0.27112463931605957
70 11.812923665604966 0.27063001997847136
71 12.972040410258213 0.2701699212516504
72 8.478679609082894 0.26978914824187994
73 13.29623807631993 0.2693961132689662
74 11.906434533384514 0.26895798666183635
75 17.417429828215788 0.26860492152783555
76 10.566605814431478 0.2682637705010681
77 11.662959525458628 0.2679414420168426
78 13.016477609237732 0.26755729764567604
79 12.8492449316414 0.26718185407917433
80 13.441604800232213 0.2668126454801464
81 11.484980937855518 0.266402093351877
82 11.517179535940167 0.2660119298407603
83 12.908701760901366 0.2656816344398949
84 7.862612910897116 0.26537753121622437
85 11.346960964657374 0.26506792492212905
86 8.420708017319612 0.26477672692898757
87 10.772239020052089 0.2644394668304534
88 10.388813310612932 0.26412421911864664
89 12.368977206463283 0.26370710430968486
90 13.301418154195666 0.26337579410526335
91 6.832953268061694 0.26303726657784954
92 11.273495129801905 0.26275037359740067
93 8.691266974669269 0.2625127555612018
94 10.78371770947632 0.26225268849908456
95 11.02024038717415 0.26198650911831767
96 11.524113705701705 0.2617388508384467
97 8.963028195229128 0.2615124079831258
98 7.010352689955704 0.26125456204780606
99 8.811601588247969 0.2609428673507514
100 12.74255896199359 0.26069704521871373
101 9.3612561891851 0.260499545571584
102 7.749104185483837 0.260275523305569
103 6.508592942543363 0.26020274146442623
104 10.812751592826535 0.2600686527382432
105 9.605238911908334 0.25992974297030624
106 13.231305970983929 0.2598231780237285
107 13.286983834179207 0.25970561204655596
108 8.816625443386362 0.25959590381691644
109 9.58244012019623 0.2594402734759699
110 10.188628858333999 0.2592617952557603
111 16.26888212045395 0.2589762500625099
112 11.926220663224498 0.2586628487692971
113 8.857532828928068 0.25837590102827657
114 10.281439058390308 0.25812914138672705
115 7.763225462182391 0.2579292474673048
116 12.3683448511988 0.2576920251208247
117 11.174715069713884 0.257463979177207
118 9.717944357106292 0.25728236345437394
119 9.553932342811217 0.2571900300416051
120 9.191026337708916 0.2570831163086412
121 9.649411700909138 0.2568796694264048
122 8.975480911020163 0.25672801379580856
123 9.330282753572718 0.2565972071445263
124 6.493578945342355 0.2564416514669529
125 6.3181932481148815 0.25635093492191674
126 8.330503306959235 0.25630649028865515
127 8.308971652797648 0.2562586354616018
128 8.209890926623688 0.25609531423920856
129 11.35436897079546 0.2560071436629733
130 12.964562626725616 0.2559285242427808
131 10.34900494300248 0.25592212809437215
132 8.753243968589496 0.2558970695892494
133 8.40849899596455 0.25579645943810225
134 7.3987154666548385 0.2556725888140262
135 7.406875787742546 0.25561942596240594
136 6.54194024366776 0.25553488884158876
137 8.016199570481175 0.25543162805637876
138 8.750067039036207 0.2553170851131399
139 5.918514879467162 0.2551969879051752
140 9.194024637049415 0.2550558208758869
141 9.095694655210444 0.25489225730504467
142 6.679252285840918 0.254802507510839
143 9.46931386975404 0.2546471506235619
144 7.575626651764516 0.25448440696881447
145 8.2687493099265 0.25437789727073473
146 7.2227149364100764 0.254285120493941
147 9.639431477892295 0.25420248118753763
148 10.175843083074824 0.2541373944360432
149 8.458731046692165 0.2540554496017443
150 11.086673950131143 0.2539254829917035
151 11.129080410561407 0.2538401020735192
152 11.387522869698248 0.25372438016216764
153 8.391552678461077 0.253682364580314
154 8.117329823725434 0.25366222735465815
155 6.707266444561254 0.25353001956092974
156 5.842049316985415 0.25340330296908375
157 5.063655995338916 0.253352526686145
158 6.744290729878102 0.253272828951631
159 7.455288896500813 0.2532310331924871
160 6.857099433204301 0.2531577614610765
161 8.198738103638604 0.25311517129813943
162 7.71771340426867 0.25308460256369314
163 8.231336984735933 0.25308538393535995
164 8.20461725663145 0.2530119706515763
165 8.190289073445804 0.2529158550197268
166 6.820397883456865 0.25280038203231026
167 5.759478680360246 0.25276617772029597
168 6.991405099937235 0.2527048909758415
169 7.053086722203854 0.2526793842383198
170 7.001115685465653 0.2525305508045854
171 4.175328849140397 0.25236431297045314
172 6.4323409801620794 0.252235128394376
173 6.843893059732521 0.25212970977535504
174 5.943662104260484 0.2519780650757868
175 7.915631720518239 0.25191815472757306
176 7.155872419383872 0.25186764921282323
177 6.228868568979566 0.25177557947902784
178 8.154553393555606 0.25175452748308746
179 6.167823156815176 0.25169158103783507
180 4.929025320719283 0.2515919905562455
181 5.2541460272621165 0.25152903737859184
182 3.8677133604274516 0.2514324070846792
183 5.706806492758759 0.25141919209960906
184 5.6745438781903355 0.25134689845080505
185 5.372504144873056 0.25120666303448225
186 5.997808909960106 0.2511276857229678
187 5.5298411123587385 0.2511211814512432
188 3.9558987587397314 0.2511659842862838
189 5.457493818464092 0.25113887661220435
190 5.305289007442792 0.25111503792402257
191 8.145885810100205 0.25103402322504975
192 5.742416250021725 0.2509190713876692
193 6.727546592945863 0.2508698490659204
194 6.720964763680643 0.2506725895448415
195 7.510132679945334 0.25054464477091387
196 7.173717301815806 0.2504148291304478
197 8.890791930838652 0.25027350791179365
198 6.207282460404176 0.250232257116255
199 5.930107648712118 0.2501338505342881
200 6.565888240359182 0.2500017334017755
201 6.3041624669818965 0.24987711895297277
202 8.044927636467666 0.2497477424275896
203 6.606396910802639 0.24960978113863969
204 6.4748517271191375 0.24945547978695434
205 6.451653713485105 0.2492729354386894
206 6.965939113285884 0.24908854580633844
207 5.89161862914849 0.2489337535136882
208 7.54389694451177 0.24878027451512152
209 8.377309652716768 0.2486154782003743
210 5.814192259053831 0.2484484355285782
211 5.516219793883189 0.24833560944727054
212 7.6487338371411 0.24815337550641442
213 6.520158947630409 0.24801620399416485
214 4.498948153689813 0.24797608145981656
215 5.654901017642551 0.24791927687767343
216 6.2442811459824235 0.2477810413854921
217 5.9802681330825385 0.24763520225593855
218 6.545409683645529 0.2475186571435089
219 5.538404913568803 0.24745711345262583
220 7.566369970923451 0.24734741380544356
221 4.562806599320393 0.24725106347999587
222 7.044358101681328 0.24716356626237854
223 4.345948187619378 0.24699170514082222
224 6.231656865998721 0.24694411479911677
225 3.7660660643889265 0.2469899563060194
226 4.417030711049925 0.24704831314806652
227 5.745621782430515 0.24699054414545615
228 5.006555898772449 0.2468692574503987
229 4.011258181764269 0.24671276675765752
230 6.897707216712588 0.24662852870341573
231 3.5671299721998215 0.24651456158045126
232 5.349074423659504 0.24637789572033295
233 4.053558859623309 0.24637149665561198
234 4.956349275454858 0.2464351494809048
235 8.35741701594592 0.2464619347023597
236 5.643526823109605 0.24657935538198028
237 5.909646455789693 0.24670504829732995
238 4.453079688268177 0.24677368810113515
239 6.292195362856644 0.2467769964811298
240 5.083565152946091 0.2467485468723284
241 4.181874229008028 0.2467023980809784
242 6.147793835708887 0.24665471605695222
243 5.487804318805367 0.24662609580965725
244 5.335599072027571 0.24657876573383625
245 5.128836770447748 0.24646818918021027
246 7.773905582564173 0.24636635645692417
247 7.933319852068486 0.24635284534209195
248 4.461692933306546 0.24626764901448678
249 5.0377507707849265 0.246146155961819
250 6.932543116479649 0.2460506830575359
251 6.749043823851368 0.24593743683101296
252 3.9753406100596855 0.2457797716153939
253 6.344656442542686 0.2455864275307041
254 4.579323822087999 0.24537412848083112
255 4.650975817218538 0.24519659745583944
256 3.2181404594880467 0.24508138835979978
257 3.170638066161765 0.24501868667354054
258 3.25750053478775 0.2449470206529808
259 4.7932642558521685 0.24483248842392957
260 4.474410354897762 0.24469789590216712
261 2.983397106872361 0.24446270308412738
262 5.18380689449353 0.24421907768808904
263 3.505213975849963 0.2440262993304227
264 4.381548450747108 0.24387109359997167
265 4.6102757645559835 0.24369847875199419
266 3.870406696206361 0.24355475884785466
267 4.442326096844135 0.2433587861782079
268 5.640014651311566 0.24312313543260108
269 3.197139515822567 0.24289827972394334
270 4.875344680796459 0.24269206437737645
271 4.740563983693573 0.24249793913797818
272 5.322209043435874 0.2422964878306612
273 3.1818830703203913 0.24198570145663872
274 4.334840247463248 0.24173557520998898
275 4.727944690926247 0.24154716360119438
276 4.759325105724304 0.24137441981469182
277 4.0957624534053325 0.2411976153214431
278 5.326359883255998 0.24097688569197276
279 5.4563112963691625 0.24075836858018573
280 6.039048329000006 0.24042810601320563
281 4.48855823247628 0.240081709543168
282 4.341987477484819 0.23976833135665548
283 5.808197004419911 0.23946787980464174
284 4.142433896902828 0.2391655959095985
285 4.562100526345444 0.23884774675965337
286 3.5700217128530776 0.2384131859115423
287 5.12959391863976 0.23799661230959518
288 4.643690977234403 0.23758051601454633
289 3.9402898778668725 0.23716584646487682
290 4.588763572817836 0.2367726693251199
291 4.870473843926453 0.23633474707929636
292 4.782505314303726 0.23592991738708158
293 3.247930939972309 0.2356096413630081
294 4.798237166590695 0.2353360353971029
295 4.442098875293195 0.2351047965029041
296 4.176394148833944 0.23491540424925844
297 3.8053802557722234 0.23476856745987953
298 3.76333274564716 0.23454301032580446
299 2.8229565044150586 0.23427703602230507
300 4.820317762567173 0.23405358985624147
301 5.379164406714091 0.2339153999844328
302 4.695684604461264 0.23382592772403302
303 4.37428599017205 0.23375136480752018
304 6.1582042425880665 0.2336625883323335
305 3.2627079400380534 0.23362789748613205
306 3.822744328873755 0.23356509544825885
307 3.466667470645257 0.2336110487283987
308 4.0667079578302605 0.23364349665717205
309 4.752995243246803 0.23366163695088715
310 4.416032486367823 0.23357381220881135
311 4.228461332935863 0.23352229511631767
312 4.609082162403338 0.23342617835749868
313 3.7024096676457914 0.23335671613068099
314 4.518354214789303 0.23330096369047007
315 3.834055718486851 0.23320665912098726
316 4.410720169630613 0.23309195438591473
317 4.314076234784823 0.2330300226064728
318 3.9971106579157576 0.232964314910379
319 3.7075931846287262 0.2328552771611772
320 3.1402010865628722 0.23268339813874284
321 5.8739288465966855 0.23253722664239052
322 4.109824514586535 0.23241333223713412
323 3.880696613073198 0.2323237089734378
324 3.004331999886589 0.2322193206546191
325 4.994342605572834 0.23206763469959
326 2.303936224132961 0.23186675523535313
327 2.2051840706747705 0.23157040825035605
328 2.4928444847314246 0.23136646819193932
329 2.799313513292394 0.23111071405042832
330 4.208302098721418 0.23097077745026573
331 3.0888137643790774 0.23082191994293638
332 3.938521980324783 0.23076277704411427
333 3.817230382572345 0.2306763254243851
334 3.979710727907751 0.2305369161549803
335 4.359892340011052 0.23045922113033473
336 3.797124210452149 0.23039704612137624
337 4.4910820718689894 0.23033756090649427
338 5.443232833078104 0.2302850941106704
339 4.693364548361062 0.23023008825412683
340 2.811067354698454 0.23022121215427496
341 3.091912242620279 0.2301833054915852
342 3.125696216765551 0.23005069802995315
343 4.631834438273955 0.22990817953298265
344 4.009599333209838 0.22978620935177074
345 3.2245672881183047 0.22968919130743776
346 3.8410565203385714 0.22957030459080824
347 4.443584850297327 0.22942972718478505
348 2.6877841759793863 0.22931076304197742
349 4.167967967366368 0.22926639431177442
350 3.6780411773394968 0.2292396530376542
351 3.3044578618038942 0.22920157159892662
352 2.125749876119151 0.2291864712132901
353 3.3184348299245867 0.2290971141166767
354 4.100300912621909 0.22899769791538518
355 3.8165043391517726 0.22884158684485975
356 5.4289370173836025 0.22859890092533952
357 4.343885559060526 0.22830912765743108
358 2.9614260811364845 0.22808310022987022
359 2.9805688081126758 0.22793513017230416
360 3.7032990325282062 0.22776183810471454
361 4.203594134400707 0.22756151624188847
362 5.888177333366627 0.22737861317736968
363 4.929631622314558 0.22717567529013022
364 5.01980921154381 0.22703569054016043
365 5.035157198047318 0.22687787377681531
366 4.310123123356314 0.22666833492205002
367 3.0759154303103164 0.22651023807284035
368 4.1158391717554 0.22639066332349064
369 4.642904433519623 0.2263161032314404
370 5.554045537658336 0.22630714217319742
371 4.62465377889974 0.22635785244216933
372 6.20992182868542 0.22645083858401993
373 6.081884066923058 0.22653665891580665
374 6.750633267668409 0.22660133079550876
375 4.2233080926641815 0.22663014952076574
376 4.871065782963021 0.22660671104837377
377 6.0836466213903995 0.22668706869147903
378 6.534809996606114 0.226784522421817
379 5.261266542066346 0.22680482999244622
380 5.9311944725157435 0.22691285849373705
381 6.733357297045737 0.22690788308434684
382 4.712075112783432 0.22687330109759207
383 5.6658211579197175 0.22686652626703777
384 6.293154905887084 0.22685819020129872
385 5.309991841303136 0.22675465231236497
386 4.011613509108502 0.2266067167922919
387 6.230365797901585 0.22639752334442342
388 5.793577293265789 0.22629995190759622
389 7.0707712099006494 0.22617503975524383
390 7.630299017019789 0.2261155896643419
391 4.620518056244887 0.2261064806595583
392 4.649965877763228 0.22614005932236458
393 5.535016217691839 0.22615332677307773
394 4.1363077359944365 0.22621557652195845
395 3.9084610371870356 0.22623774503258479
396 3.418549792644666 0.2263186377064782
397 4.412835033613137 0.22638241576084858
398 5.325505480846349 0.22641209072847962
399 3.5363011636256982 0.22651152808818065
400 3.520492834816464 0.22658726505011345
401 2.6999344121159785 0.22664347473517507
402 3.555890322400722 0.22666828463133945
403 4.919179840770911 0.2267163214198861
404 3.299368484292046 0.22666767821479086
405 3.826805176922968 0.2266386344007344
406 5.265562995676573 0.22651979110531073
407 2.8252542929874234 0.226437485314207
408 2.8389054191012733 0.22635021780243153
409 3.4565512761864903 0.22629428759398967
410 2.7541956003337345 0.2262696505373168
411 2.891660692220829 0.22615016870270682
412 1.9536118187558698 0.22600758265299056
413 3.1600045102138115 0.22583790039330415
414 2.8286336979009645 0.22573293797276162
415 4.064861561498554 0.22562311194874524
416 3.6029134257040343 0.22547685556925245
417 2.7069697007182305 0.22539471282814424
418 2.3519343401111885 0.22530518024113844
419 2.4613896359480587 0.2252191934627626
420 2.355880183226296 0.2251760653556736
421 2.4389124535965836 0.2251571978461102
422 2.714596634960076 0.22512651583351453
423 2.7372938852665443 0.22507894559987887
424 2.426150479004093 0.22501389870392174
425 3.758635598732809 0.22500845192157257
426 2.8949268248379907 0.2250047630836745
427 2.4439742807459766 0.22495729510909424
428 3.2388077544268095 0.2249203099637609
429 3.5690295936081466 0.22492350737896633
430 4.148331580258599 0.22486357343686225
431 3.289150274053461 0.22477730488800834
432 2.6706113340044775 0.22469048663268512
433 2.479245442848809 0.22457291166218646
434 3.8409856465833947 0.22442498660353158
435 2.287059968951532 0.2242541516408359
436 2.7435246613725495 0.22413941534746262
437 4.2223591244722325 0.2240003179699732
438 4.319969899329038 0.22388638526085664
439 3.334414261152424 0.22374269209131864
440 2.5821032151018555 0.22359264036827026
441 3.3220994820306142 0.2233580882402929
442 3.62336722842665 0.22311475607077214
443 3.2854577027089498 0.22285128622832273
444 3.890025970957282 0.22263383451657942
445 3.3570551548094842 0.22242248981139662
446 3.238426051160997 0.22228389865643816
447 3.514661609322455 0.22219296694890028
448 2.1933387633494292 0.2221493174963521
449 3.103860137926141 0.22208341248674293
450 2.819804570835843 0.22208420125869308
451 3.24964961396281 0.2220141981902245
452 3.129848754700305 0.22188660404834337
453 5.581825705463903 0.22171352226495822
454 3.8994865918441564 0.22156559686820648
455 4.347820127843469 0.22143261012155147
456 3.5246312069136017 0.22128921929280454
457 4.002127348005184 0.2211600837345391
458 4.686043071546982 0.2210338028536656
459 3.8646121930121042 0.2209678171696331
460 3.450355945231715 0.2208641059547003
461 3.6852408319527754 0.22074923534608032
462 5.22769080909415 0.22059543630561632
463 3.7899610824693375 0.22047561361653215
464 5.406610400020645 0.22036206951589254
465 3.419774901603578 0.2203086530240574
466 2.7166934019378117 0.22021819321054095
467 2.9104355519458407 0.22009909656973375
468 3.570217214971768 0.22001518226948694
469 3.5741676656868195 0.21989414650916148
470 4.973424324962961 0.21976478723801884
471 3.214586288625062 0.21965849084588907
472 3.678803126168524 0.21956765812164056
473 3.9520961380066355 0.2194901395942937
474 3.390460704808254 0.2194431317729908
475 4.554195839606516 0.2194040343544854
476 3.0851670565643796 0.21937829865250286
477 3.859336199766002 0.21934799270377212
478 6.001476142327244 0.2192267556505107
479 2.732832373765186 0.2190567754398846
480 5.010666389847139 0.21890230981074557
481 4.340733576528617 0.21882788353743177
482 3.0391571142967986 0.21867888543492828
483 3.4781314284337297 0.2186179618642478
484 2.9488089524477274 0.21849738267099234
485 2.949882258281006 0.21843795650030048
486 4.109862279475773 0.21838786640556412
487 3.757565045435233 0.2182707444714591
488 2.7910174931682543 0.21810497967772322
489 4.876319997173791 0.2179607632203383
490 3.7683421334643894 0.2177582501163829
491 4.795203479162531 0.21761183694311076
492 4.869951759922702 0.21762515096268575
493 5.298659723710088 0.21765734311158455
494 5.7416814508139264 0.21762708081786875
495 4.0961592436988585 0.21756797874853737
496 4.843547422264771 0.21748261290707138
497 4.834683555513644 0.21736605500972705
498 3.7232593262084857 0.21728287219660475
499 4.21902257573395 0.21721906821857517
