0 42.238769243899824 0.2998593598076238
1 52.4719084836362 0.30036387875338383
2 56.4648118560588 0.3005613123787839
3 37.2821301173587 0.300532781009906
4 63.34234533579118 0.3002558854973252
5 47.94541347745755 0.29982148552444254
6 56.81805686205503 0.29934216606178565
7 47.233533064739866 0.29886133938902865
8 64.03868569428109 0.2984839446325604
9 32.32228380436622 0.2981785873082635
10 45.6652445575062 0.297714223941612
11 45.80773906103001 0.29718162157661554
12 41.44066139361448 0.29676301559944385
13 36.08385648086847 0.29624531168684043
14 57.129540110112714 0.2957707728057108
15 26.34958025700119 0.2954337732271382
16 37.075870503258116 0.29509924032466256
17 32.82134635605375 0.294734040077149
18 36.5226450953824 0.2944281099940823
19 28.963980787079027 0.2940491666881312
20 42.37656772897475 0.2935468609831109
21 40.57502412569367 0.29295739464752546
22 25.404729375859098 0.29232706911635536
23 31.966420201873333 0.2917255873799807
24 23.07310469471372 0.29120238196546855
25 19.755853551808183 0.2907283356216789
26 32.71067160050687 0.2904226902627462
27 27.002742431620632 0.29011008031451185
28 19.360268632528328 0.28992201690074265
29 20.458994623006756 0.28972159524629515
30 27.821122106488016 0.28943167370480927
31 15.744996657219797 0.289118292261294
32 29.604709603125123 0.2887795955173103
33 19.98330290553472 0.28834790181069686
34 35.34143040074114 0.2880410091260592
35 26.529642023599585 0.2878289201383888
36 28.020650072228165 0.2875673336348967
37 26.15074545485931 0.2872971541559469
38 25.514014438032586 0.2871020342063339
39 25.611888349616052 0.28682653481492726
40 18.798209098862976 0.28654493902562234
41 25.0025909468039 0.2862313881855296
42 14.394102509987382 0.28589856417423115
43 17.229522825919418 0.2855588124983848
44 16.275706009297735 0.2852703067634346
45 18.425079276478996 0.28496897951569683
46 24.828215225197816 0.284641204375488
47 14.543141753633904 0.28433871005333666
48 19.767868492527555 0.28393443682215425
49 19.52665184537831 0.28349855298245585
50 19.484642608921458 0.28305952917324806
51 16.555205086559102 0.28267370282326904
52 24.05824008754459 0.28232510977430597
53 19.413716632464983 0.28198368618779623
54 19.431281429781887 0.28168929395083886
55 24.079957006549982 0.28156509494175896
56 14.054258758155118 0.2814024938303183
57 17.1413452037911 0.2812752424701893
58 19.14716385280986 0.2810814179483371
59 19.193439828042116 0.2809249567964111
60 18.651482980938766 0.28079088802926494
61 15.39511444184786 0.28066614542719637
62 12.627906468492494 0.2804985910918665
63 7.9879963236754055 0.28032019234199546
64 11.85316254343199 0.28021694347585085
65 16.971396309970807 0.2801843555440966
66 14.121703688321144 0.28019519122928405
67 15.861325354525118 0.28017355229328583
68 14.13846510980946 0.2801288325342758
69 12.169350550312656 0.2800065621793143
70 19.120618954025662 0.2799114738775911
71 15.381747166873762 0.2797233623487228
72 15.812057808046085 0.27956194139484386
73 12.861426637474501 0.2793806368707891
74 14.939294382385889 0.2792151596252981
75 11.778652096563754 0.2789996357114835
76 22.209415342682284 0.2788422822605988
77 9.446415182973638 0.2787001611042241
78 12.117972845354778 0.27861500721895427
79 9.891965319340642 0.278545402474673
80 16.816744913211732 0.2785189640377741
81 10.217379742692087 0.2785551007878415
82 11.711950623831228 0.2785731560472764
83 11.572480730338217 0.2787100186438057
84 16.747008409999452 0.2787683579240757
85 13.91898422038041 0.27879716267287075
86 9.771199222356469 0.2788767294687444
87 11.692906024514514 0.2790115363454105
88 13.148895857968984 0.2791020364790852
89 10.24124374549515 0.2792275004736441
90 13.42119636004671 0.2793008835514593
91 8.842050633983018 0.27927485929293766
92 8.04797044440295 0.27910957882768317
93 9.874800023269637 0.2788960083865264
94 14.32926580922813 0.2787280225719556
95 10.089440805222338 0.2786049240551257
96 13.150894234768803 0.27854579973581167
97 11.945113685149035 0.27849522458001563
98 12.387335272935777 0.2784660401441598
99 14.922928437939698 0.2783319499685445
100 10.922219015506656 0.2781942161822295
101 12.162075990710559 0.2780460463816168
102 13.258951189178717 0.27795584330201517
103 9.236659547820356 0.277963736540235
104 12.198656434824834 0.27790805235632665
105 8.97901014180576 0.27792324143968583
106 9.65217908895566 0.27805506725124096
107 8.410494644181364 0.27812091795689087
108 10.984534326624958 0.27811798135996935
109 13.591677374055845 0.27818284465757626
110 14.224391582799154 0.2782517593112061
111 8.442376366874848 0.2783962871034808
112 11.674857179896676 0.2783914693338394
113 7.521611757035552 0.27829495880217403
114 14.487328880577483 0.27812564834455483
115 10.390916097945658 0.2779967524108524
116 13.07607472202676 0.2777200587967642
117 13.436251594824594 0.2776412813383843
118 9.720541877188055 0.27764961075607264
119 11.62212032597204 0.2777349102852845
120 11.040817249897806 0.27775575478194303
121 12.204930597287259 0.27759334341934133
122 7.251447278320485 0.2775277521478019
123 12.212382111447177 0.2774639912070471
124 11.371415151865811 0.27738448455540055
125 6.312159961992293 0.27735686267083515
126 9.952065955944152 0.27736062023461894
127 9.687746907294919 0.2772697700103085
128 10.09155447046585 0.27698057893558053
129 9.341135137155423 0.2766901573568524
130 8.914277202816665 0.2764753071185226
131 5.841093775812304 0.27629573107193794
132 14.038698500982477 0.2760854156365369
133 12.994799314044055 0.2758451788541511
134 11.402902873871334 0.27542551362399686
135 6.4633676896767565 0.27509592051638765
136 9.283215602809507 0.27478124795953873
137 10.526249834140026 0.2743275483958511
138 12.702399618017848 0.27377201056432615
139 10.502146069948083 0.27344967852688784
140 8.608223901236267 0.27314648489620375
141 6.878392829541691 0.2727060181790707
142 8.929111018348838 0.27225246867169955
143 11.859753101401957 0.2719310082652557
144 12.738183750293762 0.27165336274561147
145 10.843878494902919 0.27144574866766136
146 10.641797012202215 0.2711592712598353
147 6.9935990763255536 0.2708958643322394
148 7.149234937627501 0.2705853662005118
149 7.794134899105879 0.27032967507040967
150 9.567279274971664 0.27004902583572915
151 4.356990820416447 0.26978465143164315
152 13.993059059194014 0.2696196590170322
153 10.40183543752173 0.2694163978738145
154 10.387204816948255 0.26929893291485557
155 15.330614410197441 0.2691964008351311
156 8.404738628646474 0.2689969742500732
157 7.490894790452809 0.26872749858053685
158 7.66570206970705 0.26840475311521694
159 6.9738346487071965 0.2679645577652748
160 7.292669919523394 0.26757770139644743
161 9.624031721256586 0.2671084529347261
162 15.902673122351317 0.2667450815426124
163 9.018251463001716 0.2663967799865174
164 6.469929457513148 0.26604354586859913
165 12.574050335415166 0.26576848076355236
166 7.085995819579086 0.2654056746529734
167 10.936629582069223 0.2649811244507296
168 7.7868961354875195 0.2645542892773374
169 7.36097337930268 0.26420869442287775
170 5.963747485431831 0.2639005387871637
171 7.64220925235924 0.2635743958854124
172 6.998010250532281 0.2632397865480358
173 14.190939863558603 0.26302241396162185
174 19.040099285454495 0.2628803433328144
175 6.777464944708065 0.2627565446654626
176 9.879742085316206 0.26256748470424895
177 11.521462317525195 0.2623580765560264
178 5.257486741558623 0.2621256785628841
179 7.242884402492706 0.26193646511993063
180 7.03673180439986 0.2618394907657538
181 10.043461045469758 0.26170939138583704
182 12.058259720732629 0.26147014996545326
183 6.719093881571174 0.2612090015850739
184 12.434356673341377 0.2610798376439649
185 11.045668439196398 0.2609701917726712
186 9.435104205043821 0.2609215164991182
187 12.446907634524912 0.2609370358773997
188 9.70329171014346 0.26082714155490083
189 6.122059917781177 0.2607188584984653
190 9.946506930953905 0.2606220374747501
191 7.847953529106968 0.2605447668396653
192 7.132431703864273 0.26043995509055184
193 5.367166651212356 0.2604123151741884
194 10.953966463745989 0.2603422578361476
195 11.525601420356368 0.2602332103774533
196 4.372536610625412 0.2600951003540086
197 4.8436759821099065 0.2599663774883145
198 9.608359320786883 0.25975722942956114
199 9.793527816637935 0.25958287237065203
200 10.053182469142754 0.259457492328314
201 10.247766269689784 0.2593518067755758
202 5.764729885407011 0.25928278642056146
203 12.214553243728455 0.259202013265493
204 9.795066274984908 0.259115601918819
205 6.182668121081322 0.25907975976362785
206 5.575583662797041 0.25912878594248945
207 7.300934744929448 0.25915714684197905
208 6.151585973600053 0.25923285082382935
209 5.396417676619195 0.2592739907029181
210 4.214631887189113 0.2592113310117178
211 12.275861532555858 0.2591472791020044
212 9.953895175685139 0.2590988598143279
213 7.922270485387255 0.25909043058255465
214 9.036250699470468 0.25912281111192226
215 6.987497361695385 0.2591962608365869
216 7.28672336739691 0.2592811407166825
217 6.003799107061113 0.25928199033990834
218 6.727205693696757 0.2593027541823498
219 5.873178929721755 0.2593752748661021
220 4.731308766993265 0.25940600960421706
221 6.247374410112199 0.2594046579148262
222 5.538423181516571 0.25937685681506106
223 7.297569189656737 0.259228421524032
224 5.842848979539385 0.25912339847372234
225 7.476360667884325 0.2589774766885473
226 3.6124427910611203 0.25882853062729577
227 6.041289537897548 0.25870383228124905
228 12.816859965646543 0.2585462735415465
229 6.01375980455221 0.25837655022522465
230 10.443557433668836 0.2583287274280074
231 8.13404196253539 0.2582138503387964
232 8.762128098050148 0.2581812222792836
233 8.023314338584312 0.25818124573614565
234 6.319393769835605 0.25820564362219
235 8.153741707012433 0.25834789455555907
236 8.790980661631703 0.2585099480932548
237 4.6298854263057345 0.2585986114134051
238 6.1867785368376795 0.2585969229160485
239 5.391939192403095 0.2585648112246259
240 4.829208548563504 0.2585461753197774
241 8.409334420597723 0.25851550080080693
242 8.389910866042586 0.25848973474531006
243 6.811442095947159 0.2584442705663307
244 11.86617421511183 0.25838884016364466
245 7.623087290114357 0.25823518683311036
246 3.9650581707645207 0.2580907283766689
247 6.972856488405805 0.25796066614129226
248 8.31997459702578 0.25780976956492824
249 6.333423572415358 0.25762095283023856
250 7.008063264330307 0.2575639408423862
251 5.479315727745447 0.2575291510472323
252 9.992660152493578 0.2575402308524819
253 5.639833195822439 0.25754577629884645
254 11.971521813069817 0.2574215179574457
255 7.96342968742265 0.25733065332717087
256 6.733034209616571 0.2572448393111085
257 3.61469420838086 0.25715472902202263
258 6.039945688854988 0.25700809526493573
259 6.7068562339142295 0.2568844440191948
260 5.675465724783923 0.25675123893000396
261 7.331565573174325 0.25666377460720946
262 7.637513847311116 0.2565886397923136
263 7.946957393190728 0.25643140656038
264 5.319969348205777 0.2563130119367779
265 5.9663339192599025 0.25606694985095935
266 5.772154492441453 0.2558635060568371
267 5.4859637328945166 0.2556378336814211
268 6.66158869480612 0.25541473731840186
269 8.526613880858323 0.25518598110958046
270 8.277429144392846 0.2550005850718988
271 6.579772778552144 0.2548653516720242
272 8.448843201458155 0.2547716930767195
273 7.47667324433184 0.2546078067810674
274 6.345771412364579 0.25444751325811377
275 4.285958329378335 0.25415655762503747
276 6.218225760892554 0.2539259723175823
277 9.797540644002385 0.2537327403643123
278 3.693715719427547 0.2536094094257664
279 14.182754707819335 0.25331910678511704
280 6.414242673305537 0.253144727376687
281 7.811429279441288 0.2529620835866707
282 8.924852047769715 0.25284975223831
283 6.957992270308447 0.2527829510300462
284 5.757259862637293 0.2527609575759926
285 5.527459814820475 0.2528317143054693
286 4.277085914676094 0.2529035906699395
287 7.3188682447059605 0.2529496250716856
288 5.084994675683076 0.25302909113569105
289 9.41724456156533 0.25304536558723245
290 6.495163866355092 0.25296311928985804
291 6.822855751488104 0.25294601470840516
292 4.806203393931623 0.2529528062371549
293 7.388440985767311 0.25289443085802354
294 10.58719051790143 0.25271394791263435
295 4.014520295320317 0.2526407633531361
296 4.628957848621679 0.25257165153048566
297 4.027498285992097 0.25258270418485745
298 6.737391860847184 0.2525487780210502
299 5.576525078422795 0.2524460262218503
300 6.564217848694192 0.2522582297698608
301 10.700416051459127 0.2520340542765304
302 5.670553150648311 0.25191912203385747
303 6.743771213205704 0.2517319180395347
304 6.690721965315083 0.2515771598246235
305 6.637190360840515 0.25133672368736626
306 4.921988357538696 0.2512199231390799
307 3.985583131629446 0.251139625162447
308 6.743313867829029 0.25113285556977283
309 7.227360817391482 0.25105011781665043
310 6.099884422497302 0.2509403941188024
311 6.3502696067405 0.25088755060836326
312 5.185456508058985 0.25075652319327313
313 5.269048874680179 0.25059184833139414
314 8.591458454137797 0.2504334497946752
315 8.106947160202578 0.25030330240517396
316 9.291026835746868 0.2501658453471364
317 7.798951338947013 0.2500702983184954
318 6.726531880319196 0.24988484745040457
319 4.565961898430818 0.24973315648880542
320 5.325582090340104 0.24957052188514595
321 6.331174158734865 0.24946102495019787
322 6.499491563970967 0.24923249684794854
323 6.952034818783812 0.248964472157895
324 7.531820156231589 0.24872319291012396
325 9.407762350529536 0.24842654440338466
326 5.6526891912131 0.24812310133527293
327 9.536451785213375 0.2478690393452352
328 7.373546747278558 0.24766497391341752
329 9.976618008642186 0.24744273460373928
330 8.25700546949855 0.24725022486874876
331 7.136237685778045 0.24703446709890853
332 9.336942888432494 0.2467719372794683
333 9.281547171916998 0.24655318963438944
334 6.855794210876417 0.24641468184343862
335 9.963115159692215 0.24629993256882776
336 10.813652606328652 0.24614076853043768
337 5.666225999907251 0.24604984394303803
338 7.591013962095893 0.24596700844464836
339 7.2513494453160305 0.24589850749380598
340 4.673119771193875 0.24586282173044482
341 7.658272416411617 0.2458465212657175
342 6.981598823709971 0.24588689059686442
343 6.416439090856008 0.2458986248329743
344 4.7736282714536316 0.24581812608716602
345 4.407589426639483 0.24556989235962806
346 7.1546399629863755 0.24541706121320006
347 7.663438795622746 0.24533152286838705
348 6.263172193161993 0.245233252121689
349 4.927907022990836 0.24507471027640704
350 4.15607726837917 0.24499899464786767
351 7.131406585033654 0.24493855158897396
352 2.6213375323758097 0.24492459034643355
353 6.266387677895718 0.24489849193079988
354 3.697767078208258 0.24486918410664332
355 3.106660199717277 0.24484611617699986
356 4.022039561004796 0.24481940200709215
357 4.85116049518089 0.24461348305397487
358 5.700660560001767 0.24448298307908525
359 4.637377153668465 0.24437288436163385
360 6.40017244319011 0.24429401458449573
361 6.488965526729794 0.24420823067387107
362 5.141129491225199 0.244123657282442
363 4.83991375810768 0.24398521076469515
364 4.720458120439236 0.24393811332723622
365 6.908389824281318 0.24397779295913974
366 7.961856663339658 0.2439976300730497
367 6.367301817005938 0.24398915441734037
368 7.563464826324681 0.24384933843817644
369 7.622371639701546 0.24379691857461666
370 6.813620332628384 0.2437950128212517
371 4.516953070614686 0.2438128759979253
372 5.798448891000255 0.2437693271448957
373 4.286308785865284 0.243728552574873
374 4.310599392822576 0.24371737879021382
375 6.014472886046828 0.24368712809986848
376 7.695298310047248 0.24368150348193407
377 2.774147053395038 0.24373171986161146
378 9.072627270222213 0.24382637757988274
379 6.524163162639589 0.24392384241728893
380 7.1836189668378445 0.24392087652824251
381 7.473487573803796 0.243918300376335
382 10.171310957978172 0.2439461930583633
383 11.010937462091707 0.24401836154912582
384 6.914305695892114 0.24410770160196485
385 5.7002001810534555 0.24411051667318556
386 3.533583265195687 0.24394205849168882
387 6.2961868936731555 0.24377825901063527
388 7.862748394913787 0.243743266439729
389 4.93363325335624 0.24380131550067402
390 2.6024984231182833 0.24387362818721608
391 6.510506851481898 0.24398269091596275
392 4.739198220686845 0.2440925912655657
393 3.7438551681768883 0.2442081729665646
394 4.2078205026560305 0.2442517366649643
395 3.417239469050306 0.24438418856166866
396 3.8330501170895532 0.24452540453152705
397 5.54160433760856 0.24467980872259348
398 4.446875064909597 0.2448316599944616
399 2.8891991146861185 0.24496353239887741
400 5.6698999076006675 0.24516180025263784
401 5.996300998030958 0.245461099733282
402 6.145436303233278 0.2458602312586629
403 8.9481578084783 0.24615882382041654
404 4.985489581254903 0.24646803111462426
405 5.2148248967717485 0.2466806736003061
406 6.003397670898756 0.24696370418353283
407 7.458520393553178 0.24715770056254727
408 4.650331868495846 0.24743730522002333
409 4.461681326190051 0.24760625576305573
410 3.5945818783388406 0.24762866369448788
411 4.529351589964016 0.2475719360787324
412 4.399938964029064 0.24764770825898216
413 4.488075109023505 0.24772819698285178
414 6.511145645636842 0.24782779800319066
415 5.851190639040295 0.24801117907099685
416 12.088450981720051 0.248231394797699
417 5.469372163392522 0.24847576977870003
418 6.635008009554921 0.24862012638240175
419 5.320384148342201 0.24891529303927887
420 6.831389825879109 0.24923050513166078
421 6.999679255446802 0.24903728901582364
422 6.0908877545106295 0.24868345954821702
423 5.7170731931506 0.24833871176906885
424 5.37259327692386 0.24808425930679856
425 10.506600646899875 0.24784002110256023
426 6.206910609684208 0.247643517759894
427 8.907520782881246 0.2473806030036995
428 2.9473275271317196 0.24714104359565683
429 5.029930481986226 0.24690899117235335
430 6.034938416635253 0.24679771547858442
431 4.9071846468777816 0.2467730742629764
432 3.8639919305117667 0.24672896874613354
433 6.118994382390328 0.2468487544363867
434 5.147306726206155 0.2469033927541834
435 6.147915063380232 0.24664426355295635
436 6.054538723630955 0.246456017995421
437 4.309943393643151 0.2463031188989855
438 5.313226183823362 0.2461847212131926
439 3.5428451844427236 0.2460392782527898
440 4.382531155412711 0.24581685763870353
441 3.289864610595327 0.24568067272491345
442 2.5889083401998096 0.24553548652103807
443 5.40768319751673 0.24548810393430284
444 5.049625345243946 0.2453910627450615
445 5.797617512970211 0.24513240260188374
446 7.153442747978513 0.24478009327159198
447 4.502456345754545 0.24447136204107578
448 6.630572504478751 0.24411494108701146
449 4.806876075136134 0.24377867823871577
450 3.3231448341344474 0.24348900451555117
451 3.8394305773907593 0.24321469315019775
452 3.088088712142933 0.24295649978594197
453 5.22632962167914 0.2428524331123197
454 8.767819144970792 0.24279843796061745
455 4.425862086862749 0.24273393053096493
456 3.977617618113445 0.24251119504414564
457 3.261993523995928 0.2423738011861141
458 3.9745756766513303 0.24223127912659068
459 3.3681033789746064 0.24216769539435157
460 3.2622249058676607 0.2421156538551512
461 4.958751651184734 0.24209311189345067
462 4.482673375946488 0.24206894634830922
463 2.3235921464669653 0.24200931783984386
464 2.401038081127584 0.24196825349328865
465 5.210380286689043 0.24188627306700217
466 4.74665812709768 0.241718910476479
467 3.917304945560942 0.24157103949457992
468 4.183134200454475 0.24154340978215832
469 3.891096724669369 0.2416923393554618
470 3.1655289961393054 0.24175048811677807
471 3.193793231882447 0.24176348982350204
472 3.7271446500922707 0.2418098195617997
473 7.139671589751737 0.2419047887527187
474 4.685081063682701 0.24199638492399278
475 8.637641835405574 0.2420792622564759
476 10.167351549188314 0.24202192999356442
477 3.0581976646399136 0.24193711331703158
478 3.796701071789885 0.24190239635313238
479 6.669985335666382 0.24188247317707964
480 5.404834020963866 0.2419424071768595
481 4.213763986269928 0.24201724144794579
482 5.479378996747641 0.2421264060149778
483 3.506366010442788 0.242201835898929
484 6.942770557469431 0.24220831274059712
485 5.922350882157251 0.2423033418664563
486 5.094884430593174 0.24259671237711433
487 6.196126495317072 0.24295310059515726
488 5.311677969895367 0.2431202081039639
489 6.013800132950504 0.24312488523791342
490 4.033371258241596 0.24314480932730584
491 2.7288222367182375 0.24310017206581158
492 6.698091899964686 0.24307751822833792
493 2.33795651745247 0.24307745991387936
494 3.5402748020869224 0.24312545600341773
495 2.385585362146081 0.24329299300216167
496 2.774590897003929 0.24352023539037232
497 4.786569318412377 0.24364083547112633
498 2.1056199287484816 0.24388181087271454
499 2.5589754960360924 0.24413169025772374
