0 95.47646007824466 0.3020861541277726
1 107.94466191976484 0.30253615710450577
2 141.11483587966836 0.30284237403831804
3 135.1408427016545 0.3030661760090119
4 143.10989832025982 0.30306502301673677
5 136.71321609895523 0.30333133860735084
6 117.58422311265775 0.3033383625948963
7 129.84891754463203 0.30329817155410993
8 130.23612381028317 0.3031431614195026
9 130.98607859761654 0.3030042919827133
10 106.06848581983911 0.3029143075522194
11 124.10663196065792 0.30271360455608365
12 119.62380253150388 0.30244841222704616
13 127.70114129024279 0.30211547202314865
14 141.77270443210358 0.30188986686764707
15 110.20665849694461 0.30163710868556026
16 105.44899378870483 0.30141318176092347
17 139.84180720069295 0.30115707304298556
18 99.3730347162585 0.300764368668191
19 121.2782834763989 0.3003552199777323
20 119.05444155078095 0.2998640251783019
21 121.43374062985461 0.2995593035989762
22 118.96982914301222 0.29924533817847204
23 102.36824501265981 0.29894243828599165
24 92.65106235474728 0.2986569182524651
25 92.96261164404291 0.29845593192591013
26 120.56735745057065 0.298100250291899
27 99.5278445071858 0.29776546345724375
28 87.40712653821748 0.29745371823296746
29 112.78115770267362 0.29717323533058965
30 105.2641700716088 0.2968914238131062
31 93.00178258305623 0.296765589136603
32 110.35714231660313 0.29667593062772657
33 109.46751357390161 0.296500963340103
34 128.3483672828854 0.29635502283421533
35 97.10330408317617 0.296049574597803
36 90.23806019850521 0.2955623578890438
37 86.74903814696376 0.29521005513392035
38 93.26963722637956 0.2947452130100044
39 119.41932371951717 0.2943662977152182
40 110.09667997878603 0.29386924364252864
41 83.4894878730982 0.29336704692737525
42 110.81470162444678 0.2929092571182572
43 104.07201121549613 0.29251423205915084
44 101.61317440900439 0.2920641804907289
45 71.53227406761904 0.2916124868219663
46 90.77165574393042 0.29114849596505216
47 99.83111935106112 0.29074199378714816
48 91.07389544036775 0.29034766255295347
49 84.58139153917193 0.2900246464034708
50 85.29706866631001 0.28965985105108244
51 117.64277558314768 0.2893561672034488
52 96.96562520713856 0.28917968581194065
53 112.49844257821212 0.28903791971869935
54 96.84466545386076 0.28891556877022684
55 93.14255670997244 0.28881016308376206
56 103.92630006932579 0.28867560187084035
57 91.62698659872139 0.28853639093985545
58 93.18435983582602 0.2884423623942318
59 87.8432857994685 0.28818922117531764
60 100.14662048905095 0.2879995231735254
61 82.35190082043911 0.28782208061959014
62 83.97923714261412 0.2876666742574277
63 114.0298862446397 0.2875750266815351
64 102.29810257773363 0.28748197337322057
65 85.89935218423246 0.2873159870243416
66 105.21885827667543 0.2870670212034182
67 108.70427252366792 0.2869857270083159
68 96.74929171920192 0.28691652706839
69 98.5602764115607 0.286778702161667
70 78.90996756287986 0.2866781821695066
71 70.87858412850917 0.2864972816310569
72 89.97869796875747 0.2863005245595808
73 106.51160078984397 0.2860808730770813
74 90.98691957250173 0.285829077162322
75 110.916424338486 0.2854157531403341
76 76.77697150229017 0.2850325320399073
77 81.66228944091999 0.284597725555754
78 95.70797488248085 0.2839311539120224
79 81.5178002779459 0.2834735393200098
80 96.84291803688318 0.282921476584515
81 84.56466358196654 0.2824361943113592
82 93.40239632400605 0.2819182789996356
83 84.8609070726227 0.281548995993529
84 86.04691918775504 0.2812248505728748
85 100.32916874785961 0.28080312011747555
86 94.04503656779383 0.2804429762018966
87 120.51817588824967 0.2800825520760057
88 116.03620518387908 0.27961530394407785
89 116.56850431020598 0.2791431631234957
90 94.19943073326655 0.27868915150602047
91 99.09075995939213 0.2782534363711572
92 100.9871033757801 0.27788139853093746
93 96.26206989307633 0.27765791297169506
94 79.71880114080392 0.2774001614920167
95 116.78322060371349 0.27711013342271673
96 97.43547292573595 0.27690876718150464
97 101.05799897120872 0.2767704546011318
98 101.55248919746643 0.2766105184776475
99 112.22578832080043 0.2764306108790572
100 76.12071411135528 0.2762682413715192
101 93.73249817346947 0.2761546410067221
102 81.32928152593558 0.2760238569604643
103 93.96147067598531 0.2759083576690202
104 68.8552286357134 0.27580787477644325
105 77.95600112411502 0.2757406259866636
106 81.22354302447887 0.2756486001823143
107 85.73581582094519 0.27550865126580437
108 77.54604441811085 0.2753290345725937
109 83.20681610373096 0.2751948704569195
110 85.90491338667093 0.27510976177634067
111 87.30950473630477 0.2748693308178106
112 89.79289518858343 0.2745697877552751
113 65.38782510635494 0.27420297751707223
114 64.71147832943558 0.2739056060352542
115 93.03210034114643 0.2736228513185587
116 66.86678083902872 0.27330324050721655
117 99.15581545632944 0.2729780300559179
118 86.43360865349773 0.2726870219900398
119 92.68140247197711 0.2724742605560109
120 75.92463826500878 0.27223203769161064
121 84.3571898516986 0.27198648812605153
122 85.37043625952138 0.2717357042477213
123 77.98366897569902 0.2715026816073596
124 91.87426783734273 0.271254389822007
125 88.77791585778512 0.2710877179928671
126 73.9519567817432 0.2709252197818396
127 76.04608644174043 0.27080132648925914
128 63.89823457382409 0.270762122569422
129 66.2262982905926 0.27066918549654245
130 72.55002736710858 0.2704647409933869
131 86.79454363006064 0.2702418161028463
132 52.02301425584113 0.27003227000395685
133 65.45426034767797 0.26985710463512846
134 80.76080923705818 0.2697035057068272
135 87.29924658862888 0.2695273488224224
136 86.38293168876076 0.269409832753599
137 98.26571042394679 0.2693046722837915
138 86.00537979679346 0.26921217761954785
139 78.25244984443808 0.26912847484600755
140 70.69202621480477 0.26906842395103847
141 64.48778778838741 0.2690057257648637
142 73.57334545176008 0.268871029938469
143 60.20566708459433 0.2687950500152272
144 49.18734524156493 0.2687317172704241
145 65.50790181980595 0.2687628154750431
146 80.61969049346382 0.26871723873643905
147 75.4549230703118 0.26872760375576504
148 53.702617671504 0.2686335155541736
149 80.2229544727407 0.2684729049092692
150 64.33101772330815 0.26826862500688853
151 101.74482047571388 0.2680890029925499
152 84.71409087701517 0.2678723291934514
153 75.84854230717559 0.267694495932126
154 70.52191323434147 0.2674949138493663
155 71.27369692235038 0.2672917783683666
156 74.11076542414008 0.2671258391197545
157 67.51156142507358 0.26704936289102377
158 72.88642916247642 0.26685138880174747
159 73.33681600039489 0.2666245288833351
160 60.07102483287527 0.2664778436979229
161 80.00355498261155 0.2662824279719471
162 70.45038198545555 0.26619775857651984
163 83.86101518328277 0.2660291487063039
164 57.19311740690334 0.2658626572571397
165 63.90620317106864 0.26566382643780323
166 71.899291626449 0.2653617061835577
167 61.47242619113949 0.265172388422588
168 43.46770688732933 0.2649670144117971
169 63.14259193989919 0.2648965049561105
170 62.87169282458041 0.2647776029481575
171 75.15068218108146 0.26468230408675153
172 74.25166220496598 0.2645865317273135
173 64.38934532606724 0.2644731243563291
174 74.92948380666189 0.26442294159614754
175 72.12433161054113 0.2644039670662336
176 70.15704304436417 0.2643551552205404
177 83.69298104128475 0.264301624479485
178 85.70831000209944 0.26424783804364915
179 77.78701324699247 0.26416307631139824
180 83.27832810049183 0.26401750989334527
181 74.77593019145147 0.26384073574335604
182 68.17579595697512 0.26379425703171766
183 73.20510445372477 0.26383975814108773
184 79.87154025054757 0.2638677904078005
185 68.80627812528377 0.26374082767125806
186 61.70644721149095 0.2636008332812088
187 62.80976941742779 0.2634616569051982
188 47.00283445974118 0.2633112916483118
189 56.710682433039395 0.26298488573706125
190 83.99062328135147 0.2626366354954102
191 68.96550978085344 0.2623045017898302
192 60.40649213989201 0.26212075144334185
193 59.96667442314976 0.261965957247592
194 53.460247788873154 0.26182129492947015
195 58.520387257161744 0.2616250262687956
196 63.19416126840078 0.2614722767482779
197 68.94000422469922 0.2614242842553195
198 65.35080510138587 0.26138207759507914
199 39.599107913345534 0.26135585514776966
200 71.00867737998593 0.26135704543917787
201 71.66403546181354 0.26143566733146456
202 46.62310704600665 0.26149550981797076
203 81.14595307788852 0.26149913693830174
204 69.0335550793562 0.26148080328744716
205 76.01188421307302 0.261489549110407
206 49.43331374458479 0.26144527645332916
207 38.2907272644463 0.2614541827858561
208 52.13464466848458 0.2614154003631787
209 55.455848122184484 0.26132145008832447
210 57.42014247358161 0.26124484812549936
211 70.23562069076043 0.2612389565226829
212 72.5623437610586 0.26119077064376534
213 57.951397532952534 0.26119821528715703
214 55.37287609320609 0.2611668038503331
215 45.33711827542794 0.2610729336749438
216 59.79477408033509 0.2610348724445195
217 64.36536323816725 0.260913689824376
218 65.80662188316418 0.26076972642832696
219 76.31333433648726 0.2606600254749939
220 93.63753666766902 0.26052577819885353
221 96.49644450441627 0.26037084188165993
222 65.88647615214236 0.260202693116871
223 69.93745889005308 0.26008974133818286
224 59.67761759820901 0.25999559990072263
225 71.82916787958416 0.2599113369219206
226 79.49355457318734 0.2597348054900209
227 73.30098549156591 0.2595900578595682
228 65.70726612166914 0.2595334315113116
229 46.38506792550227 0.259422833116121
230 56.301091617451334 0.25924692586981135
231 53.32771259568777 0.2591303751033134
232 89.32857761337239 0.25905152586168934
233 54.31166449469168 0.2589530900773962
234 63.38401649065819 0.2588890547139259
235 70.9285444177514 0.25886940755355026
236 58.04182814659264 0.2587963859846608
237 48.47231962049185 0.2588504475444402
238 57.092118179349185 0.2588887943254029
239 66.47936028148001 0.25895390731835677
240 68.65807570237034 0.25910043355706114
241 56.858990322057885 0.25915831454288596
242 76.53130869650235 0.25906235199470384
243 66.3810044453024 0.2590627087269758
244 67.97887914009729 0.2589951497531637
245 49.869167271281725 0.2590419941619376
246 50.39714505598111 0.25914996532924434
247 55.92067311902515 0.25929673011983406
248 45.086598975579264 0.25948625634685746
249 55.30858955426463 0.259626718228506
250 63.457735979889875 0.25977489428822276
251 65.6157901547164 0.25989713149164184
252 59.9737157204368 0.25996249249213793
253 82.6699565643185 0.2599238622517426
254 70.34450829924147 0.259972420686076
255 61.07117500212296 0.2600371281469388
256 76.89823359913076 0.26012546003894266
257 66.95140323736327 0.26023885463008245
258 63.299918988177396 0.26032917343856526
259 73.26462180903138 0.2603622279300643
260 61.12225537238818 0.26034036609339284
261 59.7334584930414 0.2602596804694392
262 45.62432037082695 0.2601614310539932
263 49.035040226971404 0.26009621705170977
264 79.97535467883472 0.2600644710903517
265 62.7138001999667 0.2599775167995728
266 78.91299542943214 0.2598716274803987
267 58.17701126794282 0.25977472350980624
268 63.4449150296507 0.25971944652781564
269 56.14263533020754 0.259748947071429
270 71.64900475381361 0.2596900802086001
271 54.195200894025476 0.2596915679213807
272 64.69576386028781 0.2598169732214278
273 55.85380134458016 0.25984706810148456
274 52.34679587276342 0.2598090599382867
275 48.69861511820437 0.25966849505002004
276 50.39942849379187 0.25936844990332086
277 43.035301511698194 0.2590127343642849
278 51.55791813546251 0.2586406444419593
279 53.13056261659406 0.258241305672283
280 67.90216959499676 0.25796232267992764
281 50.443793927108345 0.25763988279798444
282 51.481373555052876 0.2574400703508254
283 70.2045884132593 0.2572027304730511
284 57.13752208950528 0.25696142849305365
285 63.378693029703484 0.25663771126332646
286 71.302269737626 0.2563394588420879
287 58.219749453205466 0.25606286302260417
288 57.11755128193252 0.2558360242284301
289 61.36032826647007 0.25561399524637207
290 66.85514684193282 0.255452133635382
291 66.23228931614858 0.25526492462804484
292 64.09403547240977 0.2551982257083706
293 39.39862400933958 0.2550894394019996
294 40.78975009271894 0.25504261609931983
295 58.72773809700543 0.25490670695517603
296 61.40760077998107 0.25476719714696283
297 58.798533217279235 0.25464963871510915
298 72.4937610112122 0.2546143083944719
299 58.96565583103649 0.2545993924297472
300 63.1310743578409 0.2545675437840217
301 58.98740047049088 0.25450526928616457
302 66.89022004636857 0.2543019283289994
303 71.464569342912 0.254083155059483
304 53.84909262211996 0.25386229527728393
305 64.87952147698653 0.25365871280770835
306 74.63041629741491 0.25349354562870285
307 74.57650243285225 0.25338857957950156
308 50.491099285766154 0.2531697325421641
309 60.79842073151636 0.25298753159963366
310 71.9890407701781 0.2528156482663947
311 62.648883571281 0.2526715976119069
312 50.24310700058198 0.25259789546881833
313 77.08199381902344 0.2525581872949204
314 61.840492972309896 0.25250886757690344
315 47.66932678214009 0.2524233656090587
316 65.24030788765236 0.25231014952607306
317 59.28179993753167 0.2522401234104559
318 58.98520927907332 0.2521003453210815
319 47.409230346241074 0.25204489659975227
320 67.06716839541987 0.25190985753369277
321 53.27137407914921 0.2516900755652753
322 63.25449266862327 0.2514232206908571
323 71.87727393538198 0.2510827784874273
324 65.93609606841417 0.25070113403065986
325 56.14478333738239 0.25033055704716134
326 72.09198586390445 0.2500423662981717
327 72.82859583075293 0.2497338839528957
328 61.044655954188116 0.24944700401727887
329 51.48225106297541 0.2492096310560776
330 59.197477865203176 0.2490856708105035
331 48.96583686289763 0.2489831390334285
332 73.4513518447628 0.24891991705165126
333 72.58443387243919 0.24884844362763353
334 70.61198733439578 0.24884209860914602
335 47.190944459997056 0.24876255267604763
336 64.3817807705584 0.24863846845412538
337 51.492030029029934 0.2485387273757608
338 62.18199686254246 0.24850757393316822
339 72.56357211665315 0.2484482580769447
340 54.076325463676014 0.24833742246298712
341 58.08304137164219 0.24836085138138508
342 56.9992583337136 0.24834786133695025
343 48.41228668177491 0.24822028739384122
344 63.63295657995518 0.24810897641703306
345 49.90875329515344 0.24796745905021533
346 51.47263853489747 0.24773468909800608
347 39.21016938811402 0.24758089137833383
348 48.7591294336962 0.24749428461463918
349 64.4425776673228 0.24743315223492712
350 69.53779638137875 0.24735182686348428
351 47.35227594882347 0.24731496010749957
352 56.886883826003775 0.24730659249738302
353 51.826962644978096 0.24740022919809634
354 48.153824790792626 0.2474462134031861
355 38.434650147058434 0.2475574174316787
356 68.65826630210546 0.24767077170943924
357 64.67282165111476 0.24775993140242134
358 63.911470681525934 0.2478662007556146
359 44.38289712695221 0.24793748286344983
360 74.60082261183864 0.2479556566231042
361 51.15682777060096 0.24797755360153076
362 74.87519751488011 0.24799981711438318
363 62.31883478550507 0.2480375407509175
364 71.89021841880971 0.2481552371579337
365 85.3251631082889 0.24826533750456825
366 60.96842011454163 0.2482721640656066
367 62.44844683391989 0.2481699998484876
368 55.92901392124439 0.24798402743973957
369 63.88257460973962 0.2478535490427386
370 65.94947797178685 0.24760421247867637
371 69.38628521713858 0.24731555287681503
372 70.30491695628686 0.24709104408787128
373 58.8459719063352 0.24673994140396727
374 47.034196711445624 0.2464998557635203
375 70.57091579136527 0.24632673960889379
376 58.013697063099045 0.24618393168055747
377 71.84681840553401 0.24605106068063742
378 62.380490393924106 0.24591998934214224
379 66.12248161591262 0.24564080970621371
380 75.61502004719352 0.24539039843109564
381 76.21305850855475 0.24516007910655951
382 47.7550544182141 0.24485017805690176
383 73.64224300346282 0.24459609241741376
384 62.83764275827252 0.24438707775396412
385 62.70385634908337 0.24423264112583387
386 66.32420571505924 0.24411747316508753
387 49.738433252665835 0.24387327905433842
388 58.701800302910264 0.24369861332982468
389 48.439854461767865 0.24366724325736244
390 47.15281072798405 0.24375432736986724
391 66.87320877109083 0.24371210923894235
392 59.078465694748914 0.24369511844497777
393 73.16130934206109 0.24371114892130974
394 66.93431997574362 0.24369730172226733
395 60.794160874227686 0.24366392815107954
396 46.15093332780357 0.2436518920090873
397 43.57132715908859 0.2437112701000938
398 58.43039807514687 0.2436336255316705
399 69.35281510399851 0.24345607302259914
400 69.0304940592311 0.2431981363908958
401 51.370656376619394 0.2428991562072156
402 55.54061367615293 0.24259332171539305
403 69.63950357835631 0.2424000211626886
404 49.480336891754874 0.2422506095249853
405 74.17429316994838 0.24207025219377576
406 57.90823552127752 0.24183715209549816
407 60.807869091397365 0.24169464855193104
408 57.65077332156414 0.241591251589028
409 68.06747574625395 0.24143872316811182
410 51.45224034112374 0.24138254377507098
411 65.75648652118034 0.2413102721016418
412 69.68043234565924 0.24117799937787648
413 43.826059732947584 0.24098791325554503
414 61.76338137697748 0.2407483783138845
415 43.829483006005844 0.24051742801843307
416 64.03989495155611 0.24029761257643562
417 51.679053202827845 0.24009391069271302
418 56.52855807377575 0.23992554992796467
419 64.40001100303486 0.23981864786300267
420 65.11758163983987 0.239693124982443
421 69.43837684828858 0.23961060592125033
422 48.26870061064605 0.2396133500645506
423 78.53747860061705 0.23963327766003023
424 53.18994406479991 0.2396158117893286
425 72.630852402938 0.23960153190339717
426 88.28765859556383 0.23966885356303907
427 60.17322094867376 0.23975741877675086
428 59.04407224007183 0.2398305197904132
429 121.57783813854167 0.23971908128471886
430 56.84975339544091 0.2395611546705768
431 53.30248124595965 0.23947315455268436
432 63.120033007054516 0.23931583302183093
433 56.15661764345194 0.2391680880617476
434 118.75444661211603 0.23902794684070142
435 57.98489913070429 0.23885191743951428
436 53.17199612726924 0.23862743682522267
437 68.69712274789842 0.23841414692222998
438 62.58244824411858 0.2381808568217057
439 62.31868961500568 0.23799823991743785
440 158.344542344353 0.2378861634766438
441 67.19225402095569 0.2377920846582047
442 69.3278524045729 0.23767839925468126
443 78.36502641259287 0.23754030221824285
444 57.73080567415551 0.2373908367622513
445 61.600783598857745 0.23728567273203477
446 67.77024140269434 0.2372021037292079
447 71.32335662612824 0.2371970296548066
448 42.65415211758764 0.23718809631604632
449 65.69233762556473 0.23717208909717935
450 71.38981127917194 0.23701889179988328
451 58.466039945453915 0.23692714641720175
452 56.8671061840755 0.23686598287179042
453 72.9654017487035 0.23685328556029286
454 76.90544467059006 0.2368311445876243
455 73.77448597105892 0.2368525487231252
456 66.98074905009375 0.23687666932750995
457 71.18945538111447 0.2368726697011248
458 59.022439890343364 0.2368763372824715
459 62.14371363522039 0.23695003176190443
460 70.07383133555221 0.23700933893961892
461 83.62466483999475 0.2370714773156042
462 66.10377738194634 0.23703698942630674
463 80.4282912692793 0.23705097408216194
464 79.09198290832522 0.2370846806844123
465 50.44270762219114 0.23715340167112148
466 52.7034387076283 0.23724551937791474
467 66.33192317299515 0.23736490912083708
468 80.16556486027218 0.23755057911562483
469 80.7273298349786 0.23771288161775322
470 64.32768729291857 0.23779631512033833
471 57.05071917712877 0.2378655453690411
472 91.9485566071701 0.23788410372268565
473 81.5509292869249 0.23793875054740304
474 64.36839124379884 0.23805765446397437
475 63.0630504374324 0.23811015469501717
476 129.03219742358345 0.23839380518920456
477 74.18367957674647 0.23860861077204767
478 114.42350783751581 0.23884349669643112
479 99.40309191833194 0.2390012116181286
480 109.91266176013752 0.23911512705941065
481 103.80191418000524 0.2392104372350813
482 89.80857779997453 0.23927238573220963
483 73.52255458829171 0.23931119591474947
484 76.22625068571708 0.23937043838666744
485 78.49427534452835 0.23939412526557727
486 49.24474479169589 0.23942091304407082
487 45.19745087853704 0.23951313875867714
488 62.7033628652704 0.23963104163882826
489 65.0215895503481 0.23966656658310098
490 78.97529788242662 0.23956520398088896
491 65.86328886656467 0.23958233829788464
492 52.137311921728596 0.23942578033298678
493 46.54116676680336 0.2392363633844306
494 67.29502179269664 0.2390055009011981
495 64.7057616560295 0.2386476615865295
496 50.710577988440285 0.23826396878447134
497 56.868351048018475 0.23794787910931528
498 83.35220965088888 0.2377356072661519
499 70.73583399739407 0.23752621980921948
