0 52.32639260181601 0.300445349522786
1 73.80177900749644 0.3005522602634732
2 81.79186425910692 0.3003363507476492
3 71.22524995634173 0.30006797760312137
4 82.15229112033998 0.29977331885723957
5 63.850258232477515 0.2996904278979689
6 63.7548876796397 0.29973557062957246
7 82.80622244684533 0.29998986091324786
8 53.40285345840023 0.30013279823888317
9 59.09004477760584 0.30025586732807635
10 62.17457267462318 0.3001398149549265
11 57.135990890257716 0.2999649798296623
12 51.32455568282277 0.299874572477005
13 46.00564297083856 0.29977362725286694
14 52.357766118026234 0.2998682180414568
15 82.63953424158233 0.29991531100823765
16 64.2222471774741 0.2998717865344632
17 45.18873036404361 0.2998007077329598
18 54.158571121174916 0.29987091056490983
19 60.13605421687029 0.2997728340342499
20 57.80662742010288 0.2996769784419554
21 56.17424069760341 0.29982790756103717
22 51.680827312311955 0.29989017469590434
23 53.91407408342956 0.2999658360586385
24 73.79625370033948 0.3000901422381488
25 57.399995732876945 0.300243295674157
26 44.184029049811976 0.3004495536597729
27 33.56039548058269 0.3005988191647871
28 56.466124717252995 0.30073231117008203
29 43.852213631478094 0.3007036472505913
30 28.589783637171166 0.30058165261229597
31 49.46983549424497 0.3004155992648204
32 42.15170488314223 0.3002961087403984
33 39.78471457523091 0.30020989727453407
34 47.239243276195 0.30018468319072505
35 38.727959779641765 0.300147500388625
36 44.28858344055016 0.3002145405439324
37 61.920765862291674 0.30028473091336294
38 37.95913525247259 0.30033108718063306
39 48.39242643630571 0.30035506245393345
40 37.15558531910511 0.30053655420030384
41 37.65765103969402 0.30074979696915255
42 45.574926335179754 0.30092195062442906
43 62.53094998334623 0.30107050016111636
44 42.9937032913018 0.30118367968222065
45 37.22435191247736 0.3011676001781397
46 44.287426379353064 0.30100939187792175
47 38.019709743525965 0.30092065218692804
48 34.29831832856749 0.30076452743523974
49 41.472120544002 0.3005969900344624
50 39.18860905195648 0.30047094307804884
51 22.132139985217165 0.3003792440365616
52 42.178792159099935 0.30024690612901755
53 48.13004383485347 0.3002480621702639
54 39.625292717929945 0.30027202738099495
55 53.49635587140082 0.30026768386788893
56 38.01462747143697 0.3001471762044292
57 42.96263168049653 0.3000904811161289
58 34.15062800201763 0.3000810564641857
59 41.99817579660082 0.2999526500452643
60 31.006171872686426 0.2998824706188652
61 41.19795759127774 0.2998743757607163
62 41.04543989213608 0.29986431336565694
63 48.69039973008931 0.29983972107456647
64 51.8800165616335 0.29987563820095764
65 33.371403898403884 0.29983602241713936
66 32.1612510839835 0.2997865878029803
67 24.47269229434849 0.2998211552050606
68 44.92048372584952 0.2998325677973331
69 34.78924226148159 0.2998976032970285
70 37.38847147170406 0.300016255108307
71 38.34705287278582 0.30024803317356463
72 29.081920501315864 0.30033272970285574
73 23.621050243298892 0.3003123246807705
74 31.39418736084199 0.30013835719465665
75 25.65221275072477 0.29994412088280453
76 28.985747039857777 0.2997623200439735
77 40.7257690886604 0.29967038269396007
78 31.471907736455993 0.2996483295970892
79 36.65331576338682 0.29955540566110117
80 38.36869503567079 0.2992590568582507
81 38.69832387539663 0.2990296542751575
82 28.50662245479881 0.29877069764293457
83 21.77543040514114 0.2985033840458462
84 28.580664317836572 0.29821715298933027
85 41.711032002467554 0.2979483111485012
86 30.361962701509757 0.29765575690588264
87 48.31447970516851 0.2973935699108746
88 22.349658722858102 0.2971863214830208
89 27.31428650422429 0.296912748417527
90 22.762678319255503 0.2966134708521502
91 26.790780754099423 0.29644457828084514
92 19.47430964512514 0.2963168187139655
93 38.408481947381816 0.2961285830567981
94 27.99793109173483 0.29593976092962593
95 33.97479008240049 0.29569178289702813
96 37.27814690884542 0.29550713577011667
97 37.85060993360511 0.2952275434976115
98 30.07605455253575 0.2949654879652899
99 24.435462721929962 0.2948229833018686
100 23.2384225057326 0.2947988775201681
101 32.60526926010963 0.294770782224435
102 31.483861302713727 0.294937299699757
103 37.55302488775554 0.29501561952362554
104 38.59459552499114 0.295102579809079
105 32.40838262307993 0.2951541550272348
106 39.27500794591814 0.2951361423983726
107 34.30962589196916 0.2950683233350023
108 35.225353436191895 0.2949888021078323
109 40.81291813163948 0.29486149769399184
110 25.894615545649714 0.2946353769863971
111 27.820187314444915 0.29458847598221527
112 31.090539326386562 0.29426398859199243
113 50.471095974934485 0.2939647987325867
114 20.556641925307808 0.29357678370119183
115 34.046594129326046 0.2933961068471159
116 35.95107440138692 0.2932548683662011
117 40.212342338874535 0.2930525225245688
118 27.61814231235457 0.2928881921886909
119 24.744774140742827 0.29286212913394516
120 25.054100274710976 0.2928217607881649
121 23.638542724689973 0.29276154915106484
122 22.719455402586128 0.29271150923148204
123 36.89852108243308 0.29270552821312773
124 31.80833891561996 0.2926820117373583
125 27.586704370587405 0.2926136741899099
126 33.10567802975587 0.2925795577633238
127 25.69892081221335 0.29248999201079273
128 29.55182836665709 0.29236622904242493
129 35.29545206478122 0.29222603260469393
130 19.39757161387478 0.29207349731334353
131 26.49145559151967 0.2921188355313562
132 31.394861043114783 0.29218337334671274
133 23.88721870201352 0.29222265293157756
134 37.50913344492096 0.2923373907263463
135 28.17835933061731 0.29250496845043295
136 31.89977540612758 0.2928679661684716
137 29.523432928899318 0.29324607097778543
138 27.084335478182414 0.2935847470428635
139 34.16172912505857 0.2940135670641023
140 25.4847541822122 0.29436906177896804
141 18.872536001855938 0.2946255444627164
142 24.862470364789324 0.29479296273877326
143 41.10777955243968 0.29501677906208523
144 38.22496841177299 0.2951795374613885
145 20.62929042627605 0.29533194333797397
146 27.865571096754906 0.2953991084359452
147 26.375309598009636 0.29538078235323095
148 30.53925761802652 0.29542426105289643
149 33.68869399352185 0.2953690647458417
150 57.29554247267079 0.29511683382488946
151 44.27922609941449 0.2949977923134697
152 32.43400928448456 0.2948529213787152
153 41.36726015836031 0.29453456507039266
154 32.800428061696635 0.29428221339921407
155 29.03572320973353 0.29412231853444126
156 32.083349583061796 0.2939855581936519
157 29.299704198501388 0.29378436901313126
158 22.88963069042046 0.293590962706866
159 29.983274844520018 0.29347347289328424
160 36.70800453311665 0.2933874567340152
161 32.26956782591514 0.2932670671252602
162 39.5974394354696 0.29321255865148044
163 24.770957075712886 0.29317110077137454
164 24.52727290505773 0.29309156364318373
165 21.510786494433077 0.2930546919517698
166 27.933452056757268 0.29296795565529965
167 33.434365830413554 0.29278895483831646
168 37.549275374821065 0.29271711130559197
169 40.61980706123263 0.2926554437683416
170 31.83596950286983 0.2927257973057396
171 43.01443480423883 0.29285676517903464
172 26.53421457425702 0.2928727787567509
173 36.91706240286621 0.29309944374120267
174 32.55307647146952 0.29337192775166027
175 29.892089968546138 0.29360898149334536
176 35.23938308429557 0.29381340745307605
177 36.08147990798469 0.2939343375678699
178 22.888572201643274 0.29406938972610397
179 25.453845936125354 0.29420647395484834
180 24.8332088281189 0.2943595766163865
181 28.14459152703828 0.29452337173956344
182 29.815651057932442 0.2947788017091443
183 45.4216152182605 0.29511088734050034
184 28.16235608416832 0.29542977560473266
185 34.72251778466328 0.2956607296139746
186 38.01878006514934 0.2959620387523974
187 24.6183296433071 0.29621716847367396
188 51.36318123640224 0.29644788924103704
189 50.33542385923888 0.29664303249807783
190 51.349288010264466 0.2968904358077932
191 37.801694925373575 0.2971571456672243
192 33.81324862865257 0.2971825801762303
193 36.49200793781341 0.2970232458906018
194 63.44782909385485 0.29686460479008536
195 33.44480282095566 0.2966325804259192
196 45.46296136146858 0.2964664941569699
197 47.03761762996125 0.29621749509315926
198 34.82160866650371 0.2960597884744257
199 21.92529908745672 0.2958156708148164
200 30.70410520135262 0.2956513290117173
201 39.74567921739738 0.29559329165462567
202 27.26273652212722 0.2954091962615343
203 23.4893797316746 0.2953559284348236
204 32.251695981684854 0.295288982776135
205 42.38455986590144 0.2953037538257196
206 26.449064140203625 0.29533816419571
207 27.512755651003417 0.29541876502392184
208 39.93115785807784 0.2953658988030695
209 25.555236283954315 0.2952551224740449
210 23.105856020020422 0.29499560100086253
211 27.68883791372506 0.2947587356142981
212 20.377198739852744 0.29441509019925327
213 22.80885222006423 0.2941416764152192
214 22.060834545228605 0.2939662624788531
215 25.13182833719814 0.2935277654975709
216 27.605565695525485 0.29315553845163994
217 22.423419425478613 0.29287953664791666
218 27.226643264738073 0.29265614705035237
219 31.083346897621503 0.2922050702261124
220 24.965863605995573 0.2917982887450349
221 33.057876713477214 0.29140560617273115
222 32.782855719929785 0.2909541438273152
223 25.95161802984244 0.2906599249844694
224 21.74159730801678 0.2903951446035451
225 20.794529342288975 0.29020730712882564
226 23.250778046002303 0.28973684377728914
227 29.646851555981737 0.28924177980495414
228 26.04714068557587 0.2888201203096712
229 34.33272277877617 0.2883645622011042
230 23.978840300952534 0.28788779478934573
231 28.89442755037289 0.2874870269682936
232 34.657782448192165 0.28712941111156337
233 47.075042151403146 0.2869391554159746
234 34.861354166012234 0.28685566409312707
235 33.7861772554668 0.28663123724264866
236 22.481591553010695 0.2864725140293041
237 34.41729419157319 0.2864493068194523
238 34.42878354224614 0.2863897650215452
239 24.75480479192036 0.28634978106919473
240 24.71148301232926 0.2862784477784057
241 35.184130604989804 0.2862015740296787
242 36.85172431139022 0.2860097659943175
243 28.84520635807443 0.2859848715701053
244 29.27552472808128 0.28603122476003556
245 30.68303436299768 0.286117104135726
246 33.474863359335316 0.28611366144902417
247 28.507189415639424 0.28595589482550565
248 20.899339861822376 0.28583909739468033
249 28.979762657121874 0.2858487040855323
250 18.002324607918695 0.28572428864318905
251 19.80850685083322 0.28549598911092416
252 25.524622770160192 0.28543917287457
253 32.19171144692656 0.2853630466057242
254 22.62358814234781 0.2852376938947454
255 21.759133176508925 0.2851468177377384
256 24.26533863258049 0.2851030121788742
257 24.54984858254235 0.28504570885905467
258 28.0509825724503 0.28481727003783613
259 29.05465504933685 0.28458935271552604
260 37.54322312572702 0.2844072325866104
261 21.307306030392642 0.2842190413843128
262 31.21236419718946 0.2839759045968282
263 20.00916954457447 0.2835861419032977
264 28.725941802216838 0.2831804288080602
265 21.716520354548162 0.282972660972347
266 23.589169466314818 0.2826846895177138
267 22.764448815355 0.2824425473187524
268 29.268336491625234 0.2822447643935483
269 19.324173327721443 0.2820386710473026
270 27.200215829392757 0.2817845637933347
271 20.88949182455953 0.2814636540884734
272 20.612437670994808 0.2811721503294136
273 24.605573774478756 0.2809311128989026
274 26.026253121301433 0.28065280843999807
275 21.21546414666886 0.2803977855885901
276 17.10417766100105 0.2801878663279104
277 23.764205334033875 0.2800979289700468
278 22.908217020468353 0.2800989324714013
279 18.431989393841405 0.2800181971715803
280 13.517120810434832 0.27974453771039737
281 20.41355515524013 0.2793668452381873
282 15.510621056521082 0.27911776698620033
283 26.60143594623142 0.2789024478275077
284 22.23173009875652 0.27884585500689824
285 25.759476750171203 0.27877348674867675
286 22.693300613691267 0.2786958643091514
287 14.80402848750984 0.27862789142928795
288 18.659597284208314 0.2785482370059241
289 24.27709293429382 0.27854327565426446
290 18.393189129820097 0.2784781467768582
291 19.790387816458512 0.27850601227955696
292 27.842478269700862 0.27840697634334644
293 22.375873286366115 0.27835030058141685
294 18.40221893749031 0.27826657856491865
295 18.702477185618065 0.2780680855197547
296 17.733047980712563 0.2778932165187324
297 19.090050664235985 0.27769929884266215
298 13.823258401275263 0.2775104575791605
299 19.349870806049186 0.27745705258060466
300 16.960230316308422 0.27745496172637385
301 20.958227436612624 0.2773733612336653
302 21.984169536219675 0.27727214014719415
303 21.031841592739667 0.2771937435392225
304 30.304786403870274 0.2771709664591945
305 17.189384103132948 0.277102307257147
306 34.403045051871175 0.27715935308445677
307 29.218116974219036 0.27705869137326045
308 21.613597582871705 0.2770173038544638
309 21.687794441043827 0.2769837935397919
310 20.25063437428592 0.2768972138600272
311 28.47280548289738 0.2767914075021153
312 19.02784800229178 0.2766785490421256
313 27.564210150667467 0.2765778697892482
314 19.587292801900144 0.27653505465360895
315 20.822036899012808 0.2764952992970272
316 18.151019474151838 0.2765088931480882
317 14.673426355081457 0.27654847209770017
318 29.261119743291555 0.2765424045454672
319 23.580124475540323 0.2765115646513693
320 33.096445357732236 0.2764756853972069
321 34.42010862215055 0.27652086359619243
322 23.42399157957823 0.2764512878007076
323 30.74823479124749 0.2762921481879509
324 22.993513335709984 0.2761099708778752
325 27.02422550656746 0.2760369370148775
326 23.158073530179255 0.2759529495442308
327 31.555927164633545 0.2758073946256896
328 37.84492037711153 0.27564708820301914
329 21.28596493953985 0.27548526747841573
330 26.280366674679414 0.27530304274592876
331 26.485841565684744 0.2751625757453702
332 22.702986534492613 0.2748959608440035
333 26.481022479278387 0.2747049612359018
334 16.251791142422583 0.2745263073568196
335 29.568880551816818 0.27419186899849723
336 25.801773111030247 0.273962616433309
337 32.91079690984279 0.273805573607941
338 15.351444253124942 0.2737628572879004
339 33.319201257197946 0.2736848223156344
340 20.98227683903137 0.27347642616071804
341 20.042275439838832 0.2732530245929421
342 30.497223943772845 0.2731241957423273
343 24.320938820760055 0.2731317278886243
344 25.928260894108696 0.27303681575069483
345 27.373374983652937 0.27289444324053513
346 37.414886927695115 0.2729232123325961
347 21.519571659147253 0.2729631407409032
348 24.74760097909065 0.2729628267787798
349 25.740471216959808 0.2728938112231514
350 34.225663677452985 0.27281698561906687
351 24.80612204827728 0.2727888943004354
352 33.687839996252485 0.27282830970476724
353 29.913177029058858 0.2728988209752934
354 21.131915152802776 0.2730771551732784
355 22.829663831510274 0.273181226420919
356 25.91932926807455 0.27324109809035957
357 16.508826135966956 0.2733584396109132
358 19.094882794803382 0.27339052486909116
359 27.436269523690925 0.2733982866484357
360 25.221010014559102 0.2733842288354723
361 36.329323852097765 0.27328769026094013
362 27.32596498547064 0.27316173959228174
363 22.972670555396203 0.27302435086645316
364 25.174843425075345 0.2729576920702491
365 21.950586251604676 0.27293049325563484
366 23.28508488277484 0.2727958993939052
367 16.667742711499763 0.2726717483515762
368 15.620731324918683 0.272613515975574
369 32.441625164792995 0.27264841516535154
370 36.91490451772958 0.2726748796162817
371 19.018340011225288 0.2726974868357829
372 21.841915563426355 0.2726376082269811
373 22.390219027016208 0.27256532968940655
374 27.97264958585188 0.2724910683575246
375 27.793760393137056 0.27255591825173864
376 23.994843184123805 0.27249369778367594
377 33.909720953312444 0.2723249752458087
378 39.539840708869605 0.2721841818693015
379 25.355647162605848 0.2720619549780008
380 21.430377759460715 0.271904022292894
381 20.750013029281085 0.2718984620446073
382 36.17451346983775 0.27190002309382966
383 13.896256314904127 0.2717970480584116
384 28.428809692180156 0.27163565597624173
385 31.379642780906934 0.2714933803682036
386 20.812986146422368 0.27141027298092735
387 42.99060041891357 0.27135576328708144
388 24.06271536889004 0.27125532560356663
389 22.850693036576768 0.2711148578964898
390 17.41662983907068 0.270898067726684
391 20.09341665517998 0.27064573078015286
392 25.06003869886007 0.2703222342524574
393 23.32388261098043 0.26983048576601465
394 25.87743008833204 0.26939731872787187
395 26.890446631612647 0.2690344917647514
396 27.940226829229577 0.26868225150267916
397 14.65319078350845 0.2683534544189575
398 27.32844248338904 0.2679489093921942
399 17.688718091609804 0.26751862499435547
400 14.85863945591619 0.2670449636610025
401 17.428077255920293 0.26653399059560545
402 16.15851849114619 0.2660171334809815
403 17.917776929787156 0.2655591860517569
404 17.654629675909234 0.26518815015448216
405 13.187084017865567 0.26493526661120975
406 24.337999475449898 0.2647335648110001
407 25.26293626102505 0.2645724505052469
408 12.543604060084512 0.2644068927293857
409 22.85286419200888 0.2642921807116786
410 16.796048573005848 0.2642221337774416
411 15.688207408204384 0.2640816310380023
412 24.406397687022494 0.2639315201086623
413 31.114211633272056 0.2637840266909667
414 27.84774768288342 0.26364457282905673
415 22.5367026425598 0.2635495893033082
416 20.327993383361324 0.2634968553739371
417 28.242455179882512 0.26351471313859015
418 19.717683822952115 0.26366312814827414
419 20.436564333390038 0.2638281990394694
420 15.100794742235966 0.2639750806542787
421 25.477504875242403 0.2642064510783464
422 23.27538720362831 0.264369393474376
423 27.46203540721367 0.2643989946424435
424 21.122206556425635 0.2644145927872359
425 28.316991157048626 0.2644437931537901
426 28.412905595796634 0.2644856590318409
427 25.68409406056361 0.2644455577548932
428 29.75386823439618 0.26448056435966016
429 20.730831742945842 0.2644690691288215
430 17.9230000684132 0.2645516066997219
431 25.229291753484112 0.26470860895389037
432 12.759180918072953 0.26485202126613067
433 12.928546036858041 0.26496278881525653
434 14.247592234401381 0.264994310517052
435 29.403263867431768 0.265004699427823
436 28.500653682464186 0.2650480507726506
437 26.150862561740773 0.2650933134091298
438 18.166838559037156 0.26516426315965924
439 21.09822824974124 0.265115593116378
440 12.593370727987818 0.26511075875317214
441 19.268420850809385 0.2650818565174712
442 25.03483580128197 0.2649769077851031
443 21.57574549633302 0.2648920877374001
444 18.11066720010867 0.26479294050305635
445 18.76877709172083 0.26471396553890203
446 13.299760373178259 0.26461698226569197
447 26.642690570814782 0.2644565363251438
448 19.83842938122028 0.2643151906537937
449 28.2377765082963 0.26421002313292574
450 33.898046613977584 0.2640367968594741
451 28.313337290748844 0.2638878238151618
452 26.472868365948024 0.26379749593590196
453 21.869409716754667 0.26368098779903426
454 12.734818527389919 0.2635492224405189
455 18.51291654790566 0.263469632318885
456 14.626001518381493 0.26339058684358585
457 27.489072076291844 0.26329656960855335
458 21.302367360200076 0.26335729026296195
459 23.50777806741746 0.2633645692653646
460 18.884015298167647 0.26343536010689994
461 22.166047720031205 0.2635319202250348
462 12.895700621982753 0.26362352493878594
463 17.005395704316047 0.26364869219453196
464 23.535823878312783 0.2636542041453721
465 25.953347209644164 0.2636960554363897
466 18.226730669222757 0.2637269099987941
467 31.437444759732124 0.26376038360314635
468 20.635436255420146 0.26381801788030423
469 18.559476578373214 0.26377622836289627
470 18.030631236176166 0.2638385385925547
471 20.17209366050882 0.26378354220858163
472 16.342546168932834 0.26373667954061775
473 20.624568740457203 0.2635872577385973
474 22.773132740528 0.26349219296703796
475 19.213688807692172 0.2634001819452301
476 19.26899262069079 0.26332831958142133
477 22.119745288138375 0.2632336399173538
478 21.40839937520729 0.2632119063395817
479 25.239400882676392 0.2633264073471194
480 16.08574692778944 0.263436271897413
481 18.964340759333577 0.2634806568074755
482 19.08865973123872 0.2635731290877049
483 21.501818617319262 0.26370712064774793
484 16.153415495788835 0.2638211138976398
485 15.105225610459929 0.2638673622389443
486 21.489700930439916 0.26405314656159334
487 11.632410796372579 0.2642571599818099
488 18.05489321437608 0.2644116534991792
489 9.173592464587472 0.2645511019318231
490 22.961073510671156 0.2646815540668548
491 10.799830746277328 0.2648325129975147
492 15.547914745141856 0.2649136798627218
493 16.153165110501327 0.2650872605059444
494 17.87819226601356 0.265066275695308
495 11.757986817027946 0.26521501473346765
496 14.64634977363952 0.26527136712501465
497 25.128040735874976 0.2652638684657962
498 20.16433925007043 0.26539358377157135
499 12.753682593762036 0.2655688910031073
