0 71.33477333965222 0.3004844058360208
1 83.99340489667642 0.3008022859551525
2 83.95645276750892 0.30093405071643575
3 86.8539613154868 0.30118848846562196
4 88.85444616189613 0.30127691996401557
5 80.762934165957 0.30125145084594557
6 78.85827236890424 0.301369156541998
7 62.92477176539958 0.3014294534799094
8 65.07125350359524 0.3015525219475411
9 81.75796650217683 0.3015775806794842
10 56.56025365334559 0.30156485315549797
11 71.98561764487519 0.30154672418499584
12 74.77378350783096 0.3015645619926676
13 61.00741417871629 0.3016384040585553
14 78.53546862096732 0.3017282144098105
15 58.54633222456893 0.3018304507492708
16 49.64448291938347 0.3018704008426268
17 42.53890012977533 0.3019364224324678
18 60.72275575709913 0.3019862436888172
19 46.429201601632926 0.30201641211924435
20 40.70762492091167 0.30195386897197984
21 49.10182535947416 0.301922949132081
22 45.182323637975934 0.30180988097988126
23 49.618032640926884 0.3016599453176297
24 40.43342861225146 0.3015737741438439
25 44.00063636092332 0.3015036800425526
26 41.055525171826304 0.30139733820292774
27 34.266974209263665 0.30124016802761505
28 34.59775162636839 0.3010542499892827
29 49.27726149843928 0.30092135175651424
30 34.980766398971 0.3008085952456627
31 38.959076444369764 0.30062108808539195
32 42.97785561122827 0.30036260051990354
33 47.84804463308545 0.2999999366032193
34 45.587340323025344 0.29967104293034347
35 30.148401945157737 0.29931892900220075
36 29.552144825712112 0.2989519950030441
37 30.007057310850737 0.298593019854999
38 33.12330392765814 0.2983450554522052
39 41.8909857090259 0.2981003691934085
40 39.94245855204521 0.2979033481721928
41 39.6265789216356 0.29769112369091927
42 37.74328775476259 0.2975044056448661
43 32.986282650380176 0.2972576927482349
44 27.425986173501038 0.2970153026386011
45 26.73621932843667 0.29674276453698417
46 23.628580784802303 0.2964748373795067
47 25.546178265060085 0.2963719617572419
48 22.867502813777012 0.2962276586812056
49 35.48865354727535 0.29612000447561765
50 41.3374859245772 0.2960181080470739
51 30.86727378094911 0.29587373681516993
52 28.220832110031715 0.2957119258667959
53 32.510125219357015 0.29552277682607436
54 26.40636737916975 0.2954392810406152
55 38.05608762758389 0.2954471256943109
56 24.918146791335733 0.29539620054946936
57 33.882059950855755 0.29541108794668586
58 25.06917786504153 0.2954246680527774
59 30.933817739435714 0.2954268554732289
60 26.254044402343027 0.29533948324560294
61 27.60435230109887 0.29513476960763957
62 23.794692478251086 0.29499322127786515
63 29.69528683586134 0.29489301427536935
64 25.78904394863222 0.29484161999249864
65 21.675042739354627 0.294858811693692
66 25.006748399616356 0.29483242387671943
67 28.750674956307346 0.2947733058036655
68 35.632417475335046 0.29471919535814134
69 31.364185316120807 0.294598067966508
70 23.771794320905684 0.2944784336762481
71 24.903405963886733 0.29438217163034947
72 20.282626973576377 0.2942948498539029
73 19.34764149642536 0.2942017579266338
74 26.32562697254849 0.2941516341799985
75 29.87253090511502 0.29407399446174926
76 30.128985546586584 0.29398895834206784
77 27.28135999310556 0.29398862249792873
78 29.71335798323099 0.29391688097341845
79 31.959055329322894 0.29389250703442843
80 20.367780749957607 0.2938481867202944
81 32.63403652992914 0.29383169256243996
82 24.516276957348996 0.29380223936258815
83 30.97616472761088 0.2937709432935017
84 21.42905010497011 0.29374723836294897
85 25.929819636027624 0.2937330269434008
86 21.600601789659294 0.2937641927496761
87 22.943148829894362 0.293818305059751
88 25.73061465014404 0.2937502323156114
89 26.422732339270368 0.29367415391132884
90 18.096591139888638 0.29353198092238203
91 24.26473068711743 0.2934440442551846
92 21.009427993914464 0.29323899401641096
93 25.34043490274102 0.29295750595076914
94 29.371571498095005 0.292638527261145
95 20.79395388478956 0.29229049995271533
96 36.33956716345732 0.29195729829039013
97 30.88859023465406 0.29163164147064924
98 20.956046339366182 0.29120435416535756
99 25.240359875655223 0.29077131026365177
100 27.88758819498653 0.29043385076678185
101 24.255109683641045 0.29013278714835283
102 19.598792945971077 0.28989610610548683
103 24.012506212328447 0.28965982372655136
104 20.689042261900948 0.28957914342947894
105 19.379655120133766 0.28946468694152844
106 17.588795545764874 0.289327344021936
107 25.27451288548523 0.2892984724927665
108 28.643012071328023 0.28927033498314814
109 21.8373120462514 0.28933273335654136
110 21.796005707210565 0.28930247673320325
111 25.76026557195121 0.2892275551374952
112 21.77799714764583 0.28916389741992576
113 19.540831324776423 0.28913832597561356
114 24.391129175473587 0.28909512251014274
115 32.547060055730064 0.28913963717492025
116 28.142696913621528 0.2892483548386026
117 25.638687056340068 0.2892457510692837
118 32.982314619579185 0.2891881874991125
119 34.273680130280155 0.28907433383170916
120 29.907806138214433 0.288977077234244
121 26.874044363103238 0.2888374728288648
122 20.227580252062275 0.28876686623477843
123 30.56122708823972 0.2887507610830434
124 27.397004956229225 0.28880265924796306
125 27.928485020268695 0.2889460730274844
126 26.029115698200187 0.2891362736121001
127 24.303506201515383 0.2892093690422651
128 19.805960866645812 0.2892631957047576
129 29.195598805529634 0.2892854060781724
130 29.39198847689527 0.2892636248321549
131 22.82147774180387 0.28927591439233075
132 26.961760089512076 0.28928811237797447
133 33.225926297823875 0.2891586588378779
134 21.41656304130973 0.28904053819339093
135 25.76391589518674 0.28897704481573594
136 24.389264007327537 0.28905298184114053
137 25.526075839860937 0.28918621198497496
138 23.736086737476356 0.28934015354807524
139 23.11704709842951 0.2895182876560596
140 34.567343807749346 0.289723056789091
141 23.78496176931845 0.2898983027123997
142 28.658165821898248 0.28991554781374956
143 31.940140157729537 0.28992147136879637
144 17.990088669421883 0.28992983693841606
145 22.204708664080435 0.2897825572202159
146 25.391995216884872 0.2894944861920349
147 17.745593216154976 0.2893256021684902
148 19.31238078407709 0.289181040719106
149 27.88522269082582 0.2890706652561776
150 19.83196179578878 0.28901749325118864
151 20.434253563891545 0.2889004957299311
152 21.915849661353757 0.28878636122955775
153 13.830227307607203 0.2886014587638018
154 21.423385879861748 0.2883749818408709
155 19.52264754182334 0.28814596164518097
156 26.172093469229146 0.2879377999652329
157 14.919713118281873 0.28773714379018384
158 14.796798366243422 0.28760057351172447
159 11.077340993092848 0.28744230045586405
160 18.780318057557363 0.28730084971469
161 12.496596024773027 0.2871976618882384
162 27.3239126164344 0.28723511833333565
163 13.830296601075796 0.2872710664136143
164 10.965256115216807 0.28737425243658754
165 18.264988918574375 0.28744148271644987
166 17.78759586287732 0.28754455668755835
167 19.354670699214836 0.2877162487093361
168 14.989322745910522 0.28789554739860607
169 17.461281977713003 0.2881289599593929
170 21.714633524201588 0.28836319526810156
171 20.57938972976708 0.2884599698049763
172 20.235169886423904 0.28859922266468496
173 17.92897526468897 0.2886424758545833
174 17.578618638856398 0.288609543594237
175 22.13950689307957 0.28862971482421
176 14.50415120557297 0.2886681043627861
177 16.948890127499396 0.28878970158970657
178 17.45101528755399 0.28900611953497957
179 18.275738027943508 0.28917995054799644
180 23.161788786443392 0.28938112536252986
181 16.893517162228015 0.28957164756804993
182 17.117061568511296 0.2897148491823232
183 17.189011090072412 0.2898051268344179
184 20.415466933341342 0.2900412382081751
185 21.597728213877552 0.2902434437335835
186 15.768352992695903 0.2903216685770467
187 16.327105895773446 0.29039315792925463
188 18.903009688490556 0.290389629139863
189 22.550249156879936 0.29037488782473647
190 17.56175702148397 0.2901994443987525
191 15.541300976451293 0.2900660014704878
192 16.39046582244064 0.2899647988680828
193 22.708487879961496 0.289843720170339
194 17.66212305914938 0.28981075478199686
195 15.652806014861493 0.2897771665284729
196 17.539720480840295 0.2896406748240203
197 15.380596045489192 0.2894490192974544
198 13.467228456555313 0.28925758982395916
199 18.724398295709147 0.2890158833989139
200 24.55837283487653 0.28879551278906174
201 19.191499778973164 0.28854826668518957
202 20.31966504834374 0.28828684079206307
203 22.726390194747083 0.2880922909963517
204 22.373070120721906 0.2879596232061272
205 12.750366147162211 0.28794849083849816
206 20.633213278740868 0.287853800691458
207 28.706513046448958 0.28771809570794094
208 30.255821702628204 0.2875957408873089
209 25.537527896061377 0.2874723072542353
210 18.370336744500147 0.2873749531652306
211 20.45538589047528 0.2872830548091716
212 13.923444094075577 0.28712580198216614
213 15.723048514423635 0.28707696365228286
214 17.29902464685624 0.2870253887073924
215 17.895647290213894 0.28694172491132175
216 16.107412695220177 0.2869264151697502
217 16.240683300832323 0.2868996195611
218 11.340721252676323 0.28690497721508024
219 15.379760194678013 0.2868347506869901
220 16.99696362236749 0.28679347641501457
221 13.703193043001002 0.2867615383790167
222 15.249332379979926 0.2867599640512833
223 21.31415532944262 0.28670370190691674
224 24.812818858400213 0.28658003831532564
225 19.392299986705403 0.28652683104464516
226 18.484373213043014 0.2864988738010433
227 14.39198460791333 0.28644524715372377
228 20.040668619248603 0.2865029170246303
229 14.975138327351285 0.286583625418885
230 23.011986556646956 0.2866774597880406
231 20.087109794671242 0.286858446895865
232 18.21978723918636 0.2869500424571729
233 20.678973971521785 0.2870066050193567
234 16.42612851903852 0.2871403833503969
235 24.256840340209045 0.2873783154968835
236 26.785784575457917 0.2875988320235962
237 21.391885047200265 0.28772979642136204
238 25.720355597601916 0.2878906715117693
239 23.83705257058974 0.28804269691249246
240 21.302627315566486 0.28810713439913366
241 27.45990766879467 0.2880668028358854
242 26.06977438418381 0.2881283374863919
243 15.895632005793274 0.28821600519034424
244 15.455918193076544 0.28809989811770076
245 25.189446330374807 0.288136779283043
246 23.05795613634553 0.28812120348042225
247 15.998759675959771 0.28801563522131834
248 18.410913340663097 0.28804481007259297
249 18.678775343760762 0.28807113255358097
250 24.234712598366098 0.287976913413822
251 17.25550913603888 0.288041494401751
252 24.718164600885 0.2881623732402158
253 20.65415788228154 0.28836758939800444
254 18.48599387174126 0.2885427962233542
255 13.760781253222383 0.2887754300009097
256 19.593143581466883 0.2888595177899203
257 24.11342809514798 0.2889001954624552
258 14.8244881116436 0.28898755309379237
259 20.8628383295361 0.28911544558683516
260 19.110909512834006 0.28920986831543855
261 24.39535958996756 0.2892728531731379
262 18.03826596432208 0.2891643342895796
263 16.422342869572514 0.28906343586387145
264 12.933113579649168 0.28889324178843284
265 20.477462459404894 0.28872592043766776
266 19.077093005133918 0.2884870264095675
267 31.916761373975433 0.2882642711614975
268 22.82138506900059 0.28799904335896986
269 14.852158596317143 0.2878078786951273
270 11.728847550723986 0.28758309822292505
271 18.8432385792897 0.28738495202115594
272 15.835434620842435 0.2872915706325381
273 13.05252664103257 0.2873819642774486
274 11.732016025610495 0.2873589974193685
275 9.616686240427597 0.28731753568210106
276 11.742067979985539 0.2871762684037838
277 22.455723464821162 0.28703751360338764
278 20.08788443545467 0.28703398536596103
279 19.250073330688707 0.2870681089671707
280 12.217787266482533 0.28720855880843216
281 18.29802207510693 0.2874037428387275
282 40.23214953150078 0.2876021547097554
283 23.409200619229978 0.2877165836608584
284 18.574277690188154 0.287808335246654
285 15.44611148547148 0.2878622598696476
286 18.389768821095508 0.28797105982348076
287 13.907891659756544 0.2878408217563259
288 35.55863479784176 0.28769466114409
289 23.689326802358117 0.2873920772324678
290 17.9988928740267 0.28709319724228716
291 13.902288591073045 0.28677236303408393
292 9.512012670016894 0.2865202345335207
293 23.41657870027279 0.28632266583505117
294 23.648731406315953 0.28613589237647136
295 20.130807214780802 0.2859302681767895
296 25.686756392355043 0.2857747982264893
297 13.303518143515076 0.2856352917388714
298 34.48939251829508 0.28539585554112756
299 27.693133859110635 0.2851165069808654
300 24.92167486351444 0.2848025902934483
301 12.813801384397939 0.2844778620644208
302 18.308703256102454 0.2841996628152565
303 28.670030027692263 0.2839046945587051
304 20.82482330438162 0.28362898462758507
305 28.602064733362802 0.2834393158957284
306 29.702755577269027 0.283145161205779
307 28.74335325599813 0.28283155724974457
308 27.575061588873655 0.28260985591645943
309 34.39576533159493 0.2823260267550121
310 22.51018625418463 0.28205547197795444
311 36.80028452981772 0.2817975449021836
312 26.35161777289763 0.2815516085575062
313 29.42063055084222 0.28134126195592496
314 22.35062073131357 0.2811483303396427
315 20.32345107259922 0.2810173724692824
316 20.736048136661466 0.2807662778490743
317 27.415650875528577 0.28043453875714847
318 28.125272879183832 0.2800947387503212
319 25.49605565544305 0.27980770490418944
320 20.450489708134256 0.279470009984953
321 16.34582998985736 0.27915472551294945
322 14.40318106837794 0.27882295408667485
323 19.681633409985885 0.278583469240717
324 20.892453798065866 0.27844415041073706
325 28.68765204018838 0.2782975925551332
326 15.79675275264675 0.2782966458722596
327 20.24385964958771 0.2782832063935002
328 15.926290796936733 0.278286511471697
329 23.302351644312033 0.27829534009225193
330 22.94309118370916 0.2783185755568864
331 24.196124484115998 0.27840848303350657
332 17.523887085525267 0.27843306171600823
333 17.869324830190198 0.278587460394345
334 15.371114939891816 0.27880421941526523
335 16.08626725461665 0.2789558224452962
336 22.254185724139273 0.27902680869138863
337 19.37403440270962 0.27902556930711064
338 21.09218033857394 0.2790508005637042
339 21.200379236617806 0.27907814542727677
340 21.018573524345967 0.2791822904724996
341 16.89560331250419 0.27919727608057854
342 16.494584018551446 0.2793378683325063
343 19.934555440883035 0.2794008406008044
344 12.742583308400853 0.27957299290657817
345 21.05979441592533 0.27967963220359854
346 21.94761349870729 0.27978617678112433
347 15.038507187047614 0.2798398030656717
348 19.770636924164645 0.27997201355304474
349 18.443708502433076 0.280152771093851
350 24.024567614704885 0.2804324195376645
351 18.703364856705356 0.28082898707050363
352 20.58331118024359 0.2812068147789846
353 24.47559147782404 0.28153994475105254
354 20.007599920446616 0.2818120459955164
355 21.317947700730492 0.2818737707331939
356 15.722807674744704 0.2819995175160097
357 13.699111376867577 0.2820345344653805
358 19.871550922016723 0.28198734435197187
359 30.02829579975719 0.2818458068770043
360 19.936270545175564 0.28166450808426097
361 21.956924425843894 0.2814178254581658
362 15.922279372964304 0.28119782620804573
363 13.372366756170148 0.2809993023080577
364 18.0594833487637 0.2808170139140392
365 14.265928506553955 0.2808394333724815
366 10.206120304769804 0.2807254691631101
367 20.9126869054897 0.28058608061264784
368 23.573340924058122 0.2805378272969134
369 24.102220756010343 0.2804484339267947
370 15.567086036337656 0.28034110570105747
371 23.474974548727115 0.28024881346727687
372 22.654261803565277 0.28009096213513984
373 20.47764114209827 0.27997671410160624
374 31.75196064810431 0.2798011251035816
375 27.50823602287199 0.27961239549447847
376 25.283055566718403 0.2794399734655697
377 20.27817359429173 0.27928422647628076
378 20.740778627755194 0.27915691387506875
379 16.475362588998387 0.2790201273893154
380 21.671573763594612 0.2789481245842767
381 14.361558944788484 0.2788226302755603
382 18.310447357631077 0.27855149418588204
383 22.38930808619395 0.27828151470255497
384 18.017284768320373 0.27803863990634775
385 22.099212804389502 0.277888195179561
386 25.46289709537892 0.2778116700369744
387 16.957076001972553 0.2777072268085062
388 21.71683735276565 0.2776716536023091
389 18.948841206898223 0.27759976904560413
390 23.907879546173927 0.2774534876704486
391 16.914417330603175 0.2773908431521131
392 24.918391736475208 0.2773798916188364
393 21.86276877606187 0.2771785629690747
394 27.17762432691068 0.27703641739086066
395 17.817089963709225 0.277022182834323
396 20.58677449755627 0.2769553551081159
397 22.4297716790483 0.277016594572919
398 20.304512805192402 0.2770080204994044
399 22.034484777013205 0.2770289271424055
400 20.236461680773537 0.27709210722270355
401 16.248354646131048 0.27720049739775177
402 16.025543039415243 0.27728349969717375
403 18.03491827156362 0.2772650349035933
404 31.514577932689342 0.27711717124939733
405 20.199024795496285 0.27710620538267006
406 18.70452766379436 0.2771625963160002
407 21.602195983551116 0.27736561418317046
408 24.463154924394562 0.27756983935424345
409 22.039320880426043 0.27783353446908776
410 18.948795176269613 0.2780092202447652
411 16.92747975220029 0.27823217860859495
412 25.67956437891001 0.27847710938283354
413 14.478636521759135 0.27867297481596615
414 26.279656590130234 0.27880927177662224
415 19.124060740114878 0.2788807181859856
416 22.474578257817598 0.27908430133622836
417 19.4682956875427 0.27925050955959524
418 18.44421400182317 0.27940778447364784
419 16.28997745281843 0.2795944581567984
420 28.61571081257885 0.2797582936390041
421 25.67959997821675 0.2799386918209728
422 17.13754316603267 0.2801844909840529
423 17.976996311129703 0.2803144785647733
424 15.424697517184889 0.28036133607078634
425 19.655352943459505 0.28041846803008863
426 22.890442822958136 0.280464539454278
427 19.820102943651023 0.28058657575153073
428 19.318323694409745 0.2806155867638885
429 18.40524916556636 0.2807753411662888
430 17.5143391841153 0.2808709530906613
431 18.850198579313364 0.28093548445466054
432 12.48796871863056 0.28110188121869
433 23.33360038050155 0.2812627018845076
434 14.43826212781589 0.2813982871143827
435 14.795836361318838 0.2816004633484959
436 17.7348703295826 0.28177355212910954
437 16.586835972212587 0.28188823360960563
438 19.62703142597401 0.28193600660843154
439 12.66197065734912 0.28199441529920527
440 25.737108336377375 0.28205291229617296
441 19.800849962656336 0.2821551362498848
442 15.194397723922416 0.2823502030446996
443 17.099656660805984 0.28260519864900446
444 18.058502100950136 0.28291201588482123
445 17.79333445895913 0.2830645965111223
446 14.984401257925423 0.2831425773542729
447 17.949888185995512 0.2831800401079336
448 22.963556286841754 0.2831021750727967
449 17.60162976388704 0.28306780721753705
450 22.11839014833301 0.2829108297008331
451 17.975002669487214 0.2828464049406874
452 14.78475009861717 0.2829527900302165
453 22.856433144812154 0.28295654671365195
454 16.003989246893426 0.2830009403648275
455 12.169412353395073 0.28309351513419717
456 14.136090567862507 0.28325258908500944
457 18.428622662149074 0.28328326675386256
458 13.760383898817365 0.28332697735330425
459 13.366181556938127 0.2833637488342862
460 15.565820896756174 0.28338723238662206
461 13.419707100947939 0.28344999547337785
462 14.44010520274771 0.2835464772499413
463 10.810471378625316 0.28367039396572413
464 8.919679087539091 0.2838198544485128
465 17.497680346374096 0.28389144026454444
466 15.19717563195744 0.2839065979345851
467 10.288927388624332 0.28402425304273393
468 11.349282542515441 0.2840841062229613
469 16.466373768460787 0.2841601031554866
470 12.757658135933735 0.2842403717971595
471 18.95345516910369 0.2843769172163661
472 10.530942108307302 0.28455785223544466
473 11.513880445737321 0.2847423314109787
474 11.925517581748108 0.2849740827830221
475 14.295213642110049 0.28520676989587607
476 24.257075357783364 0.2854475473985942
477 20.887713268516563 0.285669920790072
478 16.926097156952814 0.28586528448348153
479 11.954229227275363 0.28606720636400734
480 16.52439232586059 0.28632408439916723
481 15.07021813728617 0.28650714505647856
482 11.383898473034357 0.28657704768109254
483 25.627688292763317 0.2866185645293839
484 26.599907373849884 0.28660552301903924
485 16.488795239352488 0.2865847928722595
486 15.701743955833695 0.2866290152338564
487 19.59984394884105 0.28672370678568687
488 11.691710516695746 0.2868748239696732
489 10.502850805838275 0.28697283305978893
490 14.714330450984587 0.28718848126768476
491 14.812942944913429 0.2874119875721881
492 18.976194610516266 0.28759627299193236
493 13.220335467588102 0.2876929101463129
494 14.969645860219451 0.287738265562891
495 16.819286664802753 0.2876983606041176
496 18.124352225390446 0.28778157846299973
497 15.913472783526563 0.28801081104990195
498 20.918165597522012 0.28843910439616754
499 15.408273755439414 0.28892856860650157
