0 52.244923247060576 0.30142201657129924
1 50.3827299301509 0.3025780469264812
2 48.4847628533544 0.30279406559466165
3 55.32731774509662 0.30294955730593703
4 55.41287579594798 0.30280283003794023
5 49.02533963544184 0.30274658125859083
6 49.61541205987376 0.3028142453817139
7 39.44256205687181 0.3028659806235653
8 46.8383006795102 0.30279120689525524
9 40.08737571403445 0.3027028374170572
10 48.85495118984982 0.30262103679155533
11 40.18123690824049 0.3025472030336756
12 37.420337752566624 0.3023857035335868
13 34.93833017052816 0.30214181603790297
14 32.99464493766326 0.3019563749409698
15 31.44368528455091 0.3016954008689006
16 31.232015218521745 0.3014830433858647
17 33.44700002566911 0.3013112805448401
18 26.202442134239334 0.30115232456723656
19 24.13270303571189 0.3009146971709081
20 28.570671557154824 0.3007732992738927
21 25.743148254035994 0.30062688215109384
22 23.611383474356586 0.30051110040585854
23 27.470384922077205 0.3003557494466509
24 25.130399172124246 0.30020804226722175
25 24.86716724639993 0.3000203903155885
26 18.725537878467186 0.299778574911909
27 20.130393206695288 0.29942039660013453
28 22.604801255949646 0.2991326452286091
29 27.577775703054705 0.2988504153208375
30 22.86378840764941 0.2985702543071515
31 17.558312882485602 0.29834794960517796
32 17.92235217044929 0.2980521306878421
33 15.266186101704134 0.2978260461345325
34 21.723805932297758 0.2976077492269213
35 17.25232280173971 0.2974398607477914
36 23.35574041158552 0.297249558372027
37 19.21118754895262 0.2970622159823218
38 20.152046002111014 0.29683599903872226
39 17.139001371875423 0.2965988978194593
40 16.394060512013063 0.29635100285267585
41 13.76822827701437 0.29611573944321745
42 19.517758102906868 0.29591615984832814
43 15.777947131588451 0.2957133162403512
44 13.762058074112412 0.29545305387859905
45 14.383706953632984 0.295192158314956
46 18.344154056423562 0.29491984315899206
47 16.013129692460325 0.2946172155686408
48 14.200718496782015 0.29433059204537565
49 12.900458587521484 0.29412156667602674
50 13.805765616210376 0.2939956692413089
51 13.22929740652538 0.29389494985454523
52 16.113890308383368 0.2937519621670574
53 16.622898237387588 0.29362297712405017
54 11.787193739330437 0.2935625583085873
55 14.536412377155516 0.29335079965963573
56 14.25040993266176 0.2930135195899232
57 10.20913048705236 0.2927113593925203
58 9.590707878575067 0.2924001469859517
59 11.02300989302957 0.292078345701925
60 9.673276919185591 0.2917815487456878
61 13.19819438227471 0.291533682003063
62 9.781525060078826 0.2913500412775365
63 14.247462069383726 0.29118568365790903
64 10.287988809732827 0.2910947626344289
65 9.270757230044087 0.29094618598948985
66 9.95316188330404 0.29079304951521173
67 12.441984206745154 0.2906989517857919
68 10.814152784409433 0.2905713949325766
69 9.36965419644519 0.2903311648380293
70 10.490722875696804 0.2901257144004723
71 10.53964017226651 0.28996400298748304
72 11.92565023672331 0.28985258664729696
73 8.775957297881472 0.2897493212716031
74 9.808513478124004 0.2896710167937916
75 8.379393532135332 0.2896647746610135
76 10.840339883965308 0.2895734502635141
77 7.290605736332734 0.28946572963856565
78 11.769948643869245 0.28936808675347186
79 7.958965457977673 0.289216087551372
80 6.346763913014874 0.28904856462704537
81 6.362090933045077 0.28887487402614415
82 7.911437033157027 0.28869587358857557
83 7.227834388237463 0.2885597606194672
84 7.113933667477303 0.2883773996477523
85 7.764038674905514 0.28817124574714376
86 8.98745727162374 0.28803203987020115
87 7.243137895849978 0.2879269352294826
88 6.237911283286206 0.28781726476526726
89 5.9330187859977155 0.28782228039735414
90 8.914275338846263 0.2879420837814348
91 6.3225816599847375 0.28797917955624014
92 7.577647175411624 0.28799144146744554
93 7.385261099866369 0.2879956540929956
94 7.656866777415026 0.2879836680432306
95 5.870083195072457 0.28776697674849283
96 6.679411627977206 0.28748825702042624
97 7.649030229082387 0.28718302406507223
98 9.044534117014177 0.28688255584065453
99 7.769316742349561 0.2864800625758937
100 5.5018830576787785 0.2861163343095627
101 6.803385365001628 0.2858396316161201
102 6.519330401853251 0.2855911886503151
103 5.566095512612902 0.2852900719601723
104 5.5042204240437 0.28502011072729766
105 6.6938901663091706 0.28474486895490897
106 7.5723350008108845 0.28450511386428995
107 6.401550293367476 0.28433355284293493
108 6.2134156021181735 0.2842393825594924
109 8.818938188229836 0.2840706570731489
110 6.385033658079518 0.28388376012879324
111 5.206161269089078 0.2837337789140782
112 7.716531712375918 0.2835936747258283
113 5.442131284884669 0.2834677431416793
114 6.172591599977154 0.28335252453533893
115 6.948558241314144 0.28322754482280615
116 5.7513621884052135 0.28306805347972
117 7.940428541290996 0.28287488341073547
118 6.256835651051624 0.28265484031124377
119 6.502833968242095 0.28243582446404303
120 6.444506375204131 0.28212499328721946
121 6.568290913743027 0.2818311632041131
122 6.333799423847903 0.2816217142642543
123 5.29766801320868 0.2814074477498581
124 6.758609958061285 0.28126340650492354
125 7.200579979277351 0.28110940365056075
126 6.669296429014344 0.28096635596495934
127 7.50442085939339 0.2808036346859292
128 6.417685047871286 0.280796345119917
129 5.769964839679973 0.2807376266589184
130 6.721957752843792 0.28059659133480436
131 5.017251712028546 0.2804201571833708
132 6.413051832188241 0.280162857353408
133 5.232038379610691 0.27997323482520264
134 4.281342516557753 0.27971832372352234
135 4.3323988486976175 0.27956263487969657
136 3.9948458902058923 0.27944071372020884
137 4.5057172137088415 0.27935167697431323
138 3.9675516061228935 0.27928087094315074
139 4.13253481396186 0.2791032123699996
140 4.783922200345533 0.27895415032880716
141 4.661866947125059 0.27881951347408074
142 5.015783846041026 0.2786687076507848
143 2.650186684859361 0.27851169458374425
144 3.897511679447417 0.278461918427256
145 4.750540885981702 0.27837414280173767
146 3.5192868115272296 0.2783516783239841
147 3.8685478280106533 0.2782751283348332
148 3.4997290848414506 0.27820893203525104
149 4.4761174649552595 0.27806638885344154
150 3.1141650228166675 0.27798143639053885
151 4.050011583943425 0.2779282284933779
152 4.683489293747932 0.27789917245184176
153 6.363217142702212 0.27795392436263217
154 4.920163182838527 0.27807443194177717
155 4.306410333409982 0.27815407679776455
156 3.6951140038427748 0.2783617906526093
157 3.602884896362071 0.2786348628555851
158 3.5081325040005904 0.27886926183009914
159 3.702708054370998 0.2791023241321237
160 3.757703426748 0.27925534263432644
161 3.8824526786295386 0.27939320275562324
162 3.816194061249176 0.27941484933984584
163 3.5127456658502645 0.27943552481409123
164 3.5712056705827653 0.2794563651310143
165 3.635172931586535 0.2794151528661169
166 3.5514942455548737 0.2793618492627425
167 3.8199914757378433 0.27932681016036315
168 4.639330065250137 0.2793567145427293
169 5.242284227873838 0.2793350877726053
170 3.9212514198789465 0.279405032714944
171 4.5746262353382106 0.27955863469901204
172 3.5707951813594807 0.2796434568533141
173 3.7128079246861767 0.27962190673087367
174 4.01688552710635 0.2795440382652632
175 3.626271661638121 0.27942828804494496
176 3.8603518504617815 0.279327756900317
177 3.937900140473265 0.27932294621930975
178 4.647162121893209 0.2793225156484391
179 4.508931539947303 0.27935633875044996
180 6.953768003789956 0.2793467948174104
181 5.77134439946887 0.2792477940470351
182 4.647794855547958 0.2791505631094695
183 6.566816477494436 0.27905504196459036
184 6.93148175506393 0.2789133941502328
185 4.136161726931357 0.2787028921921257
186 3.6516108175167545 0.2784579505586039
187 3.7745865830439627 0.2781731647118562
188 5.220052128455627 0.27792614286408734
189 4.238674809735642 0.27769662841078097
190 3.643509303997586 0.2774507497688534
191 4.800924830802382 0.2772657387809821
192 4.483451446023067 0.2770079372206838
193 4.322250925514841 0.2766983622196226
194 4.690654199536274 0.27638742170092784
195 4.019300975573548 0.2761573296008447
196 4.53327992043574 0.2759794084392388
197 4.325214582276305 0.2758698983451774
198 4.337862900506558 0.2758334930631534
199 2.8032868365883346 0.2759135659256335
200 4.737244535825493 0.27594494393440333
201 3.798635118214892 0.2759632030155304
202 4.462067999637583 0.2759603246148575
203 4.81624005651161 0.2760240543837708
204 4.064258529776807 0.27610210342923347
205 5.858597151178092 0.27617381592442874
206 4.230450585504446 0.2762019962056063
207 3.2663580854683847 0.27632910031538255
208 6.725319457267121 0.2764400841909831
209 6.732826324827029 0.2765965892721605
210 3.87667445198207 0.27672799199315734
211 4.228422923379581 0.27677701716934455
212 6.741560563703272 0.27680532803554764
213 5.917991585268626 0.27686156265309575
214 3.2376851310304673 0.27689587326448206
215 3.8148345691058836 0.27697285620382656
216 5.744381969180403 0.27694214763282715
217 3.3305037313950767 0.27689084108771644
218 3.158683531987866 0.27695121884624296
219 5.924547759241971 0.2769466860845022
220 5.061679457120621 0.27673746946087524
221 4.6361519325288025 0.2765757319015599
222 7.013303663205932 0.276443254209567
223 6.431642456786108 0.27636087038044904
224 7.079996629641091 0.2763503102305474
225 5.3697479133321915 0.2762855346793534
226 7.2245487085867675 0.2761116861976749
227 7.690764582887043 0.2758854555318737
228 6.072566780206667 0.2757171819192792
229 5.790720356008279 0.27548971411572976
230 5.7435273198967565 0.27533441818382604
231 5.003304842530252 0.2751375595468141
232 3.656315399267382 0.2749382422456496
233 3.3561785798251735 0.27487088228301254
234 4.33205252958755 0.274859287109848
235 5.839598079769049 0.2748623293569851
236 3.7894707265623166 0.27483490465454036
237 3.720820893320289 0.2747231996184408
238 4.363020490583281 0.27461626979984427
239 4.358407332896863 0.2745622490415952
240 3.4988317999599774 0.2745270725444445
241 5.539880374301467 0.2744757282743346
242 3.5908410442542897 0.2742446373581459
243 4.570764379676641 0.27411627691833346
244 3.0857131901811554 0.273950675639172
245 3.9874720263272616 0.27380271206068185
246 4.087533869060827 0.2737635960098907
247 4.585771403290957 0.2736971802211004
248 4.015206661166974 0.2735827755635683
249 4.538367026803859 0.2734651943116943
250 4.353823076178894 0.27340450152151274
251 2.959759535362041 0.2734252723935443
252 3.8116852065167626 0.27343275954547036
253 5.613352621008158 0.2734187469513973
254 2.5532519118344443 0.27342422145944517
255 3.970555935851566 0.2734395190528551
256 3.5719721686563766 0.2733951772601257
257 3.005985673150403 0.27329578703984075
258 2.411324054535402 0.27317311097538255
259 4.3124398512608675 0.2730449577861033
260 2.6396553890194103 0.2728257715834678
261 2.9484283003098186 0.2726958746799877
262 2.516889799904468 0.27243949939830825
263 2.5794432155287104 0.2723754295253225
264 3.928159960795562 0.2723735019932997
265 3.2455136784479777 0.2724284496215304
266 5.495661278780861 0.27240262590393155
267 4.319054547241874 0.27234672531144527
268 3.494027276651175 0.2722861342098003
269 3.6193822477969837 0.27221910604182786
270 4.097042156292017 0.2722237818406224
271 4.26073299544718 0.2722227324174125
272 3.9681823521236668 0.2723224072458447
273 4.164279306883245 0.2723059993171652
274 4.989468744527612 0.2722933601738747
275 3.657330051624829 0.27240521779193144
276 3.765299376465142 0.2724100156624558
277 4.832662035150613 0.2723675997485539
278 2.4701036413016655 0.2722518412860477
279 3.0666670000946827 0.2722289038137378
280 3.133873684784235 0.2721257376703
281 4.140158611907527 0.272044910249554
282 3.7406734678247027 0.27184458050874544
283 3.8379827301566882 0.2716435935838742
284 2.8005097931773806 0.2713506021435311
285 2.922471186541851 0.2711361207672778
286 3.6468291295630832 0.2709353047424308
287 3.8855641773743095 0.27076266671189747
288 3.78831045545408 0.2705799525743133
289 3.1807811098065875 0.2705490590334945
290 3.844401140396463 0.27058373269319397
291 5.041554254343775 0.2705332289308356
292 4.293336271901851 0.2704787949541375
293 4.493514282548156 0.27045982013959796
294 3.4746384164265094 0.2704683856121283
295 4.419845524460702 0.270507781654126
296 2.9192447445837026 0.2705810628421906
297 3.0751214830586022 0.2705655001826985
298 3.4398948466108235 0.27047624596435615
299 3.575416379001029 0.2703626697027292
300 3.032616618417342 0.27023524700905693
301 2.217140509242747 0.2700872010581315
302 4.030977625787823 0.2699967822739028
303 3.212580832647919 0.26992065883157484
304 2.970517610006306 0.26981717030255065
305 3.3014772180741763 0.26965797497835203
306 2.9905389238736007 0.26946839800963135
307 2.7123044739265607 0.2692310950554766
308 2.684563908998369 0.2690274689678999
309 3.1599340356478907 0.26885737727862874
310 2.5291307504910776 0.26878271598238035
311 3.1551651874490614 0.2687446298497563
312 2.595795103157317 0.2686787978706912
313 3.153807446698843 0.2685391547982611
314 3.2879308177237783 0.26830947385061277
315 3.700972846395657 0.2680433022405397
316 3.0267161108629965 0.2678188592897562
317 3.307909110390347 0.26766704737268787
318 2.2738238636003496 0.26754488544552707
319 3.078897148274553 0.26732095452139265
320 3.5226721133367445 0.26713333466383327
321 2.011725380728479 0.2669926914308364
322 2.377007024233021 0.2666897397877186
323 2.3095967537251916 0.2664991794145046
324 3.235649741572274 0.2662342004110279
325 2.9142751028782747 0.26590313957381706
326 3.527796403781292 0.2655210392819995
327 3.7957852820344553 0.2650867210250869
328 2.9348390773317607 0.26469355215134677
329 2.77100160388549 0.2643945740737211
330 2.62248774604467 0.26403670477740504
331 3.0522455213633677 0.26369510516016703
332 3.1305693852707073 0.2634482789043443
333 3.266305267410757 0.26317161588954224
334 2.224599998243518 0.26288502709672107
335 2.3634350917662537 0.2625537453394088
336 3.0070017646242597 0.2621995386084753
337 3.1254505047651264 0.2618729467947292
338 2.9564685768771266 0.26155307591020854
339 2.205457707793466 0.26127779604132434
340 2.7817719619764416 0.26107862656818975
341 2.988897301744501 0.2610206166071183
342 2.8170511421253095 0.26090940546834346
343 2.5731138495842876 0.260906186582706
344 2.283940594766487 0.2608377853771377
345 2.415466297949693 0.26082280661448864
346 2.357336786310899 0.2607772512166752
347 3.6411319210261723 0.26064126822391415
348 2.318840351535962 0.2605106349488245
349 2.1182169329198963 0.260356329596421
350 3.289658893909853 0.2601381693739057
351 3.157552015004661 0.2599415152279589
352 2.5748123558715017 0.25982898399352045
353 2.90675462089495 0.2597088932300415
354 2.678657627595549 0.2596386973958316
355 2.1559483212447472 0.2594867784218399
356 2.615933758091173 0.2592814474753249
357 3.301451757174073 0.25908208196313587
358 2.264397758183392 0.25892686833737844
359 3.287977891403809 0.25878665539316564
360 2.8054604370025893 0.25857755350755723
361 2.4824290056141245 0.25845742342394695
362 2.5020447786270203 0.25844209099042736
363 2.1089274036842793 0.2585167542209779
364 2.4131382755887913 0.2586228722582667
365 2.6589030775276568 0.2587211079053891
366 2.1654349167237217 0.25882145159997744
367 2.4945736942113563 0.25887104018162793
368 3.2827681367513275 0.25887805408377745
369 3.2107086107664546 0.2589486243532097
370 2.6372284222358537 0.25901262422792576
371 3.021751006730879 0.2590931780697266
372 1.9301179558122599 0.25915776490360537
373 3.2534165186137685 0.2592130723888844
374 2.5253046380486897 0.25928205180051117
375 2.271039935473929 0.2594063781148935
376 2.280416243302488 0.25955130460413367
377 3.1271560400366387 0.25971150820540057
378 2.46857990606207 0.2598423667396806
379 3.1997317069577287 0.2599538952026819
380 3.1383189205143216 0.2599295668173521
381 2.5603810964121 0.2599112115125659
382 3.7437681919736527 0.25989939422974634
383 3.614638063944218 0.25992502238898857
384 2.7155640412812843 0.25999942763969053
385 2.5173087673124277 0.26003884691446294
386 2.759786462566532 0.26004388364040315
387 2.3585524826128923 0.260089692748107
388 3.4083715213821826 0.2601654676643769
389 2.800559848151167 0.2601234257693666
390 3.7583404333182155 0.2601026454660233
391 2.9760311970969076 0.26012091760017425
392 2.4408667166881344 0.26014487388351837
393 2.3059555562130534 0.2602112643528865
394 2.779274234430039 0.26024973011512087
395 3.3240284972647327 0.2602906703319976
396 4.206867704446725 0.2603447993032759
397 3.5102203568504677 0.2602836040767383
398 2.638282942930562 0.2601720473337323
399 3.558839123238659 0.26004765895748577
400 2.6764619193574557 0.259998852553689
401 2.8175073132279995 0.25999128696920265
402 2.8739200944840455 0.25990559547005876
403 2.7676402189829536 0.2597873203860399
404 3.223908569438283 0.2596940272167408
405 2.419152543049839 0.25967408425402844
406 1.8942284457294556 0.2596233186888816
407 2.422301534399172 0.25961303327017277
408 2.2031797222162397 0.2595458859433333
409 2.4139667739432715 0.25937004062907476
410 2.347038537872803 0.25926008006443924
411 1.862965999571565 0.2591010304734566
412 2.221898857511072 0.2590350797050593
413 2.9166489291236637 0.2589273277270396
414 1.9356525230592392 0.2588044637559441
415 3.12103260763066 0.25877865170199577
416 2.7454330552039936 0.2587005891103023
417 2.3739181279417485 0.2585652927510017
418 2.0059695965405577 0.25841248078599494
419 2.0900296637409017 0.258329206742666
420 2.7107123452152355 0.2582748285132485
421 2.629887660625033 0.25825236052926676
422 5.093661455425484 0.2581273869575644
423 3.677719186102342 0.2580223601650195
424 3.1811856983911087 0.25792388736829125
425 3.6966431198612035 0.2577625892749062
426 3.139155229829168 0.257650494372274
427 3.1468555229914585 0.2573922975303486
428 5.46426653715416 0.2572046590304914
429 3.115890321132242 0.25703571615120463
430 3.3115305166270437 0.25683876582026693
431 2.4556220142348413 0.2565921128547059
432 3.1488029764891614 0.25631402020313204
433 3.660861134753713 0.25603185466000045
434 3.312179789426856 0.2558220103537068
435 4.3422419874599445 0.25564498365021554
436 2.7040158189443018 0.25550197501762123
437 3.162924523465595 0.2554085322621687
438 2.7815574281262405 0.25528864596931644
439 2.3817703611348864 0.2551574963905066
440 2.7500024678319606 0.25506314850454187
441 2.4398785589775858 0.2549081228384075
442 3.2819105427082866 0.25470730245668044
443 3.0995189501034908 0.2545121715942029
444 2.2808841617077658 0.2543003468237655
445 2.36610570123774 0.25407226316589165
446 2.527491570748827 0.25388947878156193
447 2.5841064009053385 0.2537862144152366
448 2.457162064099169 0.2536908418424641
449 3.001733398598282 0.2536441389931386
450 2.3954210785034507 0.25361367550938796
451 2.706362031569698 0.2535547031542813
452 3.727530927640233 0.2535422494093199
453 3.2360868021401252 0.2534853689878491
454 2.996955553351264 0.2533209646568937
455 2.2749751418235737 0.2531642682403031
456 2.298102205267904 0.2529837714419792
457 2.1134855153631773 0.2528099160543173
458 2.505067122153268 0.25264429077126765
459 2.1536209168808425 0.25252167002206766
460 3.0857643267216863 0.25241379380625034
461 2.671035667041645 0.2523671878076315
462 2.933101138435304 0.2523045482064888
463 2.8176763683446002 0.2522811116303381
464 2.474131929277921 0.2522995682119635
465 2.911487238236022 0.252264388383861
466 1.9724279611155515 0.25210445815075516
467 2.5145029072428207 0.2519348765294555
468 3.730539115630862 0.2517345307538861
469 1.7721729414586673 0.2515431860813831
470 2.1950639898823963 0.25133216743612474
471 1.6817419020727795 0.2510501007967106
472 2.3877404416942802 0.25075971151024284
473 2.5459925174031888 0.2504533475295525
474 3.081740614836153 0.2501972164597916
475 1.8564534643673172 0.2500267750542646
476 1.7716611360400463 0.24979676261726627
477 2.0298037745350452 0.24956382346488706
478 2.18915859387013 0.24935131561117943
479 2.1414083444249403 0.24912164304622672
480 2.3058428100567263 0.2489322743700109
481 2.146162214333363 0.24871543983297617
482 2.69751984060359 0.24856745020012463
483 2.4126429040458217 0.24844306286468454
484 2.2135381934325027 0.24838193665777678
485 2.7379748485012865 0.2483134914952303
486 2.555069466569641 0.2482450329193299
487 2.4225154049157354 0.24812247361155718
488 2.4657010285825955 0.2480161908755214
489 3.0145402328641078 0.24784037111538992
490 2.32611704355015 0.247777429702419
491 2.1264101279296055 0.24770350117886006
492 4.807159546195425 0.2476608043394456
493 2.530250412783996 0.24761297069657803
494 3.381807323038932 0.2475085538074191
495 2.2256453408396855 0.2474006672528616
496 2.464495644710136 0.24733549826320264
497 1.86594818176602 0.2472828781813067
498 2.211755281546536 0.24707293512421646
499 2.182541345794604 0.24684449459043475
