0 8705.101144320444 [0.29917902 0.29917896 0.29954492 0.30027669 0.29771546 0.29954492
 0.4684243  0.30100849 0.82892527 0.30064259 0.29808135 0.47171731
 0.47061965]
1 10509.777306379036 [0.29691733 0.29991501 0.29816104 0.30160843 0.29767807 0.29932609
 0.46736949 0.30294624 0.82876665 0.30228316 0.29753709 0.47113713
 0.46962593]
2 12134.896636914338 [0.29507023 0.30027342 0.29780864 0.30234801 0.29646231 0.299754
 0.46713318 0.3035863  0.82847767 0.30373677 0.29653292 0.47105171
 0.46887064]
3 10900.629430791789 [0.29383128 0.30043869 0.29768411 0.30232809 0.29576672 0.3003618
 0.46678576 0.30455363 0.82857625 0.30522221 0.29604499 0.47145407
 0.46833039]
4 11590.432668455043 [0.29277047 0.30037957 0.29727656 0.30152482 0.29509283 0.30075827
 0.46686105 0.30546123 0.82867204 0.30597166 0.29511111 0.47171331
 0.46809352]
5 10388.190456715209 [0.29164634 0.30007386 0.29687874 0.30123685 0.29479094 0.30115913
 0.46709239 0.30630821 0.82892859 0.30625602 0.29414568 0.47225025
 0.46811474]
6 10926.109806649027 [0.29086767 0.29987731 0.29689555 0.30081797 0.29434693 0.30145589
 0.4675907  0.30685702 0.82914059 0.30693275 0.2935267  0.47293799
 0.46814428]
7 10901.993698049468 [0.29050216 0.29990892 0.29732876 0.30049528 0.29387179 0.30162712
 0.46818514 0.30734043 0.82931985 0.30753543 0.29305556 0.47342441
 0.46847659]
8 11223.031350874304 [0.29035833 0.29975682 0.29769877 0.29997737 0.29359861 0.30191471
 0.4688358  0.30762231 0.82948408 0.30813966 0.29238    0.47396977
 0.46870111]
9 9943.070132056237 [0.29010329 0.29980717 0.29766647 0.29948544 0.29301864 0.30202554
 0.46925979 0.3079897  0.8296444  0.30851481 0.29193373 0.474649
 0.46907463]
10 9971.33617313081 [0.28979662 0.29979228 0.29737995 0.29933984 0.29264216 0.30216418
 0.46970692 0.30834739 0.82983685 0.3089043  0.29176109 0.4753906
 0.46910474]
11 11478.039910597909 [0.28962935 0.29992245 0.29706592 0.2991197  0.29227949 0.30253794
 0.4699037  0.30866441 0.82994611 0.30928337 0.2916283  0.47602684
 0.4691968 ]
12 11273.782280002022 [0.28980298 0.30008989 0.29661954 0.29918922 0.29194121 0.30286282
 0.4699152  0.30890413 0.83002521 0.30966449 0.29156537 0.47660539
 0.46935934]
13 11524.699223197027 [0.28956748 0.30024503 0.29639117 0.29939619 0.29180125 0.30356426
 0.46987176 0.30927223 0.83002633 0.30997982 0.29148459 0.47718396
 0.46978571]
14 11237.432223729444 [0.28944863 0.30055166 0.29617723 0.29965047 0.29183584 0.30409165
 0.46997875 0.30943026 0.83004137 0.31016611 0.29159251 0.47753695
 0.47004495]
15 10896.904333184699 [0.28914793 0.30117619 0.29593889 0.29973078 0.29168956 0.30461034
 0.4701406  0.30948865 0.83004535 0.31044928 0.29175775 0.4777538
 0.47051451]
16 10898.718350665531 [0.28884261 0.30161386 0.29592766 0.29983877 0.29177981 0.30514574
 0.47020959 0.30953086 0.83019638 0.31050214 0.29203335 0.47796378
 0.47065492]
17 11881.41339174029 [0.28851482 0.30187029 0.29609194 0.2999573  0.29183998 0.30546037
 0.47015879 0.3096014  0.83029836 0.31057949 0.29245611 0.47814586
 0.47068629]
18 11865.149870487076 [0.28833793 0.30182125 0.29605566 0.30024616 0.29204159 0.3057865
 0.47007979 0.30935035 0.8304362  0.31033517 0.29277623 0.47835342
 0.470777  ]
19 10797.057695268595 [0.28822057 0.30167644 0.2959778  0.30045568 0.29215941 0.30622995
 0.46996172 0.3092128  0.83061363 0.30997549 0.29326695 0.47855319
 0.47085996]
20 9607.947507084431 [0.28809684 0.30147085 0.29594154 0.300468   0.29211395 0.30652311
 0.47001355 0.309281   0.83066237 0.30938981 0.29364937 0.47874313
 0.47094553]
21 10828.572499479405 [0.28796483 0.30114431 0.29600893 0.30051839 0.29197798 0.30672813
 0.47007059 0.30934728 0.83075283 0.30858555 0.29415562 0.47892503
 0.47110376]
22 11495.347909500584 [0.28787346 0.30094073 0.29627347 0.3005965  0.29132846 0.30702766
 0.46997529 0.3095032  0.83092903 0.30778672 0.29466772 0.47916166
 0.47110287]
23 10322.155474181302 [0.2878395  0.30106114 0.29666693 0.30056051 0.29095978 0.307468
 0.46993939 0.30983353 0.83115675 0.30714799 0.29496003 0.4793436
 0.47099549]
24 11551.40721366451 [0.2878678  0.30095602 0.29709409 0.30040961 0.29022137 0.30785489
 0.46983826 0.31017684 0.83140408 0.30648521 0.29529539 0.4795279
 0.47099295]
25 10241.69479271637 [0.28781208 0.30065767 0.29718947 0.30011262 0.28954959 0.30806705
 0.46964015 0.31045388 0.83174315 0.30584494 0.29569018 0.47989522
 0.4711499 ]
26 10137.2332972962 [0.28772148 0.30042163 0.2972755  0.29974698 0.28888136 0.30841451
 0.4695019  0.31075258 0.83190554 0.30523776 0.29604593 0.48019436
 0.47127004]
27 10228.057742487461 [0.28777621 0.30028726 0.29727514 0.29934928 0.28844869 0.30888737
 0.46935087 0.31089276 0.83212453 0.30486356 0.29655651 0.4804636
 0.47127386]
28 9909.806827975146 [0.28775199 0.2999516  0.29743913 0.29897791 0.28811672 0.30944695
 0.46934339 0.31067759 0.8324328  0.30457397 0.29705201 0.48087344
 0.47122709]
29 9620.301931999089 [0.28761551 0.29977384 0.2976845  0.29854307 0.28793887 0.30993202
 0.469068   0.31048243 0.83274405 0.30431933 0.29755572 0.4811229
 0.47131279]
30 9893.769041630341 [0.28765324 0.29949462 0.29785263 0.29835866 0.28784608 0.31047574
 0.4687841  0.31034024 0.83307347 0.30413201 0.29803518 0.48139301
 0.47159619]
31 9304.03122109617 [0.28767116 0.29935043 0.29809788 0.29830838 0.28768133 0.31112855
 0.46864493 0.31011172 0.83332818 0.30393737 0.29849506 0.4817221
 0.47179   ]
32 8991.943251023396 [0.28779942 0.29905346 0.29812155 0.29807665 0.28741317 0.3115362
 0.46857244 0.30997922 0.83354947 0.30373239 0.29905571 0.48204871
 0.47193003]
33 8346.17023424353 [0.28778466 0.29870862 0.29811641 0.29813609 0.28705245 0.31176326
 0.46866928 0.30970833 0.83376076 0.3034604  0.29950245 0.48231507
 0.47213673]
34 9860.758097282862 [0.28772453 0.29833061 0.29811508 0.29822769 0.28673671 0.31198646
 0.46886898 0.30960512 0.83400801 0.30334985 0.29997198 0.48257166
 0.4722531 ]
35 10079.488884767488 [0.28772881 0.29807223 0.2980956  0.29813675 0.28652714 0.31209481
 0.46910238 0.30943388 0.8341717  0.30301206 0.30031905 0.48288703
 0.47247157]
36 8021.025754179698 [0.28761836 0.29786875 0.29808546 0.29808796 0.28640469 0.31230127
 0.46918464 0.30925436 0.83438894 0.30273093 0.30062365 0.48302418
 0.47246905]
37 7323.908875644314 [0.28743071 0.29787659 0.29812493 0.29813219 0.28642491 0.31241632
 0.46915819 0.308981   0.83456965 0.30257635 0.30084642 0.48307702
 0.47226266]
38 8846.106683695194 [0.28725697 0.29770303 0.29812057 0.29827655 0.28641103 0.31219224
 0.46926642 0.30864475 0.83469676 0.30241857 0.30090799 0.48320267
 0.47197194]
39 9049.906827504048 [0.28709113 0.29772758 0.29811078 0.2984641  0.28632345 0.31197223
 0.46939236 0.30839246 0.83477169 0.30241784 0.30082927 0.4832193
 0.47185017]
40 8583.286161952785 [0.28698816 0.29745415 0.29839165 0.29861149 0.28608736 0.3118068
 0.46953921 0.30814276 0.83484912 0.30231482 0.30072839 0.48323138
 0.47176687]
41 8942.719016199053 [0.28677089 0.29744709 0.29850626 0.2986378  0.28589805 0.31147119
 0.46957043 0.30783861 0.83477688 0.3022299  0.30065392 0.48335585
 0.47179811]
42 8918.904725131553 [0.28657211 0.29734404 0.2987302  0.29881522 0.28563333 0.31114982
 0.46950082 0.30757713 0.83472319 0.30226357 0.30063449 0.48337704
 0.47184232]
43 9366.480010318572 [0.28625236 0.2972887  0.29893353 0.29873609 0.2853579  0.31080985
 0.46929476 0.30732046 0.83462377 0.30238505 0.30054726 0.4834966
 0.471903  ]
44 8446.961074414878 [0.28622094 0.29717799 0.29914104 0.29864328 0.28498681 0.31044931
 0.46916116 0.3070994  0.83447089 0.3021898  0.30035389 0.48349503
 0.47213899]
45 8415.568247670906 [0.28629469 0.29715378 0.29927079 0.29850466 0.28472005 0.31008575
 0.4690255  0.30676976 0.83441814 0.3018474  0.30018451 0.48338709
 0.47238313]
46 8409.482496587872 [0.28619198 0.29707943 0.29957779 0.29850094 0.28440248 0.30983065
 0.46881765 0.30644231 0.83436218 0.30148577 0.2998159  0.48330525
 0.47249318]
47 7471.355572793696 [0.28592277 0.29705176 0.29984484 0.29856223 0.2841632  0.30951136
 0.46851259 0.30599513 0.83432085 0.30101279 0.29988361 0.48335785
 0.47278167]
48 8287.96762631692 [0.28566038 0.29713588 0.29988508 0.29880108 0.28403079 0.3089703
 0.46823779 0.30555398 0.83440313 0.30051937 0.30006849 0.48321499
 0.47299104]
49 8966.924334016303 [0.28545615 0.29733945 0.3000709  0.2990753  0.28405446 0.30861389
 0.46807681 0.30517403 0.83445332 0.29993356 0.3001697  0.48306104
 0.47319842]
50 8388.631088107664 [0.28535784 0.29753497 0.30025521 0.29926405 0.28404927 0.30824513
 0.46792087 0.30468082 0.8345424  0.29944212 0.30044079 0.48300429
 0.47327973]
51 9097.803271718069 [0.28503614 0.29771369 0.30043679 0.29941133 0.28397322 0.30790701
 0.46777269 0.30414822 0.834602   0.29901208 0.30062252 0.48284146
 0.47334251]
52 7477.416451920368 [0.28478722 0.29777129 0.30063984 0.2995616  0.28384018 0.30760203
 0.46768071 0.30365287 0.83469282 0.29866532 0.30085854 0.48270846
 0.47334962]
53 7492.660863077552 [0.28448322 0.29769492 0.30079767 0.29985264 0.28367577 0.30735545
 0.46765558 0.30315993 0.83477965 0.29846789 0.30111822 0.4826492
 0.47321002]
54 7144.9078582148795 [0.28410039 0.2974122  0.30100855 0.30012769 0.28359152 0.30704706
 0.46767398 0.30273673 0.83484451 0.29830096 0.30128002 0.48265242
 0.47312854]
55 6014.555979000366 [0.28389378 0.29719477 0.30128908 0.30043199 0.28357276 0.30685426
 0.4675941  0.30223924 0.83485398 0.29831697 0.30147591 0.48245958
 0.47318061]
56 5097.170133679116 [0.28378875 0.29716412 0.30140122 0.30083266 0.28356267 0.30655639
 0.4675305  0.30180976 0.8349013  0.29838553 0.30159123 0.4822628
 0.47327172]
57 6706.88861075093 [0.28366865 0.29724309 0.30125617 0.30130614 0.28358624 0.30637343
 0.46736806 0.30142452 0.83493478 0.29834861 0.30154849 0.48225918
 0.47323565]
58 5891.973714832108 [0.28357276 0.29732241 0.30108249 0.30162058 0.28365479 0.30626384
 0.46719676 0.30120459 0.83488731 0.29832592 0.30172024 0.48225625
 0.4730882 ]
59 4585.793640551914 [0.28353815 0.29731198 0.30085072 0.3020192  0.28362156 0.30610164
 0.46689032 0.30086975 0.83487307 0.29837224 0.30192765 0.48209606
 0.47299488]
60 5082.6664021812085 [0.28349767 0.29718575 0.30063761 0.30223429 0.28346533 0.30589321
 0.46664687 0.30059051 0.83488053 0.29847519 0.30197213 0.48208188
 0.4730341 ]
61 6488.468966014264 [0.28335088 0.29696287 0.30016468 0.30254019 0.28319518 0.30560306
 0.46628188 0.30030078 0.8350731  0.2985839  0.30209554 0.48211585
 0.47316601]
62 5968.05948406687 [0.28325735 0.29672513 0.29962335 0.30309057 0.28290184 0.30553405
 0.46597985 0.30000043 0.83522477 0.29853204 0.30231414 0.48218318
 0.47323699]
63 5418.148146841349 [0.28300351 0.29635267 0.29928054 0.30360797 0.28258224 0.30525513
 0.46558465 0.2995176  0.83537229 0.29854334 0.30245993 0.48228526
 0.47336136]
64 5136.1974044019935 [0.28283694 0.29600477 0.2989081  0.30423483 0.28225415 0.30485941
 0.46531924 0.29875072 0.83533887 0.29864181 0.30252455 0.48221944
 0.47345607]
65 5100.301782032906 [0.28261589 0.29553489 0.29848307 0.30476045 0.28207557 0.30447778
 0.46501653 0.2980515  0.8353757  0.29872568 0.30259331 0.48210156
 0.47338944]
66 5420.328390320542 [0.28234195 0.2952936  0.29827271 0.30546951 0.28190162 0.30422041
 0.46469865 0.29726464 0.83545108 0.29885608 0.30243884 0.48201516
 0.47336004]
67 5803.251098100638 [0.28196131 0.29511997 0.29805365 0.30595382 0.28175456 0.30403906
 0.46450661 0.29634631 0.83550706 0.2989058  0.30244271 0.4820483
 0.47327034]
68 4613.502736810341 [0.2816037  0.29487228 0.2977553  0.30623697 0.28160105 0.3037546
 0.46437116 0.29564218 0.83554445 0.29908562 0.30238404 0.4820208
 0.47334871]
69 5143.2071004126865 [0.28128322 0.29471383 0.29739295 0.30648071 0.28139143 0.30345184
 0.46423953 0.29497463 0.83553342 0.29934318 0.30236226 0.48204583
 0.4736001 ]
70 6301.227234054468 [0.28101127 0.29469309 0.29707514 0.3068218  0.28129071 0.30309614
 0.46417737 0.29433862 0.83555196 0.29941063 0.30237267 0.48200654
 0.47381449]
71 6391.255593272758 [0.28090325 0.29471989 0.29672329 0.30716109 0.28122415 0.3027027
 0.46413245 0.29390892 0.8355051  0.29948505 0.30221148 0.48195261
 0.47393425]
72 6063.297846828637 [0.28087136 0.29461063 0.29623217 0.30744488 0.2811841  0.3022584
 0.46406059 0.29342533 0.83546749 0.29956724 0.30200681 0.48197236
 0.47396328]
73 6202.435973974259 [0.28071784 0.2945539  0.29583194 0.30763202 0.28100749 0.30185948
 0.46417235 0.29300689 0.83547217 0.2995801  0.30165508 0.48220261
 0.47385902]
74 5508.186831783721 [0.28055213 0.29445827 0.29518198 0.30772322 0.28092515 0.30158174
 0.46403113 0.29254344 0.83548513 0.29945068 0.30117122 0.48257176
 0.4739112 ]
75 5110.184375876688 [0.28042422 0.29442615 0.29451201 0.30784528 0.28095747 0.30125872
 0.46392301 0.29218827 0.83556567 0.29931903 0.30069271 0.48277379
 0.4738486 ]
76 4824.1354200978 [0.28022145 0.2941862  0.29388159 0.30805611 0.2807131  0.30103161
 0.46375725 0.29182358 0.83573954 0.29895384 0.3001743  0.48305559
 0.47386399]
77 4266.3373832774005 [0.27995715 0.29370632 0.29354192 0.30840232 0.28051576 0.3007002
 0.46356125 0.29141308 0.83593506 0.29871453 0.29957556 0.48333033
 0.47401677]
78 3682.126738911133 [0.27959674 0.29329777 0.29315538 0.30880743 0.28040691 0.30034332
 0.46340186 0.29119296 0.83611273 0.29838771 0.29927352 0.48360696
 0.47418205]
79 5081.427404966293 [0.27944579 0.29285408 0.29298114 0.30918236 0.28021445 0.29995757
 0.46322504 0.29105408 0.83625791 0.29815229 0.29898402 0.48371609
 0.47425657]
80 5898.127279951223 [0.27960601 0.29243935 0.29290343 0.30953537 0.28011021 0.29950124
 0.46320058 0.29103663 0.83645286 0.29791807 0.29869347 0.48389399
 0.47415255]
81 4724.6507562883235 [0.27977886 0.29200478 0.29277828 0.30992982 0.2800161  0.29883194
 0.46318707 0.29103171 0.83659311 0.29753951 0.2985565  0.48416588
 0.47408123]
82 6164.75505871286 [0.27995255 0.29157421 0.29260522 0.31031006 0.28003908 0.29810953
 0.46331412 0.29094961 0.83675184 0.29697492 0.29846979 0.48447648
 0.47399552]
83 4900.700258776376 [0.27995299 0.29110706 0.29254922 0.31030531 0.28023062 0.29742593
 0.46332713 0.29095936 0.83697122 0.29648857 0.29851241 0.48464186
 0.47400758]
84 5013.893819597177 [0.2797542  0.2906256  0.29270397 0.31024267 0.28024303 0.29681336
 0.46339568 0.29100636 0.83726062 0.2960415  0.29851962 0.48485509
 0.47402633]
85 5858.112405178595 [0.27959633 0.29027778 0.29271564 0.31041108 0.28027639 0.29623719
 0.46347494 0.29105135 0.83753994 0.29549879 0.29848938 0.48513492
 0.47423842]
86 4829.878053261136 [0.27948467 0.28999168 0.29272595 0.31055355 0.28024676 0.29575722
 0.46357236 0.29113321 0.83788985 0.29514906 0.29844309 0.48548791
 0.47448704]
87 3741.4053133940715 [0.27932669 0.28973493 0.29270191 0.31067067 0.28014948 0.29530919
 0.463785   0.29121984 0.83820656 0.2947191  0.29843531 0.48569479
 0.47481064]
88 4459.085519590828 [0.27904661 0.2895883  0.29272595 0.31068683 0.28015292 0.29482649
 0.46398487 0.29133275 0.83849967 0.29430999 0.29873126 0.48585114
 0.47483761]
89 4288.975076904671 [0.27867689 0.28924341 0.29279459 0.3107129  0.28006916 0.29435588
 0.46432637 0.29136083 0.83870867 0.29378962 0.29910571 0.4860274
 0.47491475]
90 4481.452900617404 [0.27836498 0.288833   0.29273419 0.31058645 0.27999216 0.29391264
 0.4646213  0.29120878 0.83890579 0.29322804 0.29926539 0.48620616
 0.47504683]
91 4850.255307670479 [0.27819812 0.28849794 0.292843   0.31035706 0.27987754 0.29361463
 0.46487286 0.29114306 0.83913716 0.29262806 0.29939193 0.48647725
 0.47515646]
92 5332.732171539261 [0.27806767 0.28821428 0.29310167 0.31020771 0.279867   0.29329312
 0.46513363 0.29101707 0.83933936 0.29209712 0.29954532 0.48673867
 0.4753089 ]
93 4587.860764145164 [0.27790701 0.28803511 0.29332583 0.31001884 0.27992894 0.29284128
 0.46529481 0.29089477 0.83949295 0.29158193 0.29964232 0.48690336
 0.47549567]
94 4340.082258387865 [0.27771289 0.28789094 0.29355179 0.31004067 0.27999797 0.29249173
 0.46538891 0.29074031 0.83955304 0.2911632  0.29984191 0.48707744
 0.47562358]
95 6171.5823012687815 [0.27756817 0.28777254 0.29371884 0.31017456 0.28009978 0.29223352
 0.46542762 0.29064553 0.83960071 0.29099247 0.29987052 0.48735219
 0.47584876]
96 5036.866167539363 [0.27743844 0.28765432 0.29370289 0.31023239 0.28016367 0.29218712
 0.46546808 0.29062756 0.83955961 0.29084526 0.29984643 0.48762262
 0.47600814]
97 2697.6170350971533 [0.2772813  0.28775663 0.29364663 0.31025269 0.28025571 0.29208075
 0.46556208 0.29063207 0.83947192 0.29074144 0.29960362 0.48786928
 0.47617425]
98 4475.980595421002 [0.27703202 0.28773138 0.2934466  0.31040608 0.27998298 0.29199521
 0.46566374 0.29062348 0.83940036 0.29058803 0.29911775 0.48812044
 0.47626603]
99 3764.924426292323 [0.27689146 0.28763596 0.29341965 0.31072685 0.27972361 0.29195052
 0.46578393 0.290317   0.83929259 0.29037909 0.29865684 0.48844476
 0.47642704]
100 4460.273867904029 [0.27660939 0.28763921 0.29335636 0.31086911 0.27931394 0.29182557
 0.46598533 0.28982887 0.83921388 0.29005007 0.29789464 0.48873476
 0.4765392 ]
101 3944.8970924555033 [0.27652482 0.28760389 0.29338898 0.31085649 0.27901476 0.29169043
 0.46612874 0.28940918 0.83905668 0.28986361 0.29707727 0.48904885
 0.47660434]
102 4245.358985165463 [0.27636348 0.28744963 0.29339883 0.31108439 0.27883466 0.29145137
 0.46609628 0.28901474 0.83887772 0.28961178 0.29646082 0.48932993
 0.47659094]
103 3112.3890733548656 [0.27610283 0.28740032 0.29355613 0.31138351 0.27865565 0.29140432
 0.46605094 0.28867169 0.83871972 0.28950268 0.29582867 0.48978812
 0.47649677]
104 3152.7917786922 [0.27574802 0.28740685 0.29368316 0.31167501 0.27839856 0.29142009
 0.46609288 0.28830678 0.83860245 0.28938291 0.29518247 0.49019669
 0.47628236]
105 3393.675907333496 [0.27541147 0.28732202 0.29372722 0.3118259  0.27818126 0.29155414
 0.4660521  0.28781729 0.83851669 0.28917913 0.29456115 0.49056134
 0.47601664]
106 2317.85342507789 [0.27510454 0.28713413 0.29378583 0.31220725 0.27803698 0.29200723
 0.46621128 0.28747088 0.83839501 0.28893867 0.29401987 0.49112796
 0.47580651]
107 2784.683290295902 [0.27453866 0.28692455 0.29373153 0.31278772 0.27790329 0.29215521
 0.46651127 0.28715007 0.8382537  0.28879527 0.29350157 0.49166266
 0.4757308 ]
108 2481.8161926425046 [0.27398011 0.28679955 0.29366261 0.31345958 0.27778444 0.29228931
 0.46679311 0.28690303 0.83807566 0.28875901 0.29309949 0.49227727
 0.47557722]
109 2075.243547607851 [0.27350965 0.28676607 0.29352463 0.31413187 0.27769321 0.29239021
 0.46697767 0.28661298 0.83781755 0.28858231 0.29281387 0.49309134
 0.47553156]
110 3670.0705153689696 [0.2730132  0.28676677 0.29346536 0.31465316 0.27772688 0.29232763
 0.46715389 0.28642263 0.83756531 0.28860175 0.29264691 0.49404457
 0.47540509]
111 3838.3374713994963 [0.272703   0.28685275 0.29340803 0.31511909 0.27768191 0.29221033
 0.4672321  0.28632753 0.83739679 0.28871707 0.29252032 0.49478391
 0.475224  ]
112 3361.570530222359 [0.27240597 0.28699677 0.29323414 0.31560124 0.27766564 0.29211488
 0.46723285 0.2863168  0.83729705 0.28890727 0.29242438 0.49543635
 0.47513329]
113 2801.052057698873 [0.27205886 0.28702004 0.29300532 0.31600278 0.27763242 0.29188716
 0.4672419  0.28610278 0.83730328 0.28911623 0.29251933 0.49600907
 0.47503423]
114 3629.494540708355 [0.2716769  0.28694596 0.29262012 0.31627579 0.27768439 0.2918193
 0.46714357 0.28586204 0.83725125 0.28912175 0.2926521  0.49636074
 0.47485933]
115 3128.4752544284256 [0.27136639 0.28685641 0.29230219 0.31654905 0.27760955 0.29184289
 0.46693977 0.28584481 0.83718547 0.28901655 0.29256105 0.49678395
 0.474749  ]
116 3088.350210353721 [0.27103148 0.28685001 0.29207894 0.31657043 0.27760336 0.29173415
 0.46675572 0.28581885 0.83708701 0.28890077 0.29245223 0.49716976
 0.47450806]
117 4263.599438856961 [0.27077833 0.28689849 0.29199909 0.31651596 0.27780403 0.29159154
 0.46671712 0.28585101 0.83713209 0.28869476 0.29217802 0.49751359
 0.47425535]
118 3367.50575388538 [0.27054822 0.28685822 0.2920742  0.31655713 0.27799902 0.29163935
 0.46666136 0.28559872 0.83716385 0.28866246 0.29200918 0.49805811
 0.47392567]
119 4232.229682865509 [0.27038149 0.28675164 0.29191476 0.31657042 0.27794455 0.29164697
 0.46661645 0.28545853 0.8372796  0.28850799 0.29167477 0.49817324
 0.47354851]
120 3631.351730327501 [0.27022819 0.28670786 0.2915532  0.31674086 0.2779188  0.29151937
 0.46659847 0.28530468 0.8373262  0.28825617 0.29145872 0.49832499
 0.47341848]
121 4253.288587972686 [0.27026538 0.2868135  0.29129397 0.31683388 0.27790454 0.29142267
 0.46652815 0.28514135 0.8372564  0.28798988 0.29124132 0.49832545
 0.47332692]
122 3399.5254388291814 [0.27003192 0.28668527 0.29097667 0.31693259 0.27765568 0.29132113
 0.46660048 0.28501403 0.83720735 0.28748447 0.29094177 0.49824269
 0.4734434 ]
123 3731.4993010427456 [0.26988869 0.28657993 0.29070006 0.31694467 0.27751933 0.2910579
 0.46689133 0.2850652  0.83717796 0.28688128 0.29075545 0.49822354
 0.47362707]
124 3381.9152841673076 [0.2697488  0.2864482  0.29040195 0.31675017 0.27750137 0.29046807
 0.46688967 0.2852437  0.83723137 0.28639499 0.29057848 0.49836003
 0.47373011]
125 2923.0376826618353 [0.26953396 0.28620085 0.29009417 0.31679643 0.27749186 0.29001913
 0.46673096 0.28527138 0.83725338 0.28592604 0.29051987 0.4984566
 0.47383567]
126 3456.2063234583134 [0.26942568 0.28591182 0.28981971 0.31665199 0.27744791 0.28963642
 0.46670869 0.28532342 0.83741949 0.285438   0.2905259  0.49848646
 0.47395254]
127 4272.4643697942265 [0.26927036 0.2857618  0.28938902 0.31626319 0.27762183 0.28925864
 0.46661424 0.28557956 0.83756015 0.28491773 0.29038804 0.49823231
 0.47400137]
128 3911.7262745640764 [0.26915727 0.28563884 0.28910652 0.31588088 0.27770031 0.28883132
 0.46649238 0.28564756 0.83755619 0.28454185 0.29022313 0.49801456
 0.47414134]
129 2514.609334627227 [0.26902649 0.28546274 0.28889105 0.31550977 0.27785351 0.28844653
 0.46643079 0.285687   0.83750038 0.28428888 0.28997872 0.49784111
 0.47427978]
130 3367.3020051317244 [0.26888963 0.28514001 0.28866498 0.31525791 0.27802274 0.28817087
 0.46639898 0.28578244 0.83754174 0.28411837 0.2898205  0.49747817
 0.47437739]
131 4463.820675663893 [0.26886908 0.28494114 0.28853301 0.3151545  0.27813565 0.28803417
 0.46645508 0.28570222 0.83765938 0.28403887 0.28954798 0.49727692
 0.47434701]
132 3316.7068697522263 [0.26880356 0.28452466 0.28859481 0.31518364 0.27815643 0.28790704
 0.46650092 0.2855781  0.83778108 0.28382378 0.28927235 0.49705357
 0.47423769]
133 3674.3375284555495 [0.26875801 0.28408039 0.28856808 0.31528013 0.27816791 0.28766914
 0.46656894 0.28538538 0.83786795 0.28360203 0.28897437 0.49685608
 0.47412911]
134 3139.230695430754 [0.26862129 0.28367749 0.2885066  0.31533749 0.27827248 0.2873287
 0.46664356 0.28517165 0.83798083 0.28352056 0.28864385 0.49665301
 0.47404313]
135 3710.6213116086415 [0.26853332 0.283445   0.28848031 0.31539797 0.27837824 0.28724298
 0.46650907 0.28513711 0.83818757 0.28334574 0.28829595 0.49646058
 0.47385913]
136 3039.4644519313515 [0.26861052 0.28331677 0.2883899  0.31539462 0.27852992 0.28720433
 0.46637527 0.28506702 0.83840404 0.28331004 0.28777057 0.49638573
 0.47373238]
137 2576.930334654774 [0.26872873 0.28315644 0.28843178 0.31514027 0.27878376 0.28715854
 0.46632197 0.28505045 0.83855738 0.2834081  0.28734262 0.49631855
 0.47363072]
138 2843.3841466220606 [0.26868535 0.28284945 0.28851426 0.31485341 0.27888593 0.28712276
 0.4664593  0.28491727 0.83866177 0.28342942 0.28693624 0.4960283
 0.47366142]
