0 105.6856610870781 [0.29821856 0.29821856 0.29728096 0.29915622 0.30478173 0.30009375
 0.30196895 1.         0.30290654 1.         0.30009375 1.        ]
1 122.70034867024907 [0.29616205 0.29748128 0.29645448 0.30046535 0.30704876 0.30011382
 0.30342314 1.         0.30239806 1.         0.30046917 1.        ]
2 467.1501039133331 [0.29493969 0.29844747 0.29570063 0.30038033 0.30800391 0.29991408
 0.30475717 1.         0.30163327 1.         0.3001724  1.        ]
3 125.6544328392638 [0.29326223 0.29998517 0.29476212 0.30036872 0.30860283 0.29908156
 0.30695801 1.         0.30056405 1.         0.30071352 1.        ]
4 115.53956656665636 [0.2917846  0.30155806 0.29375508 0.30013747 0.30871015 0.29813528
 0.30858235 1.         0.29984763 1.         0.30072258 1.        ]
5 115.31799676595975 [0.2908184  0.30278762 0.2919227  0.29959421 0.30815545 0.29831442
 0.31003326 1.         0.29982532 1.         0.300832   1.        ]
6 115.91592612526057 [0.29021163 0.30375069 0.29030346 0.29888228 0.30750079 0.29884906
 0.31105305 1.         0.29971053 1.         0.30096864 1.        ]
7 111.41541314103254 [0.28979077 0.3043136  0.28910508 0.29845251 0.30658305 0.29930536
 0.31216234 1.         0.29940924 1.         0.3005126  1.        ]
8 106.4400898033028 [0.28955008 0.30481947 0.28821378 0.2977892  0.30548336 0.29966635
 0.31294854 1.         0.2992552  1.         0.3003471  1.        ]
9 130.42972262587278 [0.28902293 0.3051248  0.28732793 0.297063   0.30477822 0.2999317
 0.31371701 1.         0.29927915 1.         0.30005257 1.        ]
10 112.70110208625655 [0.28848561 0.304949   0.28671084 0.29621278 0.30381381 0.30036331
 0.31398724 1.         0.29971749 1.         0.2999103  1.        ]
11 94.18347535393715 [0.28800786 0.30408313 0.28584201 0.29533282 0.30304948 0.30064894
 0.31387281 1.         0.30032019 1.         0.29984096 1.        ]
12 104.79850077904062 [0.28714107 0.30330969 0.28521354 0.29425588 0.30250306 0.30057175
 0.31386182 1.         0.30080892 1.         0.29963613 1.        ]
13 116.18695723809842 [0.28628788 0.3025996  0.28451382 0.29309048 0.30201503 0.3004755
 0.3143172  1.         0.30167271 1.         0.29932278 1.        ]
14 104.0224714158611 [0.28544528 0.30225215 0.283871   0.29180373 0.301402   0.29995425
 0.31471126 1.         0.30216111 1.         0.29922098 1.        ]
15 453.3040289713396 [0.28438187 0.30194059 0.28340095 0.29081992 0.30079479 0.29927089
 0.3153727  1.         0.30229254 1.         0.29904078 1.        ]
16 106.72412370747482 [0.28348924 0.30166549 0.28286108 0.28986121 0.30045239 0.29860379
 0.31583767 1.         0.3026357  1.         0.29875322 1.        ]
17 466.79979200845867 [0.28279455 0.3012504  0.28247208 0.28870847 0.30041711 0.29787797
 0.3157862  1.         0.30283914 1.         0.29856569 1.        ]
18 95.47468677211396 [0.28232669 0.30089036 0.28192528 0.28747214 0.30045928 0.2971712
 0.31551497 1.         0.30307702 1.         0.29859903 1.        ]
19 95.54629364266356 [0.28166516 0.30030219 0.28123066 0.28627109 0.30033259 0.29663711
 0.31542788 1.         0.30326484 1.         0.29862715 1.        ]
20 84.23125459748645 [0.28122351 0.29976014 0.28034445 0.28514968 0.3000536  0.29601288
 0.3150653  1.         0.30353794 1.         0.29859102 1.        ]
21 86.9021058664582 [0.28070292 0.29912801 0.27960217 0.28419922 0.30007173 0.29550482
 0.31451158 1.         0.30400111 1.         0.29858606 1.        ]
22 90.07694019264774 [0.28012119 0.29855712 0.27915974 0.28346935 0.30032424 0.29499113
 0.31439605 1.         0.30410463 1.         0.29875203 1.        ]
23 89.50698317925747 [0.27958256 0.29795403 0.27863618 0.28272152 0.30035508 0.29459826
 0.31423643 1.         0.30389995 1.         0.29903444 1.        ]
24 79.21563337887255 [0.27907039 0.29733956 0.27814255 0.28223203 0.30025915 0.2940513
 0.31393581 1.         0.30387244 1.         0.29917006 1.        ]
25 72.35806796479878 [0.27832384 0.29669414 0.27760991 0.28194624 0.30049357 0.29358188
 0.3137301  1.         0.30408291 1.         0.29930482 1.        ]
26 81.42086407373124 [0.27767429 0.29640897 0.27725025 0.28171288 0.30093686 0.29337661
 0.31364175 1.         0.30430166 1.         0.29955741 1.        ]
27 73.97574687867741 [0.27689237 0.29623437 0.27685003 0.2816948  0.30122278 0.29309443
 0.31350967 1.         0.30475818 1.         0.29997671 1.        ]
28 69.55191043947288 [0.27596788 0.29611359 0.27667751 0.28189775 0.30137781 0.29305458
 0.3130356  1.         0.30506197 1.         0.30049814 1.        ]
29 75.91032429250865 [0.27474409 0.29567135 0.27652675 0.28198056 0.30139813 0.29294324
 0.31239521 1.         0.30543614 1.         0.30085564 1.        ]
30 75.8569573634432 [0.27371099 0.29525942 0.27626257 0.28220043 0.30135464 0.29279579
 0.31156564 1.         0.30543756 1.         0.30143659 1.        ]
31 48.55561563554727 [0.27262838 0.29475431 0.27602939 0.28238059 0.30125507 0.29258775
 0.31119479 1.         0.30560204 1.         0.30177355 1.        ]
32 58.835026132195296 [0.27176124 0.29416022 0.27564198 0.28206573 0.30052885 0.29204174
 0.31099948 1.         0.3057963  1.         0.30262286 1.        ]
33 50.744075770327946 [0.27095179 0.29362154 0.274981   0.28197913 0.29984931 0.29155901
 0.3104529  1.         0.30631976 1.         0.30325597 1.        ]
34 56.06347530217124 [0.26998771 0.29334458 0.27402883 0.28200616 0.29934061 0.29110297
 0.31002719 1.         0.30702456 1.         0.30387984 1.        ]
35 47.615345980403944 [0.26864421 0.29301511 0.27331021 0.28189375 0.29856836 0.29045196
 0.30927945 1.         0.30750582 1.         0.30412092 1.        ]
36 60.3806009105989 [0.26707511 0.29227803 0.27251526 0.28185812 0.29741683 0.28971178
 0.30847771 1.         0.30749025 1.         0.30465886 1.        ]
37 59.33872399685836 [0.26555565 0.29150402 0.27190713 0.28181821 0.29659666 0.28911692
 0.30763628 1.         0.30793621 1.         0.30534321 1.        ]
38 52.09631584087626 [0.26442007 0.2911334  0.2715798  0.28187067 0.29574553 0.28868882
 0.30680214 1.         0.30816856 1.         0.30590351 1.        ]
39 60.31794884684388 [0.26338749 0.29046265 0.27121209 0.28183393 0.29482365 0.28835973
 0.30605172 1.         0.30805608 1.         0.30637469 1.        ]
40 63.127168226581645 [0.26215997 0.28991212 0.27060877 0.28202842 0.29379796 0.28796082
 0.30532087 1.         0.30755736 1.         0.30682051 1.        ]
41 40.44624568186215 [0.26109791 0.28907081 0.26997088 0.28238695 0.2927029  0.28770046
 0.30483839 1.         0.30718933 1.         0.30722063 1.        ]
42 54.23507422564998 [0.26010068 0.28797175 0.26956561 0.2828919  0.29164063 0.28729905
 0.30425158 1.         0.30703344 1.         0.30775364 1.        ]
43 45.701578649928564 [0.25910426 0.28648584 0.26945893 0.28356165 0.29043686 0.28700371
 0.30377436 1.         0.3070139  1.         0.30806593 1.        ]
44 43.236433746594734 [0.25811601 0.28516363 0.26955885 0.28391181 0.28915635 0.28681882
 0.30348262 1.         0.30723661 1.         0.30855781 1.        ]
45 41.60191213021527 [0.25723367 0.28376114 0.26952208 0.28407357 0.28803741 0.28694257
 0.30319133 1.         0.30772151 1.         0.30943155 1.        ]
46 44.71930107258978 [0.25641728 0.28219619 0.26942874 0.28419918 0.28729985 0.28675331
 0.30285107 1.         0.30765664 1.         0.30997126 1.        ]
47 48.96170450366073 [0.25544686 0.28068405 0.26932361 0.28412879 0.28662036 0.28634068
 0.30209737 1.         0.30758101 1.         0.31063263 1.        ]
48 44.895403455044224 [0.25437179 0.27906173 0.26898663 0.28398391 0.2858461  0.28587187
 0.30174186 1.         0.30758392 1.         0.31100583 1.        ]
49 35.20061684803214 [0.25323505 0.27739856 0.26856419 0.28404281 0.28537979 0.28568028
 0.30133775 1.         0.3073781  1.         0.31110548 1.        ]
50 46.81714381811901 [0.25226164 0.27583294 0.26811137 0.28394905 0.28460423 0.2859337
 0.3011354  1.         0.30753186 1.         0.31159184 1.        ]
51 56.11134192737053 [0.25139325 0.27432898 0.26781557 0.28387732 0.28404777 0.28636281
 0.30081669 1.         0.30740462 1.         0.31190205 1.        ]
52 51.80196728839724 [0.25044707 0.27288992 0.26754267 0.28354644 0.28324811 0.28669457
 0.30039444 1.         0.30726792 1.         0.31216408 1.        ]
53 42.98066733433048 [0.24954299 0.27156837 0.26736966 0.28310617 0.28255804 0.2868357
 0.30022852 1.         0.30735675 1.         0.31254428 1.        ]
54 49.64118419464364 [0.248647   0.27008582 0.26712362 0.28291327 0.28184806 0.28689872
 0.30023237 1.         0.30734667 1.         0.31300898 1.        ]
55 42.46533730621182 [0.24770468 0.26875422 0.26685672 0.28287366 0.28086654 0.28679044
 0.299974   1.         0.30746431 1.         0.31312413 1.        ]
56 37.756552374651335 [0.24694077 0.26779922 0.2666218  0.28274017 0.28009965 0.28665703
 0.29978668 1.         0.30798853 1.         0.31321652 1.        ]
57 32.485390101867054 [0.24638539 0.26679858 0.26630868 0.28266738 0.27919659 0.28663439
 0.29963197 1.         0.30821944 1.         0.31326401 1.        ]
58 40.29013316920907 [0.24567554 0.26607853 0.26591615 0.28242264 0.27825839 0.28654445
 0.29949797 1.         0.30822005 1.         0.31316832 1.        ]
59 35.51379410947291 [0.24513415 0.2651388  0.26535273 0.28197201 0.27746575 0.28626326
 0.29923975 1.         0.3083551  1.         0.31247718 1.        ]
60 391.9704242998711 [0.24474287 0.264388   0.26502796 0.2814268  0.27679445 0.28612119
 0.29917179 1.         0.3083488  1.         0.31206905 1.        ]
61 42.42283055471884 [0.24442745 0.26375942 0.26434095 0.28082592 0.27605652 0.28570666
 0.29948627 1.         0.30838261 1.         0.31183433 1.        ]
62 26.846494985702854 [0.24411993 0.26320251 0.26376587 0.28028307 0.27510931 0.28531757
 0.29959053 1.         0.3087069  1.         0.31143217 1.        ]
63 38.12048250568094 [0.24358705 0.26286936 0.26339855 0.27964011 0.27408194 0.28486455
 0.29942423 1.         0.30898927 1.         0.31122947 1.        ]
64 36.89990505894677 [0.24320114 0.26256868 0.26288394 0.27893503 0.27300858 0.28473502
 0.29936735 1.00000001 0.30893096 1.00000001 0.31038553 1.00000001]
65 39.21499864598557 [0.24269709 0.26237981 0.2622878  0.27845337 0.27198611 0.2845397
 0.29949734 1.00000001 0.30860768 1.00000001 0.30985809 1.00000001]
66 35.954341858977465 [0.24236222 0.26222663 0.26163311 0.27816606 0.27120285 0.28443604
 0.29935602 1.00000001 0.30832744 1.00000001 0.30931505 1.00000001]
67 40.1536126523132 [0.2422056  0.26214026 0.26100409 0.27780121 0.27057821 0.28423373
 0.29924813 1.00000001 0.30808705 1.00000001 0.30888716 1.00000001]
68 382.4768609995061 [0.24225765 0.26180483 0.26057397 0.27744343 0.26995739 0.28399382
 0.29905999 1.00000001 0.30786479 1.00000001 0.3084358  1.00000001]
69 33.0049014734376 [0.24236815 0.26157286 0.26029786 0.27707925 0.26935664 0.2837182
 0.29914268 1.00000001 0.3080236  1.00000001 0.30774546 1.00000001]
70 42.56341950318129 [0.24246941 0.26130486 0.25994175 0.27670729 0.26859307 0.28331052
 0.29941323 1.00000001 0.30830504 1.00000001 0.30681651 1.00000001]
71 28.617873643865174 [0.24249432 0.26098362 0.25954773 0.2763878  0.26780202 0.2827992
 0.29939571 1.00000001 0.30849488 1.00000001 0.3058605  1.00000001]
72 25.863064846812236 [0.24278261 0.26077432 0.25923129 0.27618818 0.26716704 0.28215894
 0.29964335 1.00000001 0.30865556 1.00000001 0.30485759 1.00000001]
73 36.01044538133223 [0.24274313 0.26053647 0.25919608 0.27595362 0.26648671 0.28144079
 0.29982309 1.00000001 0.30844673 1.00000001 0.30371493 1.00000001]
74 25.38966917870517 [0.24227232 0.26035444 0.25908664 0.27573913 0.26593842 0.2809065
 0.30022985 1.00000001 0.30852448 1.00000001 0.30244329 1.00000001]
75 33.18223855170058 [0.24175474 0.26014026 0.25898637 0.27554013 0.26551263 0.28045299
 0.30071119 1.00000001 0.30824755 1.00000001 0.30146094 1.00000001]
76 28.921840873150746 [0.2412474  0.26006875 0.25895533 0.27553525 0.26534366 0.27994948
 0.30140045 1.00000001 0.3080957  1.00000001 0.30059928 1.00000001]
77 33.380405226949605 [0.24066782 0.26018692 0.25874008 0.27506291 0.2650885  0.27956132
 0.3016036  1.00000001 0.30795285 1.00000001 0.30006469 1.00000001]
78 371.3277548561554 [0.23998752 0.26031529 0.25851025 0.27470131 0.26491172 0.27912158
 0.30168145 1.00000001 0.30760887 1.00000001 0.29953427 1.00000001]
79 33.385642056353475 [0.23952247 0.26046076 0.25858679 0.27437075 0.26484421 0.27869713
 0.30194708 1.00000001 0.30713596 1.00000001 0.29963248 1.00000001]
80 25.63047529668195 [0.23907253 0.26043528 0.25877229 0.2743293  0.26467143 0.27831625
 0.30221313 1.00000001 0.30686766 1.00000001 0.29988065 1.00000001]
81 24.60603629512658 [0.23879705 0.26070354 0.25906105 0.27446777 0.2648258  0.27771656
 0.3023849  1.00000001 0.30646784 1.00000001 0.300201   1.00000001]
82 25.275232876525816 [0.23850844 0.26098352 0.25960553 0.27483989 0.26493731 0.27743375
 0.30253062 1.00000001 0.30609284 1.00000001 0.30042636 1.00000001]
83 35.902126522752155 [0.23825849 0.26162173 0.26022693 0.2750736  0.26521384 0.27727096
 0.3026134  1.00000001 0.30595359 1.00000001 0.30087151 1.00000001]
84 21.208860072397286 [0.23771405 0.26212349 0.2606687  0.27518017 0.26567109 0.27734724
 0.30276345 1.00000001 0.30599281 1.00000001 0.30107091 1.00000001]
85 28.733741354291595 [0.23718113 0.26249386 0.26125851 0.27525005 0.26610156 0.27757754
 0.30276039 1.00000001 0.3061107  1.00000001 0.30155756 1.00000001]
86 24.084736777107253 [0.23668032 0.26261799 0.26203152 0.27518307 0.26636714 0.27753942
 0.30311421 1.00000001 0.3062435  1.00000001 0.30198406 1.00000001]
87 25.763096538113444 [0.23631334 0.26290478 0.26292756 0.27524837 0.26652677 0.27770765
 0.30333661 1.00000001 0.3061812  1.00000001 0.30249076 1.00000001]
88 381.5287509968915 [0.23599952 0.2628862  0.26374613 0.27516703 0.26660779 0.27757088
 0.30365608 1.00000001 0.306191   1.00000001 0.30301716 1.00000001]
89 29.782973468907244 [0.23557444 0.26273709 0.26424712 0.27529323 0.26679261 0.27721009
 0.30415215 1.00000001 0.30658549 1.00000001 0.30356042 1.00000001]
90 27.744667083028695 [0.23507051 0.26294861 0.26448668 0.27534585 0.26682734 0.2768317
 0.30490598 1.00000001 0.30679901 1.00000001 0.30423905 1.00000001]
91 35.59498891007449 [0.23482663 0.26316739 0.26473618 0.27546785 0.26681927 0.27613705
 0.30554812 1.00000001 0.30683317 1.00000001 0.30468725 1.00000001]
92 26.648411255205062 [0.23431159 0.2633176  0.26519327 0.27517699 0.26671263 0.2756109
 0.30630275 1.00000001 0.30692226 1.00000001 0.30513063 1.00000001]
93 31.478283143151796 [0.23392219 0.26348643 0.26554114 0.2751546  0.26659    0.27493254
 0.30712544 1.00000001 0.30694677 1.00000001 0.30564617 1.00000001]
94 26.12509076468017 [0.23366189 0.26355268 0.26592456 0.27497328 0.26624037 0.27435619
 0.30827153 1.00000001 0.30682049 1.00000001 0.30621303 1.00000001]
95 28.508697830150055 [0.2331845  0.26346159 0.26644591 0.27452207 0.26599503 0.27390333
 0.30972142 1.00000001 0.30675251 1.00000001 0.30715833 1.00000001]
96 28.422445586577368 [0.23267582 0.26337763 0.26701965 0.27364391 0.26573034 0.27384755
 0.31127656 1.00000001 0.30682516 1.00000001 0.30793053 1.00000001]
97 21.65914770736674 [0.23211945 0.26339839 0.26734007 0.27292277 0.26562745 0.27381952
 0.31268423 1.00000001 0.30696648 1.00000001 0.30834432 1.00000001]
98 32.40177581948795 [0.23160513 0.26324896 0.26761174 0.27223297 0.26558655 0.27366405
 0.31363173 1.00000001 0.30685766 1.00000001 0.30898107 1.00000001]
99 29.616781242820807 [0.23104189 0.26312775 0.26762316 0.27157934 0.26545223 0.27346862
 0.31443131 1.00000001 0.30683592 1.00000001 0.30931759 1.00000001]
100 29.224747724351953 [0.23067377 0.26291401 0.26745112 0.27108517 0.2654977  0.27337232
 0.31528212 1.00000001 0.30636105 1.00000001 0.31023188 1.00000001]
101 28.78756839280691 [0.23018613 0.26278599 0.26746805 0.2708367  0.26560917 0.27332377
 0.31617392 1.00000001 0.30570072 1.00000001 0.31122327 1.00000001]
102 23.675917265050977 [0.22982983 0.26267218 0.26741762 0.27027176 0.26545116 0.27313487
 0.31710887 1.00000001 0.30510612 1.00000001 0.31239235 1.00000001]
103 24.51317761731071 [0.22942419 0.26246487 0.26750462 0.26970091 0.26536364 0.27277822
 0.3177908  1.00000001 0.30486306 1.00000001 0.31352399 1.00000001]
104 31.06128993283397 [0.22907238 0.26235791 0.26759305 0.26930483 0.26496506 0.27231798
 0.3182193  1.00000001 0.30468306 1.00000001 0.31441364 1.00000001]
105 27.995742987616357 [0.22880411 0.26230727 0.26769335 0.26894254 0.26435598 0.27185652
 0.31848638 1.00000001 0.30455305 1.00000001 0.31506745 1.00000001]
106 28.368628113820172 [0.22834924 0.26227443 0.26797715 0.26863257 0.26373566 0.27141215
 0.31877277 1.         0.30431745 1.         0.31543017 1.        ]
107 21.40496102742193 [0.22778042 0.26206862 0.26839953 0.2682064  0.26319171 0.27110719
 0.31887565 1.         0.30419779 1.         0.31587226 1.        ]
108 30.20038280778536 [0.22717786 0.26191149 0.26874229 0.26780824 0.2623716  0.27094489
 0.31925673 1.         0.30437673 1.         0.31651807 1.        ]
109 20.300477935651454 [0.22676184 0.26176962 0.26884434 0.26744375 0.26151916 0.27070917
 0.31926693 1.         0.30472384 1.         0.31717886 1.        ]
110 27.61342665023682 [0.22644876 0.26166201 0.26897634 0.26724757 0.26042073 0.2703864
 0.31954034 1.00000001 0.30506273 1.00000001 0.31759414 1.00000001]
111 32.31373208978101 [0.22635702 0.26147079 0.26885721 0.26694255 0.25901841 0.27010946
 0.31998398 1.00000001 0.30543222 1.00000001 0.31778851 1.00000001]
112 25.18137302394785 [0.22615777 0.26130287 0.26841888 0.26688887 0.25759809 0.2697034
 0.32051151 1.00000001 0.30538705 1.00000001 0.31774873 1.00000001]
113 24.219231228834467 [0.22603956 0.26107413 0.2680336  0.26699376 0.25635438 0.26949346
 0.32117137 1.00000001 0.30541885 1.00000001 0.31798558 1.00000001]
114 23.395491617935456 [0.22577712 0.26073153 0.26745116 0.26687661 0.25518815 0.26963331
 0.32167742 1.00000001 0.3054227  1.00000001 0.31802544 1.00000001]
115 24.369647759144872 [0.22563355 0.26024638 0.26663248 0.26757221 0.25426124 0.2696262
 0.32213287 1.00000001 0.30529209 1.00000001 0.31785758 1.00000001]
116 16.942703637380866 [0.22561075 0.25985953 0.26584274 0.26803304 0.25359277 0.26981219
 0.3224778  1.00000001 0.30519389 1.00000001 0.31768525 1.00000001]
117 21.681163282987914 [0.22562935 0.25921754 0.26511845 0.26846147 0.25299026 0.26995124
 0.32254169 1.00000001 0.30526179 1.00000001 0.31754699 1.00000001]
118 21.351765193294924 [0.22553972 0.25887418 0.26467174 0.26878092 0.25244805 0.27019343
 0.32243348 1.00000001 0.30494472 1.00000001 0.317668   1.00000001]
119 19.343102279832973 [0.22541186 0.25857242 0.26441109 0.26928293 0.25200111 0.27063564
 0.32237267 1.00000001 0.30470779 1.00000001 0.31782431 1.00000001]
120 17.63873903715753 [0.22526423 0.2583856  0.26428169 0.26951961 0.25165993 0.27078488
 0.32210369 1.00000001 0.3043021  1.00000001 0.31808677 1.00000001]
121 19.59040544941 [0.22513242 0.25817547 0.26414029 0.26982335 0.25147427 0.27084177
 0.32196184 1.00000001 0.30381805 1.00000001 0.31834771 1.00000001]
122 22.624118603915832 [0.22470084 0.25797733 0.26393227 0.26997115 0.25117053 0.27079251
 0.32193456 1.00000001 0.30357502 1.00000001 0.31895331 1.00000001]
123 15.26108779166475 [0.22436151 0.25776675 0.26382392 0.26984874 0.25081893 0.27062656
 0.32204039 1.00000001 0.30332177 1.00000001 0.31953031 1.00000001]
124 16.442339858562605 [0.22417154 0.25778177 0.26368501 0.26961282 0.25041033 0.27063136
 0.32192698 1.00000001 0.30256398 1.00000001 0.32004294 1.00000001]
125 16.718409703284852 [0.22401994 0.25767622 0.26351812 0.26941759 0.24989601 0.27079449
 0.32161194 1.00000001 0.30169323 1.00000001 0.32037496 1.00000001]
126 20.499440118572608 [0.22384975 0.25779729 0.26323378 0.26912207 0.24957475 0.27031914
 0.3211932  1.00000001 0.30118175 1.00000001 0.32067354 1.00000001]
127 15.862666055541812 [0.22365456 0.25786451 0.26303718 0.26887365 0.24927413 0.26994867
 0.32088779 1.00000001 0.30104683 1.00000001 0.32056093 1.00000001]
128 21.75782697635552 [0.2233698  0.25789306 0.26278918 0.26849003 0.2490845  0.26955927
 0.32054112 1.00000001 0.30096808 1.00000001 0.32044252 1.00000001]
129 21.47128692565533 [0.22295631 0.25770862 0.26264755 0.26793806 0.24884261 0.26921478
 0.3202863  1.00000001 0.30086151 1.00000001 0.32007854 1.00000001]
130 19.663590842806762 [0.22275741 0.25752712 0.26247048 0.26742136 0.24878425 0.26855044
 0.32002762 1.00000001 0.30092926 1.00000001 0.31974646 1.00000001]
131 14.425936576466452 [0.22248082 0.25738908 0.26228869 0.26715567 0.24847631 0.26782711
 0.31989582 1.00000001 0.30118074 1.00000001 0.31928719 1.00000001]
132 17.590881572591847 [0.22231924 0.25742688 0.26214466 0.26721335 0.24818608 0.2669507
 0.31995265 1.00000001 0.30158077 1.00000001 0.31907844 1.00000001]
133 18.80303271546444 [0.2220589  0.25746506 0.26198385 0.26744988 0.24784988 0.26626581
 0.32026053 1.00000001 0.3020737  1.00000001 0.31885723 1.00000001]
134 16.619455291970283 [0.22176514 0.2571492  0.26164892 0.26752443 0.24746666 0.26574617
 0.32059842 1.00000001 0.30252562 1.00000001 0.31863727 1.00000001]
135 368.93895820405066 [0.22149965 0.25695683 0.26120707 0.2675445  0.24719711 0.26532516
 0.32089831 1.00000001 0.30241789 1.00000001 0.31865283 1.00000001]
136 16.34517591660225 [0.22100651 0.25679172 0.26075234 0.26765525 0.24713474 0.26481888
 0.32146138 1.00000001 0.30222981 1.00000001 0.31891192 1.00000001]
137 17.65574554514653 [0.22054355 0.25655189 0.26042922 0.26775372 0.24682305 0.26437653
 0.32242538 1.00000001 0.3021926  1.00000001 0.31935657 1.00000001]
138 19.799219686852396 [0.22006967 0.25635699 0.26015382 0.26777086 0.24662548 0.26388892
 0.32340217 1.00000001 0.30207513 1.00000001 0.31970899 1.00000001]
139 21.774735399326204 [0.21970345 0.25632359 0.25997347 0.26757723 0.24645545 0.26352327
 0.3241033  1.00000001 0.30199615 1.00000001 0.3201897  1.00000001]
140 20.872309850465474 [0.21919795 0.2562114  0.25967826 0.26753855 0.24599733 0.26316624
 0.32459479 1.00000001 0.30198427 1.00000001 0.320401   1.00000001]
141 20.75028757580056 [0.21873627 0.25621946 0.25936797 0.26771172 0.24553713 0.26287554
 0.32527033 1.00000001 0.30185375 1.00000001 0.32053222 1.00000001]
142 14.058948307613825 [0.2184753  0.25619999 0.25934158 0.26786268 0.24509175 0.26248607
 0.3259343  1.00000001 0.30198146 1.00000001 0.32087872 1.00000001]
143 17.39216015698507 [0.21811255 0.25634215 0.25935196 0.26807467 0.24447748 0.26218964
 0.32637102 1.00000001 0.30198548 1.00000001 0.32133047 1.00000001]
144 18.879642559514025 [0.21741445 0.25640364 0.25905063 0.26862112 0.24401369 0.26193214
 0.32671007 1.00000001 0.30250265 1.00000001 0.32198988 1.00000001]
145 12.795683194917851 [0.21674954 0.25644069 0.25899899 0.26908141 0.24351352 0.26175055
 0.3268799  1.00000001 0.30308867 1.00000001 0.32277558 1.00000001]
146 15.726007375224615 [0.21610955 0.25648547 0.25884224 0.26929843 0.24319109 0.2616063
 0.3266132  1.00000001 0.30372021 1.00000001 0.32332833 1.00000001]
147 15.414548772788574 [0.21546016 0.25625105 0.25876327 0.26952401 0.24282335 0.26150812
 0.32635486 1.00000001 0.30410718 1.00000001 0.32386002 1.00000001]
148 18.277202798961 [0.21482114 0.2561123  0.25861859 0.26964599 0.24233075 0.26136216
 0.32588964 1.00000001 0.3044533  1.00000001 0.32426302 1.00000001]
149 13.97734029319681 [0.21415668 0.25605736 0.25854749 0.26979774 0.24191841 0.26133455
 0.32566256 1.00000001 0.30459669 1.00000001 0.32496381 1.00000001]
150 17.10989425259765 [0.2135291  0.25605189 0.25820012 0.26989296 0.24193993 0.26097071
 0.32555204 1.00000001 0.30476222 1.00000001 0.32565513 1.00000001]
151 15.104215528129766 [0.21302779 0.25584196 0.25775206 0.27006017 0.24179116 0.26077468
 0.32534111 1.00000001 0.30516898 1.00000001 0.32623681 1.00000001]
152 17.166935522437527 [0.21272404 0.25563194 0.25702899 0.27006464 0.2415612  0.26066731
 0.32522761 1.00000001 0.30526623 1.00000001 0.32689246 1.00000001]
153 16.761277096212492 [0.21243193 0.2557166  0.25642009 0.26931203 0.24098801 0.26047807
 0.32532139 1.00000001 0.30482852 1.00000001 0.32788232 1.00000001]
154 19.087320946834545 [0.21210276 0.25552967 0.25595001 0.26865517 0.24057075 0.26050596
 0.32544292 1.00000001 0.30443856 1.00000001 0.32843559 1.00000001]
155 26.41091665105067 [0.21177041 0.25544637 0.2553859  0.26814423 0.24019794 0.26029837
 0.32576656 1.00000001 0.30389458 1.00000001 0.32917774 1.00000001]
156 16.560615374422802 [0.21133643 0.25542408 0.25500988 0.26751403 0.23960272 0.25979513
 0.32607236 1.00000001 0.30331532 1.00000001 0.3300078  1.00000001]
157 17.358091207183843 [0.21081629 0.25542434 0.25471917 0.2671417  0.23899311 0.25925517
 0.32605175 1.00000001 0.30273771 1.00000001 0.33118914 1.00000001]
158 16.370439751581195 [0.21038789 0.25512519 0.25440135 0.26672652 0.23846603 0.25894493
 0.32599063 1.00000001 0.30219652 1.00000001 0.33243339 1.00000001]
159 16.235826582326887 [0.21011141 0.25490979 0.25364844 0.26608947 0.23800035 0.2586605
 0.32559757 1.00000001 0.30154904 1.00000001 0.33350102 1.00000001]
160 14.114654357042664 [0.20984152 0.25473135 0.25298548 0.26538214 0.23739597 0.2584703
 0.32533991 1.00000001 0.30066561 1.00000001 0.33442644 1.00000001]
161 19.659201568362775 [0.20967752 0.25447269 0.25256655 0.26511912 0.23688048 0.25827634
 0.32516955 1.00000001 0.2999103  1.00000001 0.33537524 1.00000001]
162 14.542500302734275 [0.20935762 0.25408296 0.25208148 0.26474016 0.23654176 0.25804106
 0.32473972 1.00000001 0.29913144 1.00000001 0.33576427 1.00000001]
163 16.252750255889026 [0.20897398 0.25397604 0.25160036 0.26430403 0.23631755 0.25791129
 0.32415198 1.00000001 0.29855785 1.00000001 0.33608004 1.00000001]
164 13.46625046719345 [0.20887059 0.25376771 0.25119642 0.26360509 0.23603061 0.25770997
 0.3236085  1.00000001 0.2978821  1.00000001 0.33665375 1.00000001]
165 18.772617084864862 [0.20880195 0.25363511 0.25078784 0.26292204 0.23562722 0.25762387
 0.32318095 1.00000001 0.29703293 1.00000001 0.33758691 1.00000001]
166 16.390317823847948 [0.20871861 0.25354871 0.25055423 0.2623336  0.23520167 0.25732468
 0.32255127 1.00000001 0.29645047 1.00000001 0.33838105 1.00000001]
167 20.123154180937103 [0.20863841 0.25342648 0.2503845  0.26192034 0.23491964 0.25684657
 0.32221316 1.00000001 0.29586647 1.00000001 0.33927357 1.00000001]
168 16.074903405411586 [0.20858054 0.25319456 0.25018885 0.26164143 0.23462852 0.25650504
 0.32173768 1.00000001 0.29552294 1.00000001 0.33998792 1.00000001]
169 17.014407577781924 [0.20848458 0.2527453  0.25003487 0.26131498 0.23433167 0.25583733
 0.32111583 1.00000001 0.29535496 1.00000001 0.34064715 1.00000001]
170 14.98753070592728 [0.20844046 0.25238684 0.24975717 0.26100752 0.23402432 0.25551724
 0.32019782 1.00000001 0.29528014 1.00000001 0.34107873 1.00000001]
171 14.524612137541581 [0.20834511 0.25206691 0.24927424 0.26061283 0.23386044 0.25523587
 0.31939555 1.00000001 0.29536172 1.00000001 0.34180813 1.00000001]
172 16.595055245620856 [0.20813759 0.25172834 0.2485902  0.26024865 0.23358727 0.25492149
 0.31885834 1.00000001 0.29518732 1.00000001 0.34264377 1.00000001]
173 16.185775077744864 [0.20785896 0.25168038 0.24798765 0.25982903 0.23341657 0.25445536
 0.31824778 1.00000001 0.29489809 1.00000001 0.3428295  1.00000001]
174 15.836366393511526 [0.20754206 0.25165943 0.24758039 0.25949919 0.23322106 0.25390509
 0.31758007 1.00000001 0.29464586 1.00000001 0.34303291 1.00000001]
175 15.83879341296161 [0.20723128 0.25176307 0.24733721 0.25934399 0.23293745 0.25343405
 0.31722617 1.         0.29461555 1.         0.34332358 1.        ]
176 18.102724512700092 [0.20699273 0.25180964 0.2470666  0.25899857 0.23271974 0.2528921
 0.31690458 1.         0.29473456 1.         0.34333581 1.        ]
177 17.289511860879724 [0.20671197 0.25174303 0.24706896 0.25857621 0.23249678 0.25247057
 0.31667613 1.         0.2947931  1.         0.34337835 1.        ]
178 17.289152649590967 [0.20660285 0.25166117 0.24711658 0.25821275 0.23223041 0.25213313
 0.31648421 1.         0.29461095 1.         0.34346254 1.        ]
179 18.270442080451964 [0.20637192 0.25166203 0.24691677 0.2579125  0.2321653  0.25178086
 0.3162386  1.         0.29420648 1.         0.34342475 1.        ]
180 16.764929048362436 [0.20602533 0.25148569 0.2465951  0.25769797 0.23217206 0.25151792
 0.31553419 1.         0.2942118  1.         0.34378375 1.        ]
181 17.593930343531984 [0.20547975 0.25143563 0.24631558 0.25743288 0.23218062 0.25138981
 0.31501777 1.         0.29457187 1.         0.34452146 1.        ]
182 17.469726780594392 [0.20483488 0.25108748 0.2461561  0.25732662 0.23194452 0.25137332
 0.31457083 1.         0.29529992 1.         0.34551995 1.        ]
183 15.6489609678484 [0.20433832 0.25069715 0.2459893  0.25725991 0.23179412 0.25135929
 0.31418275 1.         0.29591636 1.         0.34682317 1.        ]
184 16.79327292026377 [0.20382774 0.25043648 0.24582345 0.25750176 0.2316268  0.25132307
 0.31377816 1.         0.29657051 1.         0.34757088 1.        ]
185 14.812025964987715 [0.20335133 0.25007941 0.24556841 0.25766916 0.23144567 0.25116939
 0.31330481 1.         0.29726983 1.         0.34850257 1.        ]
186 15.108604671834538 [0.20294267 0.24989948 0.2451242  0.25797544 0.23127433 0.2509642
 0.31319176 1.         0.29790445 1.         0.34903    1.        ]
187 16.019811353539914 [0.20265946 0.24991161 0.24477441 0.25813243 0.23127643 0.25097325
 0.31330954 1.         0.29821557 1.         0.34964172 1.        ]
188 12.105487675274247 [0.20252918 0.2498676  0.24460733 0.25801963 0.23120912 0.25099384
 0.3131338  1.         0.29830849 1.         0.34997835 1.        ]
189 14.491632615292573 [0.20246072 0.2496304  0.24435982 0.25772142 0.230996   0.25080252
 0.31302896 1.         0.29825884 1.         0.34984239 1.        ]
190 15.336396573525832 [0.20241455 0.24924094 0.24399003 0.2572945  0.23073868 0.2506513
 0.31260637 1.         0.29792261 1.         0.34963297 1.        ]
191 14.251493860343416 [0.20230262 0.24909541 0.24387429 0.2567603  0.2305417  0.25047333
 0.31206354 1.         0.29789368 1.         0.34953516 1.        ]
192 12.222477370117565 [0.20203503 0.24886845 0.24379012 0.25610207 0.23024138 0.25023439
 0.31178069 1.         0.29787004 1.         0.34916372 1.        ]
193 14.205286792798315 [0.20185165 0.24883249 0.24345119 0.25559397 0.22995274 0.24959193
 0.31157536 1.         0.29800966 1.         0.34892317 1.        ]
194 14.297440092818727 [0.20161281 0.24868074 0.24314563 0.25474788 0.22956335 0.24913223
 0.31133683 1.         0.2982692  1.         0.34867407 1.        ]
195 9.245065685781249 [0.20142945 0.24842445 0.2426364  0.25398595 0.22902587 0.24863438
 0.31116454 1.         0.29904815 1.         0.34843621 1.        ]
196 15.896715080158806 [0.20103947 0.24830187 0.24223245 0.25327573 0.22856531 0.24823042
 0.31072195 1.         0.30002636 1.         0.34825124 1.        ]
197 14.008888677702963 [0.20059585 0.24804171 0.24191668 0.25254595 0.22808437 0.24786297
 0.31052204 1.         0.30106888 1.         0.34837866 1.        ]
198 14.032959355309158 [0.20034989 0.24793748 0.24174542 0.25177683 0.22762787 0.24761468
 0.31053924 1.         0.3019067  1.         0.34855137 1.        ]
199 12.343903069269789 [0.20010732 0.24783437 0.24134001 0.25097848 0.22712242 0.2473411
 0.31090195 1.         0.30273812 1.         0.34879074 1.        ]
200 12.449318146208197 [0.19980103 0.24766355 0.24095182 0.25057337 0.2267202  0.24717196
 0.31117987 1.         0.30319575 1.         0.34897425 1.        ]
201 11.450081193024166 [0.19933356 0.24725924 0.24053699 0.25010366 0.22638095 0.24709289
 0.31115869 1.         0.30354502 1.         0.34937452 1.        ]
202 11.191286718277192 [0.19882302 0.24701863 0.24023608 0.24947644 0.22609833 0.24703372
 0.31136129 1.         0.30388297 1.         0.34960103 1.        ]
203 11.31973425134802 [0.19844932 0.24680084 0.23996206 0.24880937 0.22589786 0.24695548
 0.31165376 1.         0.30420364 1.         0.35003949 1.        ]
204 10.76259641614078 [0.19818691 0.24637302 0.23971231 0.24829839 0.22577359 0.24697319
 0.31163235 1.         0.30391928 1.         0.3508023  1.        ]
205 14.265417716102144 [0.19815798 0.24600969 0.2393939  0.24790697 0.225665   0.24692636
 0.31158595 1.         0.30399373 1.         0.35128551 1.        ]
206 11.267113120228121 [0.19807669 0.24570018 0.23891845 0.2473487  0.22555519 0.24679665
 0.31156971 1.         0.30412088 1.         0.35168697 1.        ]
207 12.879116338486016 [0.19813718 0.24545159 0.23870339 0.24687257 0.22536346 0.24679214
 0.31174027 1.         0.30475941 1.         0.35225668 1.        ]
208 14.568556835351988 [0.19815805 0.24525986 0.23818608 0.24639429 0.22507797 0.24664181
 0.31185421 1.         0.30511434 1.         0.35242389 1.        ]
209 10.93167943539889 [0.19832228 0.24509109 0.23780048 0.24562266 0.22493659 0.24629482
 0.31215696 1.         0.30543488 1.         0.35273803 1.        ]
210 17.108743068690874 [0.19853909 0.24487664 0.23744885 0.24497425 0.22490893 0.24594568
 0.31226632 1.         0.30605574 1.         0.35306573 1.        ]
211 15.302539269191211 [0.19883147 0.24482011 0.23716607 0.24426501 0.22479122 0.24540546
 0.31208382 1.         0.3070942  1.         0.35321857 1.        ]
212 13.601472870960919 [0.1992186  0.24467732 0.23693911 0.24348218 0.2247202  0.24506223
 0.31218205 1.         0.30795055 1.         0.35344761 1.        ]
213 11.08780897658243 [0.19960738 0.24470934 0.23672101 0.24279534 0.22448141 0.24502554
 0.31220119 1.         0.3086727  1.         0.35413251 1.        ]
214 9.863159793488576 [0.20005789 0.2447488  0.23621379 0.24196213 0.22426222 0.24503854
 0.31248279 1.         0.30944311 1.         0.35498581 1.        ]
215 13.815837355335855 [0.20029902 0.24497608 0.23560961 0.24144325 0.22400441 0.24504974
 0.31318316 1.         0.31017358 1.         0.35556857 1.        ]
216 9.971684252563394 [0.20054895 0.24513816 0.23519636 0.24079605 0.22389499 0.24466272
 0.3136906  1.         0.31071965 1.         0.35629147 1.        ]
217 14.585895247909553 [0.20078685 0.24533135 0.2348788  0.24010503 0.22368218 0.24449905
 0.31419896 1.         0.31136526 1.         0.35711597 1.        ]
218 14.641123419279975 [0.20090367 0.24555929 0.23476887 0.23942061 0.22342704 0.24452941
 0.31470598 1.         0.31216021 1.         0.3578824  1.        ]
219 18.03669467336903 [0.20077611 0.24566185 0.23470886 0.23897683 0.22311991 0.24463037
 0.31522372 1.         0.31295168 1.         0.35840678 1.        ]
220 17.39263098338641 [0.20051868 0.24562208 0.23458252 0.23855938 0.222975   0.24472594
 0.31583742 1.         0.31326743 1.         0.35892114 1.        ]
221 16.38000379350515 [0.20041219 0.24544929 0.23436215 0.2381191  0.22302374 0.24500493
 0.31643548 1.         0.31337502 1.         0.35994399 1.        ]
222 21.520303999540488 [0.20026615 0.24493164 0.2341202  0.23776877 0.22298949 0.24505259
 0.31688929 1.         0.31346783 1.         0.36112657 1.        ]
223 24.525250124366693 [0.20023025 0.24438506 0.23389139 0.23743784 0.222915   0.24512456
 0.31726093 1.         0.31333056 1.         0.36215593 1.        ]
224 16.45315187040095 [0.20022579 0.24395888 0.23373049 0.23711215 0.22281444 0.24511326
 0.31761119 1.         0.31276166 1.         0.36325411 1.        ]
225 11.268813863329228 [0.20023557 0.24354078 0.23365806 0.23683621 0.22259618 0.24508329
 0.31778781 1.         0.31230776 1.         0.3643598  1.        ]
226 14.654324454107659 [0.20023632 0.2430258  0.23370907 0.23647405 0.22245016 0.24516865
 0.31766123 1.         0.31212326 1.         0.36545879 1.        ]
227 19.43555315451536 [0.20048165 0.24255529 0.23385392 0.23627124 0.22231429 0.24514393
 0.31762233 1.         0.31200479 1.         0.36667532 1.        ]
228 12.614699704871846 [0.20070547 0.24207029 0.23404769 0.23587003 0.22206569 0.24519513
 0.31777362 1.         0.31222614 1.         0.36790101 1.        ]
229 13.074171336876315 [0.20085606 0.24159236 0.23424172 0.23561592 0.22172694 0.24543064
 0.31792253 1.         0.31256204 1.         0.36882914 1.        ]
230 15.476095066646252 [0.20102457 0.24100891 0.23447    0.23536234 0.22132885 0.24554777
 0.31817439 1.         0.31291383 1.         0.36951616 1.        ]
231 15.679970048887984 [0.2011975  0.2405432  0.23482046 0.23490298 0.22097003 0.24563796
 0.31825188 1.         0.31376776 1.         0.37076942 1.        ]
232 12.112706456105165 [0.20141997 0.23998489 0.23514276 0.2344048  0.22067841 0.24575585
 0.31834612 1.         0.31448703 1.         0.37177154 1.        ]
233 19.674851145020853 [0.20170877 0.23960761 0.23530547 0.23407273 0.22016954 0.24555286
 0.31821589 1.         0.3149703  1.         0.37311323 1.        ]
234 18.575461427832046 [0.20184237 0.2393312  0.23527184 0.23393025 0.21967347 0.245363
 0.31812656 1.         0.31505646 1.         0.37504844 1.        ]
235 16.47222460333934 [0.20192409 0.23900172 0.23515655 0.23380187 0.21920241 0.24525704
 0.31828553 1.         0.31520236 1.         0.37648761 1.        ]
236 14.844100219665997 [0.20200806 0.23877789 0.23484806 0.23364931 0.21888003 0.24514777
 0.31859628 1.         0.31529649 1.         0.37796897 1.        ]
237 16.574272271924727 [0.20203582 0.23867035 0.23465736 0.23344853 0.21857053 0.24495802
 0.31841857 1.         0.31544984 1.         0.37936628 1.        ]
238 12.714312806669357 [0.20206723 0.238701   0.23473199 0.23315864 0.21841567 0.24473781
 0.31803184 1.         0.31585963 1.         0.37984564 1.        ]
239 18.011407291201333 [0.20179576 0.23867348 0.23482838 0.23291272 0.21822003 0.24442688
 0.31732212 1.         0.31618694 1.         0.37967702 1.        ]
240 13.541078755357804 [0.2013139  0.2384657  0.23526164 0.23271723 0.21771703 0.24436001
 0.31676008 1.         0.31650556 1.         0.3796407  1.        ]
241 14.808105227790005 [0.20096912 0.23809971 0.23561266 0.23274674 0.21744756 0.24370637
 0.31642576 1.         0.31664123 1.         0.3799359  1.        ]
242 12.154620306123892 [0.20044048 0.23788834 0.23622402 0.23286007 0.21721779 0.24327017
 0.31620422 1.         0.31703126 1.         0.37992032 1.        ]
243 13.873413599938122 [0.19983309 0.23758393 0.23672633 0.23293768 0.21687172 0.24298975
 0.31588423 1.         0.31755421 1.         0.38006801 1.        ]
244 17.196434203618956 [0.19920297 0.23711032 0.23683729 0.23291911 0.21647831 0.2426483
 0.31573442 1.         0.31806138 1.         0.37984276 1.        ]
245 18.10960043730389 [0.19862054 0.23666421 0.23701692 0.23275701 0.21609836 0.24212814
 0.31572323 1.         0.31860069 1.         0.37977458 1.        ]
246 14.719843304860493 [0.19796543 0.23634276 0.23731657 0.2328162  0.21568429 0.24161378
 0.31594443 1.         0.31911988 1.         0.37948843 1.        ]
247 11.899439652288233 [0.19736473 0.23612704 0.23764413 0.2330151  0.21540411 0.24135544
 0.31573195 1.         0.31987553 1.         0.37939951 1.        ]
248 12.20010844353697 [0.19693639 0.23578745 0.23815772 0.23303581 0.21501901 0.24103325
 0.31523397 1.         0.32065134 1.         0.37954654 1.        ]
249 12.1036043130302 [0.19656561 0.23536517 0.238716   0.23313266 0.21483037 0.24079782
 0.31494487 1.         0.32103041 1.         0.37968478 1.        ]
250 364.40213588128825 [0.1961807  0.23513461 0.23909908 0.23332395 0.21479526 0.24070295
 0.31468676 1.         0.32162711 1.         0.37986509 1.        ]
251 17.161967107564024 [0.19589242 0.23514608 0.2393335  0.23360097 0.21476385 0.24046121
 0.31431043 1.         0.32232664 1.         0.38000022 1.        ]
252 13.848804478216667 [0.19547424 0.23502871 0.23953116 0.23396175 0.21466382 0.24023703
 0.31391615 1.         0.32281717 1.         0.38033043 1.        ]
253 16.23734517559057 [0.19512494 0.2349717  0.23986219 0.2341506  0.21445895 0.23991979
 0.3137646  1.         0.32306959 1.         0.38077443 1.        ]
254 349.7827907875546 [0.19473458 0.234977   0.23995011 0.23418221 0.2143018  0.23953239
 0.31394865 1.         0.32334348 1.         0.38099118 1.        ]
255 13.284122161832812 [0.19440669 0.23474817 0.24017085 0.23438058 0.21408455 0.23919971
 0.31435676 1.         0.3237233  1.         0.38106039 1.        ]
256 17.360759711501693 [0.19431528 0.23442405 0.24013847 0.23454163 0.21381119 0.23901326
 0.31487621 1.         0.32389524 1.         0.38110913 1.        ]
257 14.631611218801629 [0.19425314 0.2341264  0.23999621 0.23478359 0.21363383 0.23888797
 0.31532176 1.         0.32418113 1.         0.3812011  1.        ]
258 18.26575829554005 [0.19411311 0.23365153 0.23977395 0.23513282 0.21355024 0.23883967
 0.31589021 1.         0.32479425 1.         0.38144242 1.        ]
259 16.231757453466766 [0.19402337 0.23326618 0.23960348 0.23551633 0.21358383 0.23888101
 0.31629577 1.         0.32530628 1.         0.38166279 1.        ]
260 14.148507275449344 [0.19386762 0.2327934  0.23926446 0.23586062 0.21366951 0.23884371
 0.31649675 1.         0.32547088 1.         0.38171123 1.        ]
261 16.728069194811404 [0.19365154 0.23219804 0.23876579 0.23624103 0.21359442 0.23884833
 0.3167235  1.         0.32601758 1.         0.3826833  1.        ]
262 15.675134536872179 [0.19343691 0.23177711 0.23839035 0.23661304 0.21348065 0.23885049
 0.31715946 1.         0.32652894 1.         0.38392679 1.        ]
263 16.728740896389123 [0.19327533 0.23140872 0.23803992 0.23689024 0.21346099 0.23873014
 0.31737697 1.         0.32702053 1.         0.3852009  1.        ]
264 12.37108502013928 [0.19314317 0.23097997 0.23768167 0.2370168  0.21345808 0.23870993
 0.31748739 1.         0.32717253 1.         0.38635027 1.        ]
265 14.200365455341835 [0.19297866 0.23082084 0.23749291 0.23712217 0.21344928 0.23856926
 0.31759902 1.         0.32753553 1.         0.38722872 1.        ]
266 18.205043943064695 [0.19283325 0.23074479 0.23740584 0.23711266 0.21346852 0.2383991
 0.31759567 1.         0.32817665 1.         0.38788673 1.        ]
267 14.710538270583335 [0.19276839 0.23053965 0.23727507 0.23666858 0.21334885 0.23807989
 0.31784587 1.         0.32872741 1.         0.38856743 1.        ]
268 13.502898721187123 [0.19263061 0.23042089 0.23713193 0.23617468 0.21310254 0.23770664
 0.31786799 1.         0.32898691 1.         0.38926865 1.        ]
269 15.151910232311618 [0.1923891  0.23033297 0.23695827 0.23589806 0.21307318 0.23716509
 0.3177949  1.         0.32887551 1.         0.38975581 1.        ]
270 15.706902560412189 [0.19211785 0.23018596 0.23644714 0.23550002 0.21316531 0.23666781
 0.31765649 1.         0.32938295 1.         0.38985761 1.        ]
271 15.805971774649567 [0.19180947 0.22993877 0.23598481 0.23506579 0.21329298 0.23630658
 0.31734509 1.         0.32977241 1.         0.38972776 1.        ]
272 13.027187947291566 [0.19157177 0.22960588 0.23568483 0.23453229 0.21342402 0.23599894
 0.31701311 1.         0.33049775 1.         0.3894001  1.        ]
273 12.467522636838916 [0.19126089 0.22929377 0.23543689 0.23395871 0.21346945 0.23566289
 0.31700347 1.         0.33085619 1.         0.38928814 1.        ]
274 14.48964687264927 [0.19096368 0.22909291 0.23520147 0.23359005 0.21331392 0.23552219
 0.31654847 1.         0.33130634 1.         0.38904468 1.        ]
275 14.494469349253164 [0.19062154 0.22887907 0.23526685 0.23319028 0.21317902 0.23533184
 0.31615316 1.         0.33194167 1.         0.38902042 1.        ]
276 11.2679056814359 [0.19023729 0.22857925 0.23547761 0.23266949 0.2129836  0.23514917
 0.31572427 1.         0.33305718 1.         0.38930502 1.        ]
277 9.629092369504697 [0.19009734 0.22795765 0.2355794  0.23222136 0.21279632 0.23496875
 0.31562921 1.         0.33373415 1.         0.3897187  1.        ]
278 9.427990383764689 [0.18988702 0.22740617 0.23531518 0.23193338 0.21247921 0.23491601
 0.31522234 1.         0.33446254 1.         0.38998909 1.        ]
279 11.313687138277519 [0.18972408 0.22678376 0.23472138 0.23168676 0.21229704 0.23495956
 0.31510078 1.         0.3349748  1.         0.3903071  1.        ]
280 12.960999555796668 [0.18989914 0.22615292 0.23428302 0.23152872 0.21211018 0.23493949
 0.31489262 1.         0.33534161 1.         0.39034749 1.        ]
281 10.067786488703193 [0.19002287 0.2255171  0.23387257 0.23156405 0.21191598 0.23496648
 0.31490829 1.         0.33569847 1.         0.39055675 1.        ]
282 9.365656874667602 [0.19025071 0.22495255 0.23358012 0.23183912 0.21181585 0.23493794
 0.31491123 1.         0.33613749 1.         0.3907794  1.        ]
283 9.537608595414358 [0.19043144 0.22444538 0.23313397 0.23204378 0.21166771 0.23508456
 0.31472075 1.         0.33666948 1.         0.39066701 1.        ]
284 16.049112102882173 [0.1906046  0.22385513 0.23292117 0.23235109 0.21168518 0.23521339
 0.31451794 1.         0.3372363  1.         0.39014153 1.        ]
285 12.2513206409233 [0.19073198 0.22339357 0.23275849 0.23245463 0.21166787 0.23529339
 0.31441035 1.         0.33797657 1.         0.3897671  1.        ]
286 8.689672300638614 [0.19088296 0.22292653 0.23288664 0.23265002 0.21158451 0.23545005
 0.31425224 1.         0.33828924 1.         0.389327   1.        ]
287 12.682754624329707 [0.19087833 0.22250997 0.2328712  0.23243252 0.21140552 0.23571128
 0.31392334 1.         0.3386118  1.         0.38881388 1.        ]
288 11.035734120248335 [0.19106932 0.22211061 0.23302846 0.23212878 0.21133407 0.23582159
 0.31328558 1.         0.33874256 1.         0.38810087 1.        ]
289 10.648479791694788 [0.19121544 0.22181634 0.23310047 0.23191901 0.21132884 0.23593487
 0.31261223 1.         0.33865558 1.         0.38761397 1.        ]
290 13.252683250692689 [0.19146386 0.22132192 0.23315035 0.2317174  0.21134738 0.23594439
 0.31216338 1.         0.33839296 1.         0.3866998  1.        ]
291 9.444519554181014 [0.19161479 0.22081134 0.23316104 0.23183837 0.21143934 0.23581743
 0.3112632  1.         0.33771783 1.         0.38597879 1.        ]
292 354.0254984541725 [0.19184259 0.22020894 0.23319136 0.23184805 0.21151575 0.2358857
 0.31039002 1.         0.33729576 1.         0.38551166 1.        ]
293 13.941876101737831 [0.19192842 0.21953196 0.23321438 0.23168677 0.21160721 0.23619899
 0.30958925 1.         0.33718894 1.         0.38484432 1.        ]
294 9.90149803937927 [0.19192691 0.21883309 0.23331459 0.2315948  0.2116239  0.2364128
 0.30900698 1.         0.33731767 1.         0.38423772 1.        ]
295 9.439752021850133 [0.19194707 0.21836069 0.23330645 0.2313963  0.21155799 0.2367515
 0.30847959 1.         0.3373235  1.         0.38338308 1.        ]
296 14.432281020590482 [0.19200277 0.21788695 0.23330593 0.23122345 0.21155345 0.23709406
 0.30816652 1.         0.33752913 1.         0.38261619 1.        ]
297 13.019022637261267 [0.19208107 0.21758285 0.23336671 0.23113439 0.21148059 0.23757162
 0.30787266 1.         0.33776504 1.         0.3821558  1.        ]
298 10.12830546338099 [0.19216834 0.21746771 0.23339615 0.23120783 0.21112573 0.23804676
 0.307526   1.         0.33791223 1.         0.38165293 1.        ]
299 9.538830979944022 [0.19211064 0.21720554 0.23324384 0.231557   0.21085625 0.23859293
 0.30714206 1.         0.33841655 1.         0.38102616 1.        ]
300 12.430178825727737 [0.1918694  0.21694522 0.23348551 0.23184878 0.21062569 0.23863965
 0.30728832 1.         0.33896541 1.         0.38096987 1.        ]
301 12.032970454141966 [0.19163831 0.21674616 0.23375168 0.2322381  0.21030801 0.238463
 0.30709103 1.         0.33927091 1.         0.38092976 1.        ]
302 11.003095859264196 [0.19148651 0.21660971 0.2341025  0.23269602 0.20989263 0.23832513
 0.30626307 1.         0.33979265 1.         0.38099908 1.        ]
303 9.689008463472303 [0.19118062 0.21652051 0.23441718 0.23291762 0.20936208 0.23815352
 0.30562365 1.         0.34050168 1.         0.38098067 1.        ]
304 13.811792408990701 [0.19082721 0.21639906 0.23506078 0.23292181 0.20891277 0.23803121
 0.30504012 1.         0.34152392 1.         0.38140244 1.        ]
305 11.376084052245158 [0.19044724 0.21620324 0.23544797 0.23298748 0.20844967 0.23789867
 0.30424338 1.         0.34298788 1.         0.38166942 1.        ]
306 14.36980585094716 [0.19025601 0.21589109 0.23588185 0.23290439 0.20801319 0.23758389
 0.30367936 1.         0.34415317 1.         0.38208285 1.        ]
307 18.870384337751616 [0.19013526 0.21561548 0.23617734 0.23286142 0.20756515 0.23728527
 0.30292183 1.         0.34553218 1.         0.38257605 1.        ]
308 12.805714954203914 [0.19014603 0.21534174 0.23663009 0.23279519 0.20715425 0.23703775
 0.30226913 1.         0.34636942 1.         0.38292956 1.        ]
309 15.783874297237553 [0.19028689 0.21507318 0.23688467 0.2326436  0.20657043 0.23669374
 0.30190539 1.         0.34698192 1.         0.38358727 1.        ]
310 10.759990209546967 [0.19043845 0.21461596 0.23711499 0.2325263  0.20604647 0.23627799
 0.30176268 1.         0.34791904 1.         0.38419717 1.        ]
311 12.286465893491371 [0.19069192 0.21416897 0.23733948 0.23215126 0.20558699 0.23576022
 0.30164511 1.         0.34909048 1.         0.38456258 1.        ]
312 9.51010326258383 [0.19096975 0.21379603 0.23769552 0.23178398 0.20509439 0.23536375
 0.30160008 1.         0.35025739 1.         0.38472621 1.        ]
313 9.33454954292584 [0.19117038 0.21347727 0.2380805  0.231461   0.20458029 0.23484789
 0.30180861 1.         0.35095051 1.         0.38508408 1.        ]
314 12.284728828315016 [0.1913079  0.21313091 0.23877376 0.23123553 0.20405055 0.23439244
 0.30218214 1.         0.35167241 1.         0.38550681 1.        ]
315 9.323031259023471 [0.19149911 0.21295165 0.23919845 0.23107697 0.20349032 0.23382805
 0.30237707 1.         0.35237695 1.         0.38578006 1.        ]
316 8.675885838766185 [0.19162449 0.21279482 0.23941037 0.23093732 0.20306175 0.23346452
 0.302339   1.         0.35305819 1.         0.3861286  1.        ]
317 10.265044510443822 [0.19163431 0.21270962 0.23965108 0.23066515 0.20278237 0.23313412
 0.30229188 1.         0.35374787 1.         0.38700926 1.        ]
318 10.807994316877636 [0.19165098 0.21272124 0.23980091 0.23053948 0.2025068  0.23280581
 0.30224515 1.         0.35422771 1.         0.38791329 1.        ]
319 12.47134549019601 [0.19163996 0.21262805 0.23991533 0.2306243  0.20210678 0.23246678
 0.30210278 1.         0.35468797 1.         0.38891128 1.        ]
320 13.320642589315167 [0.19145607 0.21263701 0.24017085 0.23063577 0.20176701 0.2322625
 0.30185689 1.         0.35524273 1.         0.3897871  1.        ]
321 16.36405278397944 [0.1913833  0.21252742 0.24015944 0.23062552 0.20145138 0.23220525
 0.30177481 1.         0.3561346  1.         0.39046929 1.        ]
322 16.33846868575994 [0.19134437 0.2124661  0.24008574 0.23034513 0.20117546 0.23215428
 0.30172922 1.         0.35700484 1.         0.3913148  1.        ]
323 13.321676691345129 [0.19102127 0.21243553 0.24004763 0.23029579 0.20098026 0.23208881
 0.30157321 1.         0.35844864 1.         0.39242846 1.        ]
324 14.118072424182506 [0.19070127 0.21252361 0.24001076 0.23030954 0.20068273 0.23198681
 0.30141712 1.         0.35977637 1.         0.39353212 1.        ]
325 12.354439525279027 [0.19039351 0.21258302 0.24004791 0.23034406 0.2003719  0.23178812
 0.30128054 1.         0.36104371 1.         0.39471957 1.        ]
326 9.631354531513363 [0.19013985 0.21257207 0.24010128 0.23022623 0.19999103 0.231611
 0.30138001 1.         0.36248008 1.         0.39617117 1.        ]
327 16.159971355785043 [0.18988377 0.21244664 0.24022055 0.23020795 0.19968097 0.23165498
 0.30124275 1.         0.36352782 1.         0.39735121 1.        ]
328 10.888189889473535 [0.18969759 0.2124276  0.24061038 0.23038885 0.19938498 0.23172388
 0.30103715 1.         0.36469004 1.         0.39844554 1.        ]
329 9.760137850086204 [0.18954286 0.21240483 0.24110134 0.23038161 0.19899927 0.23173318
 0.30108839 1.         0.36513296 1.         0.39939681 1.        ]
330 9.291301869941725 [0.18930778 0.21242465 0.24156034 0.22991419 0.1985843  0.23183398
 0.30125269 1.         0.36559814 1.         0.40044731 1.        ]
331 13.16432803866719 [0.18928558 0.21231126 0.24205971 0.22950587 0.19814637 0.23176403
 0.30134213 1.         0.36557145 1.         0.40175031 1.        ]
332 8.19572278060843 [0.18916928 0.21226039 0.24236332 0.22914603 0.1977933  0.23196699
 0.30135441 1.         0.36611542 1.         0.40276131 1.        ]
333 9.410985219327946 [0.18887482 0.21221256 0.24285986 0.22884731 0.19756097 0.23217039
 0.30158242 1.         0.36684832 1.         0.40339655 1.        ]
334 8.830538289030091 [0.18867545 0.21204634 0.24265575 0.22842359 0.19740195 0.23239089
 0.30164215 1.         0.36776042 1.         0.40361641 1.        ]
335 7.931120454488859 [0.18861054 0.21177267 0.24233792 0.22823448 0.19711409 0.23259203
 0.30163747 1.         0.36798542 1.         0.40384062 1.        ]
336 9.358968702159961 [0.18846567 0.21127799 0.24214319 0.22795439 0.19698884 0.23255366
 0.30131981 1.         0.36807755 1.         0.40407033 1.        ]
337 9.108185538387954 [0.18839665 0.21079009 0.24181992 0.22784143 0.19698636 0.2322414
 0.30087055 1.         0.36831566 1.         0.40415869 1.        ]
338 10.890529530331456 [0.18837518 0.21026817 0.24156029 0.22779066 0.19721863 0.23174117
 0.30055976 1.         0.36872689 1.         0.40410924 1.        ]
339 13.831753777251606 [0.18850285 0.20979397 0.24162027 0.22793124 0.19718602 0.23138038
 0.3001963  1.         0.36954925 1.         0.40411292 1.        ]
340 11.31473411425976 [0.18845158 0.20935628 0.24178223 0.22783438 0.19703505 0.23113155
 0.30005453 1.         0.37017282 1.         0.40443246 1.        ]
341 7.987847783312923 [0.18861516 0.20876582 0.24189226 0.22779487 0.19697356 0.2304212
 0.30002061 1.         0.37082101 1.         0.40479911 1.        ]
342 7.60096742831162 [0.18899718 0.20829815 0.24192497 0.22761839 0.19685054 0.22970536
 0.29981118 1.         0.37075748 1.         0.40461184 1.        ]
343 8.950839556053669 [0.18925394 0.20778291 0.24188335 0.22740216 0.19672733 0.22905241
 0.2996806  1.         0.37105945 1.         0.40459459 1.        ]
344 9.519497433255008 [0.18961164 0.20738795 0.24198462 0.22711009 0.19665022 0.228672
 0.29918646 1.         0.37081383 1.         0.4044752  1.        ]
345 8.55415458519175 [0.18986003 0.20701714 0.24183793 0.22686267 0.19655214 0.22828376
 0.29867567 1.         0.37064727 1.         0.40453506 1.        ]
346 9.094192860559998 [0.19021269 0.20658049 0.24166432 0.22667263 0.19652597 0.22803217
 0.29828953 1.         0.37043293 1.         0.40380191 1.        ]
347 13.301546759562425 [0.19061163 0.20607305 0.24149657 0.22661856 0.19647104 0.22772743
 0.29769597 1.         0.36996978 1.         0.40335142 1.        ]
348 8.215779771122596 [0.19095963 0.20578481 0.24152884 0.22622489 0.19646561 0.2275064
 0.29731746 1.         0.36924867 1.         0.40246944 1.        ]
349 9.347201830151413 [0.19112022 0.20556817 0.24170734 0.22603839 0.19640112 0.22719664
 0.29727304 1.         0.36864062 1.         0.40172666 1.        ]
350 6.454617463096316 [0.19127774 0.20527184 0.24201993 0.2261597  0.19645687 0.22664877
 0.2966277  1.         0.36846467 1.         0.40106891 1.        ]
351 9.231355757393032 [0.19132829 0.20501921 0.24242533 0.22627385 0.19647624 0.22603734
 0.29604824 1.         0.36823616 1.         0.40003811 1.        ]
352 8.841606090507707 [0.1914653  0.20480031 0.24282089 0.226192   0.19650895 0.22564506
 0.29526746 1.         0.36838571 1.         0.39840565 1.        ]
353 10.693906706161513 [0.19130877 0.20450319 0.242659   0.22592917 0.19660008 0.22488018
 0.29442425 1.         0.36886011 1.         0.39673192 1.        ]
354 11.937026167338692 [0.19136771 0.20425812 0.24249409 0.22567691 0.19672334 0.22424848
 0.29364805 1.         0.36912239 1.         0.39525869 1.        ]
355 10.087176428477267 [0.19130327 0.20402762 0.24225385 0.22548992 0.19669681 0.22377209
 0.29289033 1.         0.36973677 1.         0.39367439 1.        ]
356 9.21967816842878 [0.19139614 0.20376368 0.24202176 0.22525735 0.1967251  0.22344451
 0.2920396  1.         0.3701337  1.         0.3921795  1.        ]
357 9.35575815254586 [0.19103058 0.20362183 0.24183231 0.22496408 0.19669044 0.2231439
 0.29143284 1.         0.37088166 1.         0.39100131 1.        ]
358 12.902283650280824 [0.19088573 0.20339142 0.24147634 0.22473475 0.19670697 0.2228936
 0.29090044 1.         0.37149875 1.         0.39013384 1.        ]
359 8.238844479667723 [0.19057131 0.2031663  0.24115691 0.22438223 0.19659002 0.2226655
 0.29064503 1.         0.37190853 1.         0.38979569 1.        ]
360 8.322325382336581 [0.19055351 0.20305811 0.2410286  0.22389453 0.19631645 0.2225053
 0.29076046 1.         0.3727673  1.         0.38946956 1.        ]
361 7.65752904180183 [0.19066612 0.20303898 0.24099439 0.22352077 0.19612683 0.22232823
 0.29100928 1.         0.37371201 1.         0.38942706 1.        ]
362 7.9373766523717375 [0.1907114  0.20303123 0.24110814 0.22324938 0.19578416 0.22210886
 0.29121515 1.         0.37461637 1.         0.38942    1.        ]
363 8.776344551657221 [0.19070341 0.20315328 0.24108201 0.22299569 0.1954781  0.22192349
 0.29150322 1.         0.37512836 1.         0.38982543 1.        ]
364 9.452550896528589 [0.19087896 0.20311022 0.24110415 0.22278424 0.1951762  0.22172324
 0.29173407 1.         0.37539263 1.         0.39025575 1.        ]
365 7.5870082845919065 [0.19101372 0.20297741 0.24144784 0.22243298 0.19479288 0.22153855
 0.29201026 1.         0.37521822 1.         0.39070906 1.        ]
366 10.146438533662943 [0.1911698  0.20293744 0.24192636 0.22201644 0.19430282 0.22136835
 0.29223948 1.         0.37527207 1.         0.39171643 1.        ]
367 9.983586330119103 [0.19134437 0.20299279 0.24257991 0.22150724 0.19376061 0.22130921
 0.29244577 1.         0.37535145 1.         0.39262844 1.        ]
368 8.781630449333171 [0.19165338 0.20300409 0.24267864 0.2209091  0.1933837  0.22134151
 0.29272882 1.         0.375712   1.         0.39276425 1.        ]
369 7.848588325178814 [0.19197419 0.20291653 0.24253368 0.2204078  0.19301061 0.22116766
 0.29288533 1.         0.37615232 1.         0.39329967 1.        ]
370 8.668740795483396 [0.19222681 0.20294983 0.24215209 0.22006867 0.19270224 0.22066747
 0.29293347 1.         0.37710286 1.         0.39358488 1.        ]
371 5.567054551957279 [0.19213498 0.20308786 0.24166962 0.21978724 0.1925614  0.22030898
 0.29276535 1.         0.37804068 1.         0.393788   1.        ]
372 7.57230604923839 [0.1919346  0.20313257 0.24085925 0.21983333 0.19232468 0.22007666
 0.29242781 1.         0.37898684 1.         0.39417232 1.        ]
373 11.621403105342164 [0.19186375 0.20310509 0.24031691 0.21982069 0.19222571 0.21998705
 0.2922707  1.         0.3799917  1.         0.39481451 1.        ]
374 10.920062608197366 [0.19168011 0.2031439  0.23982315 0.21990496 0.19205964 0.21986595
 0.2922566  1.         0.3811621  1.         0.39600965 1.        ]
375 11.873688854211753 [0.19135663 0.20325368 0.23942655 0.2201453  0.19193991 0.21971973
 0.29219816 1.         0.38225721 1.         0.39702783 1.        ]
376 10.992383852662664 [0.19104517 0.20336123 0.2391274  0.22044605 0.19176047 0.21963009
 0.29215511 1.         0.38324115 1.         0.39785019 1.        ]
377 15.585907173901814 [0.19091534 0.20339134 0.23892    0.22073308 0.19149913 0.21943015
 0.29202103 1.         0.38458983 1.         0.39886177 1.        ]
378 10.152025065729372 [0.19083784 0.20324258 0.23866534 0.22088822 0.19124409 0.21924525
 0.29184941 1.         0.38572578 1.         0.39962118 1.        ]
379 15.420151871978693 [0.19064949 0.2029803  0.23850132 0.22099776 0.19103996 0.21895071
 0.29162338 1.         0.38667285 1.         0.40016279 1.        ]
380 14.056919837256839 [0.19051551 0.20288855 0.23816887 0.22125912 0.19087911 0.21876845
 0.29158986 1.         0.3865289  1.         0.4004759  1.        ]
381 15.211022501575913 [0.19018546 0.20301108 0.23798714 0.22178373 0.19066405 0.21848186
 0.29159375 1.         0.38669444 1.         0.40086792 1.        ]
382 10.203500746371422 [0.18985535 0.20313482 0.23775351 0.22246764 0.19051219 0.21817501
 0.29135908 1.         0.38689493 1.         0.40111692 1.        ]
383 10.698952828373088 [0.18964407 0.203184   0.23783835 0.22294733 0.19039176 0.21796527
 0.29137026 1.         0.38767508 1.         0.40093835 1.        ]
384 8.200198309781099 [0.18943684 0.20313726 0.23816655 0.22357553 0.19001889 0.21786896
 0.29142383 1.         0.38779702 1.         0.40059352 1.        ]
385 8.928130821956305 [0.18920229 0.20318235 0.23863075 0.22445046 0.1895927  0.21768567
 0.29146088 1.         0.3870488  1.         0.40012296 1.        ]
386 10.009127537611178 [0.18886038 0.20321022 0.23917024 0.22527986 0.18917022 0.2176654
 0.29131282 1.         0.38577314 1.         0.40004955 1.        ]
387 10.016695815558336 [0.18872935 0.20324986 0.2397132  0.22574654 0.18893601 0.21744926
 0.29120944 1.         0.38406445 1.         0.39959286 1.        ]
388 9.265527481090361 [0.18854037 0.20331525 0.24011769 0.22605057 0.18873929 0.21707973
 0.29101456 1.         0.38280153 1.         0.39894195 1.        ]
389 9.969332263692058 [0.18837498 0.20335512 0.24058865 0.22626149 0.18845876 0.21684481
 0.29048765 1.         0.38192314 1.         0.39842544 1.        ]
390 13.21319664564943 [0.18808436 0.20342947 0.24117651 0.22646255 0.1881281  0.21660773
 0.29004982 1.         0.38050035 1.         0.39826259 1.        ]
391 9.458950436074165 [0.18774148 0.2035188  0.24188142 0.22655309 0.18772112 0.21620897
 0.28960073 1.         0.37939605 1.         0.39785232 1.        ]
392 10.784663032322321 [0.1874329  0.2034107  0.24283878 0.22660518 0.1875299  0.21611415
 0.28900592 1.         0.37867918 1.         0.39745675 1.        ]
393 8.701798029447046 [0.18697044 0.20315093 0.24386518 0.22634235 0.18744333 0.21602405
 0.28851855 1.         0.37845785 1.         0.39688631 1.        ]
394 9.329977516154901 [0.18666654 0.20280344 0.24460495 0.22607879 0.18735823 0.21601852
 0.28780526 1.         0.37814667 1.         0.3968351  1.        ]
395 10.76792407343311 [0.18628165 0.20244861 0.24516525 0.22578087 0.18717318 0.21608489
 0.28711627 1.         0.37797714 1.         0.39643141 1.        ]
396 9.826597713209104 [0.18616304 0.20202916 0.24499327 0.22517597 0.18686582 0.21621944
 0.28652587 1.         0.37825882 1.         0.39587259 1.        ]
397 12.322549898373868 [0.18623345 0.20169516 0.24492443 0.22446515 0.18654781 0.2164297
 0.28619207 1.         0.37873286 1.         0.39517228 1.        ]
398 10.638250510301598 [0.1862137  0.20130064 0.24453642 0.22374002 0.18623213 0.21678243
 0.28572904 1.         0.37922511 1.         0.39473319 1.        ]
399 9.576812085178574 [0.1861827  0.20095197 0.24423308 0.22273138 0.18594853 0.2171233
 0.28541834 1.         0.38022671 1.         0.39389047 1.        ]
400 10.405348458616526 [0.18624213 0.20074279 0.24418573 0.2215589  0.18566647 0.21747146
 0.28514645 1.         0.38088085 1.         0.39337932 1.        ]
401 8.49824956900919 [0.18624082 0.20052462 0.2440202  0.22034298 0.18547238 0.21791291
 0.28521328 1.         0.38124273 1.         0.39289565 1.        ]
402 9.963200844580392 [0.18635562 0.20036531 0.24331957 0.21928363 0.18511058 0.21828189
 0.28513979 1.         0.38163454 1.         0.39254887 1.        ]
403 10.393334372948342 [0.18621877 0.20011764 0.24278986 0.21828443 0.1848271  0.21838757
 0.28500765 1.         0.38195262 1.         0.39216403 1.        ]
404 9.338581700059345 [0.18600864 0.19979321 0.24256623 0.21745529 0.18455218 0.21833657
 0.28495483 1.         0.38230668 1.         0.39137666 1.        ]
405 12.299448118022122 [0.1857276  0.19944849 0.2423212  0.21668818 0.18422243 0.21828333
 0.28509661 1.         0.38263137 1.         0.39071382 1.        ]
406 7.356598740439878 [0.18544576 0.19916362 0.24223854 0.21606303 0.18384543 0.21822683
 0.28512511 1.         0.38326645 1.         0.38997248 1.        ]
407 9.289766904320095 [0.1851298  0.19888355 0.24205004 0.21537032 0.18340372 0.21806573
 0.28507979 1.         0.38351361 1.         0.38905805 1.        ]
408 8.540963092718023 [0.18493562 0.19856332 0.24209109 0.214596   0.18289993 0.21819699
 0.28507897 1.         0.38410639 1.         0.38855848 1.        ]
409 7.650113321397251 [0.18474373 0.19821613 0.24179875 0.21382206 0.18252697 0.21834146
 0.28516457 1.         0.38459157 1.         0.38798716 1.        ]
410 7.33134929043462 [0.18467121 0.19801242 0.24121571 0.21305255 0.18204585 0.21845305
 0.28513867 1.         0.38531016 1.         0.38755324 1.        ]
411 8.826384574227276 [0.18444353 0.19789691 0.24096823 0.21233169 0.18158421 0.21845384
 0.28537811 1.         0.38624613 1.         0.38721507 1.        ]
412 9.644871704753927 [0.18418841 0.19780278 0.24091038 0.21159823 0.18103798 0.21845054
 0.28582221 1.         0.38678691 1.         0.38689788 1.        ]
413 8.220019899334833 [0.18408648 0.19774067 0.24079078 0.21104342 0.18033725 0.2183295
 0.28627465 1.         0.38743768 1.         0.38619516 1.        ]
414 10.334342132040408 [0.18406397 0.19765511 0.24070231 0.21047929 0.17975751 0.21837467
 0.28671309 1.         0.38838529 1.         0.38524556 1.        ]
415 8.302319378460782 [0.1839921  0.19752953 0.24084997 0.21009196 0.17934675 0.21853676
 0.28674447 1.         0.38947121 1.         0.38452123 1.        ]
416 6.536464952420573 [0.18352508 0.19736041 0.24095779 0.20976764 0.17891107 0.21871972
 0.28659012 1.         0.39071026 1.         0.38318595 1.        ]
417 9.094882834158959 [0.18319668 0.19721781 0.24113664 0.20945286 0.17837534 0.21871375
 0.28629769 1.         0.39193183 1.         0.38210735 1.        ]
418 8.26591306218751 [0.18302183 0.19688077 0.24134236 0.20925244 0.17786475 0.21878129
 0.28591558 1.         0.39347776 1.         0.38124322 1.        ]
419 8.376528300759478 [0.1832044  0.19673046 0.24165726 0.20921138 0.1773204  0.21873006
 0.28545662 1.         0.39488853 1.         0.38034877 1.        ]
420 6.985357499689751 [0.18329707 0.19651075 0.2420735  0.20915975 0.17696458 0.21878233
 0.28533399 1.         0.39588359 1.         0.37932949 1.        ]
421 6.861487352468844 [0.18333907 0.19628209 0.24253732 0.20924764 0.1767436  0.21885546
 0.28529068 1.         0.39665842 1.         0.37847181 1.        ]
422 7.198586112171018 [0.18351669 0.19602122 0.24303906 0.2091075  0.17650306 0.21886406
 0.2850321  1.         0.39737054 1.         0.37785772 1.        ]
423 8.055792787146691 [0.18371371 0.19576008 0.24383605 0.20880652 0.17626157 0.21883745
 0.28477645 1.         0.39776224 1.         0.3772793  1.        ]
424 8.805483347418356 [0.18390083 0.19557664 0.24445004 0.20863082 0.17598196 0.21868857
 0.28452142 1.         0.39816329 1.         0.37688077 1.        ]
425 5.707603707803747 [0.18405646 0.19520159 0.24512776 0.2086478  0.17568503 0.21865629
 0.28423484 1.         0.39864515 1.         0.37681203 1.        ]
426 6.898889094723794 [0.18420383 0.19489551 0.24529676 0.20840076 0.17543995 0.21860671
 0.28432481 1.         0.39877751 1.         0.37680435 1.        ]
427 7.672944139408775 [0.18428547 0.19443468 0.24579812 0.20812524 0.17521274 0.21858159
 0.28434075 1.         0.3987706  1.         0.37657469 1.        ]
428 7.673810616736825 [0.18450989 0.1940304  0.24618735 0.20794962 0.17499737 0.21852602
 0.28359261 1.         0.39900947 1.         0.37634733 1.        ]
429 5.061694077181972 [0.18462149 0.19366203 0.24643535 0.2077241  0.17477625 0.21861015
 0.28294363 1.         0.39923019 1.         0.37604883 1.        ]
430 7.066743493430155 [0.18490055 0.19351557 0.24641634 0.20758339 0.17471639 0.21849453
 0.28238197 1.         0.39906152 1.         0.37601217 1.        ]
431 7.750416091867507 [0.18523156 0.19334134 0.24703879 0.20756177 0.17467962 0.21834167
 0.28199973 1.         0.39730695 1.         0.37610746 1.        ]
432 8.700712529044882 [0.18553361 0.19307099 0.24748278 0.20763062 0.17459009 0.21810052
 0.28194174 1.         0.39609031 1.         0.375987   1.        ]
433 9.111006218143133 [0.18590833 0.19284586 0.24685283 0.20771017 0.17458462 0.21801799
 0.28165836 1.         0.39560206 1.         0.37549135 1.        ]
434 6.963012272404933 [0.18634308 0.19259486 0.2462714  0.2078369  0.17459315 0.21793394
 0.28139312 1.         0.39528226 1.         0.37507483 1.        ]
435 10.932919907681173 [0.18680259 0.19240843 0.24580592 0.20800343 0.17458589 0.21786484
 0.28110132 1.         0.39495249 1.         0.37476119 1.        ]
436 7.2263189951589855 [0.1869898  0.1921519  0.24553561 0.20811033 0.17460937 0.21780907
 0.28085586 1.         0.39476267 1.         0.37438496 1.        ]
437 8.11383229187311 [0.18684346 0.19182568 0.24546919 0.20834257 0.1746257  0.21776167
 0.2803729  1.         0.39450926 1.         0.37382279 1.        ]
438 7.919054566501862 [0.18657704 0.1914957  0.24549487 0.20867222 0.17466566 0.21763589
 0.28037084 1.         0.3947117  1.         0.37326128 1.        ]
439 6.848529097780629 [0.18623614 0.19110554 0.2455914  0.2091201  0.17465693 0.21761015
 0.28031353 1.         0.39542878 1.         0.3726629  1.        ]
440 7.064779455704045 [0.18604826 0.19080654 0.24533195 0.20952793 0.17461441 0.21771912
 0.28031153 1.         0.39598751 1.         0.37217236 1.        ]
441 11.845027905640213 [0.18583002 0.19040597 0.24493731 0.20994051 0.17463596 0.2176885
 0.28026314 1.         0.39658616 1.         0.37138559 1.        ]
442 6.792136812025571 [0.18571431 0.1901684  0.24451711 0.21045863 0.17465079 0.21742494
 0.28016376 1.         0.39667186 1.         0.37072995 1.        ]
443 5.645041779931242 [0.18543203 0.19005192 0.24425094 0.21089611 0.17467    0.21724987
 0.28032551 1.         0.39668842 1.         0.37008784 1.        ]
444 10.328063066729808 [0.18501965 0.18994391 0.24409217 0.21134651 0.17461682 0.21703328
 0.28028969 1.         0.39631874 1.         0.36962349 1.        ]
445 6.410462940429235 [0.18438986 0.18982112 0.24379386 0.21181069 0.17454892 0.21687444
 0.28022548 1.         0.39620762 1.         0.36918334 1.        ]
446 8.574026972903942 [0.18372553 0.1896339  0.24379444 0.21203049 0.17437664 0.21675585
 0.28019599 1.         0.39662313 1.         0.36851437 1.        ]
447 7.661618414077555 [0.18318838 0.18938768 0.24387526 0.2121614  0.17411227 0.21662847
 0.28022903 1.         0.3966491  1.         0.36764268 1.        ]
448 8.21152537480625 [0.18270318 0.18905666 0.24414274 0.21224402 0.17378076 0.21620944
 0.28059307 1.         0.39630079 1.         0.36678786 1.        ]
449 7.928775338010279 [0.18201433 0.18868317 0.24445072 0.21226172 0.17348208 0.21604165
 0.28086856 1.         0.39586346 1.         0.36587805 1.        ]
450 6.148200453560535 [0.18141687 0.18844942 0.24483763 0.21186357 0.17329598 0.21584419
 0.28096995 1.         0.39525962 1.         0.36497416 1.        ]
451 7.050401932016472 [0.18061851 0.18814147 0.24507546 0.21158083 0.17318202 0.21554886
 0.28098252 1.         0.39454596 1.         0.36409223 1.        ]
452 6.770162616470616 [0.17987683 0.18772399 0.24457447 0.21125715 0.17316183 0.21524298
 0.28108979 1.         0.39345254 1.         0.36365664 1.        ]
453 6.565151848868695 [0.17927052 0.18726906 0.24428811 0.21092083 0.17317027 0.21492687
 0.28133598 1.         0.39216548 1.         0.36315615 1.        ]
454 7.821160066686843 [0.17878392 0.18691619 0.24405749 0.21059973 0.1732641  0.21459735
 0.28156932 1.         0.39086691 1.         0.36294131 1.        ]
455 5.56508479954478 [0.17816896 0.18646367 0.24395944 0.21039585 0.17336544 0.21438406
 0.28162735 1.         0.38877803 1.         0.36277181 1.        ]
456 10.146200501099358 [0.17755499 0.18607385 0.24376667 0.20997225 0.17336636 0.21420765
 0.28165709 1.         0.38789042 1.         0.36275206 1.        ]
457 7.245806715197335 [0.17690364 0.18571527 0.24361574 0.20984798 0.17311273 0.21410009
 0.28176711 1.         0.3869765  1.         0.36326442 1.        ]
458 8.696688224950021 [0.17633253 0.18531646 0.24341409 0.20937245 0.17285206 0.21417595
 0.28142178 1.         0.38603747 1.         0.36413201 1.        ]
459 10.664450014454074 [0.17579716 0.18489607 0.24315294 0.20888447 0.17259048 0.21406323
 0.28120813 1.         0.38466441 1.         0.36504694 1.        ]
460 9.943116760239725 [0.17532549 0.18453841 0.24248122 0.20831382 0.17237444 0.21409303
 0.28107533 1.         0.3834438  1.         0.36594906 1.        ]
461 11.072333106372074 [0.17496952 0.18408212 0.24192151 0.20791125 0.17213847 0.21398038
 0.28061396 1.         0.38248912 1.         0.36655889 1.        ]
462 8.975667404103206 [0.17477386 0.18375322 0.24189719 0.20770839 0.17191868 0.21377443
 0.28011261 1.         0.38253463 1.         0.3671466  1.        ]
463 14.464641004160129 [0.174747   0.1833343  0.24171798 0.20760112 0.1716558  0.21371439
 0.27982649 1.         0.38200979 1.         0.36798613 1.        ]
464 9.796914384173 [0.17466716 0.18284073 0.24151323 0.20758364 0.1714731  0.21352612
 0.27960527 1.         0.38159952 1.         0.36883832 1.        ]
465 8.356295402240033 [0.17467137 0.18230583 0.2413254  0.20750273 0.17137009 0.21347017
 0.27944954 1.         0.38089099 1.         0.36962602 1.        ]
466 10.856844151006126 [0.17459143 0.18188514 0.24103126 0.20722347 0.17122799 0.21348746
 0.27928729 1.         0.38071686 1.         0.37042855 1.        ]
467 10.968768582857596 [0.17445497 0.18163186 0.24054545 0.20693549 0.17111509 0.2134226
 0.2790453  1.         0.38030278 1.         0.37113193 1.        ]
468 9.586886866022013 [0.17418566 0.18135259 0.24002254 0.20653391 0.17097439 0.21334877
 0.27892972 1.         0.37993395 1.         0.37166933 1.        ]
469 7.911470391461688 [0.17410003 0.18114434 0.239431   0.20597741 0.17083224 0.21314834
 0.27893077 1.         0.38008216 1.         0.3722486  1.        ]
470 9.711500357217611 [0.17408205 0.18095882 0.23907781 0.20486697 0.17060391 0.21280951
 0.27902643 1.         0.38068269 1.         0.37298244 1.        ]
471 7.588864303396721 [0.17409333 0.18092686 0.2386852  0.20387497 0.17031467 0.21260278
 0.27907194 1.         0.38168007 1.         0.37382023 1.        ]
472 6.818328952691681 [0.17423707 0.18087832 0.23877687 0.20306071 0.16978428 0.2123929
 0.27914855 1.         0.38239692 1.         0.37500459 1.        ]
473 6.2421598873040764 [0.17444084 0.180889   0.23867018 0.20242676 0.16933946 0.21227551
 0.27923171 1.         0.38239232 1.         0.37581265 1.        ]
474 6.125515222251659 [0.17451589 0.18079605 0.23831962 0.20174656 0.16887084 0.21201315
 0.27919302 1.         0.38260509 1.         0.37672284 1.        ]
475 9.943375655781997 [0.17457193 0.18068682 0.23831466 0.20122711 0.16847379 0.21162054
 0.27918863 1.         0.38253478 1.         0.37801489 1.        ]
476 6.342578541884124 [0.17463001 0.18069112 0.23870591 0.20075757 0.16809369 0.21117511
 0.27956059 1.         0.38220223 1.         0.37946985 1.        ]
477 10.330729697258164 [0.17471204 0.18065916 0.23922902 0.20023302 0.16768716 0.21073436
 0.27991906 1.         0.38243631 1.         0.38067699 1.        ]
478 6.303627837525992 [0.1748837  0.18062214 0.23974443 0.19971938 0.16727314 0.21052785
 0.2803312  1.         0.38309302 1.         0.38169289 1.        ]
479 7.523372906251927 [0.17510135 0.18057556 0.24014479 0.19915508 0.16682894 0.2103066
 0.28062292 1.         0.38364732 1.         0.38294374 1.        ]
480 5.851308699026818 [0.17537702 0.18066299 0.24042772 0.19866615 0.16645942 0.20995467
 0.28078391 1.         0.38396012 1.         0.38389281 1.        ]
481 7.683176465448639 [0.17588754 0.18078124 0.24077231 0.19843919 0.16604065 0.2095644
 0.28072978 1.         0.3845937  1.         0.3847674  1.        ]
482 8.039754382754007 [0.17629755 0.18089415 0.24123435 0.19814197 0.1657195  0.20907953
 0.28058164 1.         0.38497703 1.         0.38595689 1.        ]
483 7.785956741378911 [0.17659307 0.18103296 0.24148748 0.1976552  0.1654199  0.20856976
 0.28038616 1.         0.38522005 1.         0.38682596 1.        ]
484 7.601568196374545 [0.17682736 0.18121307 0.2421842  0.19712481 0.16522673 0.2081549
 0.2802232  1.         0.38535993 1.         0.38795723 1.        ]
485 8.613018060221282 [0.17693161 0.18123333 0.24276249 0.19667204 0.16514545 0.20788678
 0.2800419  1.         0.38556032 1.         0.38849352 1.        ]
486 9.29999195574548 [0.17700295 0.18127994 0.24330916 0.19625647 0.16506119 0.20755922
 0.27995857 1.         0.38575334 1.         0.38881463 1.        ]
487 10.42843358099578 [0.17728148 0.18137197 0.24361376 0.19590162 0.16487833 0.207392
 0.27959342 1.         0.3858485  1.         0.38930216 1.        ]
488 7.587156480433006 [0.17743842 0.18127554 0.24423042 0.19559022 0.16472016 0.2072796
 0.27950884 1.         0.38468609 1.         0.39030032 1.        ]
489 9.494929049103874 [0.17766872 0.18119931 0.24514475 0.19529648 0.16450344 0.20729768
 0.27955913 1.         0.3833263  1.         0.39137402 1.        ]
490 11.45718218485056 [0.17799022 0.18106972 0.24659241 0.19485648 0.16424052 0.20720835
 0.2793457  1.         0.38169756 1.         0.39180174 1.        ]
491 9.118653127315154 [0.17839741 0.1810461  0.24811354 0.19452285 0.16399394 0.20714601
 0.27916878 1.         0.38067181 1.         0.39244357 1.        ]
492 13.039191405567042 [0.1786966  0.18120611 0.24940482 0.19418994 0.16374169 0.20710019
 0.27885152 1.         0.37985191 1.         0.392734   1.        ]
493 11.741470095544956 [0.17914734 0.18129422 0.25046731 0.19379764 0.16354647 0.2071201
 0.27851943 1.         0.37877585 1.         0.39300315 1.        ]
494 10.997741403305863 [0.17954427 0.18135298 0.2513758  0.19342927 0.16351782 0.20715892
 0.27836933 1.         0.37732046 1.         0.39291198 1.        ]
495 11.017489382981164 [0.17978775 0.18140484 0.25223896 0.19305904 0.16346578 0.20722745
 0.27807476 1.         0.37560602 1.         0.39315623 1.        ]
496 10.991566736915493 [0.18009644 0.18144815 0.2533294  0.19254875 0.16343819 0.2072693
 0.27790674 1.         0.37359233 1.         0.39337231 1.        ]
497 13.71370200566666 [0.18042985 0.181433   0.25389504 0.19185579 0.16349262 0.20727778
 0.27781103 1.         0.3715282  1.         0.39323106 1.        ]
498 13.24479829207805 [0.18089906 0.18149623 0.2543011  0.19114133 0.16357662 0.20736233
 0.27748554 1.         0.36966432 1.         0.39267453 1.        ]
499 9.712234326400534 [0.1815492  0.18151739 0.25483813 0.19030753 0.16370155 0.20740884
 0.27695204 1.         0.36779411 1.         0.39231656 1.        ]
