0 110.65958379676538 [0.29915616 0.30290655 0.29821856 1.         0.30196894 0.30196895
 0.30290655 1.         0.29728096 0.30290655 0.30290653 1.        ]
1 820.775994501773 [0.29904353 0.30564803 0.29574923 1.         0.30144867 0.30217143
 0.30396165 1.         0.2963716  0.30458613 0.30441801 1.        ]
2 136.9445631716128 [0.29835623 0.30677875 0.2940338  1.         0.30066822 0.3028729
 0.30451729 1.         0.29726119 0.30615725 0.30547718 1.        ]
3 135.19224696931465 [0.29745538 0.30860345 0.2929749  1.         0.30030975 0.30263821
 0.30521428 1.         0.29880621 0.30784181 0.30693669 1.        ]
4 129.12498522651356 [0.29672148 0.3110862  0.29218313 1.         0.29994696 0.3024306
 0.3056454  1.         0.30020656 0.3097724  0.30887117 1.        ]
5 108.03287970205037 [0.29572136 0.31353494 0.29134435 1.         0.29888314 0.3024744
 0.30514763 1.         0.30162326 0.31120765 0.310235   1.        ]
6 116.35964105166752 [0.29484272 0.3157837  0.29054592 1.         0.29812956 0.30228292
 0.30479771 1.         0.30325933 0.31250666 0.31169052 1.        ]
7 99.01652222448891 [0.2937709  0.31645763 0.290233   1.         0.29751834 0.30218928
 0.30413773 1.         0.30527449 0.31350023 0.31266166 1.        ]
8 93.01612455981092 [0.29271424 0.31666864 0.29028363 1.         0.29659048 0.30235523
 0.30360952 1.         0.30664033 0.31401053 0.31355885 1.        ]
9 85.1530966602165 [0.29217725 0.31665528 0.28988624 1.         0.29533473 0.30199658
 0.30310499 1.         0.30776963 0.31461035 0.31414203 1.        ]
10 84.6486999035059 [0.29176645 0.316359   0.2895425  1.         0.29460185 0.30164671
 0.30257245 1.         0.30886128 0.31550677 0.31472059 1.        ]
11 424.8260273389734 [0.29132233 0.31608617 0.28883485 1.         0.29377029 0.30125439
 0.30198654 1.         0.30940404 0.3159779  0.31523223 1.        ]
12 84.18060730556658 [0.2910017  0.31522117 0.28816105 1.         0.29316654 0.30098521
 0.30156062 1.         0.31030131 0.31646702 0.315716   1.        ]
13 77.24709386361909 [0.29077066 0.31399777 0.28716042 1.         0.29240623 0.30074755
 0.30108206 1.         0.31109271 0.31720359 0.31611288 1.        ]
14 72.81987743828046 [0.29077906 0.31283128 0.28636391 1.         0.29167482 0.30039833
 0.30054274 1.         0.31205699 0.31784752 0.31644796 1.        ]
15 71.23228307032852 [0.29059709 0.31198191 0.28552056 1.         0.29087576 0.30013689
 0.30005173 1.         0.3128498  0.31857518 0.31676836 1.        ]
16 771.5296110583895 [0.29058532 0.31143752 0.28450199 1.         0.29010221 0.3002682
 0.29926052 1.         0.31353475 0.31930785 0.31706187 1.        ]
17 412.73912868566003 [0.29064783 0.3109491  0.28390133 1.         0.28938645 0.30057446
 0.29876073 1.         0.31380755 0.32016425 0.3174042  1.        ]
18 85.9406436984168 [0.29026295 0.31090683 0.28312758 1.         0.28926091 0.30059759
 0.29811535 1.         0.31424998 0.32099528 0.31763168 1.        ]
19 61.934221666541326 [0.28992457 0.31094649 0.28224138 1.         0.28906787 0.30042891
 0.29764448 1.         0.31444491 0.32193857 0.31799179 1.        ]
20 79.40301344702308 [0.28955174 0.31035267 0.28151897 1.         0.28881584 0.30022348
 0.29711768 1.         0.31448046 0.32306035 0.31813154 1.        ]
21 79.69289999689204 [0.28925649 0.30984498 0.28081589 1.         0.28852303 0.30003432
 0.29695495 1.         0.31498515 0.32423922 0.31845155 1.        ]
22 53.17608376502292 [0.28895715 0.30958229 0.28030675 1.         0.28813025 0.30001267
 0.29680186 1.         0.31536188 0.32533789 0.31854801 1.        ]
23 432.2334728018944 [0.28869239 0.30944361 0.27997507 1.         0.28769516 0.29981698
 0.29622514 1.         0.31585831 0.32603126 0.31888478 1.        ]
24 63.48774570238439 [0.288004   0.30916769 0.27958461 1.         0.28717049 0.29936366
 0.29570488 1.         0.31613744 0.32642817 0.31917546 1.        ]
25 405.7492085674172 [0.2874863  0.30884369 0.27922306 1.         0.28663651 0.29936809
 0.29549564 1.         0.31595349 0.32680817 0.31937895 1.        ]
26 65.33583524947316 [0.28717734 0.30852562 0.27890479 1.         0.28598274 0.29959537
 0.2953141  1.         0.31586027 0.32713447 0.31922737 1.        ]
27 60.388223445308284 [0.28704522 0.3080074  0.27832446 1.         0.28493606 0.29963628
 0.29537998 1.         0.31617264 0.32746258 0.31937353 1.        ]
28 57.43953221600219 [0.2866787  0.30746054 0.27777719 1.         0.28431009 0.29924986
 0.29562534 1.         0.31667673 0.32755848 0.31940106 1.        ]
29 45.85728013449571 [0.28647485 0.30689805 0.27698631 0.99999999 0.28343788 0.29881075
 0.29565989 0.99999999 0.3174776  0.32774489 0.31951829 0.99999999]
30 44.70915966542123 [0.28602742 0.30660807 0.27628416 0.99999999 0.28246625 0.29823948
 0.29549304 0.99999999 0.31794289 0.32780198 0.31934309 0.99999999]
31 45.61972179209523 [0.28551896 0.30622782 0.27552673 0.99999999 0.28117982 0.2977919
 0.29528637 0.99999999 0.31814479 0.32781401 0.31895106 0.99999999]
32 43.07304774384397 [0.28514562 0.30585466 0.27474352 0.99999999 0.28004082 0.29738204
 0.29497555 0.99999999 0.31846225 0.32752993 0.31854764 0.99999999]
33 53.66293655502429 [0.28465218 0.30566123 0.27373574 0.99999999 0.27875381 0.2967992
 0.29468502 0.99999999 0.31862844 0.32696626 0.31847913 0.99999999]
34 53.86279265860625 [0.28434412 0.30528768 0.27273118 0.99999999 0.27740632 0.29592479
 0.29480028 0.99999999 0.31892074 0.3265529  0.3182999  0.99999999]
35 54.51530047792364 [0.28408459 0.30500825 0.27177603 0.99999999 0.27610538 0.29505451
 0.29495651 0.99999999 0.31908014 0.326164   0.31818803 0.99999999]
36 67.47124694537615 [0.28366197 0.3049202  0.27064854 0.99999999 0.27520231 0.29434981
 0.29523576 0.99999999 0.31907707 0.32580797 0.31810219 0.99999999]
37 43.082776375214095 [0.28316477 0.30517586 0.26942662 0.99999999 0.27421467 0.29380923
 0.29579745 0.99999999 0.31931535 0.32561768 0.31824776 0.99999999]
38 36.5867049550851 [0.28276454 0.3052962  0.26835621 0.99999999 0.27327337 0.29311276
 0.29631756 0.99999999 0.31960566 0.32559186 0.31835159 0.99999999]
39 42.65656968295147 [0.28240302 0.30548164 0.26701665 0.99999999 0.27244261 0.29258335
 0.29677411 0.99999999 0.31997061 0.32576355 0.31850753 0.99999999]
40 39.21363990978789 [0.28203233 0.30542997 0.26591188 0.99999999 0.2715633  0.29198795
 0.29672848 0.99999999 0.32045128 0.32621853 0.31828436 0.99999999]
41 50.97394887455106 [0.28169304 0.3055696  0.26467957 0.99999999 0.27065762 0.29120807
 0.29644918 0.99999999 0.32072699 0.32706012 0.31759251 0.99999999]
42 45.36064771074372 [0.28097947 0.30573377 0.26389995 0.99999999 0.27007316 0.28989348
 0.29624063 0.99999999 0.32089227 0.32763783 0.31691793 0.99999999]
43 40.90517557752747 [0.28033771 0.30624727 0.26346212 0.99999999 0.26950289 0.28866236
 0.29606032 0.99999999 0.32134575 0.32800143 0.31615698 0.99999999]
44 393.6427099427971 [0.27965383 0.30674309 0.26308832 0.99999999 0.26869647 0.28739152
 0.29599661 0.99999999 0.32158688 0.32805178 0.31562955 0.99999999]
45 32.68620262547307 [0.27891975 0.30700653 0.26280024 0.99999999 0.26813284 0.28642208
 0.29618369 0.99999999 0.32178306 0.32811075 0.31502599 0.99999999]
46 36.013149223325016 [0.27837892 0.30689764 0.26234705 0.99999999 0.26751432 0.28544153
 0.29655006 0.99999999 0.32190607 0.32825367 0.3148473  0.99999999]
47 33.30686030163683 [0.27800603 0.30683319 0.26177809 0.99999999 0.26682131 0.2843921
 0.2970288  0.99999999 0.32212939 0.32846122 0.3145939  0.99999999]
48 380.86215593520836 [0.27757679 0.30691345 0.2613965  0.99999999 0.2662191  0.28325158
 0.29739309 0.99999999 0.32247923 0.32856626 0.314497   0.99999999]
49 41.27709116782007 [0.27723185 0.30690917 0.26101533 0.99999999 0.2654263  0.2822594
 0.29776345 0.99999999 0.32285212 0.32803288 0.31433432 0.99999999]
50 38.64758205814607 [0.2769101  0.30705308 0.26069188 0.99999999 0.26477393 0.28126388
 0.29806053 0.99999999 0.32306306 0.32756038 0.31420845 0.99999999]
51 28.752454336273722 [0.27673042 0.30708152 0.26042786 0.99999999 0.2638818  0.28024087
 0.29881081 0.99999999 0.32319159 0.32735686 0.31417564 0.99999999]
52 390.2142850624771 [0.27682134 0.30675641 0.26028349 1.         0.26305499 0.2793876
 0.29966741 1.         0.32333356 0.327376   0.31408841 1.        ]
53 34.570811906347075 [0.27694328 0.30645493 0.25991163 1.         0.26236427 0.27861937
 0.30003875 1.         0.32310139 0.32721485 0.31420528 1.        ]
54 25.430525596860356 [0.27710701 0.30610844 0.25956205 1.         0.26167996 0.27813462
 0.30047323 1.         0.3229478  0.32712759 0.31446303 1.        ]
55 35.390454750145864 [0.2770439  0.30580499 0.25900022 1.         0.26140104 0.27750133
 0.30108425 1.         0.32313906 0.32664678 0.31455847 1.        ]
56 32.721694716840446 [0.27726257 0.30525859 0.25863967 1.         0.26127188 0.27718299
 0.30212439 1.         0.32323798 0.32633599 0.31482869 1.        ]
57 30.43979910406418 [0.27731578 0.30478329 0.25828602 1.         0.26128779 0.27665087
 0.30295489 1.         0.32309227 0.32634652 0.31530274 1.        ]
58 31.928610813232595 [0.27739819 0.30437871 0.25792434 1.         0.26113927 0.27613257
 0.3034291  1.         0.32263169 0.32645342 0.31562533 1.        ]
59 28.72992572748298 [0.27726548 0.30415777 0.2576797  1.         0.26096799 0.27563164
 0.30380222 1.         0.32227843 0.32691699 0.3158259  1.        ]
60 29.486030277563366 [0.27682839 0.30368009 0.25744649 1.         0.26098632 0.27480848
 0.30413379 1.         0.3220637  0.32738296 0.31595998 1.        ]
61 23.34480810113492 [0.27629443 0.30316244 0.25710548 0.99999999 0.26116169 0.27413367
 0.3047187  0.99999999 0.32186438 0.32774893 0.31597267 0.99999999]
62 25.96497419399187 [0.27551389 0.30264742 0.25688582 0.99999999 0.26117789 0.27316106
 0.30514239 0.99999999 0.32174027 0.32810899 0.31593019 0.99999999]
63 370.8223934113146 [0.27471733 0.30226367 0.25641252 0.99999999 0.26117891 0.27237824
 0.30565697 0.99999999 0.32190399 0.32828254 0.31590276 0.99999999]
64 31.286783471894104 [0.27398731 0.30193577 0.25597642 0.99999999 0.26113494 0.27167825
 0.30624251 0.99999999 0.32190452 0.32801667 0.31583079 0.99999999]
65 31.59201518552188 [0.27309845 0.30152041 0.25539449 0.99999999 0.26126564 0.27072
 0.30653425 0.99999999 0.32212866 0.32793082 0.31577079 0.99999999]
66 28.332862627856333 [0.27198774 0.3011085  0.25508724 0.99999999 0.26180506 0.26965557
 0.30676368 0.99999999 0.32236333 0.32778209 0.3160634  0.99999999]
67 25.37382432352082 [0.27098753 0.30050825 0.2547316  0.99999999 0.26230754 0.2688072
 0.30708372 0.99999999 0.32250098 0.32769134 0.31631798 0.99999999]
68 29.279821759597684 [0.27029075 0.30004353 0.25431175 0.99999999 0.26262205 0.26799446
 0.30705414 0.99999999 0.32256957 0.32760592 0.31665677 0.99999999]
69 24.71085403419481 [0.26981217 0.29978223 0.25391649 0.99999999 0.26292303 0.26714256
 0.30718473 0.99999999 0.32277583 0.32755106 0.3169669  0.99999999]
70 23.455339197732634 [0.26945697 0.29949604 0.25358267 0.99999999 0.262996   0.26620517
 0.30732637 0.99999999 0.32291777 0.32727536 0.31739198 0.99999999]
71 27.962970848787748 [0.2690054  0.29908875 0.25297849 0.99999999 0.26308449 0.26568515
 0.3074696  0.99999999 0.32286701 0.32650636 0.31803653 0.99999999]
72 30.428857333025885 [0.26868991 0.29827376 0.25230204 0.99999999 0.26313189 0.26518981
 0.30738015 0.99999999 0.32261697 0.32559122 0.3186874  0.99999999]
73 24.184217767671967 [0.26835929 0.29697449 0.25136847 0.99999999 0.26301685 0.26470194
 0.30717798 0.99999999 0.32194449 0.32438803 0.31921228 0.99999999]
74 28.15825187470729 [0.26823019 0.29571346 0.2507407  0.99999999 0.26290924 0.26420685
 0.30698594 0.99999999 0.32115519 0.32355277 0.31969673 0.99999999]
75 22.327310064383134 [0.2677514  0.29439139 0.25016289 0.99999999 0.2628706  0.2637734
 0.3067724  0.99999999 0.32063572 0.32269335 0.31997033 0.99999999]
76 372.6696769258795 [0.26727248 0.29317607 0.24944145 0.99999999 0.26286414 0.26335414
 0.30660471 0.99999999 0.31998996 0.32196425 0.3204057  0.99999999]
77 28.514868830615455 [0.26662842 0.2920006  0.24878782 0.99999999 0.26281037 0.26291395
 0.30646902 0.99999999 0.3198867  0.32115081 0.32099198 0.99999999]
78 26.89095185313868 [0.26576175 0.29098614 0.24823002 0.99999999 0.2625878  0.26253234
 0.30621292 0.99999999 0.31989276 0.3204252  0.32133839 0.99999999]
79 26.032990939146018 [0.26498443 0.28991994 0.24768536 0.99999999 0.26223324 0.26212781
 0.30583779 0.99999999 0.32012488 0.31958462 0.32143381 0.99999999]
80 24.34532277941635 [0.26386326 0.28882267 0.2471032  0.99999999 0.26175351 0.26172437
 0.30556058 0.99999999 0.32048454 0.31877078 0.32137988 0.99999999]
81 371.5967851470287 [0.26295813 0.2879485  0.24642984 0.99999999 0.26113082 0.26133295
 0.30553953 0.99999999 0.32091436 0.31800629 0.32139469 0.99999999]
82 25.617796470932618 [0.26222157 0.28741876 0.24559939 0.99999999 0.26051713 0.26108556
 0.30579236 0.99999999 0.32135842 0.31722218 0.32147699 0.99999999]
83 363.73865406274285 [0.26167544 0.28713815 0.24483262 0.99999999 0.25991324 0.26078013
 0.30588799 0.99999999 0.32152391 0.31657965 0.32159839 0.99999999]
84 362.7758420008208 [0.26115381 0.28685616 0.24423763 0.99999999 0.25944532 0.26063815
 0.30612529 0.99999999 0.32185013 0.31614963 0.32174957 0.99999999]
85 23.562968390900743 [0.26039832 0.28686733 0.24363976 0.99999999 0.25908346 0.26057448
 0.30642982 0.99999999 0.32238915 0.31552133 0.32135364 0.99999999]
86 370.03600516633674 [0.25943937 0.28670072 0.24296688 0.99999999 0.258562   0.26052115
 0.30678293 0.99999999 0.32281796 0.31486406 0.3211032  0.99999999]
87 368.6617573244808 [0.25843322 0.28666839 0.24219487 0.99999999 0.25821535 0.26034432
 0.30710769 0.99999999 0.32304412 0.31442008 0.32116477 0.99999999]
88 22.343103812042088 [0.25715005 0.28639774 0.24155391 0.99999999 0.25786166 0.26021826
 0.30736967 0.99999999 0.32307043 0.31399015 0.32141605 0.99999999]
89 714.3983771504907 [0.25604372 0.28626038 0.24112071 0.99999999 0.25752473 0.26020666
 0.30707192 0.99999999 0.32334136 0.31382557 0.32151354 0.99999999]
90 25.05332607298923 [0.25516867 0.28608075 0.24066441 0.99999999 0.257206   0.26012781
 0.30686519 0.99999999 0.3234333  0.31378118 0.32174146 0.99999999]
91 26.083995516156655 [0.25410811 0.28597052 0.24007409 0.99999999 0.25675714 0.26002021
 0.30683333 0.99999999 0.32311476 0.31361431 0.32185847 0.99999999]
92 24.044714534617064 [0.25320355 0.28580396 0.23946934 0.99999999 0.25627021 0.25994947
 0.30692046 0.99999999 0.32284478 0.31349473 0.32194082 0.99999999]
93 32.58683701065988 [0.25225277 0.28537377 0.23879047 0.99999999 0.25581316 0.2598933
 0.30698165 0.99999999 0.32257746 0.31333842 0.32202753 0.99999999]
94 26.869285220123707 [0.25139889 0.28491435 0.23820821 0.99999999 0.25522323 0.25991861
 0.30748003 0.99999999 0.32221028 0.313218   0.32197964 0.99999999]
95 25.873089785508334 [0.25067545 0.28442805 0.2376882  0.99999999 0.25469269 0.2599528
 0.30789605 0.99999999 0.32158722 0.31326491 0.32183407 0.99999999]
96 26.192308779511883 [0.24994995 0.28394206 0.23737836 0.99999999 0.25425566 0.25970565
 0.30824332 0.99999999 0.32147608 0.3140848  0.32147798 0.99999999]
97 26.785004567922932 [0.24927668 0.28337096 0.23692299 0.99999999 0.25369075 0.25959091
 0.30853362 0.99999999 0.32093737 0.31463402 0.32098438 0.99999999]
98 19.99427686646595 [0.24871457 0.28326415 0.23632664 0.99999999 0.25322652 0.25951072
 0.30907305 0.99999999 0.3204413  0.31546158 0.32055614 0.99999999]
99 30.805066640042295 [0.24836986 0.28295984 0.23550774 0.99999999 0.25296456 0.25940899
 0.3095184  0.99999999 0.31982606 0.31630825 0.32052428 0.99999999]
100 363.26692036106886 [0.24813021 0.28261601 0.23475617 0.99999999 0.25248619 0.25937895
 0.31003924 0.99999999 0.31928104 0.31724437 0.32056175 0.99999999]
101 20.643592770018962 [0.24784863 0.28221958 0.23399463 0.99999999 0.25185453 0.25944288
 0.31041308 0.99999999 0.31854804 0.31831561 0.32054625 0.99999999]
102 20.50216009489257 [0.24774313 0.28144874 0.23335835 0.99999999 0.25142293 0.25928233
 0.31090226 0.99999999 0.31834783 0.31905416 0.32017251 0.99999999]
103 20.645846108209504 [0.24757223 0.2806025  0.23273092 0.99999999 0.25097776 0.25909779
 0.31153705 0.99999999 0.31795186 0.32000036 0.31974662 0.99999999]
104 26.1371800606637 [0.24693166 0.27974406 0.23194121 0.99999999 0.25057785 0.25869517
 0.31185483 0.99999999 0.31759018 0.32110685 0.31955285 0.99999999]
105 19.443915484082986 [0.24638821 0.27888447 0.23114219 1.         0.25018574 0.25791663
 0.31206344 1.         0.31717441 0.32206029 0.31938282 1.        ]
106 20.365206672170736 [0.24595005 0.27808248 0.23033569 1.         0.25006512 0.25721906
 0.31237778 1.         0.31692248 0.32306905 0.31924774 1.        ]
107 23.23758881746464 [0.24548184 0.27732414 0.22928169 1.         0.25011709 0.25623715
 0.31278507 1.         0.3168239  0.32408127 0.31916488 1.        ]
108 23.181659511492562 [0.24511715 0.27683125 0.22834255 1.         0.25006867 0.25574249
 0.31292516 1.         0.31663546 0.32517827 0.31901203 1.        ]
109 371.24171503325783 [0.24452649 0.27638471 0.22751401 1.         0.25021938 0.25526239
 0.31312856 1.         0.3169054  0.32638851 0.31887864 1.        ]
110 24.721823831287104 [0.24402563 0.27562714 0.22683705 1.         0.25006208 0.25484023
 0.31308162 1.         0.31741652 0.32743019 0.3188345  1.        ]
111 24.5709953304428 [0.24350335 0.27513983 0.22632098 1.         0.24984194 0.25427319
 0.31304771 1.         0.31784844 0.32831125 0.31868833 1.        ]
112 22.21178397541648 [0.24321567 0.27474253 0.22592881 1.         0.24921344 0.25372191
 0.31298139 1.         0.31841618 0.3289869  0.31839347 1.        ]
113 360.13634786448915 [0.24307997 0.27449221 0.2255243  1.         0.2486217  0.25323635
 0.31292548 1.         0.31885245 0.32962756 0.31799    1.        ]
114 23.88652785018739 [0.24281558 0.27444046 0.22525407 1.         0.24799449 0.25270866
 0.3131087  1.         0.31907331 0.33011886 0.31736259 1.        ]
115 371.33900668084254 [0.24231263 0.27430225 0.22511323 1.         0.24744161 0.25233101
 0.31307619 1.         0.3192504  0.33039325 0.31676041 1.        ]
116 20.922094050437295 [0.24190761 0.27407931 0.22516791 1.         0.24721559 0.25161249
 0.31288306 1.         0.31960016 0.33102328 0.31645288 1.        ]
117 19.471064777933606 [0.24158546 0.27370087 0.22505204 1.         0.24676941 0.25105641
 0.31265118 1.         0.31945891 0.33184629 0.31656943 1.        ]
118 23.32263252638659 [0.2413389  0.27327733 0.22490357 1.         0.24616529 0.25074431
 0.31207231 1.         0.31948621 0.33228063 0.31666554 1.        ]
119 364.2181268511135 [0.24107711 0.27301676 0.22470122 1.         0.24551712 0.25042057
 0.31154461 1.         0.31925278 0.33275948 0.31694437 1.        ]
120 20.8766899402925 [0.24077727 0.27276114 0.22447417 1.         0.24479901 0.24998679
 0.31089923 1.         0.31895258 0.33339542 0.31689829 1.        ]
121 19.20536224439553 [0.2405142  0.27219178 0.22431882 1.         0.24426354 0.24952791
 0.31002897 1.         0.3183598  0.33382649 0.31680448 1.        ]
122 365.27298405825627 [0.24029525 0.27175609 0.22396294 1.         0.24378532 0.24922249
 0.30933741 1.         0.31782467 0.33453813 0.31684788 1.        ]
123 19.71480539986751 [0.2402821  0.27119162 0.22369899 1.         0.24332893 0.24869186
 0.30861621 1.         0.31736286 0.33540976 0.31690211 1.        ]
124 21.31064452729285 [0.23967736 0.27097625 0.22349271 1.         0.24277476 0.24821923
 0.30801784 1.         0.31655688 0.33627023 0.31710919 1.        ]
125 18.818454970135498 [0.23924083 0.27086132 0.22321425 1.         0.24217412 0.24760768
 0.30717303 1.         0.31591391 0.33681661 0.31711446 1.        ]
126 18.558800430571953 [0.23870609 0.27085568 0.22292072 1.         0.24168703 0.24692409
 0.30630651 1.         0.31522913 0.33740432 0.31697929 1.        ]
127 24.08738770139587 [0.23815564 0.27098866 0.2227221  1.         0.24115866 0.2464793
 0.30532475 1.         0.31464956 0.33788801 0.3167494  1.        ]
128 21.754735271661204 [0.23765032 0.27104632 0.22242641 1.         0.24058433 0.24619175
 0.30451997 1.         0.31430038 0.33852368 0.31652612 1.        ]
129 18.928065935590222 [0.23716681 0.27100407 0.22205794 1.         0.23995893 0.24564759
 0.30393228 1.         0.31394919 0.33917643 0.31653929 1.        ]
130 18.99319070476931 [0.23655166 0.27085309 0.22175669 0.99999999 0.23929965 0.24507176
 0.30369716 0.99999999 0.31382363 0.33962432 0.31684402 0.99999999]
131 22.940986586426927 [0.23592965 0.27084463 0.22144457 0.99999999 0.23863502 0.24457779
 0.30348604 0.99999999 0.31375203 0.34009156 0.31719652 0.99999999]
132 21.352568769719028 [0.23530181 0.2707697  0.22111914 0.99999999 0.23797935 0.24408075
 0.30319248 0.99999999 0.31394634 0.34047466 0.31754774 0.99999999]
133 19.301873341658656 [0.23459298 0.27063214 0.22085167 0.99999999 0.23736168 0.2435211
 0.30311939 0.99999999 0.314365   0.3411366  0.31803144 0.99999999]
134 17.18665613432877 [0.23394584 0.27053413 0.22048826 0.99999999 0.23675144 0.24309111
 0.3029308  0.99999999 0.31472986 0.34168948 0.31858822 0.99999999]
135 22.91495431857468 [0.23351969 0.27048151 0.22004962 0.99999999 0.23628796 0.2419917
 0.30289909 0.99999999 0.31520416 0.34182112 0.31931306 0.99999999]
136 21.586510576764944 [0.23316537 0.27026514 0.21961674 0.99999999 0.2357631  0.24111542
 0.30242804 0.99999999 0.31534194 0.3418496  0.3199879  0.99999999]
137 20.888197271096065 [0.23284256 0.26988135 0.21914736 0.99999999 0.2352316  0.24034509
 0.30214014 0.99999999 0.31529352 0.34192427 0.32030489 0.99999999]
138 365.40022650655504 [0.23248625 0.26956252 0.21856362 0.99999999 0.23475932 0.23955605
 0.3019188  0.99999999 0.31479494 0.34215301 0.32074346 0.99999999]
139 23.71491793898639 [0.23234793 0.268914   0.21795416 0.99999999 0.23430217 0.23869288
 0.30172599 0.99999999 0.31444327 0.34230012 0.3210076  0.99999999]
140 18.013313998642914 [0.23197694 0.26834614 0.21745664 0.99999999 0.23402956 0.23789034
 0.3018071  0.99999999 0.31420918 0.3423208  0.32118428 0.99999999]
141 366.1910213875489 [0.23166402 0.2676702  0.21698636 0.99999999 0.23379011 0.23734433
 0.30143181 0.99999999 0.31415338 0.34245927 0.32143558 0.99999999]
142 16.66094135961983 [0.23151511 0.26708295 0.21677617 0.99999999 0.23351675 0.23683301
 0.30112721 0.99999999 0.31447474 0.34287132 0.32156249 0.99999999]
143 15.01255254030938 [0.23127057 0.26652067 0.21667515 0.99999999 0.23324403 0.23632619
 0.30073595 0.99999999 0.31478413 0.34297974 0.3217569  0.99999999]
144 17.41740596555789 [0.23093517 0.26596897 0.21658613 0.99999999 0.23318587 0.23576397
 0.30039783 0.99999999 0.31491748 0.34321482 0.32207716 0.99999999]
145 16.190735478969046 [0.23058363 0.26525469 0.21651109 0.99999999 0.23294426 0.23520723
 0.29991176 0.99999999 0.31497616 0.34329664 0.32245101 0.99999999]
146 17.03690878414494 [0.23051288 0.26481319 0.21640762 0.99999999 0.23275078 0.23483294
 0.29945555 0.99999999 0.31513426 0.34341198 0.32249891 0.99999999]
147 18.05501253637614 [0.23055807 0.26456913 0.21628963 0.99999999 0.23263169 0.23445607
 0.29926418 0.99999999 0.31574495 0.34379541 0.32274313 0.99999999]
148 17.943161352888474 [0.23070738 0.26431379 0.2162186  0.99999999 0.23263461 0.23399507
 0.29916832 0.99999999 0.31622566 0.34438221 0.32310346 0.99999999]
149 20.358432688000086 [0.23076295 0.26404244 0.21620442 0.99999999 0.23274911 0.23355165
 0.29902645 0.99999999 0.31680898 0.34515726 0.32334454 0.99999999]
150 16.49451914124433 [0.23078219 0.26376099 0.21607387 0.99999999 0.23278954 0.23312191
 0.29880826 0.99999999 0.31682013 0.34623341 0.32332906 0.99999999]
151 18.449866007329994 [0.23095256 0.2635014  0.2158948  0.99999999 0.2326663  0.2328068
 0.29876261 0.99999999 0.3169232  0.34720034 0.32294721 0.99999999]
152 17.87761191836368 [0.23117827 0.26311564 0.21566296 0.99999999 0.2324211  0.23268292
 0.29866739 0.99999999 0.31688372 0.34820572 0.3225471  0.99999999]
153 16.72680262885127 [0.23120694 0.26249071 0.21526984 0.99999999 0.23219685 0.23280416
 0.29858839 0.99999999 0.31692895 0.34937888 0.32213648 0.99999999]
154 15.733033735828311 [0.23119908 0.26220784 0.21485058 0.99999999 0.23219263 0.23250006
 0.29899031 0.99999999 0.3169251  0.34993625 0.3216884  0.99999999]
155 18.292525573835906 [0.23130889 0.26185565 0.2145228  0.99999999 0.23186939 0.23199343
 0.29909398 0.99999999 0.31686868 0.34994848 0.32150768 0.99999999]
156 16.660841710271715 [0.23139445 0.26159556 0.21422903 0.99999999 0.23156275 0.23154829
 0.29944186 0.99999999 0.31691947 0.34993938 0.32148162 0.99999999]
157 16.542618807768743 [0.23118006 0.26138628 0.2138309  0.99999999 0.2310566  0.23125298
 0.29935011 0.99999999 0.31702966 0.34981284 0.32142514 0.99999999]
158 15.32900056970961 [0.23101169 0.26118896 0.21349696 0.99999999 0.23067215 0.23097231
 0.29948602 0.99999999 0.31696996 0.34909047 0.32125226 0.99999999]
159 15.017192267248522 [0.23068091 0.26064515 0.21312461 0.99999999 0.23039684 0.23081148
 0.29990739 0.99999999 0.31657687 0.3484487  0.32105323 0.99999999]
160 18.178643329730036 [0.23048253 0.25996956 0.21275924 0.99999999 0.22995314 0.23061852
 0.30049996 0.99999999 0.3162874  0.34800237 0.32088691 0.99999999]
161 12.095400052878002 [0.23032517 0.25925652 0.21252541 0.99999999 0.22930335 0.23051945
 0.30105663 0.99999999 0.31587037 0.34777817 0.32069754 0.99999999]
162 15.362100001489004 [0.23015253 0.25892012 0.21231615 0.99999999 0.22870522 0.23024539
 0.3015639  0.99999999 0.31523278 0.34789723 0.32061769 0.99999999]
163 18.573265984474013 [0.22993242 0.25873973 0.21216911 0.99999999 0.22832939 0.22997456
 0.30219309 0.99999999 0.31475471 0.34761017 0.32051262 0.99999999]
164 18.20924903286962 [0.22942158 0.25878444 0.21206932 0.99999999 0.22792354 0.22964427
 0.30289644 0.99999999 0.31437718 0.3472942  0.32018359 0.99999999]
165 13.675100637824706 [0.22863788 0.2588841  0.21195079 0.99999999 0.22741441 0.22949429
 0.30352703 0.99999999 0.31413263 0.34721732 0.31987492 0.99999999]
166 12.259806414122433 [0.22776805 0.25900533 0.21178485 0.99999999 0.22662186 0.22934457
 0.30410813 0.99999999 0.31388944 0.34709094 0.31984584 0.99999999]
167 16.820655209449164 [0.22693928 0.25918014 0.21160785 0.99999999 0.22570248 0.22926874
 0.30448103 0.99999999 0.31390598 0.34684189 0.32006417 0.99999999]
168 13.496586614611257 [0.22621267 0.25897131 0.21143071 0.99999999 0.22496511 0.22920458
 0.30464254 0.99999999 0.31325583 0.34688954 0.32033102 0.99999999]
169 16.187576344810488 [0.22552236 0.25876925 0.21142295 0.99999999 0.22439478 0.22915078
 0.30489042 0.99999999 0.31256794 0.34698516 0.32062114 0.99999999]
170 16.745726288110998 [0.22482671 0.25853557 0.2115184  0.99999999 0.22398812 0.22910759
 0.30490755 0.99999999 0.31211105 0.34718299 0.32070739 0.99999999]
171 13.46772047551178 [0.22418826 0.25855691 0.21162896 0.99999999 0.2235485  0.22897261
 0.30475352 0.99999999 0.31199665 0.34755168 0.32100146 0.99999999]
172 15.28520345085899 [0.22378307 0.25834959 0.21151452 0.99999999 0.22304439 0.22895951
 0.3048284  0.99999999 0.31202576 0.34801312 0.32099791 0.99999999]
173 16.41468559226331 [0.22360982 0.25825778 0.21134169 0.99999999 0.22263634 0.22891526
 0.30512856 0.99999999 0.31201432 0.34809466 0.3207305  0.99999999]
174 14.952732968992086 [0.22363978 0.25834568 0.21121724 0.99999999 0.22223708 0.22878537
 0.30549876 0.99999999 0.31207868 0.34835832 0.32044543 0.99999999]
175 12.887998465069233 [0.2235474  0.25841388 0.21089798 0.99999999 0.2218529  0.22853702
 0.30575278 0.99999999 0.31224964 0.34891446 0.32002065 0.99999999]
176 13.236035957109483 [0.22342628 0.25851055 0.21049857 0.99999999 0.22131654 0.22845981
 0.30581009 0.99999999 0.31243073 0.34924351 0.31960172 0.99999999]
177 10.637045010703769 [0.22339509 0.25882875 0.21011532 0.99999999 0.22097621 0.22839069
 0.30619004 0.99999999 0.31256179 0.34903505 0.31922757 0.99999999]
178 12.431925320733505 [0.22322274 0.25873197 0.20988506 0.99999999 0.22065972 0.22834842
 0.30658807 0.99999999 0.31267123 0.34863253 0.31894574 0.99999999]
179 14.985422905870124 [0.22304206 0.25893844 0.20979474 0.99999999 0.22053067 0.22823418
 0.30687911 0.99999999 0.31284181 0.34851923 0.31873198 0.99999999]
180 18.408459750879985 [0.22312048 0.25917073 0.20977054 0.99999999 0.22042589 0.22825273
 0.30718446 0.99999999 0.3129362  0.34816622 0.31845875 0.99999999]
181 18.81511565103831 [0.22307019 0.25922046 0.20975267 0.99999999 0.220424   0.228422
 0.30753549 0.99999999 0.31327782 0.34749921 0.31802212 0.99999999]
182 19.613321818123026 [0.22276945 0.25917178 0.20980458 0.99999999 0.22007277 0.22857481
 0.30779007 0.99999999 0.31373446 0.34656621 0.31751918 0.99999999]
183 13.955582490204534 [0.22271308 0.25900801 0.2098779  0.99999999 0.2198765  0.22874409
 0.30806882 0.99999999 0.31409989 0.34583817 0.31706603 0.99999999]
184 15.354928171088744 [0.22265986 0.25880176 0.20985249 0.99999999 0.21963589 0.22898373
 0.30824452 0.99999999 0.31479922 0.34511933 0.31655756 0.99999999]
185 14.094467396685728 [0.22247979 0.25861453 0.20978326 0.99999999 0.21935896 0.22937376
 0.30810747 0.99999999 0.31568769 0.34460314 0.31586882 0.99999999]
186 11.704869811212538 [0.22243458 0.25845789 0.20966025 0.99999999 0.21892009 0.22983927
 0.30778236 0.99999999 0.31634502 0.34408031 0.31510012 0.99999999]
187 11.531248463449133 [0.22219187 0.25834928 0.20944131 0.99999999 0.21850981 0.23017454
 0.3076726  0.99999999 0.31717605 0.34350639 0.31434677 0.99999999]
188 15.534252622385281 [0.22173945 0.2582459  0.20926358 0.99999999 0.2182132  0.23047966
 0.30756968 0.99999999 0.31787369 0.34301504 0.31396337 0.99999999]
189 14.520457223914086 [0.22128849 0.25815041 0.20906497 0.99999999 0.21771121 0.23066452
 0.30744417 0.99999999 0.31880682 0.34263624 0.31389058 0.99999999]
190 10.6151994608962 [0.2208152  0.25799146 0.20891431 0.99999999 0.21728462 0.23078644
 0.30713868 0.99999999 0.31978815 0.34248196 0.31384173 0.99999999]
191 14.014168640587132 [0.2203704  0.25795957 0.20883398 0.99999999 0.21696769 0.23094582
 0.30694159 0.99999999 0.32045438 0.34249034 0.31388839 0.99999999]
192 15.55695219390111 [0.22010225 0.25803619 0.20875091 0.99999999 0.21661962 0.23104737
 0.30679373 0.99999999 0.32101763 0.34236477 0.31422376 0.99999999]
193 12.436730172250844 [0.21953422 0.25802964 0.2085498  0.99999999 0.21597088 0.23125303
 0.30677366 0.99999999 0.3215802  0.3426044  0.31426608 0.99999999]
194 11.118877246497803 [0.21913575 0.25785758 0.20836708 0.99999999 0.21539508 0.23146065
 0.3065853  0.99999999 0.32203441 0.34285024 0.31449005 0.99999999]
195 13.33016723131745 [0.21883812 0.25771506 0.20819842 0.99999999 0.21495274 0.23169089
 0.30628327 0.99999999 0.32268814 0.34340443 0.31519306 0.99999999]
196 13.786400920926607 [0.21837605 0.25772671 0.20775009 0.99999999 0.21425418 0.23144451
 0.30613269 0.99999999 0.32298069 0.34382379 0.31580195 0.99999999]
197 10.961066358336005 [0.21798618 0.25766963 0.20729945 0.99999999 0.21365111 0.23107941
 0.30592302 0.99999999 0.32308584 0.34421782 0.31617696 0.99999999]
198 10.099299135325436 [0.21763585 0.25755986 0.20695145 0.99999999 0.21318027 0.23062842
 0.30566446 0.99999999 0.32333309 0.34460786 0.31682852 0.99999999]
199 10.997944080104997 [0.21731254 0.25749088 0.20657879 0.99999999 0.21267091 0.23020565
 0.30506883 0.99999999 0.32345014 0.34480395 0.3172814  0.99999999]
200 13.846435465480234 [0.21703872 0.25727124 0.20624123 0.99999999 0.21217196 0.22980521
 0.30464662 0.99999999 0.32324908 0.34499917 0.31747643 0.99999999]
201 12.683718822384876 [0.21681401 0.25700669 0.2059742  0.99999999 0.21170577 0.22949576
 0.30423265 0.99999999 0.32299238 0.34512267 0.31752317 0.99999999]
202 11.982959893279258 [0.21681213 0.25684937 0.20573112 0.99999999 0.21111365 0.22915861
 0.30374955 0.99999999 0.32284841 0.34528812 0.31773739 0.99999999]
203 9.258486522873556 [0.21677847 0.25656523 0.20561371 0.99999999 0.21062605 0.22880769
 0.30305431 0.99999999 0.3226376  0.34572062 0.31786329 0.99999999]
204 9.866081280234237 [0.21682543 0.25653738 0.20544029 0.99999999 0.2102385  0.22840836
 0.30223521 0.99999999 0.322283   0.3457233  0.31778451 0.99999999]
205 10.171029156015322 [0.21706861 0.25652106 0.20533246 0.99999999 0.20997962 0.22816101
 0.30166883 0.99999999 0.32191675 0.34575523 0.31781514 0.99999999]
206 10.909708324147575 [0.21739988 0.25661109 0.20514989 0.99999999 0.2098986  0.22807701
 0.30145685 0.99999999 0.32154769 0.34553939 0.31785985 0.99999999]
207 9.027758793496108 [0.21782146 0.25658469 0.20523045 0.99999999 0.20970968 0.2281341
 0.30155769 0.99999999 0.32133395 0.34533718 0.31786306 0.99999999]
208 10.967000673462074 [0.21812215 0.25670573 0.2052375  0.99999999 0.2092446  0.22829047
 0.30168411 0.99999999 0.32078611 0.34513897 0.31825925 0.99999999]
209 13.381194246352724 [0.21852132 0.25661674 0.20510929 0.99999999 0.20884487 0.22839064
 0.30185946 0.99999999 0.31993925 0.34507778 0.3186962  0.99999999]
210 9.837536919091765 [0.21873947 0.25669152 0.2052633  0.99999999 0.20852797 0.22837417
 0.30199347 0.99999999 0.31943238 0.34517746 0.31907715 0.99999999]
211 10.424234006156716 [0.21883161 0.25674784 0.20556601 0.99999999 0.20828317 0.22838705
 0.3019527  0.99999999 0.31910744 0.3452828  0.31954773 0.99999999]
212 370.9100104935285 [0.21893742 0.25680347 0.2058767  0.99999999 0.20802312 0.22840533
 0.3020082  0.99999999 0.31904192 0.34500206 0.31991284 0.99999999]
213 10.724427524232095 [0.21890364 0.25692    0.20618231 0.99999999 0.20774982 0.2282427
 0.30234782 0.99999999 0.31897878 0.34504056 0.32052374 0.99999999]
214 9.041156361513888 [0.21892561 0.25706119 0.20654069 0.99999999 0.20753629 0.22812149
 0.30253845 0.99999999 0.31898937 0.34463485 0.32117095 0.99999999]
215 8.9295048938077 [0.21905346 0.25732678 0.20663024 0.99999999 0.20696449 0.22775096
 0.30301665 0.99999999 0.31916551 0.34424043 0.32214975 0.99999999]
216 11.102610533286285 [0.21935798 0.2572352  0.20685242 0.99999999 0.20660743 0.22737189
 0.30345122 0.99999999 0.31919924 0.34416857 0.32300152 0.99999999]
217 12.90203294377973 [0.21964373 0.25700995 0.20699217 0.99999999 0.20636289 0.22714861
 0.3037727  0.99999999 0.31950072 0.34401833 0.3237852  0.99999999]
218 10.536608463528705 [0.21923668 0.25668258 0.20724233 0.99999999 0.20627236 0.22675705
 0.30403108 0.99999999 0.319151   0.34333352 0.32447137 0.99999999]
219 9.43237404336508 [0.21891254 0.2563216  0.20756638 0.99999999 0.20603986 0.22624056
 0.30436245 0.99999999 0.31900255 0.34304908 0.3248012  0.99999999]
220 8.610489875383903 [0.21842947 0.25556451 0.20764093 0.99999999 0.20572229 0.22580417
 0.30497029 0.99999999 0.3189377  0.34249518 0.32501487 0.99999999]
221 12.010824897600074 [0.21799677 0.25510942 0.20780148 0.99999999 0.20525564 0.22542587
 0.30564873 0.99999999 0.31883503 0.34222216 0.3251773  0.99999999]
222 355.4993307698276 [0.21760478 0.25476852 0.20805466 0.99999999 0.20468918 0.22510649
 0.30634463 0.99999999 0.31852219 0.34191776 0.32531804 0.99999999]
223 12.941873133469361 [0.21729574 0.25419815 0.2082216  0.99999999 0.20409266 0.22483375
 0.30683709 0.99999999 0.31812221 0.3419541  0.32546564 0.99999999]
224 12.700396550129334 [0.21707037 0.25374682 0.20847368 0.99999999 0.20381453 0.22427364
 0.30787136 0.99999999 0.31781889 0.3419831  0.3253834  0.99999999]
225 13.761891639175744 [0.21678364 0.25336783 0.20867851 0.99999999 0.20360233 0.22377594
 0.30885989 0.99999999 0.31765241 0.3417679  0.32520257 0.99999999]
226 7.941741930958797 [0.21653394 0.2529905  0.20883476 0.99999999 0.20347688 0.22341811
 0.30977843 0.99999999 0.31751319 0.34155499 0.32461879 0.99999999]
227 11.733426555189297 [0.21632068 0.25239684 0.20905614 0.99999999 0.20335848 0.22310548
 0.31069728 0.99999999 0.31719469 0.34126239 0.32392181 0.99999999]
228 10.548986429536214 [0.21596748 0.25135312 0.20931411 0.99999999 0.20338226 0.22269267
 0.31099839 0.99999999 0.31696949 0.34106425 0.32340218 0.99999999]
229 7.450557837524288 [0.21567936 0.2503301  0.209621   0.99999999 0.20341981 0.2222963
 0.31112021 0.99999999 0.31686381 0.34029129 0.32334573 0.99999999]
230 10.665671300054388 [0.2154523  0.24942292 0.2097324  0.99999999 0.20338017 0.22195882
 0.31186361 0.99999999 0.31701313 0.33940736 0.32260876 0.99999999]
231 9.775578741552406 [0.21544125 0.24858618 0.20987995 0.99999999 0.20331866 0.22156671
 0.31220559 0.99999999 0.31698528 0.33877044 0.32198891 0.99999999]
232 13.840879000634283 [0.21534548 0.24766296 0.21011077 0.99999999 0.20332954 0.22113383
 0.31291669 0.99999999 0.31713587 0.33832425 0.32154416 0.99999999]
233 9.492108107931172 [0.21527493 0.24695258 0.21031739 0.99999999 0.20330051 0.22073128
 0.31336263 0.99999999 0.31734919 0.33808837 0.32100456 0.99999999]
234 10.953724525422633 [0.21519686 0.24616523 0.21060238 0.99999999 0.20317528 0.22050164
 0.31343328 0.99999999 0.31758466 0.33780292 0.32039456 0.99999999]
235 10.49969100962525 [0.21505001 0.24533934 0.21093267 0.99999999 0.2029445  0.22038341
 0.31378402 0.99999999 0.31801705 0.33745629 0.31970331 0.99999999]
236 11.37467250634608 [0.21506281 0.24455994 0.21139952 0.99999999 0.20257941 0.22034336
 0.31396005 0.99999999 0.31866125 0.33722231 0.31938021 0.99999999]
237 8.790394585296104 [0.21544672 0.24392049 0.21209081 0.99999999 0.2021572  0.22033058
 0.31417633 0.99999999 0.3192419  0.33684039 0.31935682 0.99999999]
238 10.145501685213272 [0.21613376 0.24329825 0.21265453 0.99999999 0.20181183 0.22024193
 0.31432662 0.99999999 0.31984319 0.33655713 0.319273   0.99999999]
239 11.233033147202972 [0.21678628 0.24274343 0.21321651 0.99999999 0.20155902 0.22012022
 0.31434526 0.99999999 0.32035944 0.33629994 0.31947852 0.99999999]
240 11.538486069798807 [0.21733258 0.24234574 0.21358285 0.99999999 0.20097407 0.21990596
 0.31468441 0.99999999 0.32106864 0.33625128 0.31989321 0.99999999]
241 12.240874507261589 [0.2178245  0.24197553 0.21373991 0.99999999 0.20047718 0.21951188
 0.31492173 0.99999999 0.32192212 0.33619072 0.32041266 0.99999999]
242 10.85294434634854 [0.21819095 0.24165669 0.2138313  0.99999999 0.19997799 0.21935534
 0.31518916 0.99999999 0.32284193 0.33622707 0.32091704 0.99999999]
243 10.897872301933832 [0.21858644 0.24160285 0.21377684 1.         0.19953155 0.21904711
 0.31533708 1.         0.32344388 0.33602295 0.32126045 1.        ]
244 10.657191952685366 [0.21894774 0.24167978 0.21376538 1.         0.19900295 0.21883774
 0.31538997 1.         0.32397581 0.33570785 0.32153951 1.        ]
245 8.086227435633454 [0.21920912 0.24182374 0.21378933 1.         0.19853791 0.21865212
 0.31551145 1.         0.3245489  0.33536898 0.32169121 1.        ]
246 10.264088310351042 [0.21941659 0.2423292  0.21357472 1.         0.19814601 0.21844369
 0.31568639 1.         0.32481783 0.33485962 0.32171534 1.        ]
247 12.39605065474544 [0.21975572 0.24287073 0.2134946  1.         0.19761333 0.21823738
 0.3159427  1.         0.3247851  0.33451027 0.32195458 1.        ]
248 12.843667495446383 [0.22022823 0.24324087 0.21336258 1.         0.19711399 0.21806823
 0.31615274 1.         0.32471158 0.33401964 0.32230921 1.        ]
249 11.294295082326663 [0.22056536 0.24350348 0.21323748 1.         0.19663858 0.21798028
 0.3168497  1.         0.32475589 0.33302472 0.3226485  1.        ]
250 9.07456078162492 [0.22073143 0.24385303 0.21301176 1.         0.19623286 0.21790492
 0.317642   1.         0.32441559 0.33172649 0.32287359 1.        ]
251 8.929783124983388 [0.22045265 0.24420497 0.21276712 1.         0.19591835 0.21786435
 0.31861071 1.         0.3240338  0.33072827 0.32315787 1.        ]
252 13.35522768000376 [0.22029212 0.24455375 0.21228485 1.         0.19546988 0.21794961
 0.3193815  1.         0.32346018 0.32948171 0.32299004 1.        ]
253 11.067281423711323 [0.22022074 0.24445983 0.21173615 1.         0.1949413  0.21820605
 0.32005374 1.         0.32255652 0.3279375  0.32241262 1.        ]
254 10.028303525755437 [0.22027048 0.24440619 0.21133863 1.         0.19442682 0.21848524
 0.32033872 1.         0.32123962 0.32671459 0.32173143 1.        ]
255 11.766244923244578 [0.22021182 0.2441845  0.21100818 1.         0.19391785 0.21868442
 0.32058259 1.         0.31991094 0.32590225 0.32162864 1.        ]
256 13.754866151309454 [0.22008063 0.24370184 0.21061758 1.         0.19338726 0.21856352
 0.3205917  1.         0.31834864 0.32509989 0.32169423 1.        ]
257 13.091962359005864 [0.21977352 0.24326382 0.21035836 1.         0.1928781  0.21846973
 0.32048404 1.         0.31712089 0.32444028 0.32179871 1.        ]
258 11.507927955307487 [0.2195643  0.24296758 0.20996745 1.         0.19228275 0.21833416
 0.32114958 1.         0.31628132 0.32355723 0.32241917 1.        ]
259 9.519718556003511 [0.21934893 0.24258852 0.20976999 1.         0.19188691 0.21823982
 0.32192242 1.         0.31572251 0.32283279 0.32306662 1.        ]
260 10.38749018519603 [0.21940217 0.24231276 0.20965301 1.         0.19143537 0.21803991
 0.32213498 1.         0.31501455 0.32183075 0.32371892 1.        ]
261 14.65559163761644 [0.21964664 0.24207948 0.20924806 1.         0.19084694 0.21763127
 0.32160353 1.         0.31438747 0.32055536 0.32411818 1.        ]
262 10.219294269851341 [0.2196471  0.24198051 0.20887534 1.         0.19023281 0.21697927
 0.32153454 1.         0.31396168 0.31934226 0.3246279  1.        ]
263 14.268685253588743 [0.2196428  0.24188308 0.20856228 1.         0.18961434 0.21636973
 0.32170259 1.         0.31348116 0.31808239 0.32500027 1.        ]
264 16.487827346253706 [0.21976706 0.24175106 0.20808361 1.         0.18897405 0.2156897
 0.32191111 1.         0.31331974 0.31668236 0.32554811 1.        ]
265 15.714500652175897 [0.22023113 0.24161304 0.20768381 1.         0.18838117 0.21512501
 0.3223747  1.         0.31339148 0.31546026 0.32598774 1.        ]
266 13.703141858320766 [0.22089798 0.24134937 0.20749408 1.         0.18785377 0.2144881
 0.32276061 1.         0.31361159 0.3142189  0.32618657 1.        ]
267 12.277744840292979 [0.22150743 0.24114319 0.20733745 1.         0.18727982 0.21392874
 0.32291134 1.         0.3137438  0.31303218 0.32693444 1.        ]
268 13.825988687711828 [0.22190822 0.24102393 0.20734583 1.         0.18686939 0.21342011
 0.32325022 1.         0.31398129 0.31184059 0.32756925 1.        ]
269 10.975666830275348 [0.22227677 0.24083359 0.20738365 1.         0.18638423 0.21280645
 0.32349588 1.         0.31420323 0.31080572 0.32843678 1.        ]
270 9.45136317616468 [0.2225219  0.24054876 0.20750981 1.         0.18612352 0.21226427
 0.32388109 1.         0.31472663 0.30996506 0.32944238 1.        ]
271 13.888308850821659 [0.22271428 0.24035224 0.20770179 1.         0.18595144 0.21191522
 0.32460982 1.         0.31538542 0.30927436 0.33065265 1.        ]
272 13.930346357569533 [0.22270588 0.24011129 0.20781253 1.         0.18585485 0.21147072
 0.3255405  1.         0.31577523 0.30882091 0.33176203 1.        ]
273 11.296412679304765 [0.2226339  0.23994399 0.20789582 1.         0.18574521 0.21093533
 0.32648648 1.         0.31589407 0.30825222 0.33252157 1.        ]
274 12.332805289725503 [0.22271243 0.23982655 0.20803285 1.         0.18543913 0.21054605
 0.32720297 1.         0.31583837 0.307925   0.33315588 1.        ]
275 10.979589974298865 [0.22274073 0.23997849 0.20801439 1.         0.18523021 0.21001961
 0.32790939 1.         0.31600186 0.30776418 0.33391891 1.        ]
276 13.867200553607637 [0.22274476 0.24003794 0.2079611  1.         0.18511296 0.20955051
 0.32919598 1.         0.31630515 0.30774984 0.33476475 1.        ]
277 13.298040859838103 [0.22278572 0.2399731  0.20794298 1.         0.1850136  0.20917478
 0.3303289  1.         0.31652138 0.30781421 0.33546274 1.        ]
278 11.975782599217016 [0.22281373 0.23995261 0.20795392 1.         0.18493269 0.20873509
 0.33146681 1.         0.31679712 0.30802591 0.33599381 1.        ]
279 14.201420629517935 [0.2229595  0.2400399  0.20824465 1.         0.18487277 0.20845084
 0.33255545 1.         0.31692732 0.30839    0.33661468 1.        ]
280 14.614435020739515 [0.22319205 0.24018927 0.20838249 1.         0.18480375 0.2083025
 0.33382336 1.         0.3171685  0.30886042 0.33703711 1.        ]
281 14.530947989522161 [0.22318266 0.24059624 0.20852894 1.         0.18476375 0.20784135
 0.33530573 1.         0.31754135 0.30929335 0.33769307 1.        ]
282 12.765221838230698 [0.22309305 0.24091249 0.20850652 1.         0.18469243 0.20755346
 0.33681974 1.         0.31776232 0.30958165 0.33827241 1.        ]
283 12.8197682237089 [0.22289836 0.24132241 0.20842187 1.         0.18477755 0.20730813
 0.33797054 1.         0.31794405 0.30987859 0.33884763 1.        ]
284 12.189833284749595 [0.22213641 0.24184463 0.2083601  1.         0.18485951 0.20740696
 0.33908059 1.         0.31817034 0.30979877 0.3391337  1.        ]
285 11.464434687535922 [0.22143743 0.24214907 0.20795918 1.         0.18506124 0.2074899
 0.34007383 1.         0.31853243 0.30983023 0.33951085 1.        ]
286 14.863308537753305 [0.22105844 0.24253575 0.20734585 1.         0.18519215 0.2076534
 0.34128543 1.         0.319031   0.3099569  0.34013009 1.        ]
287 11.701303612117187 [0.2202877  0.24278634 0.20673779 1.         0.18530188 0.20788013
 0.34246504 1.         0.31975212 0.30997613 0.34087275 1.        ]
288 11.687864774490588 [0.21958104 0.24281353 0.20625877 1.         0.18549212 0.20813191
 0.3434841  1.         0.32022873 0.31002114 0.34169451 1.        ]
289 10.648981793180479 [0.21895316 0.24318202 0.20573963 1.         0.18565245 0.20845855
 0.34413214 1.         0.32101991 0.31000531 0.34276263 1.        ]
290 9.531499802807588 [0.21846243 0.24350466 0.20514189 1.         0.18565721 0.20869557
 0.3455133  1.         0.32207261 0.30985746 0.34327093 1.        ]
291 10.56249328222492 [0.21817077 0.24383165 0.20474543 1.         0.18549478 0.20872826
 0.34677223 1.         0.32263682 0.30957582 0.34391726 1.        ]
292 10.843428470878614 [0.2180187  0.24415665 0.20441798 1.         0.18544287 0.20877925
 0.34834545 1.         0.32308335 0.30935861 0.34469988 1.        ]
293 9.555964533689767 [0.21751214 0.24468328 0.20396841 1.         0.18543696 0.20901377
 0.34982412 1.         0.32380868 0.30871042 0.34579116 1.        ]
294 8.368580022309636 [0.21697579 0.24511061 0.20346812 1.         0.1854167  0.20928091
 0.35118665 1.         0.32431774 0.30790695 0.34614872 1.        ]
295 12.522413213750987 [0.21640746 0.24563318 0.20306436 1.         0.18550534 0.20947242
 0.35233918 1.         0.32503462 0.30720388 0.34661431 1.        ]
296 13.723134790732152 [0.21581484 0.24607706 0.20254547 1.         0.18563477 0.2097469
 0.35336207 1.         0.32570041 0.30672186 0.34756202 1.        ]
297 14.09611274008978 [0.21496617 0.24646149 0.20184627 1.         0.18571047 0.2099427
 0.35350714 1.         0.3261677  0.30639883 0.3481217  1.        ]
298 12.760779853137688 [0.21416149 0.24702449 0.20109732 1.         0.18584191 0.21004895
 0.35372069 1.         0.32645583 0.30595185 0.34864206 1.        ]
299 15.859203058526742 [0.21350449 0.24753493 0.20053974 1.         0.18594465 0.21007392
 0.35388115 1.         0.32662353 0.30556953 0.34876743 1.        ]
300 13.153314102387743 [0.21288575 0.24794344 0.20002915 1.         0.18603341 0.20986444
 0.35377625 1.         0.32664396 0.3050962  0.34884381 1.        ]
301 11.813024801982674 [0.21223216 0.24838432 0.19936392 1.         0.1861302  0.20939073
 0.35412523 1.         0.32681039 0.3041907  0.3487889  1.        ]
302 12.97826367605684 [0.21188544 0.24847994 0.19859754 1.         0.18601678 0.20908854
 0.35455921 1.         0.32699261 0.30315895 0.3490924  1.        ]
303 10.812970750576538 [0.21186357 0.24864628 0.19807864 1.         0.18566028 0.20897303
 0.35519592 1.         0.32705051 0.30247028 0.34942987 1.        ]
304 11.879245529046273 [0.21180499 0.24884992 0.19757992 1.         0.18531494 0.20891118
 0.35502104 1.         0.32734991 0.30169576 0.34916305 1.        ]
305 9.974883812429276 [0.21151676 0.24907077 0.19700086 1.         0.18481284 0.20882048
 0.35484449 1.         0.32719556 0.30093739 0.34874705 1.        ]
306 10.16644882546248 [0.211069   0.2492126  0.19644771 1.         0.18444323 0.20875458
 0.35493299 1.         0.3268411  0.30016625 0.34847563 1.        ]
307 9.850150491556233 [0.21073615 0.24906977 0.19595109 1.         0.18408777 0.20874962
 0.35480721 1.         0.32642373 0.29934459 0.34831614 1.        ]
308 10.862030262778454 [0.21042431 0.24886258 0.19533847 1.         0.18374681 0.20876131
 0.3549581  1.         0.32604694 0.29862343 0.34837303 1.        ]
309 9.223567844515774 [0.20984377 0.24846188 0.19468643 1.         0.18343299 0.20885175
 0.35483561 1.         0.32595627 0.29788346 0.34856005 1.        ]
310 11.18830630473372 [0.20930719 0.24838598 0.19388141 1.         0.18316789 0.20901334
 0.35534904 1.         0.32606532 0.29745056 0.34899274 1.        ]
311 12.754552849525496 [0.20871829 0.24826006 0.19315707 1.         0.18297237 0.20903931
 0.35553673 1.         0.32616461 0.29711269 0.34948487 1.        ]
312 7.946506881461392 [0.20841977 0.24800388 0.1924189  1.         0.18270933 0.20892163
 0.35536396 1.         0.32611737 0.29657728 0.34949788 1.        ]
313 7.651515976093467 [0.20821922 0.24787368 0.19173535 1.         0.18245228 0.20881954
 0.35529893 1.         0.32610261 0.29614166 0.349313   1.        ]
314 7.865000593750717 [0.2080485  0.24796029 0.19112122 1.         0.1822911  0.2086519
 0.35477672 1.         0.32630261 0.29581736 0.34896676 1.        ]
315 8.305279099610228 [0.2076842  0.24803307 0.19050771 1.         0.18214859 0.20842042
 0.35414296 1.         0.32650937 0.29544916 0.34836206 1.        ]
316 6.819170714650259 [0.20746969 0.24796121 0.18993678 1.         0.1820374  0.20834323
 0.35359242 1.         0.32667722 0.29505546 0.34810001 1.        ]
317 9.698587832321097 [0.20702916 0.24798591 0.18947851 1.         0.18194155 0.20835576
 0.35328357 1.         0.32716851 0.29474408 0.34745645 1.        ]
318 8.835982615494807 [0.20665937 0.24803449 0.1890139  1.         0.1818427  0.20824861
 0.3527751  1.         0.32770652 0.29419699 0.34661802 1.        ]
319 9.893264596844448 [0.20630241 0.24810957 0.18853963 1.         0.18180139 0.2081188
 0.35287528 1.         0.32817504 0.29388286 0.34601093 1.        ]
320 11.66984712965279 [0.20599894 0.24835961 0.18796571 1.         0.18190368 0.20817808
 0.35263626 1.         0.32884157 0.2937943  0.34521054 1.        ]
321 10.23835811430557 [0.20573944 0.24862557 0.18747472 1.         0.18181544 0.20830239
 0.35302016 1.         0.32956945 0.29382067 0.34419706 1.        ]
322 9.099068390448588 [0.20547677 0.24880908 0.18705276 1.         0.18170648 0.20829215
 0.35337708 1.         0.33055812 0.29396417 0.34293083 1.        ]
323 8.448985940728205 [0.2048721  0.24884487 0.18643637 1.         0.18170849 0.20826639
 0.353545   1.         0.33141091 0.29415705 0.3416588  1.        ]
324 10.079187137909425 [0.20410848 0.24861021 0.18581874 1.         0.18160128 0.20812638
 0.35419878 1.         0.33189109 0.29466407 0.34067688 1.        ]
325 8.1566148828932 [0.20362122 0.2484672  0.18525987 1.         0.18154576 0.2077859
 0.35520155 1.         0.33200279 0.29536902 0.33989998 1.        ]
326 12.105045413382076 [0.20332034 0.24855927 0.18478318 1.         0.18142985 0.20745951
 0.35565889 1.         0.33235324 0.29575334 0.33924097 1.        ]
327 8.465533815466463 [0.20299151 0.24846356 0.18423663 1.         0.18148027 0.20717147
 0.35618536 1.         0.33267155 0.29610897 0.33897971 1.        ]
328 9.720165086843576 [0.20262257 0.24842134 0.1838256  1.         0.1815558  0.20675662
 0.35665048 1.         0.33290958 0.29652082 0.33867315 1.        ]
329 8.787194451655914 [0.202318   0.24819799 0.18336191 1.         0.1816448  0.2063325
 0.35708607 1.         0.3335006  0.29672584 0.33850616 1.        ]
330 8.05907010320421 [0.20198481 0.24815903 0.1829306  1.         0.1816377  0.20590915
 0.35744985 1.         0.33382806 0.2970132  0.33835009 1.        ]
331 10.310832632420814 [0.20170783 0.24812873 0.18256065 1.         0.18159408 0.20553439
 0.3576989  1.         0.33431596 0.29746722 0.33765035 1.        ]
332 9.705059294451704 [0.20154063 0.24792769 0.18220213 1.         0.18152206 0.20512003
 0.35748056 1.         0.33486428 0.29799913 0.33644972 1.        ]
333 10.526314290762155 [0.20137104 0.24782349 0.18178213 1.         0.1813823  0.20473267
 0.35781883 1.         0.33517507 0.2985363  0.33539708 1.        ]
334 708.8032197617753 [0.20114861 0.24777559 0.18124334 1.         0.18123654 0.20419676
 0.35865399 1.         0.33553773 0.2991315  0.33465116 1.        ]
335 6.69599934576792 [0.20085463 0.24745062 0.18064421 1.         0.18105083 0.20368388
 0.35879994 1.         0.33589159 0.29995631 0.33399517 1.        ]
336 9.174466063882903 [0.20053541 0.24690821 0.18001576 1.         0.18082827 0.20316217
 0.35884018 1.         0.33621369 0.30080446 0.3335835  1.        ]
337 11.253649175966096 [0.20016616 0.24613654 0.17943818 1.         0.18056051 0.2025914
 0.35884733 1.         0.33675423 0.30122461 0.33327396 1.        ]
338 8.434120047978734 [0.19974243 0.24538037 0.17896158 1.         0.18035484 0.20190495
 0.35870562 1.         0.33714996 0.30188679 0.33294064 1.        ]
339 7.131040062353103 [0.1991486  0.24440782 0.17844286 1.         0.18023068 0.20135855
 0.35881305 1.         0.33721075 0.30245353 0.33274741 1.        ]
340 9.346431169278054 [0.19854103 0.24363296 0.17797776 1.         0.18007791 0.20072087
 0.35938873 1.         0.33741047 0.30275209 0.33249431 1.        ]
341 7.239795112880988 [0.19825017 0.24248671 0.1774696  1.         0.1799326  0.20010668
 0.35939896 1.         0.33735189 0.30308077 0.33227302 1.        ]
342 8.04518932883171 [0.19769732 0.24157443 0.1770732  1.         0.17984953 0.19960258
 0.35977892 1.         0.33738411 0.30316141 0.33219112 1.        ]
343 7.7365157027004 [0.19717493 0.24096473 0.1767008  1.         0.17969353 0.19910744
 0.36016336 1.         0.33707662 0.30306904 0.33218409 1.        ]
344 8.161578979674058 [0.19638215 0.24054375 0.17625599 1.         0.17957082 0.19876288
 0.35937471 1.         0.33671131 0.30321352 0.33234312 1.        ]
345 6.327631944661393 [0.19561902 0.24030535 0.17583842 1.         0.17948818 0.19854535
 0.35882584 1.         0.3364993  0.30331901 0.33219457 1.        ]
346 7.58661129757613 [0.1951058  0.23997622 0.17534221 1.         0.1794389  0.1983862
 0.3575033  1.         0.33680403 0.30336468 0.33240608 1.        ]
347 7.7480272055477695 [0.19476723 0.23940929 0.17490565 1.         0.17930383 0.19812501
 0.35612617 1.         0.33773955 0.30323439 0.33233616 1.        ]
348 8.417828764087146 [0.19452343 0.23890546 0.1745369  1.         0.17899475 0.19795535
 0.35510095 1.         0.33860497 0.303053   0.33253088 1.        ]
349 7.452754354181103 [0.19411631 0.23848066 0.17427487 1.         0.17869312 0.19773148
 0.3539677  1.         0.33962084 0.30281634 0.33278046 1.        ]
350 8.19968611070789 [0.1935981  0.23812895 0.17395092 1.         0.1782568  0.19777905
 0.35357789 1.         0.34041092 0.30251061 0.33320532 1.        ]
351 10.577146301304564 [0.19311544 0.23775147 0.17361959 1.         0.17785199 0.19773088
 0.35355567 1.         0.34076882 0.30235648 0.33310432 1.        ]
352 8.116940146769059 [0.19262903 0.23724857 0.17311379 1.         0.17743405 0.19774547
 0.35302511 1.         0.34095315 0.30226134 0.33295356 1.        ]
353 7.645056193817005 [0.19221211 0.23686142 0.1726534  1.         0.17702938 0.19772799
 0.35190002 1.         0.34100953 0.3021067  0.3326475  1.        ]
354 9.29290723090129 [0.19195616 0.2363854  0.17220059 1.         0.17671884 0.1977228
 0.35095429 1.         0.34112978 0.30184774 0.33220644 1.        ]
355 8.572843769245026 [0.19153569 0.23614834 0.17171263 1.         0.17646839 0.19765551
 0.35022739 1.         0.34144481 0.30183109 0.33155244 1.        ]
356 9.936750858905494 [0.1910927  0.23589805 0.17130199 1.         0.17619239 0.19764737
 0.34957399 1.         0.34157457 0.30190162 0.33054337 1.        ]
357 10.031736825333045 [0.19076124 0.23586201 0.17091095 1.         0.17597698 0.19768837
 0.34890254 1.         0.34153081 0.30220694 0.32973612 1.        ]
358 11.837788016443872 [0.19047127 0.23581431 0.17066667 1.         0.17567015 0.19768765
 0.34856759 1.         0.34093059 0.30244856 0.32919178 1.        ]
359 11.18490336363001 [0.19030546 0.23577454 0.17041956 1.         0.17529618 0.19754201
 0.34824328 1.         0.34061001 0.30270124 0.32837079 1.        ]
360 10.367869221688247 [0.19017923 0.23584932 0.17016214 1.         0.17499513 0.19744181
 0.34791188 1.         0.34011683 0.30294783 0.32779568 1.        ]
361 9.156069293662668 [0.18995512 0.23606504 0.1696207  1.         0.17470983 0.19740641
 0.3477097  1.         0.33995432 0.30261383 0.3275057  1.        ]
362 7.486578268401044 [0.18961193 0.23614729 0.16909151 1.         0.17448506 0.19739509
 0.34716899 1.         0.33935327 0.30236117 0.32723085 1.        ]
363 9.679924099392167 [0.18925445 0.23616943 0.16862472 1.         0.17417134 0.19750315
 0.34633088 1.         0.33875918 0.30216688 0.32728116 1.        ]
364 9.185428999933292 [0.18904847 0.23638573 0.16802414 1.         0.17400569 0.19758788
 0.34501502 1.         0.33803295 0.30239499 0.32710354 1.        ]
365 7.69437928143522 [0.18889858 0.23667142 0.16747064 1.         0.17390255 0.19774027
 0.34336204 1.         0.33748362 0.30240183 0.32649956 1.        ]
366 8.366637493597453 [0.18853335 0.2370064  0.16690691 1.         0.17388291 0.19785557
 0.34229742 1.         0.33678291 0.30241749 0.32572165 1.        ]
367 8.410464983246824 [0.1882461  0.2375322  0.16635287 1.         0.17377331 0.19776332
 0.34199484 1.         0.33576649 0.30254341 0.32487053 1.        ]
368 7.100721689411927 [0.18780196 0.23795323 0.16589236 1.         0.17357687 0.19782048
 0.34173956 1.         0.33464188 0.30293815 0.32385286 1.        ]
369 9.469080457263539 [0.1873596  0.23852412 0.16541184 1.         0.17340935 0.19785571
 0.34136446 1.         0.33367536 0.30333791 0.32279715 1.        ]
370 7.979164598492126 [0.18704777 0.2390103  0.16501784 1.         0.1731056  0.19773147
 0.34096532 1.         0.33267023 0.30341545 0.32152197 1.        ]
371 8.802584452803222 [0.18677093 0.23930579 0.16476961 1.         0.17271231 0.1977022
 0.34062284 1.         0.33199021 0.30355685 0.32046456 1.        ]
372 6.382150070999456 [0.18655149 0.23997236 0.16461946 1.         0.17234808 0.19769854
 0.34038003 1.         0.33117392 0.30390338 0.31981931 1.        ]
373 6.336892083946495 [0.18643376 0.24076059 0.16453466 1.         0.17209954 0.1977495
 0.34005081 1.         0.3305755  0.30429031 0.31891284 1.        ]
374 9.638042752707314 [0.18635768 0.24142957 0.16460233 1.         0.17190682 0.19786393
 0.33973356 1.         0.32996153 0.30463008 0.31794988 1.        ]
375 7.321810581057909 [0.18618093 0.24209768 0.16464174 1.         0.17175691 0.19790145
 0.3394941  1.         0.32932164 0.30486476 0.31708682 1.        ]
376 8.149544893369729 [0.18587814 0.24266654 0.16464801 1.         0.17147766 0.1979138
 0.33917    1.         0.32899082 0.30489734 0.31677031 1.        ]
377 7.949984336598163 [0.18556428 0.24317903 0.16463472 1.         0.17118515 0.19789614
 0.33856934 1.         0.32903633 0.30511287 0.31634881 1.        ]
378 8.046167232736531 [0.18530926 0.24353893 0.16460403 1.         0.17102925 0.19787226
 0.33799701 1.         0.3288939  0.30524107 0.31605409 1.        ]
379 7.120014790369611 [0.18506382 0.24393663 0.16464752 1.         0.17085582 0.19787407
 0.33714004 1.         0.32883314 0.30526985 0.31555628 1.        ]
380 7.66707254399072 [0.18470043 0.24426845 0.16467764 1.         0.1706753  0.19791294
 0.33668927 1.         0.32869112 0.30525117 0.31529701 1.        ]
381 8.84400087160536 [0.18436169 0.24455763 0.16468517 1.         0.17044849 0.198136
 0.33602192 1.         0.32837783 0.30523225 0.31522182 1.        ]
382 6.532451094237807 [0.18385616 0.24463674 0.16478281 1.         0.17005851 0.19820954
 0.33540049 1.         0.32815945 0.30512456 0.31487483 1.        ]
383 6.9209427460277615 [0.18338562 0.24476651 0.16483795 1.         0.16968776 0.198432
 0.33487015 1.         0.32799333 0.3051325  0.31458847 1.        ]
384 7.0239699002648495 [0.18294271 0.24494722 0.16479336 1.         0.16931342 0.19871194
 0.33419489 1.         0.32760345 0.30508145 0.31433831 1.        ]
385 6.011893486858407 [0.18265712 0.24511197 0.16464621 0.99999999 0.16899932 0.19913958
 0.33348312 0.99999999 0.32729688 0.30535327 0.31385403 0.99999999]
386 5.846639204887203 [0.18234009 0.24552517 0.16437781 0.99999999 0.16867569 0.19924012
 0.33283328 0.99999999 0.32685159 0.30556589 0.31302962 0.99999999]
387 6.331994151309339 [0.18216303 0.24551057 0.16422159 0.99999999 0.16833596 0.19932868
 0.33253879 0.99999999 0.32625902 0.30605105 0.31213773 0.99999999]
388 5.439949745218257 [0.18199196 0.24573478 0.16411065 0.99999999 0.16808476 0.19943299
 0.33242138 0.99999999 0.32559997 0.30645841 0.31138904 0.99999999]
389 6.710475579153067 [0.18169763 0.24566144 0.16397462 0.99999999 0.16766739 0.19958905
 0.33222402 0.99999999 0.32478854 0.30708654 0.31097712 0.99999999]
390 5.544301454717528 [0.18142963 0.2452737  0.16396305 0.99999999 0.16719382 0.19967473
 0.33263247 0.99999999 0.32364153 0.30769436 0.31090186 0.99999999]
391 7.190228516392514 [0.18118884 0.24498222 0.16390417 0.99999999 0.16688055 0.19966739
 0.33232711 0.99999999 0.32249138 0.30822688 0.31086665 0.99999999]
392 7.628196675297575 [0.1810121  0.2445864  0.16385472 0.99999999 0.16650338 0.19963511
 0.33202908 0.99999999 0.32129696 0.30878706 0.31081951 0.99999999]
393 7.496900700454333 [0.18073494 0.2439997  0.16380063 0.99999999 0.1662727  0.19960799
 0.331704   0.99999999 0.3206973  0.30906999 0.31064367 0.99999999]
394 6.0748183857931 [0.18048602 0.24343613 0.16382696 0.99999999 0.16605547 0.19947635
 0.33143171 0.99999999 0.32037533 0.30941156 0.31045191 0.99999999]
395 7.205443979902501 [0.18027014 0.24287733 0.1638551  0.99999999 0.16567368 0.19929925
 0.33136567 0.99999999 0.31995581 0.30979176 0.31002452 0.99999999]
396 8.759200264238425 [0.18018114 0.24214162 0.16384799 0.99999999 0.16526431 0.19908586
 0.33140357 0.99999999 0.31960285 0.31009431 0.30965326 0.99999999]
397 7.284059074503025 [0.17994226 0.24131921 0.16383181 0.99999999 0.164959   0.19878566
 0.33111764 0.99999999 0.319365   0.31027073 0.30935798 0.99999999]
398 7.7477415940954035 [0.17975354 0.24068297 0.16384104 0.99999999 0.16468673 0.19843393
 0.33069957 0.99999999 0.31908319 0.31020088 0.30903793 0.99999999]
399 7.203613675931505 [0.17959131 0.23997258 0.16392118 0.99999999 0.16447617 0.19825006
 0.33012623 0.99999999 0.31883326 0.31022145 0.30881999 0.99999999]
400 8.16338601558117 [0.17944273 0.23903162 0.16385649 0.99999999 0.16426354 0.19812958
 0.32892309 0.99999999 0.31842197 0.31016579 0.30842982 0.99999999]
401 7.315070183802706 [0.17924534 0.23815281 0.16379179 0.99999999 0.16412156 0.19796759
 0.32778272 0.99999999 0.31830463 0.31022328 0.30808658 0.99999999]
402 9.403220198999792 [0.17910971 0.23736672 0.16353614 0.99999999 0.16390293 0.19787131
 0.32659846 0.99999999 0.31843159 0.31048388 0.30785245 0.99999999]
403 7.617820966001117 [0.17918533 0.23666668 0.16313007 0.99999999 0.16366051 0.1977868
 0.32549443 0.99999999 0.3184925  0.31053598 0.30762575 0.99999999]
404 10.463531287912785 [0.17926448 0.23665668 0.16275376 0.99999999 0.16344176 0.19777545
 0.32415916 0.99999999 0.3186798  0.3106896  0.30737103 0.99999999]
405 8.492848332959307 [0.17932074 0.23662672 0.1624494  0.99999999 0.16320017 0.19780956
 0.32303965 0.99999999 0.31878863 0.31060124 0.30726158 0.99999999]
406 7.732202100345621 [0.17942716 0.23669492 0.16229677 0.99999999 0.16283434 0.19795355
 0.32198373 0.99999999 0.31882097 0.31043338 0.30709132 0.99999999]
407 8.767160298838341 [0.17952386 0.23682001 0.1622802  0.99999999 0.16248034 0.19797924
 0.32062934 0.99999999 0.31836512 0.30999718 0.30660336 0.99999999]
408 8.759966791287713 [0.17967889 0.23683864 0.16234474 0.99999999 0.16211445 0.19811266
 0.31951336 0.99999999 0.31748113 0.30983474 0.30615    0.99999999]
409 8.56649690216155 [0.17978791 0.23707475 0.16239992 0.99999999 0.16178741 0.19829605
 0.31854203 0.99999999 0.31683389 0.30979422 0.30577297 0.99999999]
410 9.405075265457537 [0.17982284 0.23739388 0.16235921 0.99999999 0.16145701 0.19855405
 0.31727967 0.99999999 0.31669759 0.30959863 0.30526553 0.99999999]
411 11.054864349613805 [0.17990533 0.2376649  0.16240079 0.99999999 0.16113341 0.19874767
 0.31644188 0.99999999 0.31706478 0.30891904 0.30481973 0.99999999]
412 9.931554462989993 [0.17990823 0.23780443 0.16230244 0.99999999 0.16085887 0.19896536
 0.31602612 0.99999999 0.31736342 0.30847707 0.30456367 0.99999999]
413 8.898764417026689 [0.17980985 0.23781483 0.16218458 0.99999999 0.16063468 0.19935899
 0.31577084 0.99999999 0.31785576 0.3079975  0.30446811 0.99999999]
414 9.445957527287472 [0.17952889 0.23770452 0.16223506 0.99999999 0.1604045  0.19962042
 0.31491475 0.99999999 0.31840091 0.30734211 0.30461978 0.99999999]
415 10.220799081405284 [0.17938654 0.23775945 0.16232019 0.99999999 0.16018686 0.19993947
 0.31395959 0.99999999 0.31892205 0.30662989 0.30482929 0.99999999]
416 9.524871412932189 [0.17923858 0.23808796 0.16255329 0.99999999 0.15994579 0.20030454
 0.31309041 0.99999999 0.31922257 0.3057607  0.30499773 0.99999999]
417 7.486569234040701 [0.17920676 0.23863419 0.16283701 0.99999999 0.15972284 0.20060589
 0.31220503 0.99999999 0.31896589 0.30487616 0.3052194  0.99999999]
418 8.79691389946759 [0.1790982  0.23910602 0.16292765 0.99999999 0.1595706  0.20089373
 0.3117929  0.99999999 0.3184793  0.30411907 0.3052918  0.99999999]
419 10.859724489897546 [0.17906087 0.23971395 0.1631491  0.99999999 0.15946829 0.20124781
 0.31131585 0.99999999 0.31823286 0.3030445  0.30539499 0.99999999]
420 9.951652052010814 [0.17905215 0.24035406 0.16342079 0.99999999 0.15934274 0.20133876
 0.31055131 0.99999999 0.31847876 0.3017033  0.30531291 0.99999999]
421 10.344390550173783 [0.1790948  0.24041899 0.16384141 0.99999999 0.15924514 0.20131113
 0.3095263  0.99999999 0.31895629 0.30065672 0.30542035 0.99999999]
422 10.689476489372648 [0.17910304 0.24060953 0.16435828 0.99999999 0.15922152 0.2012478
 0.30903838 0.99999999 0.31922043 0.29978335 0.30574013 0.99999999]
423 11.242867917185489 [0.17889122 0.240893   0.1648273  0.99999999 0.15911199 0.20110848
 0.30849342 0.99999999 0.31954697 0.2991852  0.30607426 0.99999999]
424 13.322888227779732 [0.17874969 0.24109565 0.16510688 0.99999999 0.15895057 0.20093105
 0.3081921  0.99999999 0.32022196 0.29852378 0.30646837 0.99999999]
425 6.994813200105911 [0.17861069 0.24107987 0.16533594 0.99999999 0.15881097 0.2006299
 0.30785755 0.99999999 0.32084932 0.29789334 0.30703409 0.99999999]
426 7.593737702431312 [0.17857393 0.24114787 0.16549985 0.99999999 0.15871604 0.2004409
 0.30739054 0.99999999 0.32135103 0.29723591 0.30746967 0.99999999]
427 9.209546408849768 [0.178485   0.24099752 0.16580366 0.99999999 0.15839963 0.20019201
 0.3070087  0.99999999 0.3216017  0.29682443 0.30761924 0.99999999]
428 10.899842872916583 [0.17841225 0.24093535 0.16610564 0.99999999 0.1580615  0.2001817
 0.30651844 0.99999999 0.32205808 0.29650663 0.30759615 0.99999999]
429 10.682977345279273 [0.17838744 0.24089902 0.16625423 0.99999999 0.15769118 0.20019203
 0.30571614 0.99999999 0.32243688 0.29609799 0.30768995 0.99999999]
430 9.363950684866964 [0.17821073 0.24103066 0.16627051 0.99999999 0.15742031 0.20022995
 0.30516266 0.99999999 0.32261603 0.29581818 0.30769834 0.99999999]
431 10.413693737705595 [0.17798054 0.24096858 0.16636475 0.99999999 0.15721417 0.20023717
 0.30456513 0.99999999 0.32268698 0.29562868 0.3075205  0.99999999]
432 8.807479792005942 [0.17763385 0.24082562 0.16658485 0.99999999 0.15698241 0.20007767
 0.30406477 0.99999999 0.32273128 0.2954846  0.30734935 0.99999999]
433 6.772896263405846 [0.17733572 0.24086505 0.16667217 0.99999999 0.15687611 0.19986225
 0.30351925 0.99999999 0.3225382  0.29533835 0.30709554 0.99999999]
434 7.494117118775494 [0.17702944 0.2409518  0.16678948 0.99999999 0.15682173 0.19967995
 0.30286861 0.99999999 0.32252116 0.2951917  0.30671776 0.99999999]
435 8.422942311095813 [0.17675179 0.24090057 0.16705217 0.99999999 0.15676198 0.19945714
 0.30191931 0.99999999 0.32226273 0.29514198 0.30631833 0.99999999]
436 12.373554884773121 [0.17667327 0.24104326 0.16748738 0.99999999 0.15678201 0.19912004
 0.30110736 0.99999999 0.32188816 0.29505058 0.30620949 0.99999999]
437 7.539928930264205 [0.1765989  0.24103177 0.16797012 0.99999999 0.15674693 0.19879971
 0.30036182 0.99999999 0.32170294 0.29489548 0.30603043 0.99999999]
438 6.081497056307395 [0.17663125 0.24108896 0.16839451 0.99999999 0.15675019 0.19868682
 0.29966668 0.99999999 0.32162582 0.29510219 0.30552835 0.99999999]
439 7.729954296898798 [0.17653493 0.24113871 0.16894108 0.99999999 0.1567952  0.19849118
 0.29928868 0.99999999 0.32132047 0.2951469  0.30528009 0.99999999]
440 8.682756630191383 [0.17649543 0.24113423 0.16940786 0.99999999 0.15685885 0.19816304
 0.29912663 0.99999999 0.32149315 0.29523015 0.30530367 0.99999999]
441 5.825707926262247 [0.17661346 0.2410389  0.17008905 0.99999999 0.15696303 0.19775947
 0.29895868 0.99999999 0.32144333 0.29541432 0.3055442  0.99999999]
442 8.819563584161433 [0.1767751  0.24069444 0.1708     0.99999999 0.1569752  0.19750858
 0.29890973 0.99999999 0.32111559 0.29590787 0.30555799 0.99999999]
443 9.487843865277203 [0.17695695 0.24046972 0.17146856 0.99999999 0.15696957 0.19725367
 0.29894158 0.99999999 0.32065938 0.29625148 0.30545509 0.99999999]
444 9.280616666629815 [0.17711386 0.23992408 0.17200978 0.99999999 0.15708476 0.19706696
 0.29895584 0.99999999 0.32025445 0.29671946 0.30549234 0.99999999]
445 8.965798201828896 [0.17729152 0.23939234 0.17253189 0.99999999 0.15724614 0.19694469
 0.29865003 0.99999999 0.31944221 0.29706235 0.30575619 0.99999999]
446 9.369124872921399 [0.17749361 0.23897844 0.17278049 0.99999999 0.15731921 0.19675386
 0.29859275 0.99999999 0.31904742 0.29732304 0.30570851 0.99999999]
447 9.55581534489314 [0.17757057 0.23871985 0.17305612 0.99999999 0.1574511  0.19671212
 0.29842648 0.99999999 0.31883116 0.29742023 0.30577133 0.99999999]
448 9.049180359587334 [0.17765304 0.23850835 0.17332261 0.99999999 0.15761104 0.19667481
 0.2983019  0.99999999 0.31871761 0.29758534 0.30595092 0.99999999]
449 9.116034650740378 [0.1776306  0.238321   0.17338909 0.99999999 0.1577133  0.19670386
 0.29797026 0.99999999 0.3183187  0.29770814 0.30572471 0.99999999]
450 9.43931725375384 [0.17771453 0.2381029  0.1732284  0.99999999 0.15779681 0.19670489
 0.29779442 0.99999999 0.31810597 0.29805237 0.30539584 0.99999999]
451 7.5904510509226775 [0.17780791 0.23788117 0.17324796 0.99999999 0.15784637 0.19670991
 0.2979662  0.99999999 0.31790754 0.29820634 0.30495181 0.99999999]
452 7.777771033401945 [0.17779383 0.23784734 0.17322754 0.99999999 0.15787371 0.19672896
 0.29809423 0.99999999 0.3176688  0.29802981 0.30470109 0.99999999]
453 6.595974126464362 [0.17772348 0.23805    0.17318467 0.99999999 0.15792612 0.1967596
 0.29833749 0.99999999 0.31792084 0.29794506 0.30452817 0.99999999]
454 8.931202443937472 [0.17752638 0.23818464 0.17310953 0.99999999 0.15803964 0.19653302
 0.29858686 0.99999999 0.31826734 0.29799364 0.30412223 0.99999999]
455 7.931706795454073 [0.17739568 0.23826833 0.1731816  0.99999999 0.15824083 0.19624102
 0.29855945 0.99999999 0.31850322 0.29795895 0.30383733 0.99999999]
456 6.133789861747494 [0.17726589 0.23844218 0.17328377 0.99999999 0.1583816  0.19599519
 0.29841663 0.99999999 0.31887918 0.29835484 0.30383119 0.99999999]
457 6.68975046897587 [0.17700439 0.23885338 0.17335315 0.99999999 0.15840396 0.19568054
 0.29838762 0.99999999 0.3191103  0.29892764 0.30344475 0.99999999]
458 8.293167029073283 [0.17680364 0.23928593 0.17355397 0.99999999 0.15834273 0.19543521
 0.29844219 0.99999999 0.31912941 0.29954397 0.30346075 0.99999999]
459 7.99289497223973 [0.17660281 0.23955471 0.17358572 0.99999999 0.15830413 0.19507606
 0.29844152 0.99999999 0.31927758 0.30007336 0.30341294 0.99999999]
460 7.438140405716683 [0.17632358 0.23992237 0.17354376 0.99999999 0.15834156 0.19473617
 0.2987134  0.99999999 0.31973576 0.3008969  0.30297693 0.99999999]
461 7.331400673429622 [0.17595259 0.24010998 0.17290956 0.99999999 0.15832699 0.19442527
 0.29927575 0.99999999 0.31975174 0.30185743 0.3022276  0.99999999]
462 9.666356209968306 [0.17562674 0.23986185 0.17243815 0.99999999 0.15819692 0.19402614
 0.2996177  0.99999999 0.31945066 0.30285896 0.30142933 0.99999999]
463 9.20176233969524 [0.17532686 0.23972612 0.17199862 0.99999999 0.15820178 0.19382755
 0.30002933 0.99999999 0.31903724 0.30407794 0.30065239 0.99999999]
464 8.523764816500197 [0.17508051 0.23942852 0.17160759 0.99999999 0.15819096 0.19352668
 0.30005106 0.99999999 0.31840995 0.30527379 0.29996253 0.99999999]
465 8.13702181158402 [0.17478428 0.23918285 0.17114597 0.99999999 0.15821717 0.19327543
 0.30018126 0.99999999 0.31796792 0.30619997 0.29947845 0.99999999]
466 8.30629351306947 [0.1745395  0.23909291 0.17080796 0.99999999 0.15815649 0.19317363
 0.30026916 0.99999999 0.3174422  0.30725655 0.29892241 0.99999999]
467 6.52632133386021 [0.17436327 0.23893983 0.17049096 0.99999999 0.15810737 0.19315032
 0.30071849 0.99999999 0.31689375 0.30847533 0.29854549 0.99999999]
468 6.825388674275274 [0.17418872 0.23879004 0.17020998 0.99999999 0.15814566 0.19318344
 0.30131167 0.99999999 0.31589053 0.3097484  0.29843317 0.99999999]
469 6.769093174772051 [0.1739975  0.23869073 0.16994665 0.99999999 0.15812145 0.19319305
 0.30170439 0.99999999 0.31489004 0.31090169 0.29845812 0.99999999]
470 6.105418498154849 [0.17376713 0.2384263  0.16980036 0.99999999 0.15814763 0.19310573
 0.30209503 0.99999999 0.31409308 0.31257326 0.298126   0.99999999]
471 5.754916426759706 [0.17363651 0.23810161 0.16966911 0.99999999 0.15817067 0.19299183
 0.30241916 0.99999999 0.31336314 0.31434435 0.29779726 0.99999999]
472 5.981458613537921 [0.17347694 0.23801543 0.16956211 0.99999999 0.15808905 0.19298263
 0.30270547 0.99999999 0.31265255 0.31616425 0.29774011 0.99999999]
473 10.091115814107173 [0.17323556 0.23821701 0.16962868 0.99999999 0.15788543 0.19285049
 0.30260533 0.99999999 0.3125723  0.31790841 0.29759156 0.99999999]
474 7.1702766291408775 [0.17304892 0.23822057 0.16985634 0.99999999 0.15765664 0.19274997
 0.30259109 0.99999999 0.31270635 0.31953454 0.29757647 0.99999999]
475 5.674987594953818 [0.17281297 0.2380964  0.16997569 0.99999999 0.15752725 0.19270321
 0.30244665 0.99999999 0.31294793 0.32116874 0.2977405  0.99999999]
476 9.25410255763595 [0.17257113 0.23754781 0.17028477 0.99999999 0.15747087 0.19273744
 0.30218548 0.99999999 0.3128977  0.32261494 0.29790184 0.99999999]
477 8.301358303658624 [0.17238017 0.23722706 0.17050049 0.99999999 0.15743347 0.19281519
 0.30169869 0.99999999 0.3130041  0.32387867 0.29804017 0.99999999]
478 7.182899490919653 [0.17218603 0.23701536 0.17067575 0.99999999 0.15739864 0.19287073
 0.30119711 0.99999999 0.31310305 0.32497098 0.29806155 0.99999999]
479 8.838263440072136 [0.17195901 0.23678259 0.17069598 0.99999999 0.1574722  0.19279009
 0.30047484 0.99999999 0.31331103 0.32534902 0.29802359 0.99999999]
480 7.521564810811363 [0.17192038 0.23612913 0.17069128 0.99999999 0.15750265 0.1928771
 0.2997797  0.99999999 0.31368574 0.32559809 0.29790382 0.99999999]
481 6.3638217683321265 [0.1718537  0.23605365 0.17075709 0.99999999 0.1573809  0.19298868
 0.299099   0.99999999 0.31410132 0.32629405 0.29793243 0.99999999]
482 6.686275485245875 [0.17184028 0.23608959 0.17083377 0.99999999 0.15734913 0.19309798
 0.29876917 0.99999999 0.31468856 0.32721454 0.29778112 0.99999999]
483 10.535152292933082 [0.17177999 0.23600795 0.17104965 0.99999999 0.15734938 0.19310183
 0.29843542 0.99999999 0.3152458  0.32840683 0.29747477 0.99999999]
484 7.027213050487555 [0.17169503 0.23574965 0.17124293 0.99999999 0.15736574 0.19309492
 0.29814851 0.99999999 0.31566578 0.32980649 0.2973366  0.99999999]
485 7.575055727159858 [0.17155383 0.23534776 0.17138275 0.99999999 0.15742698 0.19305086
 0.29775575 0.99999999 0.31613088 0.33119544 0.29724137 0.99999999]
486 7.720583415292108 [0.17128876 0.23474235 0.1713474  0.99999999 0.15747183 0.1928857
 0.29727078 0.99999999 0.31662723 0.33253029 0.29676561 0.99999999]
487 6.182445477096799 [0.17098858 0.23425964 0.17155697 0.99999999 0.15756206 0.19272447
 0.29717028 0.99999999 0.31721979 0.33356177 0.29626698 0.99999999]
488 7.719534680004739 [0.17097433 0.23389695 0.17133471 0.99999999 0.15738989 0.19264135
 0.29710655 0.99999999 0.31756642 0.33451829 0.29583985 0.99999999]
489 8.564303220731084 [0.17114274 0.23335253 0.17097486 0.99999999 0.15723165 0.192609
 0.29717982 0.99999999 0.31802509 0.33581786 0.2951922  0.99999999]
490 8.431075712177671 [0.17133793 0.23277793 0.17058223 0.99999999 0.15713233 0.19255672
 0.29700668 0.99999999 0.31838081 0.33654175 0.29447625 0.99999999]
491 6.2460351776761165 [0.17147028 0.23210377 0.170315   0.99999999 0.15723643 0.19244899
 0.29717156 0.99999999 0.31883132 0.3366008  0.2937689  0.99999999]
492 6.219551536543811 [0.17172045 0.23144824 0.17012019 0.99999999 0.15715082 0.19239015
 0.29717293 0.99999999 0.31922436 0.33625056 0.29300372 0.99999999]
493 10.782120461632644 [0.17179216 0.23096311 0.16982354 0.99999999 0.15709364 0.19237086
 0.29763459 0.99999999 0.31933388 0.33607516 0.29233045 0.99999999]
494 7.183908760167341 [0.1716846  0.23044444 0.16957733 0.99999999 0.15699561 0.19250629
 0.29799629 0.99999999 0.31943872 0.33609816 0.29185132 0.99999999]
495 6.333448634839426 [0.17162802 0.23004823 0.16935613 0.99999999 0.15693854 0.19270428
 0.29843985 0.99999999 0.3194142  0.33617693 0.29140371 0.99999999]
496 7.0762926146430445 [0.17150862 0.22964836 0.1691657  0.99999999 0.15691822 0.19290349
 0.298681   0.99999999 0.31952329 0.33626724 0.29098219 0.99999999]
497 6.190258873145673 [0.17128215 0.22923698 0.16902379 0.99999999 0.15683806 0.19313233
 0.2989157  0.99999999 0.3197684  0.33607137 0.29083762 0.99999999]
498 5.869608912578688 [0.17120523 0.22871416 0.1689013  0.99999999 0.15670571 0.19344952
 0.29911616 0.99999999 0.32008366 0.33608391 0.29062107 0.99999999]
499 5.879437251512897 [0.17121404 0.22831051 0.16888904 0.99999999 0.15659556 0.19367605
 0.29941097 0.99999999 0.32040248 0.33612398 0.29030195 0.99999999]
