0 515.7588938232863 [0.30384414 0.30384414 0.30009376 0.29915616 0.30196895 0.30196895
 0.30384414 1.         1.         0.30478174 0.30384414 1.        ]
1 2185.9572687884915 [0.30529626 0.30554668 0.29824432 0.29778144 0.30333878 0.30227809
 0.30498953 1.         1.         0.30571298 0.30697613 1.        ]
2 2215.256839532498 [0.30624633 0.30488265 0.29852502 0.29814431 0.30479333 0.30341357
 0.30649902 1.         1.         0.30622558 0.30957841 1.        ]
3 855.1451829517299 [0.30538527 0.30503787 0.2993981  0.2979603  0.3053226  0.30490486
 0.30799112 1.         1.         0.3058052  0.31200415 1.        ]
4 862.2001029094323 [0.30417401 0.30504242 0.30019088 0.29761014 0.3055893  0.30587966
 0.30868734 1.         1.         0.30593306 0.31431978 1.        ]
5 852.3247677608476 [0.3031678  0.30538638 0.30083917 0.29766438 0.30616107 0.30704366
 0.30957351 1.         1.         0.30600887 0.31706947 1.        ]
6 1586.712026512781 [0.3021402  0.30633511 0.30124624 0.29706625 0.30678463 0.30755801
 0.31042962 1.         1.         0.30630437 0.31921832 1.        ]
7 882.5611220096046 [0.30134192 0.3064446  0.30125459 0.29693429 0.30715747 0.30781335
 0.31140676 1.         1.         0.3070653  0.32049308 1.        ]
8 860.6147973168397 [0.30124822 0.30613607 0.30142342 0.29685158 0.30746626 0.30866068
 0.3116206  1.         1.         0.3077522  0.32162311 1.        ]
9 1228.5143009281114 [0.30120841 0.30605639 0.30173237 0.29676695 0.30798467 0.30965493
 0.31152449 1.         1.         0.30829578 0.32208292 1.        ]
10 1555.7108942421023 [0.30113925 0.30651922 0.30246899 0.2964988  0.30832131 0.31008494
 0.31128566 1.         1.         0.30910988 0.32217428 1.        ]
11 862.2334376668839 [0.30124879 0.30738946 0.30353217 0.2963513  0.30853467 0.31041486
 0.31113768 1.         1.         0.30996824 0.32234892 1.        ]
12 169.41319448330194 [0.30117718 0.30821487 0.30437155 0.29610886 0.30851198 0.31105309
 0.31131956 1.         1.         0.3109479  0.32256447 1.        ]
13 178.53449382203308 [0.30106895 0.30892851 0.30527805 0.29574134 0.30791067 0.31149393
 0.31171112 1.         1.         0.31201439 0.32284188 1.        ]
14 893.7838499323846 [0.30108181 0.30970497 0.30603581 0.2954497  0.30713848 0.31226961
 0.31214343 1.         1.         0.31285565 0.32260221 1.        ]
15 1907.6569066843724 [0.30046569 0.31096496 0.30581068 0.29558522 0.30606325 0.31254467
 0.31241762 1.         1.         0.31382941 0.32222714 1.        ]
16 158.74448451508425 [0.29958093 0.31244998 0.3054022  0.29555642 0.3051256  0.31298233
 0.31318083 1.         1.         0.31467345 0.32208015 1.        ]
17 840.5522883379606 [0.29876481 0.31377972 0.30452168 0.29554255 0.30417081 0.31336861
 0.3134926  1.         1.         0.31511855 0.32198368 1.        ]
18 1171.6115166439638 [0.29817679 0.31509484 0.30386523 0.29541875 0.30291792 0.31372723
 0.31396646 1.         1.         0.3158788  0.321666   1.        ]
19 1511.0116624390857 [0.29771663 0.31637883 0.30301732 0.29540918 0.30183127 0.31400539
 0.31426675 1.         1.         0.31598631 0.32154869 1.        ]
20 1831.6966839671359 [0.29723451 0.31760272 0.30241531 0.29522878 0.30083972 0.31386951
 0.31446728 1.         1.         0.31604287 0.32163223 1.        ]
21 789.185784273656 [0.29658534 0.31864765 0.30178718 0.29478614 0.29997479 0.31312199
 0.31424048 1.         1.         0.3157777  0.3215763  1.        ]
22 1142.4863897131297 [0.29605354 0.31959598 0.30165314 0.29443967 0.29935213 0.31235077
 0.31407735 1.         1.         0.31583099 0.32170939 1.        ]
23 808.2416511909541 [0.29573377 0.31988028 0.30158808 0.29416343 0.29894807 0.31175904
 0.31378762 1.         1.         0.31574249 0.32192527 1.        ]
24 448.6827673067896 [0.2953147  0.31966685 0.30177961 0.29418315 0.29837157 0.31148898
 0.31347943 1.         1.         0.31535637 0.32231905 1.        ]
25 118.9213401605727 [0.29493599 0.31943271 0.30208191 0.29417257 0.29787616 0.31141691
 0.31308477 1.         1.         0.31511682 0.3227521  1.        ]
26 1841.133993100529 [0.29450777 0.31939368 0.30223341 0.29424074 0.29753292 0.31179305
 0.31248115 1.         1.         0.31524977 0.32355128 1.        ]
27 823.03025129196 [0.29422369 0.31930197 0.30233582 0.29426831 0.29723771 0.31205899
 0.31182583 1.         1.         0.31523535 0.32447703 1.        ]
28 108.95448533177387 [0.29380922 0.31927101 0.30234802 0.29401906 0.29723903 0.31242151
 0.31153921 1.         1.         0.31537271 0.32516074 1.        ]
29 1138.131834685844 [0.29346541 0.31981919 0.3023388  0.29376369 0.29737433 0.31277058
 0.31121922 1.         1.         0.3153388  0.32574753 1.        ]
30 814.8210942200112 [0.29300854 0.31989838 0.30260879 0.29334852 0.29733383 0.31325579
 0.3111737  1.         1.         0.31552728 0.32583582 1.        ]
31 1475.3320281766369 [0.29272135 0.31994561 0.30342968 0.29316753 0.29753317 0.31384583
 0.3106779  1.         1.         0.31580934 0.32589443 1.        ]
32 2184.487341922237 [0.29218064 0.31944684 0.30405351 0.29321711 0.29762914 0.31439789
 0.31023971 1.         1.         0.31594899 0.3261091  1.        ]
33 802.6910145406752 [0.29166642 0.3188418  0.30438462 0.29325738 0.29778058 0.31456985
 0.3099167  1.         1.         0.31611278 0.32633952 1.        ]
34 1140.3537541988655 [0.2910627  0.31790881 0.30468562 0.29315935 0.29805976 0.31454964
 0.30996363 1.         1.         0.3163321  0.32629899 1.        ]
35 110.45772867493565 [0.29036274 0.31736444 0.30524348 0.29301861 0.29868616 0.31422404
 0.31006501 1.         1.         0.31625816 0.32600163 1.        ]
36 1110.3041810972438 [0.2897169  0.31692643 0.30595462 0.29290339 0.29929784 0.31353331
 0.3101869  1.         1.         0.31621433 0.32590886 1.        ]
37 436.19062949533276 [0.28912167 0.31658407 0.30655971 0.29268703 0.29953522 0.31286304
 0.31057653 1.         1.         0.31635266 0.32575927 1.        ]
38 471.8462526509942 [0.28840782 0.31617295 0.30705128 0.29246705 0.2992872  0.31227019
 0.31098514 1.         1.         0.3164537  0.32560045 1.        ]
39 115.26468751781059 [0.28769985 0.31589188 0.30754489 0.29201697 0.29899767 0.31182637
 0.31111456 1.         1.         0.31629586 0.32563292 1.        ]
40 816.1479392432775 [0.2870225  0.31561105 0.30783154 0.29195183 0.29885137 0.31122386
 0.31090473 1.         1.         0.31628053 0.32541063 1.        ]
41 104.16045255128631 [0.2868656  0.31539855 0.30813297 0.29161069 0.29852309 0.31071715
 0.3110388  1.         1.         0.31664729 0.32534994 1.        ]
42 447.359582599387 [0.28649381 0.31517122 0.3085029  0.29141934 0.29844068 0.31019208
 0.31136345 1.         1.         0.3173134  0.32544695 1.        ]
43 792.8392119347393 [0.28613776 0.31476359 0.30868837 0.29106678 0.29828303 0.3096467
 0.31144893 1.         1.         0.31790067 0.32584417 1.        ]
44 104.51968591321793 [0.28555855 0.31451153 0.30851173 0.29054082 0.2982691  0.30893735
 0.31145226 1.         1.         0.31849162 0.3263703  1.        ]
45 789.2809909314104 [0.28515593 0.31426967 0.30819384 0.28979837 0.29842729 0.30827388
 0.31194526 1.         1.         0.31882207 0.32651693 1.        ]
46 1165.4756376869695 [0.28505441 0.31394402 0.30808449 0.28910651 0.29850324 0.30774268
 0.31230301 1.         1.         0.31898708 0.32669233 1.        ]
47 1140.1515503614382 [0.28498404 0.31349614 0.30798565 0.28851806 0.29855636 0.30713196
 0.31255654 1.         1.         0.31902829 0.32710426 1.        ]
48 1160.9789448999118 [0.28488417 0.3130896  0.30748259 0.28798748 0.29836649 0.30673753
 0.31250106 1.         1.         0.31867965 0.32734675 1.        ]
49 474.2954909562851 [0.28443401 0.31271333 0.30684807 0.28759606 0.29812746 0.30635573
 0.31294581 1.         1.         0.31872016 0.3277422  1.        ]
50 449.1028163122601 [0.28410853 0.31240578 0.30635992 0.28718723 0.29777408 0.30587755
 0.31328159 1.         1.         0.31830897 0.32731478 1.        ]
51 1489.9353100310645 [0.28371476 0.31220876 0.30617664 0.28694438 0.2976949  0.3058536
 0.31395932 1.         1.         0.31718158 0.326948   1.        ]
52 453.6039300231968 [0.283239   0.31216441 0.30616624 0.28707699 0.2978181  0.30586669
 0.31467778 1.         1.         0.31653868 0.32623841 1.        ]
53 837.1393375899977 [0.28280415 0.31222369 0.30613262 0.28725209 0.29775359 0.30591277
 0.31565126 1.         1.         0.31599069 0.3255438  1.        ]
54 461.78908748531717 [0.28252777 0.31198624 0.30616432 0.28766443 0.29767189 0.30596986
 0.3166807  1.         1.         0.31549732 0.32497887 1.        ]
55 134.40905910250473 [0.28223952 0.31179912 0.30628797 0.28805524 0.29783299 0.30583238
 0.3177273  1.         1.         0.31514454 0.32433688 1.        ]
56 794.778133963806 [0.28202002 0.31161155 0.30648387 0.2882665  0.29819285 0.30575838
 0.3185394  1.         1.         0.31498085 0.32376481 1.        ]
57 802.8597525332825 [0.28199962 0.31155284 0.30672632 0.28842946 0.29881356 0.30555358
 0.3194952  1.         1.         0.31492865 0.32294322 1.        ]
58 460.65700599231394 [0.28191596 0.31147239 0.30719923 0.28880603 0.29967604 0.30539079
 0.32060769 1.         1.         0.31469601 0.32232731 1.        ]
59 134.74559023788242 [0.28169437 0.31126838 0.30745023 0.28895623 0.30050015 0.3057042
 0.32165543 1.         1.         0.31420654 0.32170283 1.        ]
60 480.6700857517387 [0.28132101 0.31158207 0.30738707 0.28902512 0.3004696  0.3059887
 0.32243455 1.         1.         0.3138031  0.32112564 1.        ]
61 453.49168055906546 [0.28066835 0.31193181 0.30752614 0.2891821  0.30015145 0.30634653
 0.32302273 1.         1.         0.31308309 0.32067334 1.        ]
62 472.7366681501984 [0.28003534 0.31206708 0.30757603 0.28917857 0.29997333 0.30680254
 0.32331941 1.         1.         0.31260065 0.32021174 1.        ]
63 110.6397337905095 [0.27958871 0.31269078 0.30750804 0.289195   0.30008304 0.30698945
 0.32352543 1.         1.         0.31218373 0.31999238 1.        ]
64 115.72259838750084 [0.27917028 0.31326443 0.30724889 0.28915928 0.30029284 0.30711038
 0.32364962 1.         1.         0.31200948 0.31989278 1.        ]
65 115.61892622723178 [0.27873177 0.31347887 0.30683814 0.28908094 0.30038049 0.30721903
 0.32366227 1.         1.         0.31200098 0.31989736 1.        ]
66 797.9110732091468 [0.27799692 0.31370273 0.30618982 0.28898627 0.30060011 0.30736817
 0.3234744  1.         1.         0.31167921 0.32010238 1.        ]
67 1518.102626143989 [0.27734932 0.31411233 0.30574885 0.28878318 0.30098651 0.30767071
 0.32321925 1.         1.         0.31145012 0.32005489 1.        ]
68 772.5358996783948 [0.27677247 0.31446222 0.30535202 0.28876657 0.30128117 0.30791813
 0.32292026 1.         1.         0.31138876 0.32000756 1.        ]
69 1465.4807867460365 [0.27614917 0.31498128 0.30511584 0.28856094 0.30180827 0.30779138
 0.32278259 1.         1.         0.31146836 0.32028004 1.        ]
70 1121.7965576115598 [0.27606649 0.31532006 0.30467488 0.28824542 0.30226607 0.30742025
 0.32267946 1.         1.         0.31169438 0.32017632 1.        ]
71 450.2694122028512 [0.27611654 0.31480702 0.30445577 0.28805676 0.30257234 0.3070921
 0.32240483 1.         1.         0.3118093  0.31988744 1.        ]
72 429.52095418754556 [0.27617892 0.3146977  0.30425894 0.28749134 0.30304705 0.30678301
 0.32228445 1.         1.         0.31159939 0.31952355 1.        ]
73 87.44368351513342 [0.27609429 0.31473907 0.30338487 0.28662512 0.30343638 0.30643146
 0.32191037 1.         1.         0.31152646 0.31966224 1.        ]
74 441.3989581649785 [0.27557485 0.31494611 0.30238409 0.2856406  0.30365771 0.30617737
 0.32149774 1.         1.         0.31152649 0.31992357 1.        ]
75 106.13877031431801 [0.27502731 0.3151412  0.30132627 0.28456597 0.30358201 0.30591927
 0.32102267 1.         1.         0.31139041 0.32001616 1.        ]
76 451.78886740849134 [0.27459305 0.31540598 0.30059491 0.28354072 0.30355715 0.30573187
 0.32081085 1.         1.         0.31141181 0.32031787 1.        ]
77 434.0419668517664 [0.27437859 0.31577489 0.29977287 0.28247048 0.30353087 0.30543752
 0.32082586 1.         1.         0.31142155 0.32082057 1.        ]
78 1119.4438103461043 [0.27374601 0.31622176 0.2990818  0.28146889 0.30304474 0.30545358
 0.32080059 1.         1.         0.31121005 0.32101379 1.        ]
79 764.0523562394367 [0.27310429 0.31648243 0.29842444 0.28025245 0.30279261 0.30550518
 0.32061048 1.         1.         0.31118988 0.32122236 1.        ]
80 1132.7657660169234 [0.27203835 0.31685627 0.29815111 0.27919572 0.30258647 0.30516065
 0.32030675 1.         1.         0.31101725 0.32140079 1.        ]
81 443.73687042144 [0.27094856 0.31742814 0.29785533 0.27840583 0.30243884 0.30439369
 0.31997189 1.         1.         0.31047775 0.32159092 1.        ]
82 1106.403590630427 [0.26974411 0.31814542 0.29741607 0.27777685 0.30231131 0.30370835
 0.31974364 1.         1.         0.30954729 0.32183022 1.        ]
83 768.1994223475808 [0.26877785 0.31855316 0.29740244 0.27703766 0.30182618 0.30313674
 0.31939189 1.         1.         0.30873052 0.32158373 1.        ]
84 1470.2646630024346 [0.26791263 0.31907731 0.29738674 0.27643859 0.30123662 0.30239084
 0.31905078 1.         1.         0.30806115 0.32174721 1.        ]
85 425.39237022098956 [0.26678636 0.31963631 0.29700014 0.27588434 0.30069067 0.3019476
 0.31850925 1.         1.         0.30720317 0.32181636 1.        ]
86 414.4612524666382 [0.26569412 0.32027249 0.29677057 0.2753457  0.30013486 0.30157134
 0.31795411 1.         1.         0.30625936 0.32208137 1.        ]
87 424.5147022541693 [0.26484815 0.32061215 0.29645628 0.27497901 0.29980671 0.30123113
 0.31741683 1.         1.         0.30545209 0.32227598 1.        ]
88 77.37143106379831 [0.26396979 0.32113985 0.29617073 0.27455891 0.2996893  0.30099067
 0.31695869 1.         1.         0.30473089 0.32277183 1.        ]
89 761.6548223002824 [0.26306442 0.32141499 0.29590124 0.27399655 0.29931029 0.30082849
 0.31652298 1.         1.         0.30390805 0.32319508 1.        ]
90 93.08018015460055 [0.26223466 0.32184352 0.29566737 0.27360639 0.29843676 0.30049297
 0.31617997 1.         1.         0.30311438 0.32347487 1.        ]
91 775.2301256783193 [0.26169159 0.32225685 0.29531114 0.27348273 0.29758332 0.29984404
 0.31582173 1.         1.         0.30249379 0.32414433 1.        ]
92 70.1311086050236 [0.2614237  0.32274246 0.29463069 0.27305097 0.29702315 0.29927898
 0.31557326 1.         1.         0.30168803 0.3250978  1.        ]
93 773.0972920322178 [0.26104341 0.32329273 0.29413515 0.27290864 0.29659782 0.29867262
 0.3154608  1.         1.         0.30093884 0.32583715 1.        ]
94 90.27343272759934 [0.26034979 0.32341277 0.29373596 0.2726449  0.29583628 0.29818556
 0.31526563 1.         1.         0.30051475 0.32634808 1.        ]
95 1117.5226714816 [0.25967943 0.32323616 0.29350154 0.27219875 0.29493008 0.29792062
 0.31477089 1.         1.         0.30038609 0.32693269 1.        ]
96 429.6457658449064 [0.25904127 0.32295508 0.29306624 0.27145066 0.29432166 0.29733096
 0.31437848 1.         1.         0.30020185 0.32722958 1.        ]
97 413.9560930567128 [0.2587298  0.3225014  0.29311546 0.27088583 0.29349439 0.29696327
 0.31405235 1.         1.         0.30016854 0.32739296 1.        ]
98 437.9818894316171 [0.25857911 0.32210875 0.2933479  0.27050414 0.29279208 0.29696876
 0.31378355 1.         1.         0.30000956 0.327652   1.        ]
99 1127.3026574536686 [0.25817723 0.3218118  0.29348466 0.27013016 0.29193651 0.29691418
 0.31351388 1.         1.         0.29997161 0.3281182  1.        ]
100 86.3056005365512 [0.25796025 0.32165866 0.29339127 0.26965427 0.29094626 0.29689569
 0.31327243 1.         1.         0.30002036 0.32843005 1.        ]
101 767.6178037813886 [0.25778608 0.32176122 0.29306024 0.26931426 0.29015314 0.29689548
 0.31302208 1.         1.         0.30030084 0.32849412 1.        ]
102 80.5976764810166 [0.25764319 0.32195384 0.29242257 0.26905734 0.28958716 0.29730351
 0.31256655 1.         1.         0.30049221 0.32805701 1.        ]
103 416.88330529823 [0.2573989  0.32169688 0.29185077 0.26870199 0.28926764 0.29764488
 0.31223275 1.         1.         0.30041044 0.32786972 1.        ]
104 1116.693285155441 [0.25736943 0.32189271 0.29163262 0.2686703  0.28904313 0.2980876
 0.31205555 1.         1.         0.30028949 0.32679363 1.        ]
105 446.4513150097017 [0.25734601 0.3224116  0.29148763 0.26863237 0.28863667 0.29851768
 0.31193054 1.         1.         0.30025096 0.32613418 1.        ]
106 445.05766177903007 [0.25755894 0.32293662 0.29154731 0.26902745 0.2878048  0.29933728
 0.31149146 1.         1.         0.30069256 0.32556447 1.        ]
107 1109.8972847809114 [0.25769208 0.32359435 0.29137263 0.26952618 0.28697797 0.30044957
 0.31159105 1.         1.         0.30104344 0.32513373 1.        ]
108 88.24390967266109 [0.25765288 0.32454788 0.29113374 0.2696073  0.28634551 0.30138634
 0.31132699 1.         1.         0.30126831 0.32517567 1.        ]
109 80.37150201388526 [0.25762568 0.32556518 0.29132494 0.26963722 0.28561116 0.30200679
 0.31116636 1.         1.         0.30170877 0.32516265 1.        ]
110 84.06937909697767 [0.25763804 0.3266458  0.29155673 0.26941403 0.2846522  0.30244729
 0.31123581 1.         1.         0.30222444 0.32490575 1.        ]
111 1155.385213082017 [0.25754553 0.32786612 0.29192925 0.26920491 0.28385344 0.30263813
 0.31144751 1.         1.         0.30258707 0.32467479 1.        ]
112 64.67166583361202 [0.25731072 0.32890822 0.29225075 0.26913464 0.28309752 0.30266798
 0.31146247 1.         1.         0.30287415 0.32434107 1.        ]
113 88.56434313432273 [0.25700674 0.3301121  0.2926164  0.2690365  0.28278971 0.30255856
 0.31113403 1.         1.         0.30306456 0.32413156 1.        ]
114 59.454480169338595 [0.25661258 0.33102618 0.29275264 0.26859063 0.28249395 0.30301762
 0.31105377 1.         1.         0.30316959 0.32383823 1.        ]
115 78.86163148166662 [0.25599323 0.3318924  0.29331318 0.26841757 0.28219746 0.30353842
 0.31059024 1.         1.         0.3034237  0.32359177 1.        ]
116 765.6691710152821 [0.25533201 0.33232988 0.29378257 0.26830353 0.28177938 0.30417652
 0.31045461 1.         1.         0.30363503 0.32350592 1.        ]
117 448.4025433023427 [0.25488573 0.3324134  0.29436868 0.2683273  0.28127729 0.30492458
 0.31070187 1.         1.         0.30384607 0.32339544 1.        ]
118 99.99669912769897 [0.25432087 0.33265373 0.2951453  0.26799167 0.28084117 0.30548776
 0.31082522 1.         1.         0.30436317 0.32321558 1.        ]
119 419.0231449794429 [0.25394733 0.3329326  0.29599821 0.26768413 0.28037397 0.30613146
 0.31087731 1.         1.         0.30466402 0.32343307 1.        ]
120 426.60154269910805 [0.25341048 0.33315334 0.29688968 0.26766148 0.28017222 0.30684576
 0.31081573 1.         1.         0.30476654 0.32373251 1.        ]
121 410.7861768483755 [0.25285915 0.33342381 0.29786239 0.26741176 0.27961851 0.30746364
 0.3107948  1.         1.         0.3051424  0.32389286 1.        ]
122 1123.2529519028576 [0.25206791 0.33360918 0.29898813 0.26752281 0.27917858 0.30731614
 0.3110633  1.         1.         0.30572827 0.32436295 1.        ]
123 77.84252060647736 [0.251105   0.33347383 0.30011204 0.26758632 0.27882351 0.30736156
 0.31109441 1.         1.         0.30620947 0.324714   1.        ]
124 426.17921866309644 [0.25032109 0.33329238 0.30130908 0.26763252 0.27876063 0.30729828
 0.31079105 1.         1.         0.30672134 0.32475976 1.        ]
125 424.7113363777666 [0.24953327 0.33365744 0.30251781 0.26747887 0.27880514 0.30735906
 0.31066583 1.         1.         0.30720339 0.32483751 1.        ]
126 756.0826511875267 [0.24871515 0.33442645 0.3035281  0.26745897 0.27879849 0.30749349
 0.3101267  1.         1.         0.30774131 0.32507756 1.        ]
127 424.881341763303 [0.24803938 0.33511153 0.30446413 0.2674767  0.27870242 0.30720501
 0.30969639 1.         1.         0.3082579  0.3247952  1.        ]
128 80.08258302625313 [0.24727641 0.3352825  0.30524155 0.26756397 0.27867718 0.30693675
 0.30951245 1.         1.         0.30876154 0.32490112 1.        ]
129 70.41602206290634 [0.24647299 0.33578648 0.30591894 0.26756786 0.27842333 0.30664353
 0.30929999 1.         1.         0.30916441 0.32497884 1.        ]
130 70.94668535332626 [0.24569652 0.33655317 0.30649958 0.26734165 0.27792519 0.30644838
 0.30945769 1.         1.         0.30916444 0.32548109 1.        ]
131 752.9877946578632 [0.24508435 0.33725404 0.30698883 0.26719763 0.27737095 0.30646008
 0.30968232 1.         1.         0.30925725 0.32593942 1.        ]
132 407.4795342998003 [0.24472293 0.33793205 0.30732212 0.26700176 0.27692787 0.30647512
 0.30964999 0.99999999 0.99999999 0.30923201 0.32609813 0.99999999]
133 426.0203273419405 [0.24462881 0.33833053 0.30721067 0.26682    0.27637874 0.30654213
 0.30917805 0.99999999 0.99999999 0.3092574  0.32607255 0.99999999]
134 412.72315936161806 [0.24467565 0.33876678 0.30715655 0.26666296 0.27594366 0.30649948
 0.30900181 0.99999999 0.99999999 0.30932703 0.3259158  0.99999999]
135 405.5308481943008 [0.24494102 0.33926018 0.30700136 0.26651968 0.27574903 0.3062922
 0.30863094 0.99999999 0.99999999 0.30929044 0.32587123 0.99999999]
136 409.0961181389614 [0.24522581 0.33997637 0.30690699 0.26642668 0.27553719 0.30640452
 0.30824723 0.99999999 0.99999999 0.3091947  0.32576501 0.99999999]
137 414.88644243038544 [0.2453376  0.34103345 0.30686422 0.26638283 0.27554382 0.30643649
 0.30808724 0.99999999 0.99999999 0.30921998 0.3259193  0.99999999]
138 57.952574121424604 [0.24542934 0.34222852 0.30696116 0.26640982 0.27552582 0.3063892
 0.30777161 0.99999999 0.99999999 0.30938453 0.32596821 0.99999999]
139 52.68737396163239 [0.24553425 0.3430986  0.30685311 0.26660141 0.27567173 0.30639115
 0.30760748 0.99999999 0.99999999 0.30947158 0.32617209 0.99999999]
140 424.2744741526417 [0.24555521 0.34405137 0.3066506  0.26640913 0.27551053 0.30636302
 0.30742008 0.99999999 0.99999999 0.30959922 0.32619805 0.99999999]
141 76.74011847347958 [0.24538002 0.34478858 0.30638174 0.26624007 0.27524207 0.30632148
 0.30743074 0.99999999 0.99999999 0.30936646 0.32630227 0.99999999]
142 1436.9988925798102 [0.24544665 0.34595671 0.30591947 0.26609677 0.27515967 0.30578653
 0.30779031 0.99999999 0.99999999 0.30906864 0.32663945 0.99999999]
143 62.3369128663592 [0.24566528 0.34659145 0.30590132 0.26573265 0.27506662 0.30540277
 0.30797405 0.99999999 0.99999999 0.30871285 0.32733095 0.99999999]
144 59.33384800687345 [0.24572395 0.34674539 0.30583302 0.26568878 0.27469519 0.30526418
 0.30845427 0.99999999 0.99999999 0.30861658 0.32821551 0.99999999]
145 61.56373251888489 [0.24565719 0.34696602 0.3056589  0.26539098 0.27410234 0.30512089
 0.30891774 0.99999999 0.99999999 0.30885197 0.3288675  0.99999999]
146 416.5820408439324 [0.24553382 0.34755446 0.30546244 0.26505982 0.27357371 0.3049866
 0.30930367 0.99999999 0.99999999 0.30873114 0.3295452  0.99999999]
147 1114.2428721517415 [0.24543976 0.34777059 0.3047781  0.26481894 0.2731936  0.30486801
 0.3099059  0.99999999 0.99999999 0.30873474 0.33027436 0.99999999]
148 402.82202813108887 [0.24533215 0.34775856 0.30412863 0.26461605 0.27284631 0.30499154
 0.31034189 0.99999999 0.99999999 0.30854737 0.33118737 0.99999999]
149 418.4367187356456 [0.24535343 0.34763414 0.30367524 0.26440941 0.27271576 0.30515906
 0.31095375 0.99999999 0.99999999 0.308401   0.33216052 0.99999999]
150 758.898396382377 [0.24535116 0.34754845 0.30322319 0.26446873 0.27225373 0.30570183
 0.31148155 0.99999999 0.99999999 0.30823897 0.33319646 0.99999999]
151 409.79688757911583 [0.24514919 0.34731574 0.3028977  0.26487485 0.27160955 0.30633411
 0.31186674 0.99999999 0.99999999 0.3076289  0.33367812 0.99999999]
152 69.27736243646812 [0.24486348 0.34703441 0.30270373 0.26579627 0.27116305 0.3067153
 0.31214324 0.99999999 0.99999999 0.30666436 0.33420759 0.99999999]
153 402.3289211204696 [0.24454156 0.34750839 0.30284921 0.26650691 0.27058434 0.307037
 0.31231914 0.99999999 0.99999999 0.30611579 0.33444018 0.99999999]
154 72.21353872910728 [0.2442893  0.34742207 0.30315021 0.26720914 0.2697636  0.30706577
 0.31255389 0.99999999 0.99999999 0.30514742 0.33473215 0.99999999]
155 73.38118141228053 [0.24403377 0.34756047 0.30354982 0.2675717  0.26912217 0.30687867
 0.31282288 0.99999999 0.99999999 0.30406769 0.33549345 0.99999999]
156 422.4957044201222 [0.24380717 0.34760439 0.30374928 0.26787962 0.26860078 0.30667456
 0.31311707 0.99999999 0.99999999 0.3033287  0.33657188 0.99999999]
157 69.25138192135176 [0.24320449 0.34756428 0.30418723 0.26798794 0.26806914 0.30657907
 0.31352516 0.99999999 0.99999999 0.30240776 0.33723205 0.99999999]
158 63.73931543624361 [0.2427496  0.34778952 0.30446088 0.26786195 0.26730391 0.30666895
 0.31409162 0.99999999 0.99999999 0.30146244 0.33816806 0.99999999]
159 73.14519373376734 [0.24237727 0.34821958 0.30427657 0.26797141 0.266465   0.30675243
 0.31458688 0.99999999 0.99999999 0.30048461 0.33883164 0.99999999]
160 415.59489278836145 [0.24207604 0.34886593 0.30402436 0.26792258 0.26574744 0.30696209
 0.31501628 0.99999999 0.99999999 0.29974771 0.33923485 0.99999999]
161 68.35358439310588 [0.24182751 0.34942116 0.30380332 0.26792552 0.26500605 0.30752173
 0.31544652 0.99999999 0.99999999 0.29911103 0.33965507 0.99999999]
162 73.71375991677803 [0.24149931 0.34981811 0.30329168 0.26788695 0.26451442 0.30827297
 0.31577858 0.99999999 0.99999999 0.29862101 0.33978028 0.99999999]
163 58.730816857634835 [0.24060485 0.3502191  0.30320768 0.26804995 0.26409563 0.30875241
 0.31645704 0.99999999 0.99999999 0.29840128 0.33990383 0.99999999]
164 65.43810731314139 [0.23985521 0.35087912 0.30332833 0.26793342 0.26338876 0.30924189
 0.31698559 0.99999999 0.99999999 0.29794077 0.3402471  0.99999999]
165 406.4451691702232 [0.23927211 0.35130142 0.30343077 0.26789495 0.26287901 0.30953567
 0.31761185 0.99999999 0.99999999 0.29770215 0.34033375 0.99999999]
166 59.418360103715145 [0.23876402 0.35193994 0.30329029 0.26776151 0.26240085 0.30990193
 0.31806441 0.99999999 0.99999999 0.29733041 0.34019601 0.99999999]
167 57.543603108214086 [0.23848854 0.35279597 0.3033729  0.26747355 0.26171078 0.31068022
 0.31880417 0.99999999 0.99999999 0.29729179 0.34012661 0.99999999]
168 56.862488376944405 [0.23864167 0.35360929 0.30336503 0.26738667 0.26085798 0.31153602
 0.31985243 0.99999999 0.99999999 0.29709019 0.33996349 0.99999999]
169 401.0526963182859 [0.23881258 0.35420544 0.30350158 0.26728566 0.25991596 0.31248483
 0.32054462 0.99999999 0.99999999 0.29677179 0.3397748  0.99999999]
170 58.99104315489184 [0.23875453 0.3544659  0.30359886 0.26686489 0.25899693 0.31339052
 0.32114402 0.99999999 0.99999999 0.29647539 0.34006342 0.99999999]
171 407.40364231949343 [0.23828849 0.35483553 0.30355583 0.26645177 0.25826299 0.31397377
 0.32138637 0.99999999 0.99999999 0.29620214 0.34054046 0.99999999]
172 746.6587303847903 [0.23801327 0.35547056 0.30369707 0.26610796 0.25741201 0.31472008
 0.32125733 0.99999999 0.99999999 0.2960564  0.3406266  0.99999999]
173 382.91835613966776 [0.23779956 0.35571205 0.30412614 0.2658792  0.25674763 0.31540352
 0.32067762 0.99999999 0.99999999 0.29573235 0.34083087 0.99999999]
174 429.58756986128463 [0.23744458 0.3557851  0.30456334 0.26538998 0.25626214 0.31596316
 0.3201621  0.99999999 0.99999999 0.29537098 0.34135625 0.99999999]
175 385.06322524650983 [0.23719785 0.35587237 0.30546488 0.26509764 0.25493771 0.31607461
 0.31966272 0.99999999 0.99999999 0.2949578  0.34172094 0.99999999]
176 48.95017287811226 [0.2370875  0.356106   0.3060174  0.26464726 0.25365143 0.3165251
 0.31916042 0.99999999 0.99999999 0.29430643 0.34238927 0.99999999]
177 53.51316739280574 [0.23690908 0.35579325 0.30660294 0.2642072  0.25256775 0.31707568
 0.31874246 0.99999999 0.99999999 0.29353954 0.34315832 0.99999999]
178 48.63537652089711 [0.23648636 0.35573472 0.30718629 0.26382408 0.25152465 0.31744141
 0.31837576 0.99999999 0.99999999 0.29298124 0.34417355 0.99999999]
179 47.0900245089786 [0.23590854 0.35555512 0.30793634 0.2631001  0.25045975 0.31765232
 0.31874871 0.99999999 0.99999999 0.2923907  0.34534468 0.99999999]
180 45.83001721480976 [0.23511277 0.35551369 0.30862369 0.26263372 0.24929256 0.31835751
 0.318889   0.99999999 0.99999999 0.29200538 0.34661572 0.99999999]
181 47.50383238732725 [0.23447131 0.35522491 0.30900207 0.26252518 0.24812041 0.31857705
 0.31920375 0.99999999 0.99999999 0.29151806 0.34772895 0.99999999]
182 50.592554206939326 [0.23392779 0.35445804 0.30938458 0.26257068 0.24704603 0.31875058
 0.3195133  0.99999999 0.99999999 0.29076437 0.34893818 0.99999999]
183 48.53743402337756 [0.233432   0.35343377 0.30972625 0.26257828 0.24591861 0.31908817
 0.31975074 0.99999999 0.99999999 0.29014533 0.35039613 0.99999999]
184 393.40195554206906 [0.23287596 0.35258859 0.30995095 0.26270286 0.24473129 0.31909918
 0.32024075 0.99999999 0.99999999 0.28970862 0.3519278  0.99999999]
185 390.2948818269585 [0.23250816 0.3522693  0.30998517 0.26247914 0.24353087 0.31879648
 0.32069456 0.99999999 0.99999999 0.2892865  0.35319857 0.99999999]
186 42.62037764426307 [0.23206965 0.35207813 0.30997039 0.26255842 0.24231673 0.31801176
 0.32083482 0.99999999 0.99999999 0.28906993 0.35416824 0.99999999]
187 393.47592068025403 [0.2316021  0.35185955 0.30995965 0.26253036 0.24113344 0.31744073
 0.32102899 0.99999999 0.99999999 0.28877076 0.35509268 0.99999999]
188 42.82870733710516 [0.23078729 0.35207203 0.30988418 0.26229328 0.24027739 0.31706585
 0.32140948 0.99999999 0.99999999 0.28851291 0.35575241 0.99999999]
189 51.864462898723005 [0.22982615 0.3523051  0.31005475 0.26201768 0.23941397 0.3167782
 0.32171855 0.99999999 0.99999999 0.28822885 0.35701984 0.99999999]
190 47.264117098324846 [0.22895113 0.35254107 0.31022908 0.26163457 0.23848869 0.31653653
 0.32208803 0.99999999 0.99999999 0.28779933 0.35839023 0.99999999]
191 47.61292913641261 [0.22823623 0.35297995 0.31041888 0.2614217  0.23762365 0.31622276
 0.32242141 0.99999999 0.99999999 0.28751083 0.35941871 0.99999999]
192 392.7833004265767 [0.22759029 0.35337322 0.31062236 0.26113722 0.23693865 0.31609661
 0.32263108 0.99999999 0.99999999 0.28710562 0.36075293 0.99999999]
193 393.0963443277319 [0.22709534 0.35316603 0.31039557 0.26082784 0.23620019 0.31626673
 0.32331145 0.99999999 0.99999999 0.28693078 0.36170928 0.99999999]
194 41.87373976195758 [0.22665221 0.35298393 0.31044614 0.26044407 0.23538774 0.31653362
 0.32362333 0.99999999 0.99999999 0.28694004 0.36243843 0.99999999]
195 381.30033591365014 [0.2262381  0.35269885 0.31042443 0.25992859 0.23449875 0.31686879
 0.32402556 0.99999999 0.99999999 0.28672019 0.36309009 0.99999999]
196 42.17987773494856 [0.22599016 0.35251737 0.31036507 0.25914253 0.23372051 0.31730623
 0.32426115 0.99999999 0.99999999 0.28641263 0.36426981 0.99999999]
197 377.53159373106604 [0.22581827 0.35240961 0.31053607 0.25841283 0.23316667 0.3175989
 0.32424049 0.99999999 0.99999999 0.28656722 0.36551645 0.99999999]
198 38.15995665490705 [0.22563116 0.35257478 0.31085352 0.25758136 0.23281848 0.31793243
 0.32398023 0.99999999 0.99999999 0.28691644 0.36665215 0.99999999]
199 39.111314744626476 [0.22526431 0.35266398 0.31104739 0.25685865 0.23247208 0.31831833
 0.32367429 0.99999999 0.99999999 0.28745026 0.36824313 0.99999999]
200 33.61233084267704 [0.22500179 0.35282557 0.31110863 0.25619667 0.23209742 0.31884473
 0.32372293 0.99999999 0.99999999 0.28800099 0.37002771 0.99999999]
201 38.1537053272782 [0.22451686 0.35286763 0.31126417 0.25570456 0.2316496  0.31912996
 0.32391947 0.99999999 0.99999999 0.28836718 0.37165716 0.99999999]
202 28.217614881742143 [0.22425119 0.35290479 0.31177905 0.25505144 0.2312083  0.31940567
 0.32351629 0.99999999 0.99999999 0.28847153 0.37292111 0.99999999]
203 38.978140422861806 [0.22385558 0.352767   0.31241012 0.25446477 0.23044398 0.31937775
 0.32335095 0.99999999 0.99999999 0.28872727 0.37370138 0.99999999]
204 385.9911893823781 [0.22360937 0.35242348 0.31277498 0.25396107 0.22951631 0.31957147
 0.32286932 0.99999999 0.99999999 0.28902362 0.37493521 0.99999999]
205 44.36703501772287 [0.22355548 0.35189023 0.31354283 0.25359227 0.22873133 0.31982004
 0.3225122  0.99999999 0.99999999 0.2892962  0.37565433 0.99999999]
206 380.6751291917003 [0.22358621 0.3514992  0.31421034 0.2533172  0.22808449 0.31980457
 0.3223463  0.99999999 0.99999999 0.28953253 0.37679549 0.99999999]
207 727.6335126634658 [0.22377551 0.3512531  0.3150225  0.25291094 0.22761962 0.31996475
 0.3221391  0.99999999 0.99999999 0.28975803 0.37794061 0.99999999]
208 40.03583449016497 [0.22403892 0.35068677 0.31554405 0.25256319 0.22715557 0.32021406
 0.32194733 1.         1.         0.28995013 0.37893846 1.        ]
209 740.6497578309626 [0.22419327 0.34943039 0.31579532 0.2521675  0.2266402  0.32036554
 0.32187539 1.         1.         0.28982515 0.38036328 1.        ]
210 388.3508947531867 [0.22452603 0.34839858 0.3161909  0.25188369 0.22589496 0.32045947
 0.32195106 1.         1.         0.2899299  0.382149   1.        ]
211 46.08278258671195 [0.22451224 0.34714648 0.31622225 0.2515712  0.22513606 0.32058485
 0.32221179 1.         1.         0.29020519 0.38346409 1.        ]
212 733.8532733440671 [0.22440984 0.34612224 0.3162337  0.25107652 0.22449667 0.32078009
 0.32168913 1.         1.         0.29027571 0.38490749 1.        ]
213 39.701483785015085 [0.22408902 0.34553199 0.31621418 0.25083901 0.22391537 0.32062035
 0.3213089  1.         1.         0.2903628  0.38545951 1.        ]
214 56.25304487638607 [0.22357408 0.34467848 0.31611232 0.250653   0.22330431 0.32035537
 0.32040445 1.         1.         0.29056179 0.3859887  1.        ]
215 41.82180712979901 [0.22327994 0.34370379 0.31605822 0.25039999 0.22242173 0.31977664
 0.31937361 1.         1.         0.29075122 0.38652282 1.        ]
216 381.9676717543644 [0.22290079 0.34305384 0.31592389 0.25031388 0.22165182 0.31903236
 0.31852877 1.         1.         0.29111299 0.38632406 1.        ]
217 393.87062692237384 [0.22265606 0.34232596 0.31563927 0.25010742 0.22088567 0.31802246
 0.31774858 1.         1.         0.29164965 0.38666799 1.        ]
218 32.98467963624651 [0.22262748 0.34198098 0.31503739 0.25001666 0.2201118  0.31659323
 0.317037   1.         1.         0.29226369 0.38745322 1.        ]
219 385.51626002603837 [0.22269159 0.3419001  0.31453781 0.2500875  0.21944313 0.31476509
 0.31653654 1.         1.         0.29332363 0.38826678 1.        ]
220 394.0915151213849 [0.22276259 0.3419667  0.31414346 0.25009773 0.21888135 0.31347111
 0.31617433 1.         1.         0.29449499 0.38957085 1.        ]
221 387.55956772073966 [0.22283207 0.34184997 0.31382043 0.25005075 0.2183701  0.3120988
 0.31572635 1.         1.         0.29555449 0.39093179 1.        ]
222 38.56483468290705 [0.22288224 0.34164524 0.31375475 0.24988866 0.21791633 0.31088519
 0.31534933 1.         1.         0.29641833 0.39242831 1.        ]
223 33.519192053488396 [0.22299408 0.34198651 0.31348376 0.24943212 0.21746688 0.30957178
 0.3152085  1.         1.         0.29697512 0.39350591 1.        ]
224 378.1652101662843 [0.22300789 0.34226898 0.31347302 0.24887424 0.2171203  0.30829334
 0.31501334 1.         1.         0.29775985 0.39393151 1.        ]
225 43.193353107475914 [0.22291713 0.34265408 0.31373728 0.24821481 0.21686104 0.3071952
 0.31489128 1.         1.         0.29848294 0.39401072 1.        ]
226 34.24600541617081 [0.22306381 0.34301832 0.31445772 0.24769254 0.21646903 0.30573258
 0.31467248 1.         1.         0.29893375 0.39408701 1.        ]
227 39.93457562637917 [0.22308726 0.34341996 0.31515053 0.24727857 0.21596741 0.30450732
 0.31474058 1.         1.         0.29933445 0.3943185  1.        ]
228 731.7656328713022 [0.22347571 0.34348553 0.3155406  0.24676107 0.21545712 0.3039229
 0.31493898 1.         1.         0.30007039 0.39452414 1.        ]
229 385.0367116220241 [0.2234723  0.34334625 0.31603504 0.24632028 0.21517244 0.30343423
 0.31541231 1.         1.         0.30084844 0.39491342 1.        ]
230 38.127801747099205 [0.22321799 0.34308862 0.31663895 0.24592038 0.21497949 0.30300174
 0.3158584  1.         1.         0.30154568 0.39533253 1.        ]
231 35.98121139502135 [0.22306638 0.34305868 0.3169382  0.24549378 0.21492457 0.30276295
 0.3162876  1.         1.         0.3016112  0.39515924 1.        ]
232 740.3475206661709 [0.22317044 0.34311282 0.31705844 0.24513916 0.21487593 0.30229482
 0.31657454 1.         1.         0.30159201 0.39483176 1.        ]
233 390.87436882652577 [0.22325641 0.34334323 0.31725451 0.24467644 0.21476795 0.30176686
 0.31698506 1.         1.         0.30126237 0.39415225 1.        ]
234 394.5710990200776 [0.22355172 0.34312114 0.31734541 0.24443756 0.21485471 0.30148678
 0.31739141 1.         1.         0.30112491 0.39339693 1.        ]
235 40.480734078555294 [0.22377126 0.34264366 0.31726341 0.24412092 0.21463935 0.30107849
 0.31766352 1.         1.         0.30130195 0.39312893 1.        ]
236 729.3944340200826 [0.22425753 0.34244023 0.31694401 0.24385228 0.21435135 0.30065645
 0.31800287 1.         1.         0.30135001 0.39307538 1.        ]
237 49.821615254057875 [0.22482133 0.34232186 0.31674433 0.24366439 0.21421376 0.30023757
 0.31797607 1.         1.         0.30166503 0.39324929 1.        ]
238 40.21053924624861 [0.2253971  0.34282062 0.31614885 0.24339915 0.21403636 0.29984278
 0.31800861 1.         1.         0.30231449 0.39341528 1.        ]
239 45.24718935773613 [0.22599076 0.34356723 0.31546178 0.24323242 0.21376745 0.29969652
 0.31820532 1.         1.         0.30312646 0.39398567 1.        ]
240 48.7362127000258 [0.22643188 0.3441212  0.3145324  0.24302802 0.2135207  0.29941745
 0.31842243 1.         1.         0.30416897 0.39499669 1.        ]
241 44.07686589945585 [0.22663061 0.34466245 0.31324788 0.2426693  0.2133245  0.29919698
 0.31830826 1.         1.         0.30524103 0.39581856 1.        ]
242 390.08955286140286 [0.22673208 0.34505737 0.31207848 0.24228852 0.21314397 0.29891232
 0.3182696  1.         1.         0.30613418 0.39678301 1.        ]
243 31.011159064307527 [0.22667761 0.3454247  0.31061927 0.24169577 0.21280147 0.29863984
 0.31856754 1.         1.         0.3072544  0.39763857 1.        ]
244 735.6477739057702 [0.22665426 0.34575512 0.30937457 0.24116248 0.21236786 0.29844611
 0.31899915 1.         1.         0.30828123 0.39912349 1.        ]
245 40.8164530629659 [0.22682386 0.34600668 0.30829612 0.24067256 0.21191768 0.29859699
 0.3196882  1.         1.         0.30927565 0.40039818 1.        ]
246 42.674216613275185 [0.22695131 0.34624808 0.30711811 0.24002827 0.21154275 0.29900559
 0.32029746 1.         1.         0.31023842 0.40150031 1.        ]
247 388.2420362450035 [0.22705432 0.34637722 0.3061179  0.23940408 0.21109886 0.29917017
 0.32096867 1.         1.         0.31114494 0.40282822 1.        ]
248 380.21341269088947 [0.22734425 0.34684604 0.30536373 0.23881815 0.21076725 0.2992622
 0.32162975 1.         1.         0.3119325  0.40409179 1.        ]
249 32.110435087242664 [0.22769242 0.34710609 0.30471149 0.23830537 0.21044522 0.29928051
 0.32177848 1.         1.         0.31206946 0.40575224 1.        ]
250 32.36600213845258 [0.22701634 0.34683497 0.30415024 0.23748997 0.20997706 0.29946932
 0.32183761 1.         1.         0.31228418 0.40771743 1.        ]
251 41.1869543951761 [0.22628561 0.34667833 0.3038955  0.23664658 0.2095488  0.29962225
 0.32176302 1.         1.         0.31226943 0.40934833 1.        ]
252 39.03320810934973 [0.22560406 0.34587609 0.3034185  0.2358967  0.20942718 0.29974917
 0.32177885 1.         1.         0.31219177 0.41088186 1.        ]
253 48.679540394620034 [0.22507118 0.344806   0.30262793 0.23481469 0.20928868 0.29993731
 0.32195477 1.         1.         0.31223004 0.41265468 1.        ]
254 31.61031825170696 [0.22452905 0.34373741 0.30199872 0.23361514 0.20929792 0.30002929
 0.32188689 1.         1.         0.31229483 0.41417274 1.        ]
255 33.8962105861912 [0.22438523 0.3431293  0.30129471 0.23255627 0.20935475 0.30014686
 0.32190989 1.         1.         0.31218294 0.41375577 1.        ]
256 31.4342106184231 [0.22404184 0.34309149 0.30086858 0.23153503 0.20927712 0.29998641
 0.32196622 1.         1.         0.3121134  0.41347608 1.        ]
257 32.23167361429324 [0.22387799 0.34269905 0.30069449 0.23075841 0.20912368 0.29974012
 0.32192272 1.         1.         0.31202725 0.41294568 1.        ]
258 375.77331617717186 [0.22363338 0.34241791 0.30000583 0.23005144 0.20899345 0.29950454
 0.32201506 1.         1.         0.31182694 0.41275219 1.        ]
259 721.3826936879362 [0.2231699  0.34239912 0.29942635 0.22927733 0.20889874 0.29922156
 0.32235668 1.         1.         0.31177582 0.41333424 1.        ]
260 36.01496108886131 [0.22276637 0.34230981 0.29880792 0.22851687 0.20875636 0.29884113
 0.32245002 1.         1.         0.31195137 0.41350763 1.        ]
261 383.37829987129936 [0.22249891 0.34231802 0.2978916  0.22768397 0.20841738 0.29854794
 0.32276524 1.         1.         0.31195088 0.41352213 1.        ]
262 37.08795535342455 [0.22257858 0.34192585 0.29651948 0.22700742 0.20804577 0.29794779
 0.32330506 1.         1.         0.31166415 0.4139375  1.        ]
263 36.98771548098435 [0.22267392 0.34130879 0.29526068 0.22637349 0.20777462 0.29751424
 0.32375514 1.         1.         0.31162142 0.41419536 1.        ]
264 379.3314717422077 [0.22261346 0.34088161 0.29426775 0.2256485  0.20762993 0.29695042
 0.32375136 1.         1.         0.31180862 0.41430587 1.        ]
265 372.8269403081483 [0.22263824 0.34050036 0.29336774 0.22501118 0.20745939 0.29650535
 0.32372714 1.         1.         0.31197358 0.41442674 1.        ]
266 31.006498545454228 [0.22258663 0.33988991 0.29252847 0.22455589 0.20737102 0.29615835
 0.32376831 1.         1.         0.31228115 0.41472177 1.        ]
267 34.43919722018053 [0.2226873  0.33911256 0.29168369 0.22406947 0.2071153  0.29600831
 0.32390153 1.         1.         0.31302292 0.41548176 1.        ]
268 32.59711375292474 [0.22304239 0.3379286  0.29081139 0.22352322 0.2069191  0.29600496
 0.32431699 1.         1.         0.31365671 0.41602404 1.        ]
269 36.40404566943663 [0.22317643 0.33667694 0.28981086 0.22313015 0.20670865 0.29611255
 0.32465639 1.         1.         0.3141031  0.4163545  1.        ]
270 377.3766237714835 [0.22348619 0.33560091 0.28912231 0.22284715 0.20653127 0.29660967
 0.32503812 1.         1.         0.31454307 0.41664384 1.        ]
271 28.12611124872536 [0.22393878 0.33494938 0.28830599 0.22255031 0.20615412 0.29731478
 0.32588232 1.         1.         0.31521345 0.41633278 1.        ]
272 39.40493253978496 [0.22398839 0.33434516 0.28753002 0.22256156 0.20565341 0.29784613
 0.32650564 1.         1.         0.31558947 0.41612141 1.        ]
273 27.746024662601258 [0.22418025 0.33386789 0.28688872 0.2226198  0.20524907 0.29804702
 0.32711792 1.         1.         0.31582255 0.4157249  1.        ]
274 29.343247108767496 [0.22430612 0.33362013 0.28599533 0.22253534 0.20497399 0.29836595
 0.3278016  1.         1.         0.31607157 0.41483545 1.        ]
275 37.343635435246945 [0.22429299 0.33365736 0.285043   0.22261399 0.20466625 0.29889632
 0.32843408 1.         1.         0.31644225 0.41434726 1.        ]
276 377.766348189904 [0.2243589  0.33327804 0.28403372 0.22255451 0.20424082 0.29929094
 0.32867614 1.         1.         0.31684965 0.41455636 1.        ]
277 373.4964633224144 [0.22428192 0.33274254 0.28294022 0.22234649 0.20374429 0.29922987
 0.32900454 1.         1.         0.31729129 0.41420707 1.        ]
278 32.18834569801211 [0.22396579 0.33271546 0.28179447 0.22225073 0.20323953 0.29935799
 0.32908007 1.         1.         0.31750328 0.41376022 1.        ]
279 29.30835778389897 [0.22366625 0.33243749 0.28059423 0.22203289 0.20273778 0.2990972
 0.32912328 1.         1.         0.31786525 0.41341706 1.        ]
280 33.76342963814274 [0.22331303 0.33212099 0.27959934 0.22178796 0.20215466 0.29891016
 0.32871241 1.         1.         0.31809336 0.41297664 1.        ]
281 382.05134147227153 [0.22307621 0.33160989 0.27863146 0.22132347 0.20173142 0.29895847
 0.32856723 1.         1.         0.31836501 0.41283721 1.        ]
282 30.58908384409264 [0.22305487 0.33084277 0.27781288 0.22094508 0.20136276 0.29921538
 0.32819029 1.         1.         0.31901241 0.41212857 1.        ]
283 32.319085701982296 [0.22299802 0.33016975 0.27664901 0.2207416  0.20099824 0.2990843
 0.32780782 1.         1.         0.31964527 0.41149485 1.        ]
284 31.149098384605274 [0.22303788 0.32981037 0.27546204 0.22053391 0.20054393 0.29910476
 0.32730579 1.         1.         0.31995797 0.41102071 1.        ]
285 34.610577363161205 [0.22306482 0.32932096 0.27446011 0.22031255 0.20018597 0.2990464
 0.32716607 1.         1.         0.32052288 0.41073975 1.        ]
286 28.793978890348413 [0.22318399 0.32859451 0.27345851 0.22010575 0.19996583 0.29896413
 0.32717783 1.         1.         0.32084346 0.41058502 1.        ]
287 29.442503166456884 [0.22334622 0.32775663 0.27255282 0.21997468 0.19970077 0.29898388
 0.32714776 1.         1.         0.32109321 0.41103585 1.        ]
288 720.1564696795253 [0.22362608 0.32711869 0.27173855 0.21971311 0.19941909 0.29896583
 0.32733385 1.         1.         0.32142569 0.41144058 1.        ]
289 372.18932894135776 [0.22381588 0.32622376 0.27075416 0.21959055 0.19926353 0.29905892
 0.32732777 1.         1.         0.3216688  0.41205845 1.        ]
290 373.5147443852744 [0.22417099 0.32536704 0.26948318 0.21946169 0.19902573 0.29922701
 0.32755574 1.         1.         0.32188185 0.41296914 1.        ]
291 372.8145729256796 [0.22444182 0.32480066 0.2682568  0.21946485 0.19866947 0.29933941
 0.32745867 1.         1.         0.32215765 0.41271789 1.        ]
292 24.294248676127665 [0.22447122 0.32421838 0.26703325 0.21956048 0.19848857 0.29935421
 0.3268194  1.         1.         0.32204244 0.4126037  1.        ]
293 23.352926590779028 [0.22452498 0.32362093 0.26592503 0.2195753  0.19828709 0.29948801
 0.32616133 1.         1.         0.32200282 0.41259677 1.        ]
294 28.07771366988651 [0.2242874  0.3229058  0.26508682 0.21959909 0.19802658 0.29949286
 0.32538048 1.         1.         0.32172768 0.4127911  1.        ]
295 25.754954472292717 [0.22407954 0.32242771 0.2644015  0.21958892 0.19780045 0.29952937
 0.32467004 1.         1.         0.32146294 0.41284193 1.        ]
296 370.67165543925574 [0.22378234 0.32184096 0.26421212 0.21969605 0.19756271 0.29923583
 0.32369889 1.         1.         0.32116371 0.41241824 1.        ]
297 30.038800887047422 [0.22345542 0.32155963 0.26389531 0.21984447 0.1970849  0.29912619
 0.32285666 1.         1.         0.32091206 0.41223781 1.        ]
298 23.93724612620778 [0.2231643  0.32130614 0.26340438 0.22000453 0.19651127 0.29928847
 0.32212542 1.         1.         0.32113237 0.41228164 1.        ]
299 30.29209701483157 [0.22326009 0.32147811 0.26291513 0.21989932 0.19580347 0.29969961
 0.32156354 1.         1.         0.32111444 0.41260008 1.        ]
300 33.12978106835891 [0.22376497 0.32117742 0.26241775 0.21979572 0.19514321 0.29937094
 0.32110683 1.         1.         0.32086818 0.41361469 1.        ]
301 28.257668508645658 [0.22397885 0.32094565 0.26196209 0.21966007 0.19455148 0.29917708
 0.32066655 1.         1.         0.32075657 0.41452883 1.        ]
302 367.90221541189743 [0.22399292 0.32083129 0.26189627 0.21932606 0.19411097 0.29905117
 0.31996594 1.         1.         0.32075473 0.41606379 1.        ]
303 23.259866664019555 [0.22391154 0.32094881 0.26173929 0.21899829 0.19369941 0.29900964
 0.31926463 1.         1.         0.32085328 0.41849569 1.        ]
304 22.926823114454855 [0.22387755 0.32063898 0.26130077 0.21868098 0.19314027 0.29888386
 0.31875837 1.         1.         0.32092489 0.42099434 1.        ]
305 26.4378455167813 [0.22391975 0.3202801  0.26099522 0.21809673 0.19262585 0.29861454
 0.31834728 1.         1.         0.32131179 0.4232064  1.        ]
306 29.80321096541989 [0.22392792 0.31985345 0.26101407 0.21768316 0.19207686 0.29844632
 0.31749843 1.         1.         0.32182149 0.42555699 1.        ]
307 24.399575155926946 [0.22358006 0.31945978 0.26113066 0.21722131 0.19157311 0.29816587
 0.31682014 1.         1.         0.32209444 0.42779555 1.        ]
308 22.73676493171729 [0.22341449 0.31900739 0.26125595 0.21669205 0.1911968  0.29782626
 0.31668959 1.         1.         0.32215329 0.42999845 1.        ]
309 19.42549207950038 [0.22330446 0.318563   0.26149913 0.21630762 0.19081891 0.29743462
 0.31666079 1.         1.         0.32173523 0.43182021 1.        ]
310 23.755690812127952 [0.22328598 0.31806864 0.26170279 0.21585808 0.19043747 0.29711396
 0.31655798 1.         1.         0.32144941 0.43361753 1.        ]
311 720.6462338215061 [0.22326757 0.3178629  0.2617535  0.2153371  0.1902203  0.29690284
 0.31637052 1.         1.         0.32122778 0.43598479 1.        ]
312 370.96389991011256 [0.22327736 0.3175065  0.26184057 0.21498205 0.1897257  0.29697373
 0.31596388 1.         1.         0.32104317 0.43817814 1.        ]
313 24.853020741322506 [0.22295956 0.31714072 0.26196839 0.21468353 0.18937647 0.29672922
 0.31576254 1.         1.         0.32087767 0.44041554 1.        ]
314 28.372204999766588 [0.22268432 0.31671568 0.26191575 0.21431387 0.18901816 0.29653547
 0.31565798 1.         1.         0.3208365  0.44289329 1.        ]
315 367.6762681761999 [0.22253913 0.31609309 0.26149521 0.21409899 0.18871425 0.29656991
 0.31525738 1.         1.         0.32068773 0.44505552 1.        ]
316 23.667853967555896 [0.22263408 0.31568595 0.2612654  0.213716   0.18846831 0.29664916
 0.31504518 1.         1.         0.3207028  0.44808946 1.        ]
317 27.260708558175114 [0.22257553 0.31541614 0.26112193 0.21324163 0.18823608 0.29669718
 0.31523216 1.         1.         0.32071352 0.45178655 1.        ]
318 24.784338084290752 [0.22263952 0.31496204 0.26091564 0.21296572 0.18804932 0.29647421
 0.31530886 1.         1.         0.32077357 0.45496973 1.        ]
319 720.2918718753841 [0.22253353 0.31492152 0.26045176 0.21292735 0.18775432 0.29601762
 0.31553188 1.         1.         0.32070684 0.45876868 1.        ]
320 25.435168278345387 [0.22251747 0.31477192 0.26020963 0.21272289 0.18754384 0.2954731
 0.31575526 1.         1.         0.32088544 0.46277733 1.        ]
321 23.92765520373873 [0.22230874 0.31470526 0.25983441 0.2122144  0.18743813 0.29504985
 0.31571037 1.         1.         0.32071043 0.46655884 1.        ]
322 20.09966305786128 [0.22200338 0.31489795 0.25940818 0.21181091 0.1873442  0.29491484
 0.31603486 1.         1.         0.32052206 0.46959142 1.        ]
323 22.683367124019988 [0.22184695 0.31490474 0.25911421 0.21145146 0.18738898 0.29463759
 0.31642045 1.         1.         0.320603   0.47168767 1.        ]
324 26.39050001543474 [0.22166897 0.31506702 0.25882018 0.21119412 0.18758292 0.29429464
 0.31669485 1.         1.         0.32052199 0.47327722 1.        ]
325 26.839881735296302 [0.2214439  0.31488167 0.25856209 0.21100568 0.18769394 0.29405595
 0.31725865 1.         1.         0.32068933 0.47543127 1.        ]
326 21.54194825947215 [0.2212309  0.31435265 0.2582569  0.21084057 0.18776174 0.29367907
 0.31784852 1.         1.         0.32087161 0.47861992 1.        ]
327 20.264667142291422 [0.22083395 0.313921   0.25786399 0.21061517 0.1876945  0.29330646
 0.31852165 1.         1.         0.32126479 0.48125002 1.        ]
328 20.545370133935737 [0.22056313 0.3134741  0.25725704 0.21024085 0.18768035 0.29245789
 0.31917868 1.         1.         0.32179584 0.48295188 1.        ]
329 26.247775446208728 [0.21994883 0.31264896 0.2563927  0.21034327 0.18771147 0.29169859
 0.31964226 1.         1.         0.32222432 0.4837554  1.        ]
330 23.11006416360985 [0.21948848 0.31181776 0.2556883  0.21050637 0.18771816 0.29101707
 0.31992511 1.         1.         0.32246886 0.48437194 1.        ]
331 21.838929456112904 [0.21912874 0.31132311 0.2546938  0.21068326 0.18774016 0.29049735
 0.31991498 1.         1.         0.3229152  0.48439882 1.        ]
332 365.8831649308203 [0.21875756 0.31127567 0.25402611 0.21085654 0.18782611 0.29005771
 0.32039666 1.         1.         0.3225405  0.48473743 1.        ]
333 366.31024367877075 [0.21849762 0.31130106 0.25347332 0.21112434 0.18797117 0.28960246
 0.32065133 1.         1.         0.32218073 0.48448603 1.        ]
334 25.998224823570453 [0.2183112  0.31132736 0.25279208 0.2114115  0.18804843 0.28905917
 0.32068214 1.         1.         0.32185877 0.48386598 1.        ]
335 30.633543827896 [0.21802313 0.31129245 0.25214555 0.21186293 0.18803075 0.28860523
 0.32077408 1.         1.         0.32156077 0.48425233 1.        ]
336 34.628969285478874 [0.21783015 0.3114213  0.25147315 0.21205672 0.18814583 0.28795302
 0.32099475 1.         1.         0.32158106 0.48483355 1.        ]
337 21.08304286967487 [0.21763257 0.31136336 0.25094488 0.21229184 0.18814403 0.28738042
 0.32114082 1.         1.         0.32095101 0.48590262 1.        ]
338 21.46027306318915 [0.21732631 0.31103829 0.25021076 0.21231612 0.18798438 0.2870185
 0.3211012  1.         1.         0.320223   0.48389337 1.        ]
339 23.07689132054206 [0.21670394 0.31118674 0.24941048 0.21228445 0.18784172 0.28663108
 0.32124004 1.         1.         0.31969953 0.48378702 1.        ]
340 29.186563928487367 [0.21634472 0.31154854 0.248813   0.21197302 0.18770162 0.28635027
 0.32144869 1.         1.         0.31906983 0.48355084 1.        ]
341 20.080112154316417 [0.21610484 0.31189513 0.2483399  0.21161496 0.18747056 0.28603535
 0.32182104 1.         1.         0.31859716 0.48347366 1.        ]
342 23.022749900181523 [0.21601095 0.31241722 0.24781818 0.21109535 0.18722469 0.28584551
 0.32215124 1.         1.         0.31799879 0.48350104 1.        ]
343 374.62802990817636 [0.21581366 0.31281281 0.24724302 0.21047673 0.18698414 0.28541945
 0.32206557 1.         1.         0.31706199 0.48407391 1.        ]
344 22.549976953689345 [0.21566383 0.31331141 0.24662924 0.20954726 0.18643647 0.28495671
 0.32217399 1.         1.         0.31573803 0.48599963 1.        ]
345 26.078185491972512 [0.21540321 0.31371676 0.24608162 0.20883346 0.18599416 0.2847301
 0.32226267 1.         1.         0.31430778 0.48613442 1.        ]
346 21.251001020099373 [0.21492499 0.31344845 0.24579989 0.20806212 0.18555017 0.28451389
 0.32220275 1.         1.         0.31269275 0.48546273 1.        ]
347 21.311166939382424 [0.21449376 0.31310722 0.24551294 0.20734121 0.18506975 0.28425244
 0.32245054 1.         1.         0.31130919 0.48481632 1.        ]
348 21.49660935559293 [0.21406974 0.31250364 0.24528207 0.2065898  0.18475579 0.28411399
 0.32299103 1.         1.         0.3097926  0.48366406 1.        ]
349 20.08335821720057 [0.21368666 0.31189672 0.2449825  0.20558241 0.18451663 0.28362035
 0.32323297 1.         1.         0.30843087 0.48247146 1.        ]
350 23.25708021802162 [0.21345358 0.31136666 0.24465772 0.20485437 0.18428546 0.28288493
 0.32354957 1.         1.         0.30723619 0.4808371  1.        ]
351 22.79698675268832 [0.21346    0.3108801  0.24401357 0.20433723 0.18368288 0.28162781
 0.32374652 1.         1.         0.3055     0.47942461 1.        ]
352 22.57267662408404 [0.21344196 0.31041418 0.24346051 0.20390553 0.18306479 0.28030437
 0.32383507 1.         1.         0.30374939 0.47823291 1.        ]
353 20.14543607554847 [0.21371872 0.3097679  0.24314788 0.20352777 0.182469   0.27905399
 0.32449034 1.         1.         0.30186235 0.47718067 1.        ]
354 25.3724549843759 [0.21388131 0.30908457 0.24274824 0.20248483 0.18193082 0.2780517
 0.32528262 1.         1.         0.30058907 0.47489037 1.        ]
355 21.85644215829115 [0.21379229 0.30848303 0.24254731 0.20154434 0.18144738 0.27693708
 0.32592126 1.         1.         0.29964919 0.47237013 1.        ]
356 22.173604302795717 [0.21376727 0.3082036  0.24225517 0.20078898 0.18074864 0.27557842
 0.32681625 1.         1.         0.29857793 0.4697013  1.        ]
357 23.27029674170366 [0.21353834 0.30831422 0.24194208 0.20014477 0.1800736  0.27437543
 0.32770228 1.         1.         0.2972564  0.4678776  1.        ]
358 25.64073023116184 [0.21344629 0.30860746 0.24158723 0.19949169 0.17946205 0.27318528
 0.32871367 1.         1.         0.29584633 0.46545241 1.        ]
359 19.186919347883297 [0.21318709 0.30881635 0.24117494 0.19889032 0.17889253 0.27193732
 0.32984221 1.         1.         0.29484546 0.46318189 1.        ]
360 24.363521271759858 [0.21263274 0.30945309 0.24081374 0.19844358 0.17832363 0.27088306
 0.3309144  1.         1.         0.29375837 0.46109439 1.        ]
361 23.372658005189827 [0.21220845 0.31026233 0.24065261 0.19814587 0.17771887 0.26987276
 0.33197247 1.         1.         0.29276896 0.45978082 1.        ]
362 24.138228693032282 [0.211617   0.31117665 0.24046303 0.19793052 0.17718286 0.26883025
 0.33280797 1.         1.         0.29196948 0.45832919 1.        ]
363 20.074135500727287 [0.21092372 0.31186182 0.2402618  0.19777251 0.17661405 0.2678782
 0.33357467 1.         1.         0.29131663 0.45693179 1.        ]
364 20.67797842084786 [0.21026027 0.31286133 0.24004056 0.19770356 0.17616722 0.2671694
 0.3340305  1.         1.         0.29054655 0.45593794 1.        ]
365 19.976036648439322 [0.20986742 0.31366576 0.23978204 0.19750323 0.17569304 0.26647719
 0.33467492 1.         1.         0.28994225 0.45491316 1.        ]
366 19.057438279180296 [0.20970908 0.31453796 0.23956448 0.19733086 0.17518234 0.26560271
 0.33525748 1.         1.         0.28939884 0.45347296 1.        ]
367 21.689454748335372 [0.20940869 0.31497593 0.23932072 0.1972106  0.17475418 0.26493674
 0.33585708 1.         1.         0.28909964 0.4510491  1.        ]
368 20.235232611121912 [0.20896424 0.31542235 0.23923564 0.1970041  0.17431451 0.26432824
 0.33676029 1.         1.         0.28887275 0.4488766  1.        ]
369 16.921780616645762 [0.20862467 0.31572224 0.23917125 0.19686851 0.17387962 0.26395989
 0.33767635 1.         1.         0.2886444  0.44661066 1.        ]
370 21.828169034860117 [0.20821908 0.31592007 0.23928303 0.19673734 0.17350463 0.26344178
 0.33837227 1.         1.         0.28833522 0.44467597 1.        ]
371 22.132506292767815 [0.20786742 0.31621204 0.23943349 0.19654178 0.17308982 0.26298702
 0.33874474 1.         1.         0.28792818 0.44301737 1.        ]
372 18.915576925267157 [0.20739352 0.31652438 0.23948959 0.1962282  0.17277074 0.26247519
 0.33932331 1.         1.         0.28769354 0.44171482 1.        ]
373 18.820125620500132 [0.20683499 0.31687039 0.23942801 0.19596434 0.17244835 0.26198723
 0.34012373 1.         1.         0.28735844 0.44108827 1.        ]
374 16.131223986884663 [0.20631073 0.31722488 0.23936358 0.19580998 0.17219289 0.26157548
 0.34099277 1.         1.         0.2870244  0.44069029 1.        ]
375 16.630855637215028 [0.20577748 0.31789826 0.23905706 0.19583716 0.17195813 0.26130704
 0.34159688 1.         1.         0.28651792 0.44029749 1.        ]
376 16.670046268815977 [0.20523567 0.3183034  0.23889956 0.19583088 0.17171559 0.2611825
 0.34158053 1.         1.         0.28612159 0.43982765 1.        ]
377 361.3981508993272 [0.20436695 0.3184605  0.23852552 0.19587904 0.17149314 0.2611493
 0.34179649 1.         1.         0.28579743 0.43948483 1.        ]
378 16.411621063596325 [0.20345727 0.31892341 0.23833983 0.19591091 0.17127439 0.26105553
 0.34186827 1.         1.         0.28568614 0.43938682 1.        ]
379 18.42404302665836 [0.20281823 0.31929798 0.23784454 0.19596327 0.17109455 0.26072048
 0.34210065 1.         1.         0.2853445  0.43805485 1.        ]
380 17.365168404083278 [0.20226502 0.31947559 0.23729068 0.19605037 0.17086273 0.26038938
 0.34194729 1.         1.         0.28529639 0.436184   1.        ]
381 23.65046773063502 [0.20180635 0.31973623 0.23661136 0.19628833 0.1706724  0.25994992
 0.34191308 1.         1.         0.28540328 0.43458205 1.        ]
382 364.81127471472183 [0.20145721 0.32027803 0.23573208 0.19635614 0.17056954 0.25959623
 0.34223742 1.         1.         0.28533411 0.43292446 1.        ]
383 16.862770832900132 [0.20113063 0.32072061 0.23482788 0.19641209 0.17040052 0.25916238
 0.3424348  1.         1.         0.28532378 0.43162884 1.        ]
384 18.38094990973758 [0.20084069 0.32092721 0.2339816  0.19642727 0.1702896  0.25849995
 0.34228501 1.         1.         0.28514315 0.43005882 1.        ]
385 19.664135140517544 [0.20072145 0.32114391 0.23319676 0.1964057  0.170232   0.25772107
 0.34204057 1.         1.         0.28519096 0.4287108  1.        ]
386 18.846651233277978 [0.20074892 0.32128772 0.2324702  0.19644181 0.17019518 0.25716915
 0.34167956 1.         1.         0.28529114 0.42749379 1.        ]
387 18.097296162304815 [0.20078496 0.32128329 0.23191468 0.19628011 0.17013539 0.25648241
 0.34149345 1.         1.         0.28532741 0.42632178 1.        ]
388 14.60306956416538 [0.20069019 0.32123577 0.23125178 0.19610249 0.16993396 0.25578993
 0.34143034 1.         1.         0.28522665 0.4255904  1.        ]
389 21.71921456437289 [0.20066621 0.32084404 0.23075781 0.19584552 0.1696407  0.25473381
 0.3413269  1.         1.         0.2854288  0.42503627 1.        ]
390 16.266868768957394 [0.20054396 0.32108813 0.23007004 0.195432   0.16940175 0.25387388
 0.34175962 1.         1.         0.2856466  0.42443149 1.        ]
391 19.70367618708778 [0.20043013 0.32168635 0.22961533 0.19516209 0.16926876 0.25289881
 0.34224057 1.         1.         0.28588131 0.42418631 1.        ]
392 18.38820779436707 [0.20022345 0.32248914 0.22936214 0.19493194 0.16908483 0.25200937
 0.34261358 1.         1.         0.28594592 0.42349903 1.        ]
393 359.60870743795164 [0.20000574 0.32337124 0.2291982  0.19482814 0.16877971 0.25129279
 0.34251914 1.         1.         0.2858385  0.42317773 1.        ]
394 20.425389128739624 [0.1998163  0.32432239 0.22891243 0.19463496 0.16855276 0.25040738
 0.34245413 1.         1.         0.28573528 0.4224795  1.        ]
395 21.176008773438276 [0.19988307 0.32466308 0.22870158 0.19453546 0.16830264 0.24938508
 0.34234323 1.         1.         0.28577223 0.42167646 1.        ]
396 17.30042300597986 [0.19978177 0.3244736  0.22851553 0.19448996 0.16808009 0.24854868
 0.34225124 1.         1.         0.28587122 0.42073427 1.        ]
397 21.99324185725873 [0.19962097 0.32460188 0.22849962 0.19452631 0.16797796 0.24787353
 0.34186833 1.         1.         0.28595854 0.4202176  1.        ]
398 17.04629696675326 [0.19959937 0.32482956 0.22852196 0.19450253 0.16789173 0.24713415
 0.3416869  1.         1.         0.28581301 0.41969996 1.        ]
399 18.524840786373034 [0.19957823 0.32482661 0.22851889 0.19456367 0.16779984 0.24667095
 0.34135697 1.         1.         0.28577077 0.41906746 1.        ]
400 19.19540759444147 [0.19947126 0.32483022 0.2286419  0.19445113 0.16767723 0.24618141
 0.3412781  1.         1.         0.2855355  0.41861755 1.        ]
401 17.264474831860454 [0.19938213 0.32499294 0.22858925 0.19423645 0.16765363 0.24579642
 0.34146464 1.         1.         0.28518266 0.41809409 1.        ]
402 16.37264874297116 [0.19916045 0.32487423 0.22857671 0.19407027 0.16752589 0.2451137
 0.34188334 1.         1.         0.28476878 0.41795934 1.        ]
403 15.502297025004042 [0.19888167 0.3253491  0.2283689  0.19403829 0.16741851 0.24443481
 0.34246649 1.         1.         0.28437586 0.41819254 1.        ]
404 15.081784033721034 [0.19864307 0.32574075 0.22809495 0.19414628 0.16734261 0.24378444
 0.34305206 1.         1.         0.28431082 0.41893713 1.        ]
405 15.93456210734304 [0.19868044 0.3256745  0.22802857 0.19424833 0.16722059 0.24312528
 0.34365226 1.         1.         0.28447006 0.41918939 1.        ]
406 13.497148416232372 [0.19880685 0.32571374 0.22791426 0.19423048 0.16706937 0.24247802
 0.34385255 1.         1.         0.28468497 0.41909321 1.        ]
407 20.602486759797088 [0.19887144 0.32489738 0.22785211 0.19416554 0.16692823 0.2419299
 0.34433355 1.         1.         0.28501304 0.41881827 1.        ]
408 18.91325846784988 [0.1989469  0.32403895 0.22768766 0.19421558 0.16674784 0.2412889
 0.34469789 1.         1.         0.28524352 0.41840333 1.        ]
409 13.666950623778051 [0.19894955 0.3237206  0.22764088 0.19421768 0.1666029  0.24086832
 0.34580928 1.         1.         0.28493363 0.41787057 1.        ]
410 16.396429138644095 [0.19880284 0.32311707 0.22753509 0.19422868 0.16640696 0.24069195
 0.34702166 1.         1.         0.28476947 0.41745894 1.        ]
411 15.469867793281662 [0.19864766 0.32183404 0.2271812  0.19421919 0.16636757 0.24057771
 0.34846695 1.         1.         0.28481673 0.41704106 1.        ]
412 19.224765573104165 [0.19854966 0.32069803 0.22690596 0.1942303  0.16628588 0.24029888
 0.34970496 1.         1.         0.28491471 0.41633865 1.        ]
413 20.155941434584488 [0.19857031 0.32015675 0.22646681 0.19426924 0.16600493 0.24011408
 0.3503823  1.         1.         0.2851592  0.41562686 1.        ]
414 16.942110316872892 [0.19852131 0.31948309 0.22624673 0.19414189 0.1657413  0.23995099
 0.35119052 1.         1.         0.28547558 0.4149084  1.        ]
415 360.5491746690717 [0.19855914 0.31921004 0.22600919 0.19394177 0.16547406 0.23977925
 0.35239978 1.         1.         0.28552882 0.41466365 1.        ]
416 369.04500355265117 [0.19848954 0.31861649 0.22586458 0.19374366 0.16519722 0.23969891
 0.35359784 1.         1.         0.28568438 0.41469288 1.        ]
417 17.39930322120261 [0.19856988 0.31837382 0.2259259  0.19358591 0.16491797 0.23965684
 0.35424023 1.         1.         0.28561985 0.41457867 1.        ]
418 14.64390556035135 [0.19865545 0.31792675 0.22585697 0.19347425 0.16460958 0.23984486
 0.35513129 1.         1.         0.28578394 0.41449483 1.        ]
419 13.348463418365064 [0.19867808 0.31701832 0.22575084 0.19339396 0.16425244 0.2400081
 0.35601894 1.         1.         0.28593024 0.41400097 1.        ]
420 14.466707360874857 [0.19853811 0.31618053 0.22584153 0.19328067 0.16396909 0.24016398
 0.35640173 1.         1.         0.28621173 0.413395   1.        ]
421 11.41097550031143 [0.1983063  0.31572288 0.22603836 0.19327181 0.16367272 0.24028179
 0.35695586 1.         1.         0.28650271 0.41340741 1.        ]
422 12.515547049043203 [0.1979814  0.31528407 0.2261833  0.19327064 0.16334377 0.24026782
 0.3575638  1.         1.         0.28695119 0.41394455 1.        ]
423 696.6956554095937 [0.19743006 0.3150395  0.22628011 0.19313811 0.16296744 0.24015623
 0.35820646 1.         1.         0.28725936 0.41518266 1.        ]
424 15.828091843809736 [0.19675533 0.31422872 0.22623732 0.19295018 0.16255514 0.24005765
 0.35909759 1.         1.         0.28773448 0.41652832 1.        ]
425 15.865998250264902 [0.19629402 0.31387897 0.22619531 0.19277382 0.16218353 0.23990609
 0.35990293 1.         1.         0.28816582 0.41778006 1.        ]
426 18.836433126852306 [0.19587198 0.31342892 0.22612562 0.19248925 0.1618883  0.23950187
 0.36115388 1.         1.         0.28871372 0.41914678 1.        ]
427 18.95258591612938 [0.19551361 0.31289434 0.22603564 0.19224482 0.161611   0.23924621
 0.36203745 1.         1.         0.28869571 0.42033271 1.        ]
428 358.2530893837746 [0.19523209 0.31241211 0.22595065 0.19205923 0.16134191 0.23897786
 0.36311566 1.         1.         0.28861258 0.4218646  1.        ]
429 16.24669963765665 [0.19517779 0.31160582 0.22589881 0.19191716 0.16119414 0.23877358
 0.36407023 1.         1.         0.28865067 0.42297771 1.        ]
430 15.256385163278154 [0.19505704 0.31165506 0.22587988 0.19181167 0.16106739 0.23839086
 0.36477575 1.         1.         0.28869521 0.42361758 1.        ]
431 10.092142725529076 [0.19504355 0.31198407 0.22584147 0.19173494 0.16084774 0.238156
 0.36570826 1.         1.         0.28877676 0.42423223 1.        ]
432 12.626422703424039 [0.19511055 0.31216311 0.22568748 0.19169495 0.1607396  0.2378648
 0.36655896 1.         1.         0.28873123 0.42466655 1.        ]
433 11.93443909146847 [0.19527633 0.31249886 0.22569239 0.19152364 0.16069127 0.23757879
 0.36770631 1.         1.         0.28890817 0.42439618 1.        ]
434 11.473841462114171 [0.19546929 0.31244763 0.22582445 0.19135584 0.16063492 0.23742463
 0.36925808 1.         1.         0.28934461 0.4238606  1.        ]
435 13.504389684517148 [0.19557543 0.312292   0.22568263 0.19100744 0.16039595 0.23722775
 0.37200281 1.         1.         0.28997865 0.42338254 1.        ]
436 13.332777839979366 [0.19559939 0.3123996  0.22541648 0.19071874 0.16024074 0.2371144
 0.37535167 1.         1.         0.29052838 0.42338829 1.        ]
437 14.036012470350073 [0.19580323 0.31261079 0.22515389 0.19054027 0.16006929 0.23719705
 0.3784311  1.         1.         0.29106555 0.42355126 1.        ]
438 360.41884537636935 [0.1959245  0.31307926 0.2246011  0.19056391 0.15985649 0.23744673
 0.38109309 1.         1.         0.29156182 0.42352539 1.        ]
439 13.068765967424973 [0.1958202  0.31324434 0.22373676 0.19034439 0.15970423 0.23758182
 0.38232057 1.         1.         0.29191078 0.42416532 1.        ]
440 368.24422174366896 [0.19607519 0.31298097 0.223111   0.19016889 0.15960799 0.23784151
 0.38321795 1.         1.         0.29228629 0.42514273 1.        ]
441 14.050733863138435 [0.19626261 0.31269406 0.22226025 0.18997718 0.1595777  0.23794107
 0.38430928 1.         1.         0.29280104 0.42593362 1.        ]
442 15.547813496477794 [0.19629571 0.31256031 0.22144097 0.18960996 0.15950185 0.23809777
 0.38520422 1.         1.         0.29311912 0.42658631 1.        ]
443 16.176222754836143 [0.19638548 0.31219361 0.22068459 0.18923337 0.15941547 0.23815907
 0.38684818 1.         1.         0.293354   0.42719999 1.        ]
444 12.385575210233652 [0.19648228 0.31190862 0.22012977 0.18895869 0.15931643 0.23836294
 0.38909274 1.         1.         0.29347424 0.4276028  1.        ]
445 16.334973957214757 [0.19674749 0.31114652 0.21975827 0.18877944 0.15924845 0.23841414
 0.39182015 1.         1.         0.29361366 0.42816643 1.        ]
446 14.753641745360701 [0.19712407 0.3102192  0.21958909 0.1886228  0.15922548 0.23825577
 0.39414453 1.         1.         0.29353953 0.4287634  1.        ]
447 15.691491699199902 [0.19755068 0.30914756 0.21958862 0.18850596 0.15917143 0.23797995
 0.39614573 1.         1.         0.29358379 0.42930157 1.        ]
448 745.8587329379918 [0.19799338 0.30812763 0.21964489 0.18844853 0.1590998  0.23774135
 0.39857711 1.         1.         0.29375773 0.42959569 1.        ]
449 14.969284858331942 [0.19871847 0.30694973 0.21967487 0.18835354 0.15908146 0.23758582
 0.40140247 1.         1.         0.29371536 0.42980705 1.        ]
450 1557.4822605086542 [0.19935957 0.30566686 0.21970167 0.18819812 0.15910335 0.23740263
 0.40485875 1.         1.         0.29348267 0.42991127 1.        ]
451 16.057255576100594 [0.19978683 0.30492303 0.21983769 0.18816221 0.15907741 0.23713285
 0.40852254 1.         1.         0.29336481 0.42994726 1.        ]
452 15.262509694443477 [0.20002718 0.30402058 0.21988646 0.18828034 0.15912451 0.23678024
 0.41210299 1.         1.         0.2933665  0.42978323 1.        ]
453 15.809249586094541 [0.19995828 0.30292097 0.21982243 0.18837873 0.15909887 0.23659583
 0.41567311 1.         1.         0.29361481 0.42982742 1.        ]
454 14.602798597322906 [0.19968774 0.30243924 0.21976553 0.18829383 0.15905336 0.23638063
 0.41850726 1.         1.         0.29386651 0.43004162 1.        ]
455 18.027953770746628 [0.19942393 0.30180273 0.21964273 0.18828269 0.15898444 0.23601895
 0.42070881 1.         1.         0.29380924 0.43039587 1.        ]
456 391.04311122575666 [0.19934533 0.30129954 0.21952985 0.18818532 0.15895449 0.2355686
 0.42157415 1.         1.         0.29369685 0.43039456 1.        ]
457 17.0999062492749 [0.19941437 0.30025603 0.21957347 0.18805962 0.1588322  0.23525569
 0.42071191 1.         1.         0.2939325  0.43010358 1.        ]
458 12.616898758935122 [0.19923979 0.29975686 0.21968749 0.18796467 0.15865012 0.23496549
 0.41885702 1.         1.         0.29398929 0.42997499 1.        ]
459 11.41503405743768 [0.19883188 0.29948941 0.21976176 0.18790068 0.15855048 0.23463191
 0.41554047 1.         1.         0.29388614 0.42974851 1.        ]
460 13.777390591119081 [0.19853022 0.29918138 0.21998267 0.18800218 0.15851144 0.23429668
 0.41214627 1.         1.         0.29372238 0.42873593 1.        ]
461 16.045367260780115 [0.19814123 0.299172   0.22022734 0.18814362 0.15847951 0.23392633
 0.40980961 1.         1.         0.29362655 0.42773466 1.        ]
462 11.863974958057351 [0.19786856 0.29916034 0.22047231 0.18825341 0.15847405 0.23340062
 0.4089428  1.         1.         0.29368533 0.42711937 1.        ]
463 16.507714635179205 [0.1975162  0.29897324 0.22072013 0.18844913 0.15834568 0.23300166
 0.40905508 1.         1.         0.29374189 0.42622008 1.        ]
464 17.907778391463637 [0.19707027 0.29883506 0.22101239 0.18849796 0.15819713 0.23267396
 0.40932469 1.         1.         0.29380301 0.4253098  1.        ]
465 15.386234815330575 [0.19670106 0.29864397 0.22122778 0.18848564 0.15801637 0.23226871
 0.40975987 1.         1.         0.29391234 0.42435364 1.        ]
466 13.863957293700214 [0.19652461 0.29839758 0.22136434 0.18857609 0.15776178 0.23175499
 0.41061619 1.         1.         0.2941149  0.42348262 1.        ]
467 15.90850315278474 [0.19634134 0.29818531 0.22162528 0.18866068 0.15750491 0.23121774
 0.41152062 1.         1.         0.29421398 0.42284269 1.        ]
468 15.592149985363054 [0.19606085 0.29840314 0.22183653 0.18864871 0.15737222 0.2306549
 0.4127178  1.         1.         0.29456322 0.42262144 1.        ]
469 14.7388774946759 [0.19591955 0.29841299 0.2221009  0.1884243  0.15725281 0.23023927
 0.41277669 1.         1.         0.2946509  0.42229651 1.        ]
470 12.450632173135915 [0.19579523 0.29832346 0.22232835 0.18828722 0.15716419 0.22974975
 0.41214985 1.         1.         0.29440559 0.42255525 1.        ]
471 17.284738824903396 [0.19573502 0.29828317 0.22255765 0.18821963 0.1569924  0.22927294
 0.41085696 1.         1.         0.29428719 0.42253309 1.        ]
472 14.902029921749516 [0.19565447 0.29845723 0.22282203 0.18827057 0.15684055 0.22861901
 0.4096961  1.         1.         0.2942187  0.42325008 1.        ]
473 13.493100416660745 [0.19556083 0.2986061  0.22321455 0.18819977 0.15670363 0.22797163
 0.40865849 1.         1.         0.29453963 0.42359736 1.        ]
474 15.568133902472407 [0.1954065  0.29915554 0.22360033 0.18824919 0.15650715 0.22733427
 0.4077173  1.         1.         0.2947782  0.42400269 1.        ]
475 375.6533036962125 [0.19560636 0.29956139 0.22373123 0.18839202 0.15638718 0.22667134
 0.4063891  1.         1.         0.2951154  0.42441869 1.        ]
476 15.135026234080042 [0.1956328  0.29997246 0.22391027 0.18841774 0.15631778 0.22592682
 0.40580162 1.         1.         0.29526295 0.42444319 1.        ]
477 15.347913718749181 [0.19560174 0.30071951 0.22416808 0.1884564  0.1562297  0.22513201
 0.40613611 1.         1.         0.2954735  0.42417663 1.        ]
478 14.433866564095812 [0.19565886 0.3012527  0.22443253 0.18842186 0.15611846 0.22454906
 0.40570312 1.         1.         0.29556796 0.42374226 1.        ]
479 12.697400215018764 [0.19570822 0.30195998 0.22482276 0.18841154 0.1559708  0.22402501
 0.40615232 1.         1.         0.2956602  0.42301679 1.        ]
480 395.46146507052794 [0.19564174 0.30256038 0.22505763 0.1882127  0.15582991 0.22359823
 0.40633084 1.         1.         0.29565188 0.42228196 1.        ]
481 10.733334431192146 [0.1954069  0.30272111 0.22510164 0.18796634 0.15572755 0.223215
 0.40551817 1.         1.         0.29578134 0.42130709 1.        ]
482 13.985860795615878 [0.19514882 0.30305654 0.22483273 0.18773375 0.15563609 0.22274311
 0.40486304 1.         1.         0.2960313  0.41978055 1.        ]
483 14.342932317802987 [0.19493496 0.30307785 0.22401782 0.18758333 0.15553296 0.22243559
 0.40437511 1.         1.         0.29627102 0.4185736  1.        ]
484 13.726887557974539 [0.19436627 0.30295955 0.22314046 0.18744233 0.15537566 0.22222689
 0.40411024 1.         1.         0.29630049 0.41774417 1.        ]
485 14.569069677795362 [0.19373078 0.30309299 0.2224922  0.18731063 0.15524707 0.22196765
 0.40480017 1.         1.         0.29629756 0.41743258 1.        ]
486 14.079904991657823 [0.19313445 0.30320455 0.22200599 0.18695118 0.15506729 0.22185746
 0.40596508 1.         1.         0.29639428 0.41686027 1.        ]
487 14.309477170843078 [0.19279468 0.30307336 0.22150828 0.18675003 0.15491471 0.22180173
 0.40592064 1.         1.         0.29648391 0.41678291 1.        ]
488 14.97460455145513 [0.19251278 0.30252589 0.22113439 0.1867241  0.15470745 0.2218
 0.4063528  1.         1.         0.29667128 0.41686634 1.        ]
489 18.764766567101447 [0.19236353 0.30217976 0.22042915 0.18667393 0.15460125 0.22189495
 0.40566114 1.         1.         0.29713754 0.41693126 1.        ]
490 391.99575817552665 [0.19242752 0.30204823 0.2196888  0.1865466  0.1545324  0.22187163
 0.40465586 1.         1.         0.29749122 0.41601129 1.        ]
491 16.305954734052143 [0.19255426 0.30210638 0.21926361 0.18656584 0.1543626  0.22206668
 0.40262166 1.         1.         0.29743213 0.41497298 1.        ]
492 13.61821533315847 [0.1928348  0.3019108  0.2189723  0.18656631 0.15430105 0.22216221
 0.40095223 1.         1.         0.29733189 0.41438152 1.        ]
493 16.07725703052085 [0.19299393 0.30164354 0.21896397 0.18648029 0.15426562 0.22229761
 0.39961894 1.         1.         0.29737436 0.41378957 1.        ]
494 371.02832817851765 [0.19313377 0.30157033 0.21906499 0.18632756 0.15418289 0.2223217
 0.39786968 1.         1.         0.29756941 0.41339167 1.        ]
495 15.924527334276856 [0.19300777 0.30118567 0.21928761 0.18615182 0.15404152 0.22246841
 0.39683543 1.         1.         0.29741199 0.41330845 1.        ]
496 15.415581851941328 [0.19282158 0.30089978 0.21947634 0.18567114 0.15394657 0.22261905
 0.39607446 1.         1.         0.29680389 0.41297499 1.        ]
497 396.9910491028302 [0.19273226 0.30054284 0.21975273 0.18526625 0.1537998  0.22272928
 0.3951026  1.         1.         0.29565489 0.41251233 1.        ]
498 17.443919027258822 [0.19250613 0.30044776 0.2200945  0.1848093  0.15356979 0.22289096
 0.39430633 1.         1.         0.29487067 0.41251966 1.        ]
499 14.186742871170079 [0.19236378 0.29983947 0.22027522 0.18441695 0.15335481 0.22300131
 0.39435307 1.         1.         0.29434989 0.41206142 1.        ]
