0 16643.668354639238 [0.29926034 0.29676039 0.29592665 0.30092718 0.30092717 0.30009376
 0.34022757 0.30092718 0.96153303 0.29926034 0.30092717 0.30092718
 0.33939415]
1 11034.33247030702 [0.30062746 0.29531922 0.29335798 0.30093925 0.30096153 0.29835827
 0.34290366 0.30151382 0.9613719  0.29710319 0.29942361 0.3011283
 0.34013192]
2 7233.689563524833 [0.30192884 0.29527397 0.29150069 0.30058996 0.30012006 0.29735249
 0.34425297 0.30089273 0.96109621 0.29751746 0.29803909 0.29925774
 0.34149034]
3 4911.207005644414 [0.30254451 0.2960104  0.29022309 0.30182742 0.29943912 0.29688504
 0.34558339 0.30094684 0.96082132 0.29801442 0.29731956 0.29841514
 0.34209571]
4 4049.709358318739 [0.30382787 0.29625975 0.29027124 0.30296423 0.2993435  0.29731405
 0.34639536 0.30183085 0.96056293 0.29818831 0.29728016 0.29773018
 0.34192864]
5 3763.9617888214 [0.30532261 0.29623236 0.29057885 0.30386593 0.29953973 0.29762387
 0.34725076 0.30241976 0.96026745 0.29884002 0.29737384 0.29678924
 0.34202192]
6 2773.681768427872 [0.30554409 0.29608386 0.29075889 0.30435874 0.30032826 0.2986578
 0.34815625 0.30355887 0.95994719 0.30008543 0.29740249 0.29568231
 0.34241148]
7 3670.359623012327 [0.3054691  0.29655752 0.29137938 0.30512796 0.30146409 0.29910739
 0.34871398 0.30484356 0.95961264 0.30040188 0.29750419 0.29471678
 0.34338655]
8 2693.5831734813605 [0.30522684 0.29679913 0.29173696 0.30556037 0.30262317 0.29969443
 0.34931871 0.30629651 0.95928551 0.30123804 0.29744533 0.29422725
 0.34475551]
9 3652.2743869305114 [0.30521563 0.29683684 0.29135026 0.30615593 0.30416439 0.29995255
 0.34949454 0.30735172 0.95902265 0.30208988 0.29760124 0.29404232
 0.34580064]
10 2506.1533030946384 [0.30575605 0.29702307 0.29098317 0.3064548  0.30528786 0.30013753
 0.34965714 0.30830263 0.95879572 0.30208    0.29766141 0.29376941
 0.34658151]
11 1632.3167209393337 [0.30599918 0.29746232 0.29073344 0.30646301 0.30592256 0.30059192
 0.35039231 0.30885588 0.95860545 0.30221239 0.29767943 0.29354691
 0.34749736]
12 1534.1957921414605 [0.30645852 0.29764809 0.29049546 0.30637479 0.30658138 0.30100443
 0.3511486  0.30891596 0.95843667 0.30225963 0.2972847  0.29356068
 0.34839082]
13 2426.18457859423 [0.30675052 0.29768638 0.29013193 0.30622776 0.30745989 0.30104923
 0.35203955 0.30840019 0.95821845 0.30262052 0.29699131 0.29381819
 0.34949503]
14 1758.3877418188183 [0.30703095 0.29771129 0.28947198 0.30607743 0.30860483 0.30094665
 0.35271575 0.30824917 0.95800824 0.3029568  0.29693249 0.29403902
 0.35052368]
15 2345.1796952391437 [0.30720919 0.2974522  0.28910856 0.30622149 0.30961659 0.30071571
 0.35361801 0.30831886 0.95782477 0.30382218 0.29700306 0.29462038
 0.35157256]
16 4053.780412885299 [0.30706951 0.29727478 0.28866167 0.30661512 0.31036031 0.30020304
 0.35436298 0.30835316 0.95763947 0.30454152 0.29683049 0.29452891
 0.35251885]
17 1270.1498298529011 [0.3065932  0.29680467 0.28844662 0.30726343 0.31065381 0.29990487
 0.35506265 0.30817652 0.95752002 0.30539714 0.29709919 0.29467679
 0.35347133]
18 1122.523221410343 [0.30597933 0.29643366 0.28810934 0.30802006 0.31073981 0.29919416
 0.35570237 0.3077731  0.95742682 0.30568442 0.29732022 0.29472539
 0.35435943]
19 1637.3480492573644 [0.30546854 0.2957417  0.2876575  0.30904255 0.31093505 0.29860843
 0.35576309 0.30678611 0.95732232 0.30624992 0.29774875 0.29514398
 0.3549772 ]
20 1406.0156541538909 [0.30473604 0.29469589 0.28715228 0.30935023 0.31080665 0.29795585
 0.35569981 0.30617627 0.95719709 0.30660763 0.2977911  0.29544357
 0.35578089]
21 2952.558016922957 [0.30400218 0.29361993 0.28661094 0.30964172 0.31067126 0.29746289
 0.35559113 0.30584224 0.95710004 0.30702656 0.29758912 0.29556672
 0.35621742]
22 2261.73746765348 [0.30352357 0.2928343  0.28591957 0.31012807 0.3106331  0.29683383
 0.3557729  0.30572438 0.95700858 0.30720251 0.29740135 0.29576549
 0.35645779]
23 1274.4992351775213 [0.30302777 0.29166321 0.28527935 0.31048178 0.31033716 0.29647658
 0.35593217 0.30591035 0.95692769 0.30737049 0.29732232 0.2961024
 0.35634973]
24 1091.2407123506841 [0.30250454 0.29085008 0.28488935 0.31054347 0.3098425  0.29591334
 0.35619848 0.30612009 0.95683077 0.30733144 0.29693473 0.29660766
 0.35640174]
25 2910.3793122729157 [0.30207669 0.29030698 0.28467712 0.31086787 0.30939987 0.29563964
 0.3563458  0.30626715 0.95672036 0.30712436 0.29662984 0.29696103
 0.35657142]
26 2007.0161263038544 [0.30158723 0.28995122 0.28458986 0.31108193 0.30895169 0.29537216
 0.356556   0.30594408 0.95661613 0.3069237  0.29656914 0.29747032
 0.3569398 ]
27 1932.9242486488563 [0.30093977 0.28943374 0.28465946 0.3111765  0.30849422 0.29522619
 0.35712173 0.30559855 0.95654819 0.30674565 0.29664949 0.2978555
 0.35722971]
28 1101.8808010889907 [0.30001628 0.28924311 0.28483754 0.31164319 0.30814418 0.29490086
 0.35755943 0.30536023 0.95647531 0.30669475 0.29707127 0.29838414
 0.3574002 ]
29 1186.965661460767 [0.29922318 0.28900223 0.2852132  0.31204028 0.30788735 0.29443928
 0.35814341 0.30479394 0.9564128  0.30632636 0.29715118 0.29923459
 0.35761133]
30 1158.6571028174933 [0.29841824 0.28866041 0.28556576 0.31278424 0.30752912 0.29380639
 0.3589499  0.30406046 0.95634282 0.30574167 0.29742572 0.29956627
 0.35753303]
31 2901.3387296192604 [0.29795633 0.28795759 0.28569771 0.31345882 0.30711048 0.29303938
 0.35963111 0.30341587 0.95628761 0.30484131 0.29759054 0.29957297
 0.35738833]
32 1325.9843645886035 [0.29723272 0.28726015 0.28551332 0.31398472 0.30655129 0.29200961
 0.36006867 0.30273616 0.95620635 0.30419773 0.29789    0.29974347
 0.35763337]
33 1154.355958787486 [0.29626302 0.28671067 0.28540746 0.31457724 0.30591302 0.29087334
 0.36018308 0.3023068  0.9561241  0.3033252  0.29829823 0.2998732
 0.35785685]
34 1165.9011288073302 [0.29529829 0.28630087 0.28518458 0.31500261 0.30506434 0.28964263
 0.36065476 0.30180592 0.95604369 0.30258249 0.29878232 0.30019623
 0.35832074]
35 1089.41786858452 [0.29433023 0.28607993 0.28480494 0.31534525 0.30397621 0.28842792
 0.36089397 0.30148975 0.95597433 0.30152271 0.29912558 0.30037206
 0.35849223]
36 916.6119311837921 [0.29304377 0.28605361 0.28450633 0.31555448 0.3031082  0.28719321
 0.36092323 0.30131376 0.95592315 0.30039035 0.2994475  0.30035828
 0.35900123]
37 1039.3288326645888 [0.29142264 0.28605964 0.28419952 0.31577423 0.30241199 0.28619223
 0.36105043 0.30133316 0.95588827 0.29953614 0.29964963 0.30020495
 0.35940327]
38 883.3661457850657 [0.29001397 0.28617699 0.28367369 0.31577065 0.30189907 0.28512067
 0.36099345 0.30174314 0.95586928 0.29866504 0.29968896 0.30021678
 0.35948446]
39 723.4835083807568 [0.28840247 0.28613384 0.28312886 0.31583569 0.30128704 0.28433369
 0.36111428 0.3019947  0.95585817 0.29773236 0.29982386 0.29981849
 0.35949804]
40 1709.9876310185168 [0.28703983 0.28579346 0.2826266  0.31598614 0.30091407 0.28345494
 0.36126421 0.30212121 0.95582465 0.29705221 0.29998216 0.29932484
 0.35958571]
41 839.7429481756687 [0.28570304 0.28571382 0.28248016 0.31599387 0.30044239 0.28237021
 0.36159719 0.30188748 0.95579938 0.29645327 0.30030711 0.2988589
 0.35933716]
42 782.6711937842025 [0.28457274 0.28565448 0.28225238 0.316008   0.29983312 0.28122212
 0.36193964 0.30186947 0.95580638 0.29590724 0.30093082 0.29831021
 0.35897222]
43 742.4442112529173 [0.28348256 0.28504896 0.28179659 0.31553665 0.29938958 0.28004607
 0.36225224 0.30187272 0.95573908 0.29521775 0.3016453  0.29745868
 0.35809765]
44 723.3840110303835 [0.28235893 0.28444811 0.28125404 0.31494104 0.29859264 0.2793362
 0.36282532 0.30206314 0.9557035  0.29447659 0.3024587  0.29675538
 0.35761777]
45 779.887975728428 [0.28130394 0.28389919 0.28102234 0.31422025 0.29760806 0.27860943
 0.36336009 0.30204775 0.95568227 0.29388529 0.30315473 0.29647946
 0.35725801]
46 718.5741517618342 [0.28026496 0.28350854 0.28116082 0.31337786 0.29695975 0.27801172
 0.36390434 0.30179824 0.95566447 0.29364802 0.30397102 0.29618179
 0.35691963]
47 825.5798699579848 [0.27932094 0.2833166  0.28106295 0.31250201 0.29587311 0.27731992
 0.36427054 0.30143327 0.95566148 0.2933717  0.30478674 0.29586918
 0.35627829]
48 2378.5840227979834 [0.27854419 0.28317873 0.28106909 0.3118923  0.29498986 0.27666129
 0.36479231 0.30121234 0.95567486 0.29308341 0.30557977 0.29559967
 0.3555774 ]
49 597.3773961670033 [0.27778735 0.28319052 0.28138653 0.31110164 0.29434301 0.27620711
 0.36516051 0.30107021 0.95570979 0.29271302 0.30639252 0.29574076
 0.35502535]
50 1462.4324275254364 [0.2772582  0.28311462 0.28126095 0.31044081 0.29378566 0.27586472
 0.36536727 0.30091995 0.95568429 0.2925381  0.30717359 0.29627122
 0.35444324]
51 699.3069941810313 [0.2765478  0.28309417 0.28116741 0.30979824 0.29341947 0.27539294
 0.36558337 0.30045753 0.95567498 0.2924001  0.30771041 0.29643129
 0.3540571 ]
52 668.0480407677759 [0.27550051 0.28289726 0.28111331 0.30941694 0.29315237 0.27461962
 0.36583196 0.29984636 0.95567955 0.29220704 0.30820392 0.29656635
 0.35386282]
53 677.6187844339614 [0.27446219 0.28267791 0.28084138 0.3092005  0.2930755  0.27379177
 0.36605886 0.29939815 0.95568224 0.29213186 0.30846996 0.29696773
 0.35396883]
54 514.2008305007 [0.27347084 0.28263428 0.28032847 0.30914291 0.29281165 0.27291968
 0.36628973 0.298771   0.95569759 0.2923111  0.30890279 0.29782496
 0.35381009]
55 568.3117827898063 [0.27254446 0.28274095 0.27972909 0.30897401 0.29241522 0.27234887
 0.36615059 0.29828447 0.95570693 0.29248573 0.30919148 0.29880867
 0.35357666]
56 661.0852231615548 [0.2714628  0.28310475 0.27958284 0.30828153 0.29205786 0.27168498
 0.36585072 0.29777334 0.95571117 0.2924267  0.30926088 0.2995857
 0.3534597 ]
57 1418.6042982242473 [0.27058509 0.28344921 0.27929458 0.30755088 0.29178955 0.27106784
 0.36553297 0.29719586 0.95571249 0.29230844 0.30934768 0.30033458
 0.35326735]
58 589.8816523150948 [0.26967107 0.2836429  0.27881134 0.30706863 0.29155561 0.27050143
 0.36510704 0.29670797 0.95571817 0.29235012 0.30907518 0.30128808
 0.3529853 ]
59 1350.0280290832743 [0.26861198 0.28394103 0.27816082 0.3061764  0.29117605 0.26994239
 0.36479773 0.29600096 0.95573932 0.29219123 0.30882442 0.30223267
 0.3526974 ]
60 1458.893991501861 [0.26768173 0.28421024 0.2776452  0.30552273 0.29092944 0.26964049
 0.36436606 0.29515966 0.95572065 0.2922445  0.30835389 0.30316789
 0.35236991]
61 503.7685606603424 [0.26687028 0.28449564 0.27713195 0.30510981 0.29066887 0.26951589
 0.36403702 0.2943812  0.95571665 0.2922137  0.30772334 0.30421729
 0.35205796]
62 424.2629852679253 [0.26608196 0.28474971 0.27666731 0.30500306 0.29029566 0.26945799
 0.36394084 0.29331546 0.95571597 0.29188832 0.30722084 0.30521613
 0.35217882]
63 527.1788251081277 [0.26523032 0.2849079  0.2763984  0.30513996 0.28976672 0.26918925
 0.36387639 0.29225435 0.95573406 0.29157194 0.30697863 0.30621019
 0.35236487]
64 1409.9413210238665 [0.26447328 0.28515043 0.27613317 0.30537083 0.28926606 0.26875139
 0.36413253 0.29127587 0.95576825 0.29149216 0.30672631 0.30698429
 0.35274522]
65 510.15568202930433 [0.26364655 0.28512123 0.27597705 0.3055911  0.28867853 0.26835779
 0.36441643 0.29056319 0.95580375 0.29134726 0.30660477 0.30770329
 0.35312432]
66 516.8710231581778 [0.26290672 0.28514135 0.27566166 0.30576479 0.2881633  0.26780505
 0.36460915 0.28963155 0.95586052 0.29128588 0.30609561 0.30844136
 0.35314415]
67 467.52281608439085 [0.26210485 0.28515183 0.27547441 0.30584935 0.28778427 0.2675625
 0.36498346 0.28868954 0.955914   0.2913442  0.30547183 0.30905719
 0.35313485]
68 441.6142479757374 [0.26153391 0.28516948 0.27533113 0.30574202 0.2874463  0.26746971
 0.36519166 0.28764589 0.95594594 0.29144903 0.30484357 0.30973152
 0.35322595]
69 479.6992251823028 [0.26078849 0.28548968 0.27534834 0.30547008 0.28724102 0.26760152
 0.36541171 0.28686203 0.95597158 0.29166486 0.30428958 0.31028298
 0.35342332]
70 380.9184595909215 [0.25998393 0.28566499 0.27515078 0.30503621 0.2872485  0.26757064
 0.36573863 0.2861749  0.95600235 0.2916247  0.30396021 0.31078646
 0.35369331]
71 407.15607561921433 [0.25927678 0.28575428 0.27527638 0.30456231 0.28711234 0.26745156
 0.3658434  0.2856605  0.95602541 0.29183485 0.30375916 0.31076819
 0.35336339]
72 442.55507756988413 [0.25871414 0.28590368 0.27532426 0.30401058 0.28698155 0.26734128
 0.36637842 0.28507309 0.95604988 0.292202   0.30351825 0.31066152
 0.35302825]
73 332.2838552009805 [0.25813327 0.28622091 0.27509086 0.30347438 0.28707012 0.26706883
 0.36688141 0.2843436  0.95602556 0.29247434 0.30324933 0.3101972
 0.35281745]
74 379.2307309532269 [0.25741033 0.28674812 0.27496387 0.30315454 0.28707126 0.2666509
 0.36751231 0.2834675  0.95599836 0.29257192 0.30299463 0.30964611
 0.35233884]
75 279.04098636999237 [0.25637692 0.28733431 0.27475513 0.30260508 0.2873379  0.26603382
 0.36834496 0.28269181 0.95594252 0.29244529 0.30282194 0.30945926
 0.35184466]
76 337.26597015220545 [0.25528056 0.28765198 0.27457615 0.3020985  0.28754818 0.26569864
 0.36910689 0.28186897 0.95588061 0.29251712 0.30237061 0.30941216
 0.35137256]
77 399.7833994377581 [0.2542836  0.2877354  0.27445364 0.30167272 0.28780758 0.26524474
 0.36982859 0.28114545 0.9558256  0.29232563 0.30179587 0.30950315
 0.35066733]
78 296.582423476941 [0.25305574 0.28755951 0.27389027 0.30129614 0.28795251 0.26496305
 0.37081323 0.28055119 0.95575009 0.2918773  0.3011226  0.30956399
 0.3499898 ]
79 295.7604251511175 [0.25194385 0.28729785 0.27309411 0.30086238 0.28800737 0.26474482
 0.37116342 0.2800496  0.95565912 0.29143159 0.30038552 0.30980276
 0.3493029 ]
80 290.49320889508823 [0.25107781 0.28745284 0.27218128 0.30038041 0.28792843 0.26449218
 0.37152738 0.27962688 0.95558544 0.29125264 0.29971359 0.30999049
 0.34870027]
81 305.21989382448965 [0.25036519 0.2877484  0.2713405  0.30002641 0.28784431 0.26431674
 0.37170919 0.27923865 0.95553188 0.29111741 0.29950017 0.3102978
 0.34840388]
82 1202.721584751202 [0.24980325 0.2879874  0.27049038 0.29956214 0.28738498 0.26428837
 0.37177117 0.27897637 0.95544718 0.29096127 0.29930709 0.31059911
 0.34832544]
83 310.1178146392456 [0.24938604 0.28819982 0.26955424 0.2990777  0.28676583 0.26434063
 0.37183991 0.27867975 0.95537128 0.29089702 0.29914126 0.31118193
 0.34837758]
84 316.9965314429202 [0.2488399  0.28827115 0.26847395 0.29884802 0.28603148 0.26440972
 0.37210729 0.27855574 0.95531876 0.29084171 0.29919276 0.31177786
 0.34855416]
85 265.8029155613505 [0.24841252 0.28833944 0.26768602 0.298414   0.28535259 0.26443098
 0.37226607 0.27803747 0.95527694 0.29077546 0.29951857 0.31256519
 0.34914324]
86 271.2407354024129 [0.24811427 0.28827835 0.2671715  0.29812203 0.28468549 0.26464934
 0.37272147 0.27757168 0.95525103 0.2908394  0.29991277 0.31330893
 0.34965321]
87 231.66613516579434 [0.24769318 0.28841411 0.26697523 0.29769219 0.284067   0.2647352
 0.37289155 0.27712863 0.95523991 0.29117244 0.30055023 0.31399191
 0.34999664]
88 341.6742512624611 [0.24706435 0.28848832 0.2666357  0.29717742 0.2836833  0.26485854
 0.37283391 0.27660785 0.95521826 0.29141185 0.30098471 0.31471401
 0.35035652]
89 278.2629829095944 [0.24639154 0.28862981 0.26615136 0.29648801 0.28342576 0.2651445
 0.3729003  0.27626438 0.95522015 0.29187836 0.30170374 0.31547348
 0.35069506]
90 281.80110867531437 [0.24577945 0.28893173 0.26561463 0.29552044 0.28320463 0.26561185
 0.37289435 0.27614919 0.95523856 0.29235537 0.30247449 0.31610627
 0.35124458]
91 229.12299775268494 [0.24532996 0.28937374 0.26509118 0.29452555 0.28281685 0.26605422
 0.37277703 0.2758771  0.95524832 0.29287122 0.30340924 0.31645352
 0.35189992]
92 254.9117881240828 [0.24484555 0.28966087 0.26453438 0.29373396 0.28224422 0.26652407
 0.37265258 0.27550367 0.95524956 0.29345848 0.3041529  0.31664059
 0.35245264]
93 225.64081604826066 [0.24437564 0.28999052 0.26430515 0.29294468 0.28164539 0.26659895
 0.37220034 0.27516281 0.95524141 0.29400533 0.3047051  0.31695297
 0.35297588]
94 277.11865909839526 [0.24389229 0.29047686 0.26392547 0.2920617  0.28101097 0.26658257
 0.37213388 0.27454863 0.95523805 0.29444436 0.30510528 0.31747665
 0.3534844 ]
95 289.31834718086145 [0.24342354 0.29088157 0.26358685 0.29128553 0.28024781 0.26649795
 0.37166689 0.27379157 0.95521209 0.29512164 0.30552468 0.31799079
 0.35399868]
96 243.97342004157764 [0.24292275 0.29097588 0.26309474 0.29066013 0.27954901 0.2667405
 0.37121953 0.27308276 0.95522353 0.29586089 0.30613913 0.3187857
 0.35416606]
97 287.4798653982821 [0.24246545 0.29079481 0.26274152 0.28973519 0.27876388 0.26714314
 0.37075128 0.27216976 0.95524294 0.29639173 0.30676958 0.31913396
 0.3544545 ]
98 256.35819786993613 [0.24204623 0.29005685 0.2622782  0.28877584 0.27805148 0.26748112
 0.37013425 0.27136632 0.95523672 0.29669606 0.30720857 0.31924934
 0.35473262]
99 204.7190832346344 [0.24181874 0.28929919 0.26180884 0.28792599 0.27726388 0.26753081
 0.36961216 0.27085443 0.95524321 0.29707822 0.30757812 0.31946324
 0.35497923]
100 382.05732084799206 [0.24155933 0.28830587 0.26136153 0.28683242 0.27616177 0.26731161
 0.3690846  0.27044167 0.95525607 0.29742153 0.30801698 0.31966156
 0.35550534]
101 238.12635037757894 [0.24136088 0.28721031 0.26074907 0.28585569 0.2752421  0.26694132
 0.36853568 0.27005727 0.95527659 0.29782538 0.30832611 0.31986015
 0.35587763]
102 263.57767952681087 [0.24106768 0.28610431 0.26025018 0.28494562 0.27432126 0.26668623
 0.3679445  0.26978668 0.9553379  0.29825805 0.30869346 0.32025181
 0.35613194]
103 333.444670917803 [0.24096201 0.28503974 0.25965574 0.2840904  0.27338366 0.26646626
 0.36728162 0.26978221 0.95538768 0.2988567  0.3092522  0.32079933
 0.35646728]
104 360.090029825811 [0.2408146  0.28421555 0.25908732 0.28316218 0.27240155 0.26623368
 0.3668002  0.26975916 0.95542455 0.29938125 0.30974362 0.3212837
 0.35687133]
105 1152.7781364269342 [0.24066106 0.28357227 0.25865043 0.28235566 0.27170296 0.26585519
 0.36600065 0.26974923 0.95544979 0.29989004 0.31024776 0.32179528
 0.35735063]
106 1102.4629929340642 [0.2402328  0.28290621 0.2580274  0.28168118 0.27099441 0.26554869
 0.36523455 0.26987114 0.95547331 0.30047199 0.3107992  0.32224853
 0.35767785]
107 271.87178687768255 [0.23977964 0.28209581 0.25746793 0.28108683 0.27013269 0.26503533
 0.36449369 0.27005619 0.95547302 0.30112895 0.31169363 0.32271708
 0.35823226]
108 231.05681241815836 [0.23935286 0.28141964 0.25693847 0.28049658 0.26935684 0.26476611
 0.36355888 0.27019418 0.9554904  0.30189362 0.31235309 0.32319171
 0.35892461]
109 241.87844861629162 [0.23877706 0.28057665 0.25636279 0.27963972 0.26907253 0.26454762
 0.36257488 0.27034481 0.95549518 0.30245427 0.31289332 0.32350177
 0.35932735]
110 246.6555477638505 [0.23815595 0.27969223 0.25582381 0.27903005 0.26881707 0.26413429
 0.36177076 0.27020867 0.95549519 0.30315133 0.31358739 0.32381716
 0.35963275]
111 245.97194181705163 [0.23743703 0.27850152 0.25536295 0.27835677 0.26870642 0.26344748
 0.36074322 0.27019037 0.95550911 0.30355109 0.31431734 0.32391497
 0.35979119]
112 198.80333564001887 [0.23649569 0.27739715 0.25490868 0.27756725 0.2686389  0.26319217
 0.35998119 0.2699747  0.9555403  0.3038406  0.31477863 0.32357245
 0.35971807]
113 239.40628326774842 [0.23554936 0.27623014 0.25445449 0.27707714 0.26861942 0.26249995
 0.35909399 0.26970383 0.95556451 0.30408725 0.31503991 0.32356322
 0.35973243]
114 201.52208160064708 [0.2345618  0.27513094 0.25402245 0.27659593 0.26870656 0.26194546
 0.35810694 0.26946429 0.95558855 0.30435643 0.31543388 0.32346594
 0.359877  ]
115 281.43971665626503 [0.23365705 0.27394669 0.25368424 0.27609502 0.26867622 0.26120706
 0.3576074  0.26944718 0.95562798 0.30466833 0.31568131 0.32361174
 0.359982  ]
116 255.3944155227814 [0.23277538 0.27300398 0.25343727 0.2755737  0.26813042 0.260469
 0.35678787 0.2696215  0.95570103 0.3050234  0.31591047 0.32392222
 0.36018887]
117 264.8971776415041 [0.2321413  0.2720385  0.25301857 0.2751319  0.26738837 0.25966845
 0.35598223 0.26986059 0.95577572 0.30532033 0.31635492 0.32417825
 0.36049109]
118 290.7076561296584 [0.23171856 0.27100067 0.25260197 0.27454705 0.26658386 0.25862359
 0.3551094  0.27026543 0.95586942 0.30532678 0.31689503 0.32446032
 0.3610493 ]
119 214.67441701319572 [0.23122352 0.27011567 0.25203918 0.27400879 0.26585372 0.25781132
 0.35437125 0.2705346  0.95598263 0.30506461 0.31759444 0.32481591
 0.3616009 ]
120 216.80902840289173 [0.23068713 0.26926648 0.25152226 0.27374624 0.26543159 0.25707693
 0.35361413 0.27108044 0.9560638  0.30484011 0.31790609 0.32525717
 0.36218078]
121 242.69116081960513 [0.23008912 0.2686237  0.25108833 0.27340404 0.26505    0.25641743
 0.35284157 0.27144846 0.95608258 0.30446476 0.31821938 0.32525916
 0.36287713]
122 198.3352016861363 [0.22961027 0.26801906 0.25079621 0.27313737 0.26466165 0.25580551
 0.3519613  0.27195543 0.95610293 0.30412807 0.3184161  0.32534151
 0.36365387]
123 173.64155254613527 [0.22906997 0.26743831 0.25056174 0.27289481 0.26430168 0.25510445
 0.35119998 0.2724977  0.95612547 0.3035914  0.31881333 0.32558455
 0.36450202]
124 171.99743614521992 [0.22851547 0.26704173 0.25035713 0.27278688 0.26397603 0.25448825
 0.35066712 0.27308183 0.95619674 0.30319168 0.31939209 0.32594652
 0.36528423]
125 195.78194008587693 [0.22804774 0.26650587 0.24982287 0.27260121 0.26378794 0.25402496
 0.35041409 0.27351033 0.95630736 0.30264477 0.32000343 0.32632623
 0.36613539]
126 169.43041353479197 [0.22756844 0.26597009 0.24966104 0.27268468 0.263526   0.25360988
 0.35032281 0.27403554 0.95641388 0.30230416 0.32051733 0.32672274
 0.36692963]
127 182.8923411606738 [0.22702871 0.26545918 0.24942831 0.27262718 0.26330518 0.25329763
 0.35017572 0.27471972 0.95651264 0.30205634 0.32108528 0.32722914
 0.36766291]
128 191.01523653421964 [0.22659356 0.26490308 0.24910534 0.27247884 0.26321217 0.25301613
 0.34994848 0.27529929 0.95658804 0.30179972 0.3213555  0.32810285
 0.36806553]
129 231.92368066162447 [0.22612167 0.26445749 0.24879183 0.27245216 0.26309589 0.25283192
 0.34982991 0.27594249 0.9566232  0.30148924 0.32149843 0.32896273
 0.36848566]
130 184.27372293778245 [0.22577832 0.26385327 0.24867753 0.27226728 0.2630067  0.25261165
 0.34980908 0.27641361 0.95668226 0.30124169 0.32199846 0.32981164
 0.36869177]
131 177.17029146509915 [0.22537669 0.2631866  0.24835008 0.27201391 0.26277976 0.25242207
 0.34969801 0.27690861 0.9567706  0.30139163 0.32256845 0.33058917
 0.36915373]
132 209.01276827151003 [0.22485595 0.26251525 0.24827311 0.27166094 0.26259805 0.25215486
 0.3496909  0.27737213 0.95682473 0.3011694  0.32303347 0.33133342
 0.36927195]
133 204.46053843209245 [0.22429869 0.26161595 0.24827911 0.27140791 0.2623811  0.25176694
 0.34961262 0.27799523 0.95686643 0.30110634 0.32342275 0.33213675
 0.36954122]
134 187.7224338147518 [0.22380707 0.26077971 0.24839099 0.27116503 0.26214991 0.25141453
 0.34974187 0.2788114  0.95694556 0.30126447 0.32375722 0.33272341
 0.3697619 ]
135 165.87554414483242 [0.22335048 0.26003834 0.24826565 0.27070809 0.2619419  0.25109304
 0.34990053 0.27946031 0.95699786 0.30136234 0.32387451 0.33316182
 0.36985252]
136 170.12967121531557 [0.22299887 0.25934171 0.24779125 0.27017246 0.26179787 0.25082342
 0.35007423 0.28001264 0.95704364 0.3013821  0.32426314 0.33353012
 0.36991332]
137 145.92285490881 [0.22272527 0.25875597 0.24724434 0.26989555 0.26181466 0.25048534
 0.35029476 0.28062303 0.95708754 0.30157013 0.32483465 0.33405532
 0.3699209 ]
138 183.91156411965977 [0.22223677 0.25825169 0.24652388 0.26937104 0.26179094 0.25010444
 0.35021117 0.28114486 0.95707996 0.3016847  0.32564944 0.33460554
 0.37002104]
139 197.67270757217221 [0.22158842 0.2577774  0.24562326 0.26869897 0.26176561 0.24975725
 0.34991176 0.2814275  0.95708932 0.30204584 0.32641365 0.33488119
 0.3698731 ]
140 1075.0356864242608 [0.22110841 0.25714688 0.24475272 0.26820649 0.26173755 0.2493063
 0.34961286 0.28145516 0.95707075 0.30249736 0.32732979 0.33520278
 0.36962869]
141 221.30830610114077 [0.22053693 0.25675173 0.24392244 0.26777226 0.26134849 0.24871633
 0.34919369 0.28162647 0.9570497  0.30272131 0.32814352 0.3354817
 0.36961758]
142 170.99313048479468 [0.21977714 0.25645448 0.24322153 0.26749064 0.26125378 0.24802204
 0.34881498 0.28205797 0.95702154 0.30287432 0.32890837 0.33629236
 0.36971874]
143 174.5771796093703 [0.21907248 0.2564079  0.24269166 0.26714128 0.26094182 0.24752452
 0.34806787 0.28228901 0.95703918 0.30301121 0.32908294 0.33695952
 0.36962318]
144 194.42113163151714 [0.21834051 0.25616093 0.24227446 0.26683504 0.26062998 0.24703689
 0.34723429 0.28286974 0.95705426 0.30292744 0.32947922 0.33769652
 0.36946592]
145 184.37711204312873 [0.21750658 0.25598083 0.24176076 0.26656066 0.26037643 0.24654217
 0.34621005 0.28339886 0.95707976 0.30282043 0.33008301 0.33837849
 0.36960232]
146 210.2807643383747 [0.21670878 0.25595408 0.24129505 0.2662538  0.26016645 0.2459127
 0.34509117 0.2839305  0.95705646 0.30302    0.33075767 0.33889139
 0.36988514]
147 173.19628434869304 [0.21607125 0.25562578 0.24089151 0.26599366 0.25990455 0.24542504
 0.34404557 0.28437587 0.95703014 0.30334299 0.33142373 0.33949578
 0.36978375]
148 187.6266050236381 [0.2155695  0.2553333  0.24050782 0.26568135 0.25944009 0.24494362
 0.34277582 0.28506749 0.95699903 0.30388954 0.33200484 0.34005243
 0.36992853]
149 154.18242974257066 [0.21519141 0.25506932 0.24013205 0.26539792 0.25908849 0.24447689
 0.3415744  0.28553179 0.95693473 0.3044298  0.3325659  0.34040491
 0.37018979]
150 165.14116819494257 [0.21484544 0.25486891 0.23975019 0.26516565 0.25889728 0.24403871
 0.34017683 0.28600657 0.95687759 0.30500222 0.3326439  0.34090131
 0.37025452]
151 162.11344904723626 [0.21457998 0.25462322 0.239449   0.26491169 0.25856537 0.24354442
 0.33907586 0.2863108  0.95679937 0.30544997 0.33280873 0.34139765
 0.37021696]
152 169.8253682309001 [0.2143479  0.25421939 0.23916055 0.26456859 0.25807869 0.24292424
 0.33806881 0.28625537 0.95671743 0.30574087 0.33289559 0.34210144
 0.37021223]
153 139.82775283998294 [0.21415901 0.25385289 0.23880215 0.26410164 0.25749381 0.24224696
 0.33706119 0.28623083 0.95664813 0.30621578 0.33268104 0.34285106
 0.37021973]
154 147.5471591216542 [0.21410642 0.25366489 0.23846827 0.263713   0.25699577 0.24160422
 0.33593202 0.28620325 0.95658839 0.30677508 0.33258568 0.34338069
 0.3701339 ]
155 120.11598174042999 [0.21391766 0.2534003  0.23811229 0.263265   0.25664321 0.24104538
 0.33507629 0.28604822 0.95652135 0.30751864 0.33253099 0.34422096
 0.37026947]
156 172.34660872827027 [0.21377496 0.25325111 0.23783637 0.26260893 0.25627641 0.2404143
 0.33433779 0.28601608 0.95648364 0.30843863 0.3320676  0.34453492
 0.3705114 ]
157 165.61496271685274 [0.21355014 0.25329675 0.2376836  0.26218126 0.25577441 0.23985898
 0.33365192 0.28589853 0.95642637 0.30913148 0.33187346 0.3446187
 0.37057542]
158 191.78793528686097 [0.21332984 0.25323038 0.23752778 0.26160814 0.25538037 0.23939467
 0.33276343 0.28567714 0.95638966 0.30939177 0.33150212 0.34459536
 0.37052485]
159 146.82285431592737 [0.21317896 0.25301055 0.23745346 0.26119795 0.2548183  0.23884242
 0.33215921 0.28549391 0.95638815 0.30962939 0.33118961 0.34455918
 0.37051547]
160 144.55366210776884 [0.21304699 0.25283819 0.23731175 0.26098391 0.25434267 0.23832786
 0.33154793 0.28542575 0.95641229 0.30993975 0.33092364 0.34435815
 0.37071219]
161 140.4397501155279 [0.21294184 0.25259722 0.23718069 0.26056043 0.25385482 0.23800378
 0.3309167  0.2854458  0.95642367 0.31037063 0.33050335 0.34432487
 0.37115842]
162 150.91405946397208 [0.21295965 0.25265516 0.23730035 0.26005486 0.25351742 0.23777768
 0.33038895 0.28541011 0.95643415 0.31066342 0.3300962  0.34423776
 0.37180082]
163 168.68254515516463 [0.21316932 0.25284843 0.23723189 0.25979887 0.25319669 0.23766689
 0.32976759 0.28537453 0.95644991 0.31107305 0.32970894 0.34381949
 0.37269544]
164 142.25276568396447 [0.21337854 0.25312178 0.23693044 0.25961696 0.25282977 0.23752494
 0.32924188 0.28525233 0.9564365  0.31140427 0.32972638 0.3438241
 0.37357306]
165 104.55857142759825 [0.2134038  0.25354543 0.23689477 0.25946737 0.25232063 0.237517
 0.32898086 0.28493    0.95644258 0.31155644 0.3298153  0.343721
 0.37437392]
166 137.58257467905656 [0.2133943  0.25408053 0.2366627  0.25917371 0.25202482 0.23745191
 0.32839304 0.28482359 0.95646975 0.31165421 0.32998306 0.34362474
 0.37519732]
167 141.58657078073702 [0.21350571 0.25445038 0.23652857 0.25877753 0.25155199 0.2375317
 0.32801588 0.28497899 0.95649086 0.31137996 0.32991574 0.3436889
 0.37576406]
168 105.50761193449529 [0.2134742  0.25472157 0.23620748 0.25850232 0.25114583 0.23764887
 0.32770859 0.28474756 0.956523   0.31113484 0.32986867 0.34343371
 0.37619975]
169 150.10322337181503 [0.21348276 0.25496286 0.23586791 0.25799407 0.25079853 0.23785046
 0.32742667 0.28461126 0.95654076 0.31115217 0.3297764  0.34335909
 0.37639654]
170 99.29894846222814 [0.21346543 0.25511035 0.23560639 0.25742864 0.25063553 0.23805628
 0.32727243 0.28425376 0.95657713 0.31122335 0.3296356  0.34343462
 0.37666874]
171 107.39618730591656 [0.21335828 0.25520227 0.23540118 0.25672988 0.25046839 0.23833555
 0.32716842 0.28361264 0.95659281 0.31131782 0.32940644 0.34301672
 0.37687625]
172 177.6237283641407 [0.21321082 0.25539354 0.23527216 0.25608461 0.25033761 0.23876705
 0.32725189 0.2828099  0.95660038 0.3113707  0.32909231 0.3425514
 0.37668388]
173 147.96694400985612 [0.21296076 0.25561028 0.23512156 0.25545689 0.25009829 0.23921909
 0.32754738 0.28219584 0.95663278 0.31144404 0.32907601 0.34209756
 0.37698313]
174 140.49353463524545 [0.21269619 0.25596851 0.23487814 0.25502615 0.25005555 0.23979838
 0.32792609 0.28193147 0.95667496 0.31156166 0.32893171 0.34139773
 0.37749752]
175 127.05108114604084 [0.21237148 0.25634052 0.23466457 0.25465364 0.24994057 0.24038774
 0.32815136 0.28152423 0.956719   0.31180797 0.32838777 0.34076763
 0.37794917]
176 121.33490108215818 [0.21194702 0.25648106 0.23442413 0.25386918 0.24983035 0.24075872
 0.32786043 0.28102212 0.95675856 0.31225085 0.32799477 0.33969181
 0.37899918]
177 169.92500567398557 [0.2116616  0.2566698  0.23412377 0.25325242 0.2499003  0.2410407
 0.32755513 0.28043883 0.9567996  0.31224063 0.32781947 0.33833378
 0.3797737 ]
178 121.55623320488547 [0.21152716 0.25683156 0.23387205 0.25261386 0.24980302 0.24117089
 0.32739524 0.27979606 0.95682315 0.31242531 0.3280461  0.33728493
 0.38063594]
179 116.5214343098219 [0.21148653 0.25697116 0.23368732 0.25215439 0.24971881 0.24120907
 0.32743479 0.27911854 0.95682887 0.31256405 0.32843808 0.33621077
 0.3814818 ]
180 168.37990371427995 [0.21121874 0.2572274  0.23350821 0.25181881 0.24958973 0.24116378
 0.32727705 0.2784628  0.95683673 0.31286992 0.32859597 0.33534907
 0.38195768]
181 132.10072450443334 [0.21075462 0.25740845 0.23340286 0.25143737 0.24952457 0.24120479
 0.32696703 0.27773192 0.95677618 0.31301828 0.32887912 0.3348009
 0.38279474]
182 140.5224001309466 [0.21013589 0.25748631 0.23333822 0.25104945 0.24946871 0.24122304
 0.32650617 0.27697971 0.95673635 0.3133635  0.32936034 0.33425032
 0.38354306]
183 174.62570814842627 [0.20960518 0.25749994 0.23311181 0.25079181 0.24945169 0.2412106
 0.3262627  0.27637599 0.95673453 0.31335025 0.33004613 0.33374618
 0.38427137]
184 134.5109404277362 [0.20913693 0.25755421 0.23271824 0.25062734 0.24935274 0.24127289
 0.32617861 0.27571807 0.95671489 0.31334875 0.33078925 0.33314418
 0.38475555]
185 124.56465621899136 [0.20865564 0.25746332 0.23228004 0.25045938 0.24924791 0.24133978
 0.32603966 0.27488967 0.95660791 0.31354554 0.33172984 0.33276541
 0.3849461 ]
186 137.6434648624009 [0.20808879 0.25720056 0.23178786 0.25029685 0.24916    0.24133113
 0.32590088 0.2740775  0.95651401 0.31390591 0.33255237 0.3323881
 0.38517216]
187 137.85563875946565 [0.20756978 0.25675187 0.23139517 0.25002712 0.24898877 0.24118597
 0.32570263 0.27347757 0.956407   0.31426532 0.33325348 0.33226818
 0.38562918]
188 119.21841399234617 [0.2071105  0.25618577 0.23097796 0.24972839 0.24882317 0.24106003
 0.32556322 0.27304816 0.95626496 0.31479576 0.33411274 0.33220423
 0.38626301]
189 115.63577421221362 [0.20660863 0.25561971 0.23064343 0.24949769 0.24872149 0.24098212
 0.32538364 0.27264689 0.95615433 0.3151271  0.33469771 0.33216502
 0.38680066]
190 154.67542349741802 [0.20597068 0.25495977 0.23027025 0.24924533 0.2484609  0.24081672
 0.32539946 0.27230515 0.95606364 0.31524741 0.33457812 0.33229721
 0.38676632]
191 160.71036192490044 [0.20530239 0.2544581  0.22965894 0.24909018 0.24824689 0.24069088
 0.32539599 0.27231108 0.95603163 0.31489685 0.33387612 0.33263908
 0.38688914]
192 121.5397897477678 [0.20473888 0.25391434 0.22936763 0.24889947 0.24787793 0.24051949
 0.32528441 0.27187318 0.95599768 0.31463192 0.33319176 0.33263864
 0.38704774]
193 125.22215328981585 [0.20410342 0.25312281 0.22887866 0.24883439 0.24739902 0.24038829
 0.32529231 0.27143008 0.95596796 0.31449897 0.33257234 0.33283155
 0.38711428]
194 123.78015041545271 [0.20356698 0.25247954 0.22845904 0.24901295 0.24678305 0.24036377
 0.32537593 0.27088071 0.95594183 0.31446836 0.33180211 0.3329988
 0.38740881]
195 122.70579660176105 [0.20315233 0.25161206 0.22803306 0.2493756  0.24613325 0.24051757
 0.32538115 0.27037523 0.95590135 0.31442006 0.33108419 0.33306783
 0.38750482]
196 119.7533166294339 [0.20273208 0.25076609 0.22761056 0.24965899 0.24550705 0.24061718
 0.32541024 0.27004776 0.95585858 0.31429427 0.33038445 0.33311689
 0.3876241 ]
197 134.77187142208223 [0.20239217 0.24990795 0.22724457 0.24995599 0.24496776 0.24077651
 0.32538098 0.26966569 0.95581158 0.31438119 0.32988    0.33307673
 0.38792359]
198 141.09947809184717 [0.20211349 0.24920702 0.22675104 0.25016095 0.24434305 0.24080784
 0.32543937 0.26913139 0.95578209 0.31444646 0.32922463 0.33290229
 0.38810875]
199 133.96621173700308 [0.20188903 0.24859687 0.22619599 0.25051615 0.24363535 0.24076516
 0.3256227  0.26870731 0.95574188 0.31423859 0.32840813 0.33293811
 0.38816976]
200 129.16199240754506 [0.20140143 0.24802146 0.22567201 0.2507573  0.2426706  0.24068237
 0.32551266 0.26823427 0.95571823 0.31374288 0.32757894 0.33316849
 0.38818923]
201 131.9834226318086 [0.2009897  0.24726688 0.22525775 0.25084596 0.24172864 0.24071148
 0.32540603 0.26785119 0.95571119 0.31326099 0.32697772 0.3335
 0.38835704]
202 128.30947465996604 [0.20052286 0.24651391 0.22487098 0.25087211 0.2409382  0.24046363
 0.32509229 0.26746605 0.95573389 0.3127192  0.32657852 0.33416163
 0.38823516]
203 109.24328358347412 [0.20014871 0.24586983 0.2245092  0.25077905 0.24017948 0.24018189
 0.32492922 0.26688413 0.95576188 0.31236114 0.32610459 0.33497184
 0.38807504]
204 115.18027871800246 [0.19982083 0.24534399 0.22415144 0.25065837 0.2395306  0.23983951
 0.32494048 0.26630457 0.95580322 0.31219272 0.32574349 0.33552602
 0.38768284]
205 116.32279322645822 [0.19956997 0.24493025 0.22376383 0.25048534 0.23895555 0.23957647
 0.32493251 0.26567837 0.95584603 0.31210774 0.32518131 0.33605768
 0.3873955 ]
206 132.079231155994 [0.19921505 0.24453963 0.22342144 0.25023364 0.23857771 0.23920692
 0.32510463 0.26511972 0.95589078 0.31193249 0.32496677 0.33622365
 0.38712789]
207 117.54169393338013 [0.19896295 0.24425516 0.22299722 0.25000845 0.23828971 0.2388886
 0.32514803 0.26449169 0.95595315 0.31140404 0.32472168 0.33591078
 0.38680039]
208 131.80530561107867 [0.19858468 0.2440269  0.22261036 0.24987408 0.23806044 0.23849883
 0.32526763 0.2637327  0.95603518 0.31091004 0.32473554 0.33581256
 0.38678786]
209 126.99841774122217 [0.19813863 0.24385236 0.22216346 0.2495819  0.23783402 0.23811194
 0.32535153 0.2631281  0.95608177 0.31009342 0.32493403 0.33587545
 0.38676882]
210 127.69759959391894 [0.19780545 0.24361633 0.22151847 0.24930547 0.23752356 0.23762523
 0.32548996 0.26271316 0.95614938 0.30937513 0.32521551 0.3362734
 0.38651032]
211 192.04434834323132 [0.19746002 0.24346279 0.22097992 0.24896476 0.23734241 0.23714181
 0.32543541 0.2624107  0.95622271 0.30866601 0.32531766 0.33639777
 0.38639081]
212 133.8643448522768 [0.19722172 0.24325925 0.2203868  0.24882496 0.23705524 0.23660218
 0.32535614 0.2623071  0.95626711 0.30765203 0.32530578 0.33661206
 0.38647201]
213 150.58415388386885 [0.19690425 0.24308108 0.21962421 0.24867983 0.23688966 0.23610266
 0.32520534 0.26236593 0.95628522 0.30686468 0.32489027 0.33660283
 0.38650836]
214 1013.4453634799365 [0.19652838 0.24285095 0.21895355 0.24857919 0.23668165 0.2356344
 0.32511843 0.26248498 0.95629349 0.3060775  0.32490254 0.33654794
 0.38648056]
215 103.41243676382936 [0.19609389 0.24251498 0.21824827 0.24845659 0.23643953 0.2350759
 0.32488605 0.26252045 0.95634033 0.30531682 0.32493551 0.33651207
 0.38651   ]
216 109.36615991038195 [0.19562488 0.24213701 0.21756439 0.24827144 0.23632642 0.2345519
 0.32480356 0.26252492 0.95637914 0.30456171 0.3249835  0.33678889
 0.38664241]
217 124.67717362809682 [0.19511863 0.2418436  0.21705525 0.24821045 0.23620965 0.23416173
 0.32464542 0.26256739 0.95640765 0.30389094 0.32505522 0.33663652
 0.38690954]
218 157.4012831850353 [0.19462811 0.24156506 0.21653429 0.24825418 0.23612293 0.23372064
 0.32448792 0.26271357 0.95641808 0.30344879 0.32508067 0.3363692
 0.38740983]
219 132.35633348151208 [0.19415221 0.24124684 0.21596811 0.24802705 0.23607531 0.23316849
 0.32469256 0.26258147 0.95643116 0.30317303 0.32504208 0.33623666
 0.38782197]
220 146.9106991570692 [0.19364801 0.24103712 0.21546864 0.24795994 0.23601522 0.23253994
 0.32496638 0.26238727 0.95644727 0.30270333 0.32521764 0.33612185
 0.38803473]
221 1036.0555938062435 [0.1931617  0.24083359 0.21499189 0.24759745 0.23583737 0.23191896
 0.32526321 0.26221352 0.95647021 0.30216045 0.32513397 0.33590598
 0.38830996]
222 126.93255809620055 [0.19275837 0.24063782 0.21458747 0.24721688 0.23569241 0.23123039
 0.32560196 0.26196292 0.95649037 0.3018076  0.32499534 0.33584474
 0.38827079]
223 132.06659249780486 [0.19234298 0.24044966 0.2142066  0.24678793 0.2356556  0.23071398
 0.3258089  0.26204581 0.95649589 0.30149231 0.32494738 0.3356412
 0.38835345]
224 1031.028684983451 [0.19182985 0.24028269 0.21388922 0.246469   0.23557379 0.23000641
 0.32599369 0.26214271 0.95655568 0.30130361 0.32495718 0.33517894
 0.38869725]
225 163.66418107723678 [0.19131068 0.24024178 0.21348576 0.2461436  0.23537519 0.22939863
 0.32619799 0.26230486 0.95662253 0.30122051 0.32499207 0.33486992
 0.38889908]
226 125.3118699902359 [0.19076984 0.2402246  0.21315371 0.24586647 0.2352126  0.22899785
 0.32637007 0.26252624 0.95663308 0.30100245 0.32509646 0.33459439
 0.38914154]
227 120.66972956060624 [0.19027249 0.24010855 0.21289245 0.24565056 0.23494246 0.22854652
 0.32642894 0.26276346 0.95663256 0.30080181 0.3255473  0.33427513
 0.38942696]
228 85.90438744103955 [0.1896101  0.23991223 0.21278138 0.24515084 0.23472672 0.22809979
 0.32654024 0.26295196 0.95662457 0.30052359 0.32515127 0.33376393
 0.38956384]
229 130.14190504416933 [0.18907881 0.2396814  0.21279    0.2446616  0.23456996 0.22772148
 0.32674366 0.26317072 0.95661979 0.30005338 0.3248762  0.3335261
 0.38983796]
230 114.63391027834344 [0.18844668 0.23957038 0.21282434 0.2443337  0.23444938 0.22748556
 0.32696553 0.26329879 0.95660738 0.29973451 0.32458131 0.33361822
 0.39019449]
231 131.8994840898197 [0.1878186  0.23927943 0.21280502 0.24417317 0.23440018 0.22717818
 0.32709028 0.26352042 0.95657998 0.29965848 0.32447961 0.33356312
 0.39032345]
232 90.83137019471411 [0.18713982 0.23901602 0.21280608 0.2440095  0.23441149 0.22687187
 0.32734128 0.26389476 0.95656376 0.29908347 0.32459518 0.3337376
 0.39056137]
233 133.81299884841033 [0.18656237 0.23873234 0.21281492 0.2438739  0.23447811 0.22637975
 0.32762521 0.26429544 0.95656314 0.29857743 0.32461905 0.33393652
 0.39093163]
234 115.17887902030718 [0.18590531 0.23853995 0.21273064 0.24347    0.23433239 0.22601914
 0.32776646 0.26478569 0.95658254 0.29815626 0.32443279 0.3336617
 0.39104278]
235 117.01136892993598 [0.18526402 0.23837438 0.21268788 0.24322299 0.23405066 0.22555323
 0.32776879 0.26518155 0.95659523 0.29793103 0.32452474 0.33321272
 0.39127429]
236 148.60852991621704 [0.18463243 0.23827172 0.21255782 0.2429115  0.23378524 0.22511991
 0.32773722 0.26550017 0.95662402 0.29785718 0.32483816 0.33272527
 0.39176048]
237 136.19363927856543 [0.18402266 0.23812835 0.21236586 0.24261233 0.23346898 0.22480427
 0.32771478 0.26588559 0.95663022 0.29726986 0.32515753 0.33224007
 0.39225806]
238 115.13890167254291 [0.18355607 0.23787564 0.21221629 0.24233983 0.23322523 0.2245598
 0.32767146 0.26622667 0.95666779 0.29673936 0.32543435 0.33156001
 0.39247757]
239 99.10628336993373 [0.18316405 0.23768706 0.21203967 0.24222349 0.23279943 0.22425673
 0.32752504 0.26653026 0.95669933 0.29620103 0.32596316 0.33067497
 0.39233679]
240 87.51878728828387 [0.18280677 0.23762944 0.21178746 0.24207056 0.23253523 0.22374993
 0.32748501 0.26679088 0.95674254 0.2955842  0.32651035 0.32982801
 0.39220351]
241 77.17827332220557 [0.1824896  0.23755689 0.21154021 0.2420361  0.23224933 0.22323208
 0.32743618 0.2670437  0.95678548 0.2951229  0.32712688 0.32870881
 0.39246722]
242 80.60403758371737 [0.18215829 0.2374244  0.21134401 0.24198693 0.23203838 0.22271261
 0.32721775 0.26715483 0.95682722 0.2945903  0.32773702 0.32764753
 0.39267064]
243 94.37162838603976 [0.18183981 0.23723052 0.2111788  0.24189623 0.23178095 0.22200107
 0.32697684 0.26728656 0.95685896 0.29405924 0.32822303 0.32674592
 0.39294499]
244 86.3182981206802 [0.18153357 0.23695327 0.21088652 0.2417808  0.23142293 0.22139928
 0.3267147  0.2674194  0.95688077 0.29340556 0.32892376 0.32614507
 0.39327893]
245 72.30889476439064 [0.18119383 0.23668564 0.21073545 0.24170244 0.23112457 0.22083352
 0.32633748 0.26763122 0.95690837 0.29279715 0.32959057 0.32565724
 0.3934027 ]
246 86.80709816360846 [0.18089127 0.2363671  0.21050472 0.24168508 0.23053305 0.22044551
 0.32590127 0.26778515 0.9569622  0.2926189  0.32982015 0.32531703
 0.39343724]
247 127.16739308038083 [0.18063609 0.23613243 0.21035167 0.24161127 0.22990634 0.22015043
 0.32561116 0.26796455 0.95704454 0.29276349 0.33024402 0.32524189
 0.3934057 ]
248 96.36730617511132 [0.18039333 0.23597673 0.21017734 0.24158129 0.22917761 0.21973481
 0.32525851 0.2682026  0.95710689 0.29290006 0.33066706 0.32531209
 0.39351776]
249 96.80640406235264 [0.18009854 0.23587566 0.20997344 0.24144471 0.2286537  0.2193691
 0.32482038 0.26841776 0.95718043 0.29276935 0.33108196 0.32549676
 0.39366101]
250 105.87236381492157 [0.17987895 0.23578317 0.20968809 0.24153157 0.22814491 0.2191082
 0.3244827  0.26856019 0.95723046 0.29292201 0.33160938 0.32562851
 0.39354805]
251 119.71254191352224 [0.17965348 0.23568484 0.20946892 0.24159868 0.22767726 0.21885006
 0.32423471 0.26862211 0.957283   0.29314835 0.33202624 0.32561209
 0.39355385]
252 129.67831111333493 [0.17936751 0.23561619 0.20928352 0.24162288 0.22714446 0.21861618
 0.32398241 0.26808721 0.95732493 0.29313462 0.33270247 0.32597653
 0.393713  ]
253 105.34244430752703 [0.17913182 0.23567088 0.20921925 0.2415512  0.2267208  0.21845325
 0.32375006 0.26779366 0.95736287 0.29320119 0.33329168 0.32647628
 0.39374413]
254 124.20011283027955 [0.17886129 0.23573455 0.20913345 0.24157317 0.22625612 0.21839654
 0.32361321 0.26769341 0.95737118 0.29311491 0.33362512 0.32684887
 0.39371211]
255 121.87366434035773 [0.17871022 0.23569829 0.20907298 0.2414058  0.22591501 0.21844488
 0.32379046 0.26719382 0.9574013  0.29301267 0.33387826 0.32722156
 0.39365419]
256 92.74662926605535 [0.17846496 0.23551975 0.20902498 0.24111399 0.22568657 0.21841257
 0.3239602  0.26683083 0.9574277  0.29295028 0.33408961 0.32775019
 0.39384565]
257 90.75243276635504 [0.17828132 0.23514787 0.20890718 0.24080009 0.22535254 0.21824483
 0.32348834 0.2664201  0.95746938 0.29289525 0.3337153  0.32821045
 0.39425427]
258 103.15401552451121 [0.17806482 0.23482619 0.20884113 0.24058461 0.22479405 0.21825554
 0.32292076 0.26588633 0.9574937  0.29291659 0.33361334 0.32848529
 0.39438851]
259 88.52400741706445 [0.17792878 0.23447497 0.2089087  0.24026033 0.22415536 0.21830892
 0.32237041 0.26539503 0.95754623 0.29298903 0.33385379 0.32876069
 0.39430169]
260 108.44282041357285 [0.17784761 0.23404636 0.20894452 0.24000699 0.22351303 0.21833759
 0.3219691  0.26496712 0.95759017 0.29311648 0.33419166 0.32919254
 0.39433608]
261 125.36638352368425 [0.17788516 0.23362357 0.2090197  0.23994165 0.22295768 0.2182695
 0.32164675 0.26457488 0.95763386 0.29334411 0.33463979 0.3294288
 0.39462793]
262 112.98251741105796 [0.17784481 0.23305479 0.20895982 0.23990454 0.22254673 0.2182623
 0.32119366 0.26421916 0.9576665  0.29354207 0.33516233 0.32961729
 0.39449843]
263 125.14438260941131 [0.17783855 0.23249506 0.20899347 0.23986095 0.22227627 0.21807162
 0.32073584 0.2639006  0.9577095  0.29360898 0.33560692 0.32989461
 0.39460297]
264 106.06718758431843 [0.17776538 0.23197109 0.20908453 0.23997356 0.2219967  0.21771852
 0.32032192 0.26375258 0.95771008 0.29372211 0.33602069 0.33010004
 0.39490555]
265 117.77642052613064 [0.17766396 0.23154902 0.20926325 0.24017636 0.22178492 0.21728794
 0.31984475 0.26361246 0.95771669 0.2937566  0.33687531 0.33038782
 0.39546433]
266 86.68069786893275 [0.17760658 0.23117962 0.20939454 0.24034755 0.22157536 0.21687158
 0.31962005 0.26355711 0.9577296  0.29390459 0.3375487  0.33081467
 0.39569951]
267 81.90934776161413 [0.17752698 0.23087239 0.20948884 0.24042369 0.22137638 0.21657913
 0.31934661 0.26344281 0.95779663 0.29407187 0.33769284 0.3309722
 0.39620276]
268 122.0513211706776 [0.17749239 0.23057588 0.20952743 0.24046437 0.22129777 0.21640755
 0.31892953 0.26340772 0.95779128 0.29419629 0.33774176 0.33132728
 0.3966237 ]
269 78.35684335410457 [0.17746735 0.2302483  0.20964016 0.24056302 0.22117748 0.21623367
 0.31855467 0.26344817 0.95777996 0.29435048 0.33797027 0.3314916
 0.39682055]
270 99.75910201021014 [0.17730407 0.23002941 0.20975674 0.24050993 0.22104109 0.2156425
 0.31830295 0.26350424 0.95777465 0.29431729 0.33851169 0.33155102
 0.39690594]
271 103.73808981797984 [0.17720373 0.22978736 0.20985584 0.2403664  0.22095847 0.21510909
 0.31812315 0.26340921 0.95778457 0.2943307  0.33888713 0.33181378
 0.39700398]
272 127.67440907134637 [0.17716944 0.22966591 0.20988621 0.2402753  0.22080231 0.21474299
 0.31811953 0.2632866  0.95781994 0.29451997 0.33887433 0.33215154
 0.39706962]
273 120.68129937495557 [0.17711131 0.22960732 0.20993877 0.24014051 0.22074464 0.21436497
 0.31809743 0.26322374 0.95784309 0.29474329 0.33854992 0.33272496
 0.39686536]
274 140.7471271589167 [0.17701668 0.22941283 0.20987061 0.24005898 0.22074983 0.21372268
 0.31820385 0.26337388 0.95788888 0.29490096 0.33843767 0.33324713
 0.39661299]
275 173.05030026214519 [0.17676904 0.2290976  0.20978657 0.23989975 0.22074923 0.21324277
 0.31816738 0.263555   0.95794552 0.29503682 0.33809696 0.33383355
 0.39624679]
276 139.98412108348117 [0.17651866 0.22868813 0.20965634 0.23964932 0.22083204 0.21298992
 0.31808464 0.26378716 0.95800048 0.29512052 0.33785305 0.33429454
 0.39577126]
277 129.74660830372 [0.1762964  0.22840198 0.20943644 0.23932556 0.22085889 0.21286448
 0.317835   0.26368849 0.95804742 0.29497632 0.33772899 0.3348717
 0.39565716]
278 120.88267072886421 [0.17603913 0.2279536  0.20937561 0.2389648  0.22087784 0.2127487
 0.31746801 0.26362533 0.95809128 0.2947592  0.33758534 0.33520221
 0.39538799]
279 120.37093828662195 [0.17578926 0.22766976 0.20926085 0.23855119 0.22095406 0.21269772
 0.31701026 0.26362053 0.95814726 0.29451406 0.33773735 0.33562819
 0.39504113]
280 128.56312970766828 [0.17553098 0.227391   0.2091652  0.23814002 0.2209348  0.21262758
 0.31672421 0.26331233 0.95818572 0.29444869 0.33740602 0.33627199
 0.39455851]
281 97.1346664775865 [0.17528932 0.22710452 0.20891635 0.23773303 0.2209288  0.21244222
 0.31661291 0.2628832  0.95828283 0.29452358 0.33706185 0.33712425
 0.394073  ]
282 70.9860030500856 [0.17506572 0.22681206 0.20891241 0.23731638 0.22110963 0.21221719
 0.3166232  0.26226425 0.958334   0.2942684  0.33699955 0.33820774
 0.39339828]
283 79.8476881241127 [0.17488484 0.22652556 0.20901636 0.23693294 0.22105684 0.2120027
 0.31658642 0.26160995 0.95835924 0.29377472 0.33714565 0.33909395
 0.39271116]
284 80.70998375039053 [0.1746946  0.22628102 0.20903375 0.23653931 0.22111561 0.21165238
 0.31660548 0.26112227 0.95835507 0.2935405  0.3375721  0.33969936
 0.3920289 ]
285 71.89145021186991 [0.17448483 0.22610832 0.2091057  0.23621316 0.22108946 0.21132631
 0.31673115 0.26069423 0.9583573  0.29293347 0.33792369 0.34036168
 0.39165164]
286 76.51193788176019 [0.17423893 0.22571712 0.2092717  0.23596123 0.2211324  0.21096687
 0.31698157 0.26046389 0.95837229 0.29224186 0.33824222 0.34102611
 0.39126465]
287 67.59611732691089 [0.17408068 0.2253342  0.20940655 0.23566644 0.22122792 0.21064811
 0.31715447 0.26019034 0.95842923 0.29155512 0.33867111 0.34176244
 0.39098891]
288 70.60265775586092 [0.17399261 0.22493803 0.20964903 0.23545437 0.22133148 0.21034061
 0.31723669 0.26002621 0.95848535 0.29115345 0.33904639 0.34250252
 0.39053003]
289 97.42352946660613 [0.17394533 0.22454959 0.20989114 0.23523432 0.22127193 0.20997637
 0.31714921 0.25979777 0.95853806 0.29086297 0.33958094 0.34357899
 0.39047639]
290 86.70432061373356 [0.17386877 0.22415025 0.21012279 0.23503234 0.22123883 0.20969292
 0.3170267  0.25960094 0.95861203 0.29071913 0.340104   0.34464567
 0.39056097]
291 83.28623622367232 [0.17367405 0.22372119 0.21013898 0.23476866 0.22122815 0.20930028
 0.3168168  0.25943456 0.95869357 0.29062929 0.34041081 0.34576025
 0.39096889]
292 71.52945817300136 [0.17332768 0.22329745 0.21017866 0.23456948 0.22123863 0.20896785
 0.31668428 0.2591895  0.95871899 0.29060271 0.3408223  0.34666526
 0.39130604]
293 104.89771989892856 [0.17299285 0.22279611 0.21015943 0.23431027 0.22132384 0.20878353
 0.31655268 0.25895434 0.95870673 0.29051551 0.34109923 0.34724728
 0.39122415]
294 111.10316257909409 [0.17266549 0.22239763 0.21019165 0.23407453 0.22128275 0.20855521
 0.31657273 0.25863396 0.95870931 0.29053719 0.34153085 0.34808821
 0.39131742]
295 104.03364885322637 [0.17235856 0.22200094 0.21034037 0.23386238 0.22130139 0.20811037
 0.31674479 0.25784635 0.95864246 0.2905083  0.34191047 0.34892825
 0.39111971]
296 78.71007167429838 [0.1721152  0.22146003 0.21054577 0.23365515 0.22118537 0.20769835
 0.31690183 0.25729612 0.95849973 0.29033592 0.34193622 0.34969793
 0.39091205]
297 109.53621573670833 [0.17192985 0.2209497  0.21072383 0.23344183 0.22102051 0.2073542
 0.31696027 0.25686242 0.95837992 0.29012955 0.34207255 0.35055792
 0.39076813]
298 109.31420339820815 [0.17179812 0.22051981 0.21083647 0.23307668 0.22077335 0.20700862
 0.31711578 0.25646991 0.95826397 0.28986341 0.34191401 0.35121727
 0.39039675]
299 127.81483705797933 [0.17180163 0.21997596 0.21078301 0.23278522 0.22057746 0.20669985
 0.31704476 0.25609534 0.95817636 0.28973037 0.3420371  0.35186105
 0.39010468]
300 1026.1726843117551 [0.17183813 0.21954897 0.2107692  0.23241218 0.22028819 0.20647412
 0.31694366 0.25586408 0.95809322 0.2896523  0.34202819 0.35223571
 0.38995919]
301 99.23866606519886 [0.17185762 0.21915125 0.21075012 0.23200057 0.21994409 0.20625166
 0.31679721 0.25566063 0.95802095 0.28966031 0.342092   0.35244993
 0.38971728]
302 100.69106874553691 [0.17197788 0.21882633 0.21073527 0.23166023 0.21969694 0.20619874
 0.31671097 0.25535833 0.95797727 0.28926417 0.34211211 0.35278345
 0.38938642]
303 76.53537592644281 [0.17211775 0.21843124 0.21078498 0.23123239 0.21966708 0.20611325
 0.31669082 0.25488505 0.95792689 0.28879212 0.34234513 0.35307397
 0.38882057]
304 55.93710710741603 [0.17216475 0.21812317 0.21099735 0.23075391 0.21965221 0.20594819
 0.3167385  0.25425092 0.95783493 0.28868562 0.34266335 0.35342926
 0.38810341]
305 82.32256837507985 [0.172174   0.21778418 0.21124658 0.23024832 0.21970998 0.20573694
 0.31674199 0.25350405 0.95775746 0.28867909 0.34301991 0.35398973
 0.38772866]
306 71.1470869575702 [0.17216562 0.21742506 0.21147442 0.22977123 0.21970722 0.20556631
 0.31664104 0.2529103  0.95769443 0.28860296 0.3435081  0.35500089
 0.38724829]
307 63.46792875383585 [0.17212633 0.2170441  0.21181445 0.2293309  0.21970211 0.20538915
 0.31665056 0.25248381 0.95761286 0.28861133 0.34396786 0.35628439
 0.38713087]
308 92.26178780146739 [0.1720509  0.21673712 0.21194682 0.2289453  0.21948444 0.20529634
 0.31685679 0.25189585 0.95754106 0.28856129 0.34436243 0.35733812
 0.38702576]
309 59.227556840265535 [0.17191095 0.2164501  0.21203976 0.2284723  0.2193232  0.20518114
 0.31698331 0.25131932 0.95741896 0.28849581 0.34468885 0.3582724
 0.3869076 ]
310 84.02370853093947 [0.1717143  0.21616192 0.21214104 0.22799779 0.21920513 0.20505096
 0.31718453 0.25054674 0.9573114  0.28874594 0.34485554 0.35940811
 0.38672363]
311 88.08490106742269 [0.17150754 0.21589884 0.212358   0.22741523 0.21904977 0.20496177
 0.31770037 0.24997174 0.95717836 0.28901731 0.34491553 0.36021862
 0.38656654]
312 84.9209226544024 [0.1712485  0.2155492  0.21267294 0.22683503 0.21893133 0.2049337
 0.31824545 0.24941411 0.95707848 0.28932922 0.34516056 0.36111486
 0.38628909]
313 79.88928896331109 [0.17097751 0.21520284 0.21286013 0.22622538 0.21877772 0.20483214
 0.31898601 0.24903943 0.9569974  0.28978602 0.34563172 0.36188836
 0.38632264]
314 126.92001876605133 [0.17074992 0.21490927 0.21292918 0.22569929 0.21862809 0.20478019
 0.31960293 0.24880698 0.95692164 0.29029032 0.34613393 0.36224701
 0.38639597]
315 96.30775910681076 [0.17047022 0.21470853 0.21328596 0.22521908 0.21858611 0.20449817
 0.32021243 0.24845967 0.95685657 0.2909093  0.34675586 0.36250522
 0.38655492]
316 97.55275091152826 [0.17019669 0.21441433 0.21364535 0.22471782 0.21849001 0.20428977
 0.32065432 0.24827212 0.95682865 0.29150331 0.34751512 0.36285857
 0.38653363]
317 83.97440153027338 [0.16993408 0.21396632 0.21365478 0.22396827 0.2184172  0.20411678
 0.32116951 0.24804898 0.9568201  0.29221323 0.34827245 0.36312316
 0.38651754]
318 66.39122930106349 [0.16971911 0.21357525 0.21354279 0.22336642 0.21828572 0.20406036
 0.32172811 0.24775299 0.95681336 0.2928643  0.34883366 0.36292538
 0.38657847]
319 90.87960594708122 [0.16946206 0.21324334 0.21354878 0.22280874 0.2182014  0.2040616
 0.32223717 0.24754631 0.95679146 0.29348768 0.34952101 0.36293641
 0.38643759]
320 74.57805488428355 [0.16925581 0.21283565 0.21356557 0.22222283 0.2182114  0.20407716
 0.32275742 0.24741422 0.9567596  0.29424975 0.35016572 0.36269937
 0.38643008]
321 80.18210351935738 [0.16910548 0.21253673 0.21361214 0.22170936 0.21828615 0.20412295
 0.32300685 0.24721461 0.95675776 0.29507646 0.35050453 0.36263366
 0.38653124]
322 69.0622893540568 [0.1690132  0.21229349 0.21369411 0.22132056 0.21848729 0.20428216
 0.32331829 0.24723623 0.95675065 0.29594006 0.35070475 0.36232651
 0.38653383]
323 111.10088763960866 [0.16885076 0.21199115 0.2138107  0.22093466 0.21882282 0.20442588
 0.32354189 0.24718801 0.95674049 0.29683242 0.35076776 0.36191029
 0.38653902]
324 97.6725567730725 [0.16871414 0.21170846 0.21395235 0.22043765 0.2191702  0.2045299
 0.32375766 0.24715509 0.9567461  0.29760622 0.35079179 0.36147397
 0.38649191]
325 76.83431246774927 [0.1686286  0.21150943 0.21408139 0.21993767 0.21952376 0.20467189
 0.32408851 0.2469574  0.95676167 0.29817598 0.35092947 0.36140279
 0.3864341 ]
326 93.11274342253975 [0.16860897 0.21134764 0.21426839 0.21965547 0.21966494 0.20477682
 0.32437235 0.24677187 0.9567992  0.29876689 0.35084108 0.36116848
 0.38649879]
327 67.81865645507469 [0.16860095 0.21125791 0.21446617 0.21933481 0.21964755 0.20485825
 0.32451747 0.24660119 0.95681574 0.29940474 0.35048596 0.36087638
 0.38662265]
328 92.80665743720179 [0.16860007 0.21104605 0.21429918 0.21906304 0.21965983 0.20493947
 0.32424378 0.24617399 0.95681503 0.3000625  0.34996124 0.36073886
 0.38682899]
329 98.20260774597966 [0.16852617 0.21080664 0.21424478 0.21872556 0.21966456 0.20496046
 0.32406947 0.2457146  0.95682442 0.30091846 0.34964056 0.36063415
 0.38696828]
330 73.63302742613277 [0.16842004 0.2104866  0.2142279  0.21860417 0.21964356 0.20492247
 0.32389393 0.24535855 0.95683363 0.30207797 0.3492996  0.36029306
 0.38711085]
331 69.69299467514972 [0.16824878 0.21004664 0.21423673 0.21866549 0.21960613 0.20479266
 0.32376909 0.24511448 0.95687665 0.30311691 0.34896428 0.36001765
 0.38741741]
332 86.59209111331913 [0.16815486 0.2097712  0.21420173 0.21880763 0.21939105 0.20473698
 0.32372796 0.24489665 0.95687555 0.30366302 0.34892297 0.35971953
 0.38767146]
333 58.648155678507536 [0.16805875 0.20935759 0.21407271 0.21888559 0.21912123 0.20466078
 0.32366856 0.24484336 0.95685261 0.30414592 0.34865926 0.35933788
 0.38798422]
334 75.7322490063089 [0.16793945 0.20898739 0.21405227 0.21886341 0.21878099 0.20444841
 0.32361294 0.24481359 0.9568398  0.30467418 0.34849954 0.3588443
 0.38809897]
335 69.51904961487708 [0.16782829 0.20865245 0.21405478 0.21891534 0.21836626 0.20427499
 0.32352381 0.24479013 0.95682328 0.30530414 0.3481844  0.35844361
 0.38800071]
336 58.24198299999834 [0.16761596 0.20833491 0.21406828 0.21883732 0.21811721 0.20412974
 0.32324213 0.24437812 0.95679571 0.30597295 0.3477089  0.35814729
 0.38798862]
337 88.00102258442712 [0.16736498 0.20805707 0.2141026  0.21873369 0.21790371 0.20390603
 0.32275918 0.24393648 0.95679267 0.30680027 0.34738425 0.35802937
 0.3879074 ]
338 75.32213970091955 [0.16708371 0.20771556 0.21399193 0.2185359  0.217655   0.20369348
 0.32227482 0.24350765 0.95678656 0.30753196 0.34714882 0.35817641
 0.38800258]
339 64.93318723046895 [0.16680279 0.20733739 0.21381464 0.21835571 0.2174062  0.20356517
 0.32180376 0.24302817 0.95677069 0.30784141 0.34686488 0.35819691
 0.38840779]
340 72.72721353480628 [0.16655335 0.20692342 0.2136866  0.21828777 0.217002   0.2035746
 0.321449   0.24249899 0.95674533 0.3079171  0.34648176 0.35837234
 0.3883035 ]
341 52.38815273350091 [0.16630932 0.20651522 0.21366537 0.21819996 0.21659886 0.20375384
 0.32121926 0.24210267 0.95673973 0.30782679 0.34613732 0.35870795
 0.38825929]
342 79.17392458520982 [0.16608861 0.20621982 0.21368547 0.21812027 0.21625742 0.20391063
 0.32095675 0.24168835 0.95675715 0.3075937  0.34564677 0.3593136
 0.38800997]
343 85.68556430421278 [0.16591506 0.20600327 0.21378294 0.21804678 0.21594731 0.20415898
 0.32082249 0.24143791 0.95672587 0.30752064 0.34491476 0.36001523
 0.38759459]
344 64.42229858031395 [0.16574392 0.20564258 0.2137995  0.21800259 0.21574109 0.20438667
 0.32066881 0.24112483 0.95671643 0.30744088 0.34451478 0.36061165
 0.38713694]
345 79.38160219357606 [0.16563047 0.20530999 0.21367345 0.21772194 0.21550852 0.20442487
 0.32045175 0.24090948 0.95669007 0.30677291 0.34423698 0.36102181
 0.38641957]
346 78.14693459861513 [0.16533118 0.20495987 0.21346483 0.21749228 0.21538492 0.20444729
 0.32038372 0.24058475 0.95667838 0.30608677 0.34377192 0.36157712
 0.38569998]
347 62.61871111771786 [0.16504352 0.20465704 0.21340529 0.21719754 0.21517441 0.20429009
 0.32030928 0.24020387 0.95664284 0.30545246 0.34340412 0.3624264
 0.38490938]
348 80.56664595150305 [0.16473646 0.2043155  0.21332045 0.21688113 0.21499272 0.20410655
 0.32010835 0.23982954 0.95657318 0.30485977 0.3430616  0.36312229
 0.38414074]
349 69.6454897253345 [0.16441838 0.20404944 0.2133599  0.21650349 0.21486493 0.20404615
 0.31985274 0.23965381 0.95649472 0.30444185 0.34267521 0.36383676
 0.38364714]
350 64.32571741113367 [0.16404393 0.20374332 0.21325818 0.21614243 0.21474342 0.20392252
 0.31954955 0.23946164 0.95645531 0.30406749 0.34240092 0.36463909
 0.38309992]
351 56.43328659157622 [0.16370914 0.2034439  0.21307428 0.21600777 0.21453239 0.20379956
 0.31941633 0.23919713 0.95642372 0.30354876 0.34224403 0.36515564
 0.38262466]
352 75.20820828094224 [0.16340034 0.20308565 0.21301251 0.21585356 0.21432095 0.20362045
 0.31917975 0.2388604  0.9563647  0.30305586 0.34209949 0.36553616
 0.38207367]
353 73.35942883991399 [0.16303806 0.20263493 0.21296148 0.21570088 0.21422506 0.20334332
 0.31905634 0.23851379 0.95630012 0.3024493  0.3419759  0.36565574
 0.38133903]
354 48.660937350233866 [0.16267776 0.20211108 0.21272738 0.21547483 0.214224   0.20304677
 0.31899404 0.23817356 0.956236   0.30196042 0.34207472 0.36603178
 0.38057506]
355 83.05608955223774 [0.16237835 0.20161284 0.21249677 0.21521626 0.2141486  0.20264311
 0.31885991 0.23780764 0.95618442 0.30150869 0.34215656 0.36639917
 0.37983293]
356 68.72803478495635 [0.1621613  0.20113633 0.21240798 0.21503139 0.21413317 0.20226009
 0.31872838 0.23749397 0.95613581 0.30121125 0.34233839 0.36682404
 0.3791059 ]
357 70.74572676440653 [0.16197858 0.20073749 0.21219232 0.21493528 0.21419127 0.20189834
 0.31874165 0.23707773 0.95606533 0.30070434 0.34257316 0.36701283
 0.37846003]
358 71.45877515045734 [0.16169835 0.20025608 0.21192607 0.21470147 0.2141119  0.20154656
 0.31878036 0.23662811 0.95600321 0.30010663 0.34324334 0.36718205
 0.37776609]
359 70.33029770927317 [0.16136867 0.19975599 0.21175301 0.21452405 0.21411585 0.20117666
 0.31861261 0.2362373  0.95596112 0.29992696 0.34418531 0.36741325
 0.37697611]
360 79.39241745274131 [0.16110422 0.19941675 0.21152851 0.21436606 0.2141029  0.20075611
 0.31848201 0.23579077 0.95593739 0.29975214 0.34476023 0.36777314
 0.37636507]
361 82.80938464598516 [0.16089794 0.19912244 0.21137198 0.21421158 0.21411461 0.20042263
 0.31836606 0.23539165 0.95592415 0.2998838  0.34513025 0.36801796
 0.37596361]
362 73.99090821446654 [0.16079357 0.19895882 0.211235   0.21411684 0.21394885 0.20015849
 0.31808043 0.2348327  0.95592416 0.29999592 0.34559041 0.36808002
 0.37568269]
363 67.15848687710246 [0.16079982 0.19877451 0.21090047 0.21379883 0.21390049 0.19974606
 0.31789707 0.23430421 0.95594601 0.30010174 0.34592061 0.36831272
 0.37543773]
364 101.62873538343541 [0.16081423 0.19869981 0.2105607  0.21355336 0.21380382 0.19939542
 0.31765888 0.23372578 0.95595792 0.30020444 0.34608575 0.36859799
 0.37517912]
365 57.68207083684053 [0.16071792 0.19862946 0.2101196  0.21329917 0.21371169 0.19909283
 0.31746745 0.23315662 0.95593633 0.30039064 0.34636078 0.36872861
 0.37488908]
366 74.22598040426911 [0.16045776 0.19851564 0.20978894 0.21299534 0.2135757  0.19886799
 0.31725182 0.23255847 0.95593261 0.30038808 0.34629721 0.36924788
 0.37431485]
367 71.30166188046056 [0.16023132 0.19835862 0.2093499  0.21266039 0.21346897 0.19871543
 0.3170851  0.2321316  0.95593376 0.30045248 0.34634994 0.36969473
 0.37375573]
368 54.108749832054784 [0.16002739 0.19814172 0.20906815 0.21230185 0.2134024  0.19858613
 0.31695897 0.23188347 0.95593563 0.30068031 0.34636669 0.37026468
 0.37333108]
369 53.159990836161555 [0.15981153 0.19791936 0.20872146 0.21197774 0.21336559 0.19849609
 0.31669137 0.2317128  0.95594929 0.30093528 0.34672174 0.37074489
 0.37314519]
370 67.06987510334615 [0.15962889 0.19767478 0.20839802 0.21150332 0.21327353 0.19841171
 0.31637029 0.23161248 0.9559669  0.30122658 0.34720362 0.37111455
 0.37292042]
371 65.91359285489851 [0.15956265 0.19749347 0.20819901 0.21091478 0.21318843 0.19830502
 0.31590782 0.23160131 0.95599856 0.30137722 0.3474218  0.37117433
 0.37286221]
372 74.60274086417158 [0.15948423 0.19727217 0.2080589  0.21044227 0.21313771 0.19820661
 0.31560033 0.23146738 0.9560251  0.30150945 0.34751156 0.37120123
 0.37291461]
373 56.212200207512794 [0.15940313 0.19703054 0.20790802 0.21007077 0.21299872 0.19812488
 0.31531121 0.23126924 0.95601271 0.30186514 0.34749857 0.37124815
 0.37279609]
374 65.68938267650394 [0.15926181 0.19680737 0.20772167 0.20966112 0.21260333 0.19788979
 0.31500248 0.23094986 0.95600658 0.30220388 0.34713603 0.37145943
 0.3725749 ]
375 39.94714073944797 [0.1592038  0.1966084  0.20755985 0.20933064 0.21233822 0.19766806
 0.31465222 0.230713   0.95599169 0.30250463 0.34683222 0.37167067
 0.37225763]
376 63.575480761175555 [0.15918736 0.19641119 0.20750593 0.20898319 0.21199581 0.19746662
 0.31444849 0.23050828 0.95598442 0.302832   0.34672302 0.3717077
 0.37212689]
377 51.52599071537939 [0.15913436 0.19621282 0.20737387 0.20860168 0.21169717 0.19719288
 0.31431895 0.23041953 0.95594249 0.30300003 0.34687629 0.37164445
 0.37220295]
378 52.23899690829269 [0.15910982 0.19604864 0.20734932 0.2080734  0.21138474 0.19699052
 0.31394187 0.23039051 0.95591501 0.3032891  0.34699705 0.37170356
 0.37250865]
379 77.82691023711106 [0.15908675 0.19594744 0.20728277 0.20759661 0.21109073 0.19698959
 0.3135825  0.23028525 0.95589816 0.30351185 0.34698187 0.37182438
 0.37278964]
380 79.10840941752159 [0.15909749 0.19584871 0.20700458 0.20710782 0.21095445 0.19701266
 0.31328883 0.23027226 0.95588921 0.30351606 0.34707329 0.37209981
 0.37314812]
381 53.58112084582903 [0.15912491 0.19571376 0.20685228 0.20674375 0.21083497 0.19703336
 0.31315527 0.23023326 0.95588553 0.30349504 0.34728476 0.3727103
 0.3734702 ]
382 53.73601385797916 [0.15909994 0.19563338 0.20668445 0.20630684 0.21070455 0.1969889
 0.31322319 0.23019984 0.95589172 0.30373294 0.34761738 0.37315696
 0.37371949]
383 50.33089271653207 [0.15907721 0.19554477 0.20637036 0.20582504 0.21057699 0.19696392
 0.31319123 0.23001979 0.95590989 0.30389084 0.34794781 0.37354658
 0.37366813]
384 68.80019987908412 [0.1590417  0.19539364 0.20606463 0.20537376 0.21043124 0.19703963
 0.3131641  0.22980578 0.95594635 0.30399287 0.34795548 0.37404311
 0.37379493]
385 47.19758675579487 [0.15901063 0.19521868 0.20580046 0.20498123 0.21016577 0.19718854
 0.31309417 0.22972259 0.95600033 0.30412454 0.34800859 0.3743974
 0.37377027]
386 54.992341677762965 [0.15902196 0.1951487  0.20547866 0.20468526 0.20989008 0.19724897
 0.31308795 0.22963235 0.95606064 0.3041712  0.34834229 0.37483033
 0.37385289]
387 49.36867051961595 [0.15894769 0.19501504 0.20516212 0.20443669 0.2095903  0.1973213
 0.31317473 0.22954552 0.95613675 0.30411623 0.34838716 0.37523741
 0.37406433]
388 41.58014984825189 [0.15888551 0.19499207 0.2049062  0.20422224 0.20935737 0.19738858
 0.31319978 0.22952602 0.95616003 0.30422637 0.34826357 0.37562955
 0.37417232]
389 38.49118807788493 [0.15878734 0.19496911 0.20469446 0.20391976 0.20921039 0.19743144
 0.31327116 0.2294793  0.95618081 0.30453651 0.3478568  0.37614065
 0.37403439]
390 59.839391305581316 [0.15870664 0.19485492 0.20452616 0.20378332 0.2091124  0.19751729
 0.31350002 0.22947629 0.95620351 0.30501328 0.34743009 0.37614396
 0.37397293]
391 66.51866421372804 [0.15862264 0.19478035 0.20440904 0.20374651 0.20902782 0.19758091
 0.31357988 0.2294676  0.95618445 0.30537717 0.34710979 0.37645735
 0.37399837]
392 42.65706001943217 [0.15851304 0.19461254 0.20433582 0.20370809 0.20894215 0.1976661
 0.31364763 0.22962769 0.9562166  0.30587861 0.34693397 0.37675242
 0.37386072]
393 59.50802895503023 [0.1584364  0.19440852 0.20425638 0.20354136 0.20879755 0.19779514
 0.31367563 0.2298288  0.95625069 0.3061429  0.34693317 0.37707081
 0.37360386]
394 50.83912620688258 [0.15834775 0.19426712 0.20410565 0.20341431 0.20859691 0.19793133
 0.31364111 0.22983487 0.95625635 0.30661616 0.34683108 0.37749169
 0.3735269 ]
395 52.60726825154751 [0.15823975 0.1941078  0.20399165 0.20321897 0.20810428 0.19800722
 0.31363558 0.22986874 0.95626429 0.30707471 0.34678362 0.37803122
 0.37356481]
396 44.356664914900506 [0.15813623 0.19404474 0.2038209  0.20313092 0.20762975 0.19808228
 0.31358715 0.2300372  0.95622746 0.30742351 0.34663879 0.37831464
 0.37353136]
397 69.75620002703083 [0.1580534  0.19398419 0.20360078 0.20303244 0.20712651 0.1982587
 0.31353692 0.23024206 0.95620838 0.30763759 0.34646487 0.37806348
 0.37353659]
398 61.83468997423083 [0.1579534  0.1938701  0.20336706 0.20286513 0.20665841 0.19827594
 0.31352196 0.23042719 0.95620891 0.30792025 0.34631621 0.37761082
 0.37361182]
399 77.46502513628502 [0.15790095 0.19381146 0.20307319 0.20266096 0.20619821 0.19832955
 0.31353192 0.2306933  0.95621986 0.30816359 0.3461434  0.37698339
 0.37359512]
400 69.06930257202224 [0.15787808 0.19370487 0.20271449 0.20241867 0.20569932 0.19840433
 0.31363359 0.23102133 0.95623216 0.30829128 0.34591517 0.37602764
 0.37357641]
401 61.93611880024795 [0.15783242 0.19356996 0.20247075 0.20223784 0.20529117 0.19840944
 0.31379978 0.23143027 0.95621647 0.30825786 0.34558355 0.37523033
 0.37347613]
402 54.1676240313397 [0.15777166 0.19340472 0.20213077 0.20201882 0.20484552 0.19839075
 0.31385787 0.2318707  0.95619652 0.30838859 0.34534172 0.37427941
 0.3734152 ]
403 61.05695933228503 [0.15773093 0.19324367 0.20179119 0.20187581 0.20442435 0.19843147
 0.31388235 0.23235153 0.95617949 0.3085844  0.34516603 0.37364362
 0.37352324]
404 68.43839242032894 [0.15773941 0.19310776 0.20154055 0.20166194 0.20412462 0.19849593
 0.31380336 0.23288222 0.95616132 0.30871876 0.34496926 0.37301449
 0.37361463]
405 74.54535608147955 [0.15775286 0.1930093  0.20130863 0.20137363 0.20384017 0.19865565
 0.31369512 0.23323553 0.95616957 0.30883346 0.34497565 0.37265781
 0.37365566]
406 48.731128701160294 [0.15775371 0.1929179  0.20110927 0.20114047 0.20349517 0.19866551
 0.31349685 0.23351534 0.95618215 0.30879671 0.34465069 0.37232745
 0.37372291]
407 73.69074699991744 [0.15772599 0.19290598 0.20090142 0.20074441 0.20306602 0.19861281
 0.31325729 0.23374361 0.95618542 0.30876234 0.3444962  0.37198561
 0.37375626]
408 42.06854617163897 [0.15771888 0.19287235 0.2006628  0.20029513 0.20264784 0.19841923
 0.3130176  0.2340126  0.95618045 0.30906219 0.34420969 0.37171173
 0.37398553]
409 49.928896470580725 [0.15762748 0.1928613  0.20041987 0.19993563 0.202175   0.19831536
 0.31285134 0.23423664 0.95618274 0.30926964 0.34404604 0.37212122
 0.37429831]
410 66.59152357422589 [0.15760361 0.19278463 0.20029658 0.1996905  0.2016768  0.19808144
 0.31267537 0.23432028 0.95618864 0.30947372 0.34382152 0.37198632
 0.37464315]
411 60.50167791347292 [0.15756608 0.19275254 0.20021111 0.1994497  0.20124057 0.19799709
 0.31246407 0.23452276 0.95620056 0.30970951 0.34350799 0.3717571
 0.37502256]
412 52.69249353295285 [0.15743622 0.19288114 0.20012483 0.19917696 0.20081233 0.19777976
 0.31226453 0.23473439 0.95623943 0.30997921 0.34336803 0.37132555
 0.3750881 ]
413 77.2915281011279 [0.15733799 0.19290512 0.20006694 0.19896769 0.20039592 0.19751959
 0.31220164 0.23499991 0.95628799 0.31003286 0.34340957 0.37106566
 0.37506921]
414 46.09107100926566 [0.15727491 0.19294809 0.20001599 0.19876448 0.19995067 0.19729328
 0.3122209  0.23543764 0.95633569 0.31021166 0.34339186 0.37089469
 0.37494442]
415 61.00984948825577 [0.15710737 0.19299489 0.19996565 0.19864753 0.19960878 0.19707426
 0.31199639 0.23583816 0.95638439 0.31044381 0.34348128 0.37094078
 0.37498807]
416 41.24528363935548 [0.15692957 0.19299878 0.19984386 0.19850116 0.19926575 0.19683229
 0.31188959 0.23606556 0.95645063 0.31076117 0.34355842 0.37070707
 0.37505006]
417 52.02516587771666 [0.15680031 0.19312554 0.19965792 0.19833701 0.19885077 0.19670062
 0.31175892 0.23626139 0.95652109 0.31134263 0.34354837 0.37049136
 0.37518655]
418 55.66310110337544 [0.15668418 0.19304429 0.19950361 0.19811093 0.19839632 0.19655275
 0.31163262 0.23642086 0.95660153 0.31183533 0.34332329 0.3701361
 0.37522796]
419 57.69807780689095 [0.1565682  0.19295295 0.19934521 0.19795257 0.19802505 0.19643039
 0.31142823 0.23659737 0.95667779 0.31235612 0.34294589 0.3703798
 0.37523826]
420 40.332624953024876 [0.15644141 0.19291171 0.19921853 0.19770827 0.1976899  0.19625845
 0.3112642  0.23670397 0.95675624 0.31284665 0.3424224  0.37046969
 0.37513919]
421 45.266570205635944 [0.15633256 0.19281872 0.19900498 0.19753094 0.19735901 0.19600792
 0.31119697 0.23678682 0.95684597 0.31355111 0.34200529 0.37063333
 0.37511482]
422 57.89857827230334 [0.15618633 0.19271588 0.19884365 0.19740559 0.19709354 0.19573918
 0.31112133 0.2367504  0.95691199 0.31400624 0.34153041 0.37067642
 0.3751105 ]
423 44.180561617777414 [0.15600427 0.19269254 0.19875828 0.19718592 0.19677956 0.19547822
 0.31095616 0.23666946 0.95696261 0.31458587 0.34090263 0.3710616
 0.37508874]
424 37.7720467761125 [0.15583644 0.19279274 0.19871046 0.19707117 0.19653526 0.1953076
 0.31068769 0.23654445 0.95701223 0.31511904 0.34036494 0.37106531
 0.37508171]
425 60.91531797997689 [0.15564027 0.19292242 0.19861787 0.19698666 0.19628338 0.19518464
 0.31047818 0.23647477 0.9570189  0.31575486 0.33984049 0.37100971
 0.37504414]
426 53.17897519361583 [0.15551123 0.19300206 0.19862292 0.19698397 0.19571287 0.1948473
 0.31014405 0.23626142 0.95702577 0.31643816 0.33948981 0.371143
 0.37475852]
427 35.225232993082756 [0.15536747 0.19302479 0.19875684 0.19697459 0.19521431 0.19448147
 0.30986511 0.23599452 0.95703007 0.31713898 0.33932319 0.37121016
 0.37458251]
428 46.143794986261184 [0.15519931 0.19313003 0.1989479  0.19695174 0.19475624 0.19414088
 0.30957873 0.23576697 0.95703854 0.31808431 0.33930734 0.3714037
 0.37474614]
429 67.0688532408992 [0.15508386 0.19314703 0.19913464 0.19686219 0.19437157 0.19374255
 0.30948648 0.23559997 0.95705045 0.31907024 0.33949034 0.37139008
 0.37465944]
430 48.426922234897546 [0.15499012 0.19318071 0.19937478 0.19680194 0.19399578 0.19344242
 0.30943857 0.23547271 0.95707297 0.31971715 0.33944881 0.37161996
 0.37473268]
431 46.94654410921978 [0.1549094  0.19310889 0.19943682 0.19681876 0.19359212 0.19316162
 0.30918504 0.2351131  0.95708041 0.32023384 0.33920131 0.37180334
 0.37483515]
432 62.20406504084793 [0.15489036 0.19307127 0.19935569 0.19682019 0.19317434 0.19292873
 0.30894892 0.23485934 0.95711069 0.32058785 0.33844341 0.37184471
 0.37491291]
433 43.181752450178486 [0.15492691 0.19296009 0.1991497  0.19675516 0.19276811 0.19275204
 0.30880863 0.23459714 0.95712845 0.32063211 0.33766621 0.37169936
 0.37519966]
434 44.80692155807529 [0.15497462 0.19285677 0.19887799 0.19678956 0.19230728 0.19252531
 0.30878931 0.23422267 0.95713319 0.3205527  0.33702349 0.37151432
 0.3756127 ]
435 55.17706072175416 [0.15497916 0.19280065 0.19848938 0.1968678  0.19199501 0.19226556
 0.30876251 0.23389442 0.95713545 0.32052148 0.33657702 0.37147593
 0.37609161]
436 48.69781143878993 [0.15496047 0.19273746 0.19807093 0.19692853 0.19171684 0.19201084
 0.30877696 0.23351752 0.95713435 0.32057016 0.33598138 0.37108592
 0.37657534]
437 59.11517890179866 [0.1549391  0.19262307 0.19765505 0.19697245 0.19155635 0.19173505
 0.30865651 0.23318415 0.95714446 0.3206209  0.33534493 0.37120298
 0.376915  ]
438 48.712580115665304 [0.15495439 0.19248389 0.19740117 0.19706052 0.19133265 0.19150293
 0.30837213 0.23275311 0.95717356 0.32046833 0.33490228 0.3707579
 0.37730116]
439 86.98737388263977 [0.15493616 0.19233013 0.19708638 0.1969812  0.1911703  0.1913191
 0.30820103 0.23238613 0.95719283 0.32033444 0.33433907 0.37068019
 0.37772678]
440 56.340181855142916 [0.15489655 0.19213753 0.19676542 0.19684191 0.1910501  0.19113213
 0.30814965 0.23214836 0.9572136  0.32014781 0.33397357 0.37067452
 0.37781463]
441 53.80542757286021 [0.15488666 0.19198875 0.19649491 0.19676822 0.19091953 0.19102366
 0.30803176 0.23192701 0.95723328 0.31984126 0.33352949 0.37053973
 0.37794281]
442 63.94453394280606 [0.15489082 0.19188021 0.19619803 0.19658163 0.19080547 0.19089754
 0.30771325 0.2317413  0.95725603 0.31961246 0.33329596 0.37045005
 0.37798147]
443 47.18153385997313 [0.15491096 0.19183861 0.19598677 0.19640303 0.19065057 0.19080006
 0.30749135 0.23151902 0.95728765 0.31938002 0.33289686 0.37076417
 0.37789394]
444 45.5770941345054 [0.15496078 0.19187063 0.19580626 0.19629131 0.19052097 0.19072551
 0.30748056 0.23125125 0.95731621 0.31891535 0.33258765 0.3712362
 0.37803537]
445 36.98545359069935 [0.15498881 0.19194088 0.19564299 0.19618808 0.19044825 0.19054776
 0.30732674 0.23091823 0.95733333 0.31815043 0.33222013 0.3716783
 0.37822698]
446 60.386274390023075 [0.15498726 0.19196965 0.19546212 0.19612929 0.19032421 0.19032615
 0.30715193 0.23057203 0.95734632 0.31747571 0.33184639 0.37220036
 0.37863485]
447 35.580861850272726 [0.15494072 0.19211915 0.19529811 0.1960216  0.19025468 0.19021388
 0.30697179 0.23026095 0.95737472 0.31660828 0.33155823 0.37288562
 0.37900272]
448 89.30486850033931 [0.15490771 0.19217788 0.19518446 0.19586979 0.19017967 0.18999451
 0.306861   0.22989372 0.95739368 0.31591906 0.33127525 0.37365867
 0.37916322]
449 67.03310291523493 [0.15492522 0.19206695 0.19521224 0.19560016 0.18998538 0.18973556
 0.30662727 0.22951953 0.9574231  0.31538042 0.33060837 0.3734647
 0.37907613]
450 51.79197282391353 [0.15495621 0.1920263  0.19519111 0.1954222  0.18976742 0.18951254
 0.30652556 0.22926308 0.95745723 0.31498589 0.33003682 0.37331464
 0.3788526 ]
451 39.09008848265311 [0.15500482 0.19204117 0.19521213 0.19517188 0.18952379 0.18936623
 0.30657343 0.22902112 0.95749469 0.3144178  0.3297718  0.37271438
 0.37887512]
452 59.110870757878644 [0.15503881 0.19190849 0.19517915 0.19497513 0.18929146 0.18911897
 0.30674031 0.22879593 0.95754344 0.31367908 0.32921887 0.3719547
 0.3789029 ]
453 35.67171715570503 [0.15496474 0.19177154 0.19509383 0.19485006 0.18904944 0.18879758
 0.30693637 0.2285472  0.95761284 0.31310826 0.32883177 0.37128552
 0.37881917]
454 66.81819148703224 [0.15491913 0.19156263 0.19502116 0.19480181 0.18889843 0.18847626
 0.30715214 0.22828466 0.95769286 0.31269772 0.32847392 0.37090314
 0.37880278]
455 55.78998928682521 [0.15486252 0.19140961 0.19487215 0.19476679 0.18876874 0.18823946
 0.30742369 0.22808062 0.95779268 0.31243688 0.32823319 0.37015945
 0.37873931]
456 40.45846867073603 [0.15483817 0.19123658 0.19485239 0.19475106 0.18864126 0.18800463
 0.30769211 0.22785689 0.95784716 0.31217741 0.32800552 0.36954281
 0.37862105]
457 44.66542328101504 [0.15483001 0.19111986 0.19476211 0.19468621 0.18847962 0.18778266
 0.3078545  0.22775648 0.9578624  0.31163179 0.32780077 0.36874006
 0.3786685 ]
458 68.0161780092879 [0.15488713 0.19098149 0.19467127 0.19455544 0.18834456 0.18760362
 0.30795588 0.22769305 0.95784887 0.31126267 0.32769713 0.36811526
 0.37878875]
459 40.20847942679596 [0.15490199 0.19085157 0.19458422 0.19450016 0.18823008 0.1874103
 0.30808429 0.22761976 0.95785243 0.310552   0.32749546 0.36752994
 0.37863762]
460 61.335341873899566 [0.15488252 0.19077159 0.19445132 0.19429523 0.18814599 0.18724245
 0.30827504 0.2275844  0.95788106 0.30995589 0.32733106 0.36719775
 0.37846314]
461 41.22860829613211 [0.1548216  0.19076855 0.19422088 0.19405985 0.1881426  0.18710753
 0.30852794 0.22758334 0.95792051 0.30920348 0.3270449  0.36693189
 0.37830782]
462 38.466038463158405 [0.15481608 0.19070322 0.19394928 0.19379344 0.18807196 0.18698265
 0.30873503 0.2274804  0.95797959 0.30871762 0.32661624 0.36709587
 0.37806999]
463 43.014673610457706 [0.15479727 0.19062003 0.19381621 0.19358607 0.18791601 0.18683589
 0.30889488 0.2272722  0.9579932  0.30831818 0.32624184 0.36694416
 0.37773609]
464 33.878008501092914 [0.15478454 0.19049057 0.19373213 0.19341557 0.18770153 0.18668434
 0.3091775  0.2271418  0.95802649 0.3078255  0.32596143 0.36696422
 0.37786932]
465 45.300202920712124 [0.15477573 0.19034687 0.1936689  0.19326615 0.18745146 0.18652971
 0.30931091 0.22697154 0.95806612 0.30742372 0.32564035 0.36719585
 0.37798778]
466 36.70590229287616 [0.15477221 0.19014106 0.19378001 0.19309038 0.18731472 0.18640711
 0.30935537 0.22686766 0.95811073 0.30724315 0.32551658 0.36719102
 0.37800353]
467 47.97238468506326 [0.15478494 0.18987001 0.19383272 0.19284427 0.18719383 0.18628418
 0.30945589 0.22676156 0.95815927 0.30698206 0.32522441 0.36685322
 0.37831784]
468 35.66421153938499 [0.15480214 0.18963018 0.19387151 0.1925867  0.1870698  0.18620696
 0.30950069 0.22662707 0.95819724 0.30688349 0.3249475  0.36644842
 0.37870566]
469 51.154186209168316 [0.15476057 0.18941721 0.19390076 0.19237416 0.18698299 0.18603689
 0.30941651 0.22642185 0.95822398 0.30704657 0.32482261 0.3659956
 0.37901881]
470 40.66921024203073 [0.15470231 0.1892124  0.19378219 0.1921982  0.18689026 0.18575377
 0.30932129 0.22629194 0.95823122 0.30732613 0.32451759 0.36558017
 0.37934313]
471 45.859960850736975 [0.15460229 0.18908142 0.19366632 0.19197579 0.18682095 0.18548458
 0.30907412 0.22628182 0.95823034 0.3075781  0.32431802 0.36534129
 0.37949332]
472 45.816724990174876 [0.15451763 0.18898701 0.19365335 0.19188272 0.18671115 0.18516652
 0.30873288 0.2263345  0.95818803 0.30777436 0.324255   0.36490812
 0.37957881]
473 48.368763517643906 [0.15440563 0.18886808 0.19358977 0.19171885 0.1866542  0.18490375
 0.30838652 0.22644314 0.95813525 0.30791189 0.32418102 0.36448174
 0.37980022]
474 40.20897066609144 [0.15428156 0.18874749 0.19357515 0.19156547 0.18655736 0.18453277
 0.30792637 0.22643043 0.95811367 0.30811066 0.32406326 0.36430806
 0.38010082]
475 50.815635438398616 [0.15419059 0.18862414 0.19343975 0.19139213 0.18644522 0.18432202
 0.30756078 0.22647204 0.95810895 0.30819016 0.32394688 0.36430783
 0.38022087]
476 58.04655898578805 [0.15412793 0.18844817 0.19330681 0.19126413 0.18635332 0.18414908
 0.30701759 0.2264348  0.95810691 0.30841997 0.32382682 0.364411
 0.38011259]
477 33.88581592190202 [0.15402981 0.1882289  0.19327286 0.19108105 0.1863222  0.18393462
 0.30651531 0.22660858 0.95812663 0.30860694 0.32383422 0.36424156
 0.38001763]
478 29.845419634448987 [0.15398748 0.18795826 0.19321763 0.1908681  0.18628756 0.1836474
 0.30586656 0.2266463  0.95813786 0.30881552 0.32411758 0.36344239
 0.37990659]
479 36.29294712523544 [0.15389905 0.1878059  0.19315334 0.19074486 0.18612265 0.18334969
 0.3052584  0.22673117 0.95809977 0.30919332 0.32448967 0.36298509
 0.37944661]
480 47.618792042038024 [0.1538424  0.18765901 0.19303288 0.19060646 0.18588139 0.18311961
 0.30470833 0.22679966 0.958057   0.3096064  0.32486991 0.36248905
 0.37899616]
481 49.62563739139689 [0.15377752 0.18755534 0.19302939 0.19040004 0.18563398 0.18293506
 0.30411037 0.22686545 0.95800773 0.31011049 0.32512659 0.36224563
 0.37858523]
482 48.13869799839273 [0.15365602 0.18743957 0.19296755 0.19016411 0.18541812 0.18279297
 0.30371996 0.22697071 0.95796701 0.31073149 0.32512959 0.36221248
 0.37823183]
483 42.46062876253363 [0.15350143 0.18737236 0.19302947 0.18998212 0.18510507 0.18272216
 0.30337189 0.22711161 0.95793389 0.31139607 0.32507828 0.3620495
 0.37817311]
484 38.72812475039275 [0.15340613 0.18739963 0.19301342 0.18979917 0.18483768 0.18280365
 0.30319336 0.2271766  0.95787369 0.3120274  0.32512915 0.36173313
 0.37817004]
485 59.0445168336978 [0.15329076 0.18744366 0.19288425 0.18973335 0.18467281 0.18292974
 0.30311897 0.22715625 0.95780722 0.31258786 0.32496086 0.36127623
 0.37810923]
486 49.30563835080568 [0.15322321 0.18738242 0.19270246 0.18955287 0.18455735 0.18294499
 0.30291653 0.22717681 0.95774262 0.31302107 0.3249828  0.36072509
 0.3781267 ]
487 46.41990988518802 [0.15317561 0.18732109 0.19229624 0.18935604 0.18449134 0.18298413
 0.30270736 0.22725674 0.9576887  0.31335933 0.32514315 0.36040433
 0.37831411]
488 49.55821678730322 [0.15316822 0.18737538 0.19192445 0.18914543 0.18442517 0.18306191
 0.30248255 0.22727945 0.95765392 0.31371599 0.32552312 0.36006988
 0.37840372]
489 35.527717560952006 [0.15313116 0.18750977 0.19161181 0.18897734 0.18433086 0.18314498
 0.30217013 0.22728936 0.95761804 0.31408491 0.32583255 0.35982838
 0.37852591]
