0 117.09518122519077 0.3004062831582021
1 113.63711188908975 0.3006967073664401
2 97.35804598827221 0.3018035901974081
3 97.50683278341383 0.3030380080358315
4 90.98507280923019 0.3040293880059711
5 89.07130145962817 0.3056552496118811
6 91.77081176582814 0.3072520815997577
7 86.99152862721752 0.3082051034811428
8 81.3110726211438 0.30980241205307774
9 88.8798943435291 0.31172375037562555
10 77.89561066700563 0.31233747849499705
11 81.8126990368691 0.31166262685112595
12 77.04518360646162 0.3090691381558038
13 77.75369813864816 0.3082145834430711
14 75.27220243550335 0.30928660013415277
15 71.72656574570911 0.3054807932497323
16 68.16401705863774 0.30399926788570353
17 70.53843741797246 0.3033740123268777
18 66.46669859920891 0.3023174718530947
19 61.23901016109177 0.3028796498248394
20 63.05463336829767 0.3020833340891221
21 56.91124380470692 0.29845650225085263
22 62.65387539970123 0.2950907166960675
23 54.99446590694527 0.2944959430470568
24 56.42730354501505 0.2937261892956313
25 58.435253297622 0.2939899384364156
26 51.3686899526262 0.2936804371791042
27 57.7884680514901 0.29589605892223547
28 56.1068443848972 0.29402156042465144
29 59.063086429017325 0.29324954115800017
30 60.13418466157731 0.29389195750367053
31 57.36815729637088 0.29419578344309855
32 54.9667348893318 0.29361074335123966
33 63.137077243207614 0.29496999730555
34 59.219791658150676 0.29240471314282246
35 56.48716508774942 0.2939479903923395
36 53.375820670753065 0.29595325312504545
37 51.95824967495288 0.2960047755772201
38 52.25744358675064 0.29570267360235863
39 50.86721980994674 0.2957508816851475
40 56.7423571820829 0.29485573096602197
41 52.284745100394616 0.29449103787352476
42 53.03101544505353 0.29484635911042867
43 50.059757620911455 0.2886753769202152
44 47.131056437895566 0.2889606157874634
45 47.4603149889964 0.28710178813672244
46 46.706708968277155 0.28600636819169695
47 52.312345327018626 0.2806965049494388
48 53.2726368239594 0.2804022016924233
49 47.14328385113055 0.2808838881676735
50 45.19717300121281 0.2796782743551665
51 49.90117071952631 0.27836400283026635
52 45.23089096423948 0.276715549121109
53 44.36470155107004 0.27624062937478183
54 45.68953965430789 0.27539278090923874
55 46.32957191693052 0.2756032754586879
56 45.31721748986709 0.27609077337827986
57 48.09189634697063 0.27381458411727033
58 45.18015111968664 0.2719217567250953
59 43.3229619853001 0.2702638657853849
60 42.717970525948076 0.26951613091236165
61 43.761573508886826 0.26934598775512986
62 40.093132346121024 0.27037358573733816
63 40.62910540338332 0.2710208352626176
64 41.07552032349845 0.2679741618367802
65 38.94142306299254 0.2667547918670198
66 40.08961911853643 0.2662026109478723
67 40.89645163435374 0.266632114187833
68 42.15952053528082 0.2684639092230978
69 41.230699317090576 0.2669382482970286
70 39.81759047946424 0.2656656914669244
71 37.04140999300299 0.26529934771215224
72 40.56270397077205 0.2647597317377642
73 39.34969924205307 0.264929512437906
74 40.96811072789042 0.2639634006520491
75 39.320947222428174 0.26262246059680594
76 41.35434941871676 0.2621945189926
77 40.525578128349665 0.2621059508529319
78 39.86630043766509 0.2611154196491772
79 41.16942309252285 0.26031669909570837
80 39.155168082022485 0.2622271171079618
81 40.57653680985794 0.2632195934286522
82 41.53619284209371 0.2612727052894583
83 40.54867554833365 0.26241743072878954
84 37.317998771027234 0.2620165118688398
85 38.34373623004048 0.2629434806774756
86 38.38350218103895 0.26394532790127706
87 39.50281104742565 0.2634138905618568
88 39.19290008895952 0.2652900073100513
89 36.705270498427595 0.2642995281300371
90 37.67066495812357 0.2650540514453008
91 38.223206030527145 0.26590886169929195
92 38.44526295089258 0.26517936266724623
93 38.20504195559687 0.2673557455299878
94 40.21819712063701 0.2663062655178878
95 36.95162408013482 0.2640688254849522
96 38.98391377921965 0.26235614893284975
97 39.37682132734126 0.2603963019364079
98 38.48744846972599 0.25846111804002625
99 37.704333396803975 0.2588761499304995
100 37.4434338665817 0.25911675749809887
101 37.82453575690447 0.25877798303598654
102 37.13410211412125 0.259538250155384
103 37.3143630479708 0.2589139847643855
104 39.159057113075306 0.2598121049832584
105 37.85172487576006 0.2574663408825862
106 37.76188870581693 0.25725499934426627
107 37.27155921338729 0.25521850073098956
108 36.81486750605356 0.25379141025089375
109 37.288422736297214 0.25491720542354307
110 34.93489170184225 0.2536331629395422
111 35.90226070222301 0.253791915934638
112 35.80227071304394 0.25448140516245304
113 36.69870126584282 0.255985765304842
114 38.10074784217491 0.2561389279333706
115 37.52269997945004 0.25579357056301016
116 38.581045986923364 0.2558145609037101
117 36.91548720505277 0.2552168472075726
118 38.41425895985232 0.2558618008652
119 37.93082037191154 0.25606519063644734
120 36.48499576185182 0.25698841843217995
121 35.81658039437119 0.2557589674220461
122 35.59015537801067 0.25585567384606467
123 36.037667209993785 0.2542814395066331
124 36.83693075014553 0.254378509170286
125 36.548279195084774 0.25305254427447094
126 36.354587677093505 0.25302679433567915
127 35.11363555585676 0.2520095297841867
128 33.615064423820556 0.24946035464091487
129 34.522250009240636 0.24906782131352156
130 35.560126918452426 0.24942610739508644
131 34.87822642410133 0.2510408979878768
132 35.02038420386906 0.25146653554802106
133 33.132382674376636 0.250903388515476
134 35.13864546910078 0.25143965431552273
135 34.73654973494153 0.2510274511347313
136 37.80465897955274 0.24951836199583488
137 35.71853148843473 0.24766433830332976
138 33.98756676529063 0.24627429697086115
139 34.799968841811975 0.24588466372439022
140 34.49557425133105 0.2457342013150298
141 34.938208248030016 0.2439862267119969
142 32.804692028231415 0.2436869863280461
143 34.016875520129595 0.2442216036012291
144 33.93140886147162 0.24448688014942335
145 33.72002190848754 0.24481283858152894
146 33.074707048279095 0.24418964693693979
147 33.11503015603557 0.2424931483296421
148 32.6488742776169 0.2420747830640082
149 33.82133257982831 0.2413071231006295
150 33.72645862371162 0.24170528547719164
151 33.165522877153634 0.24124610312721362
152 35.56451048663586 0.24015064215344983
153 34.632755454935854 0.2377540749439495
154 34.485533522716565 0.2380649458953746
155 33.15908420231632 0.23736917052166392
156 34.8153874529425 0.23765556523810183
157 33.55809046819219 0.23802508164257405
158 33.998588730163846 0.23746068529126418
159 34.112141807777725 0.237303158014879
160 34.10745102595921 0.23696909712574032
161 33.925818123066456 0.23608883590359211
162 32.91183452881627 0.23577350994239465
163 33.25377465732709 0.23361549764978048
164 32.85302084963451 0.23324454739983913
165 33.432862886708264 0.23403784955972615
166 31.7169800411633 0.2346021051269148
167 32.88393635280179 0.23409937675252546
168 33.54131995172954 0.23415166240045973
169 32.606556006558975 0.23431729086953568
170 32.43520209622531 0.23314665565926984
171 33.06676401016617 0.23361479848472722
172 31.915508583450013 0.23329583076736352
173 33.854990427066056 0.23314882620214158
174 33.17689253320661 0.23122248317849223
175 32.88187613097185 0.2313091652467163
176 33.72479830384934 0.23134074404556704
177 33.19014999017324 0.22974087803293428
178 32.05801984608017 0.22897483067803304
179 31.950299160748244 0.2284772972953896
180 32.059291325027814 0.2292228883785664
181 31.68915189323421 0.22999387498860271
182 32.81586173902295 0.2309192307347442
183 32.88416062162993 0.23243207681860442
184 32.91451350453292 0.23206773903244868
185 31.533996436548687 0.23276362719370292
186 31.492565154337996 0.23247343710077475
187 31.60514113258776 0.2331468575757761
188 31.732746005547703 0.23175635013088025
189 31.171827895667505 0.23063704144974917
190 30.697855743974582 0.2299643454644554
191 31.77673126480911 0.23037419106555238
192 31.795368283659364 0.2297612305563017
193 30.50895202547761 0.22846628087443302
194 30.922140602865205 0.2291543389871392
195 31.7927015841937 0.2301710751101396
196 31.36904892966992 0.2300498307148856
197 31.197830316178063 0.2302608591087014
198 31.817939428770927 0.22987548776710442
199 31.497277097277404 0.22950962424432908
200 30.176817954610232 0.23135494709976576
201 30.74689867307235 0.22860065863217152
202 30.44522500290504 0.22891172725884154
203 30.924503809127877 0.2290115590493156
204 31.393026949606302 0.22818034689076006
205 31.070811469196595 0.22795337791565143
206 32.18995182931482 0.22767083327846716
207 32.20414936088425 0.22905777996683296
208 31.591519998215375 0.2282955641560734
209 30.358905284899244 0.22784274956962358
210 31.836963067664144 0.22727081433604235
211 31.685555417939337 0.2266300528489087
212 30.798676603928136 0.22739827750370292
213 32.1055902775498 0.22692625650475784
214 32.31068400363392 0.2275618139306602
215 31.221794019895846 0.22596359131641255
216 31.894842689285895 0.22678286534930236
217 32.26610648370227 0.2282659788817333
218 31.46678702186931 0.23026551292518238
219 32.0304731726779 0.23007239037431848
220 30.95058993880626 0.22868636801736544
221 31.614918624516037 0.2285345428705546
222 31.583803742040367 0.22934793592064281
223 30.53671928322359 0.2281508894766077
224 30.441228397379334 0.2282980836668814
225 30.819790993903425 0.22788068677912862
226 30.857208887016096 0.22751544776950125
227 30.64575055848224 0.22728232151512684
228 30.343049941412403 0.22869022556305696
229 31.888452549661224 0.22862811498632574
230 30.957159899011884 0.22789298143539724
231 31.366807544131582 0.22714713296143976
232 31.179902201558715 0.2270058880457159
233 30.303269763981845 0.22601720738462053
234 30.364433505221953 0.22553189699070195
235 29.97782035903955 0.22629873633230538
236 31.570935404120718 0.22547017374725886
237 30.12600462360063 0.2264293501967457
238 29.914202047885503 0.2247908161416475
239 30.565358233671134 0.22507219901685413
240 30.77825964427609 0.22545055155394014
241 29.900134387798534 0.2254847091207229
242 30.185464371715376 0.22687365282101637
243 29.896851654415435 0.22627773449297658
244 30.235474803929055 0.22674857873486834
245 29.667727039855258 0.22601257380910356
246 29.88354759241207 0.22475580513521676
247 30.03094928447736 0.22362041399498325
248 30.807846155099448 0.2225270179509566
249 30.446819221244112 0.2222439299153622
250 29.523154567210323 0.22042336234292895
251 29.459332007031648 0.21987531202758825
252 29.545122803128393 0.22009022249853838
253 29.359223928610742 0.21953085066485503
254 29.501588890730773 0.21990107168050263
255 29.45765383017404 0.21982624718522562
256 29.227535411920428 0.21924568435640324
257 29.521648650096864 0.2186922517912753
258 28.71637333118824 0.21818416461066018
259 29.35253000435082 0.21894711022756533
260 30.11436823157706 0.2175045582972149
261 31.098560119670125 0.21832563003539696
262 30.422941299713674 0.21880600627311333
263 30.036595562645427 0.21937751639557526
264 29.606930924909896 0.21898616702799245
265 29.905684440332468 0.21989953992313352
266 30.00570320116907 0.2193866422236824
267 30.40560130683542 0.21873141943240962
268 29.18844950835267 0.21769324766414902
269 29.706490460861282 0.21825679716808954
270 29.419091453892598 0.21824180937152537
271 29.441762375051304 0.21854962373574952
272 30.064108122215202 0.2187140617598404
273 29.93354353879407 0.2185328519228552
274 30.01098281335156 0.21857661238625334
275 29.788861245583618 0.21904073839529706
276 29.130906760461375 0.21871413378920565
277 29.57594620924911 0.21720616506257798
278 28.54293886419633 0.21663445002051943
279 28.736219571823945 0.21638960791409098
280 30.104156237538795 0.21639021394116567
281 29.17493462640231 0.2164119504725718
282 29.654269973393774 0.2160231659694505
283 29.02502191378396 0.21603342443131954
284 29.41476617608634 0.21598509628639717
285 29.205244250208583 0.21601659758159275
286 28.74242370797301 0.21501276987184392
287 29.695954359823055 0.21479518030154413
288 29.104725850410624 0.21356996914940463
289 29.427850854095976 0.21397597320905182
290 29.77149403169509 0.21523029451726852
291 29.750619183807682 0.21395554970140052
292 29.00303103272367 0.21429727238559404
293 28.931425254833904 0.2137907789738522
294 29.134778812471783 0.21341125741355818
295 28.780613813149344 0.21383570699086207
296 28.380994349776373 0.21347840331918747
297 28.895630043320356 0.21342381120068873
298 28.78875214707393 0.21264579426546162
299 29.17821792274894 0.21338466809760293
300 29.025400983180816 0.21325097253291947
301 29.39294440084207 0.21328777264925883
302 28.532297300496936 0.21208403429719433
303 28.602444709352735 0.2126133104688451
304 28.45364620998672 0.2128017459855505
305 28.708976992445624 0.21321741089909826
306 29.126694595011024 0.21266425577460626
307 29.17151904793093 0.21276846537488878
308 29.013676398056894 0.21352667446894666
309 29.30220230463494 0.21393736218174209
310 29.015343587322914 0.21321389649525688
311 28.830463112902088 0.21285563596002147
312 29.306192405390334 0.2127655407428235
313 28.602891491489494 0.21297381092710913
314 28.885705770398317 0.21342125838951695
315 29.55250386858347 0.21396008221682386
316 30.394610280671294 0.2126682801802882
317 29.905550048845207 0.21401066757955026
318 29.051503364078577 0.215049093522519
319 29.658733619394177 0.2134786353617296
320 28.3271149883936 0.2136053212892882
321 28.5948903376388 0.21465410011966415
322 28.94943179174813 0.21484248648803814
323 28.836242106771905 0.214489952821265
324 28.534008323356943 0.2147566773643584
325 28.754361530383626 0.21434004539299303
326 28.676546700160902 0.21405897614111424
327 28.525175843744698 0.21429978483205878
328 28.343557425743008 0.21324599096736652
329 29.021196578198953 0.21261281499645854
330 28.637892021144523 0.21241917665321372
331 28.758003145543363 0.21167723450778855
332 28.17257710057914 0.21156932253413396
333 28.695857578880293 0.21068288386953246
334 28.06582030825425 0.2105064051190605
335 27.99565957549413 0.21037375295217342
336 27.84558745523148 0.21060216015136426
337 27.838501991168126 0.21028014908077872
338 27.958458736586365 0.21069607234923052
339 28.35156931954723 0.21141675989433031
340 28.87228816672077 0.21162295212041227
341 28.62969397324257 0.21104198919350584
342 28.331337897612933 0.21205786249124836
343 28.69878893719288 0.21188235398037905
344 29.173983739030916 0.21116404888380322
345 28.53273508014315 0.211454281565006
346 27.989628770271395 0.21168674777283747
347 27.93279901543547 0.21136381565857287
348 29.030728201472982 0.21128446952677246
349 28.70453480186567 0.21083490165171326
350 29.114856935967104 0.21014963173105086
351 28.691387708551126 0.20976778279110028
352 28.133599489297026 0.2098779651280851
353 28.260773796031526 0.210522426761612
354 28.70424165953255 0.21075024960308006
355 28.80083270876842 0.20949625155352378
356 28.313605354362295 0.20895103087181136
357 28.342645975754394 0.21003309925739877
358 28.104348683979303 0.20985393274923433
359 28.406356964494737 0.20956497748716474
360 29.768968424543147 0.21089302499932008
361 29.112452051229646 0.21074887227740355
362 28.790533111009267 0.21052005886514769
363 28.218645274477005 0.2097830938950067
364 28.656191452054863 0.2089899735382438
365 28.98473119196272 0.20880462312896184
366 28.74237370407913 0.20929171495402285
367 28.180575446255972 0.20856803034672025
368 28.56351500791485 0.20740787713279474
369 28.353245984759425 0.20880883594225516
370 28.260904987967248 0.2090942712653625
371 29.186772226239285 0.2093022254290969
372 28.225955044433647 0.20852850164500047
373 28.651272609589515 0.20804727090749364
374 28.62742440110702 0.20849560521111707
375 29.072192516152814 0.20900176295962525
376 28.74045440241153 0.20790301448730952
377 28.777563592318245 0.20772658196344052
378 29.13626693670454 0.20677479934494034
379 28.561370021687026 0.20623766455734285
380 29.32843763511036 0.20619813553906896
381 29.497448740955804 0.20718484521536404
382 28.886809985304104 0.20697457194652533
383 28.89564506720047 0.20770114072704324
384 28.77896521192345 0.20724784666819515
385 28.814636147137826 0.20688901810783586
386 29.56983565412167 0.2068110762220309
387 28.413691853135788 0.20625145901936837
388 28.475626679664916 0.20657253349651092
389 28.128331606060968 0.2063645961817929
390 28.793395160562284 0.20655774012085862
391 28.652296570712355 0.20706727558114701
392 28.87339068943406 0.20675819742408183
393 28.313288817890786 0.20724062347335356
394 28.090873065307925 0.20741346233910696
395 27.82967092629101 0.20733428109832786
396 28.563410025558262 0.20766419284100435
397 28.593599137572497 0.20724428322292288
398 28.184806305158357 0.20748336580381307
399 28.433726456752908 0.20658911784090508
400 28.189198642543722 0.20762213915277625
401 28.650963969080486 0.20742058924497594
402 28.64186330952306 0.20749970627716488
403 28.412444288432667 0.20616661214197496
404 27.906623640941284 0.2058809940952522
405 28.544899963282347 0.20602013695731547
406 27.683029440787525 0.20527358509674096
407 29.049878694507292 0.20497590384935294
408 28.547036606118343 0.20460269184495686
409 28.452260048635857 0.20520281740239354
410 29.164597430950987 0.205443840584998
411 28.495628867580002 0.20421322346056758
412 28.476672775187506 0.2038345636837513
413 28.529035722617717 0.20364977611886995
414 27.732658141630065 0.2026998023659399
415 28.82417405508327 0.20241895464050264
416 27.838998627592318 0.2017790035206637
417 27.952006122374076 0.20213226618926958
418 28.184015721456536 0.20185474102571163
419 28.14882089704863 0.202428275988258
420 28.607320182445402 0.20205968167544874
421 29.094510332809243 0.2016949393823199
422 28.24254001677614 0.201649729952479
423 28.26825234767241 0.20195421203916483
424 28.84952177916623 0.20163786046197626
425 28.86987515358323 0.20075909466521144
426 27.995766932424015 0.20092564928367093
427 28.05125099089212 0.20135717540277556
428 28.98606472290932 0.20199508658115561
429 28.297682117637663 0.20238965350151925
430 28.052062760847804 0.2014617798195284
431 28.645941445277813 0.20169723570920828
432 27.874599476038725 0.20112265731062917
433 28.409372960913863 0.20070460151110672
434 28.00413975569338 0.20225811225259252
435 28.18781059796718 0.20210124978685576
436 29.041859513046404 0.20212263077880585
437 27.634780479613305 0.2023850530723578
438 28.094548862630468 0.20235033648221679
439 28.67867954896395 0.2011643676483703
440 27.95159614097207 0.2002532059566902
441 28.03449812618716 0.19965939944500397
442 28.541968125735572 0.19936678643568653
443 27.980272708390157 0.19986870086674347
444 27.76670312533455 0.1995538333900647
445 28.328670522689805 0.20049426327597555
446 28.458529134738235 0.199330482317974
447 27.536907470950165 0.19949547904690842
448 28.126123485657452 0.19811441434508992
449 28.971147314950066 0.1980558633696096
450 28.49740571701379 0.19717780104580088
451 29.32707539938444 0.19810702309237782
452 29.510809696674638 0.1981970216567174
453 28.290155624745324 0.19713603886887418
454 27.743261338847084 0.19736422541936097
455 27.79293738771601 0.1969300128442244
456 27.663205498411433 0.1968460398192394
457 27.942680500324748 0.19622490977548
458 27.687982235272887 0.19631447398154986
459 28.18999518181866 0.196572954480727
460 27.841700663000516 0.19689844619550376
461 27.75434979707773 0.19766138954007864
462 28.058783198000555 0.19714071328646546
463 28.22339234562515 0.1972507003070776
464 27.891034733027617 0.19747943724896966
465 28.18984487804999 0.1980590801473594
466 28.232914764396398 0.19808465803405972
467 27.431533841903196 0.19709031877411975
468 28.658458829158175 0.19710860719714884
469 27.58755307690428 0.19705513838313604
470 28.583732003690947 0.1971150642920564
471 27.86576655619185 0.19671927451483853
472 27.675479428717594 0.19689474909272656
473 27.938843381802794 0.19745909884692603
474 27.54389676656909 0.19725447875638916
475 27.849735543069006 0.19742557217594572
476 26.782783218850284 0.19693761041738336
477 27.549375552656095 0.196355215179429
478 27.268135514490183 0.19625929539831563
479 27.304914884111103 0.19718243533605737
480 27.66588102033227 0.19699071378559183
481 27.237346240744838 0.19660248356094612
482 27.081854535273678 0.19704483243530146
483 27.297172799833895 0.1968586237321007
484 27.155494378289532 0.19732678846866247
485 26.993540129943646 0.19696788457773443
486 27.770174793669334 0.1971771929057151
487 27.448057569082106 0.1965951466257259
488 27.53578527040651 0.19689989007037254
489 27.315512045030076 0.19734573949294032
490 27.280275861944194 0.19712511602510108
491 27.25782854701571 0.1967263986609548
492 27.416360077103263 0.19685801939416592
493 27.414638583886067 0.19710439476841754
494 27.45234971886542 0.1975144811413212
495 27.089135245530855 0.19721890023601332
496 27.294345445542092 0.19708716361810993
497 27.13644010327577 0.19651000588518672
498 27.79122067460989 0.19697157224633513
499 26.833059852184988 0.19586740702638564
