0 108.97223315214416 0.29946869423332306
1 104.85722366701555 0.2997331820323759
2 100.41161573117469 0.29962003342606924
3 100.17096903630667 0.3008992150870208
4 92.70091292708258 0.3021937573686437
5 96.43426137058765 0.3039058060638551
6 101.57968559460863 0.301757693947237
7 89.13687681043007 0.3030197427858641
8 82.08458737217613 0.2997057936060347
9 81.17715805987285 0.2973439525718915
10 77.44098447196322 0.2966475814435758
11 81.1286106580735 0.2961013679109794
12 76.4544373238696 0.29618213810601596
13 67.17625879037084 0.2947852574330276
14 73.54343616171252 0.2929096108200065
15 70.3715283017731 0.29304493522514435
16 66.5853322278947 0.2929480844803169
17 77.91266915619565 0.29135862461166756
18 73.91403921069215 0.2913223261153263
19 65.50742197997842 0.2881258400853373
20 60.9804593446565 0.28704168193310287
21 64.93077844626805 0.28656753072127666
22 65.07406638488689 0.28863736169985793
23 61.53417077252124 0.28807634408083443
24 63.524320929925054 0.2887585917068381
25 55.45689077109032 0.2861491982246472
26 56.221412568520506 0.2856732578934768
27 63.013291078700846 0.28396390461284865
28 57.321285944553026 0.2817912504830842
29 61.53308699321308 0.2827322032713571
30 54.18518699905357 0.28119866737436805
31 57.84927647218757 0.2777953625660092
32 53.27051008326187 0.27646502581729526
33 55.97256072238905 0.2758544145138598
34 55.203083756770894 0.2739353908239958
35 51.81402408562742 0.27485408331779065
36 51.6719484374553 0.2739873393769659
37 54.61651166653408 0.2737664664175517
38 48.6582648433934 0.2737603898836121
39 50.80009310187522 0.2722245975453328
40 48.41808614061887 0.2738391945991914
41 51.84514971635704 0.27219424109796436
42 50.20992084437921 0.2726714058405712
43 49.22496870656525 0.2749103820361819
44 48.78471680781381 0.2741100429200397
45 50.51832337547128 0.27206833733029456
46 44.78691935949077 0.27139259011178063
47 42.6197334732461 0.2732730864914949
48 45.38265838287409 0.27279714838137564
49 42.611096352541196 0.27343404892810547
50 44.40549678238524 0.27170665751946066
51 44.07712196124807 0.2705683433908144
52 43.931728853142126 0.27095755368832947
53 43.94093079839331 0.26956102203331744
54 41.726974392034656 0.2679358057422845
55 42.23762980467397 0.2673864354194944
56 40.99472482390373 0.2657311259699258
57 41.75825078400453 0.26420600394945387
58 46.21753993581285 0.26187207078290614
59 39.08908922790994 0.2642973725599576
60 40.14880018363833 0.26577449883505705
61 39.88904866123553 0.2677413481986658
62 41.56158860599611 0.2630664221282654
63 39.25217724414307 0.26185653546401905
64 40.708436008267746 0.26019772320624196
65 40.98880499716722 0.2564393272043349
66 40.94471621670259 0.2554768142689416
67 41.580825341767216 0.2548070974816002
68 40.582241181443365 0.25468922998318877
69 38.247809375817795 0.2547640706922692
70 38.88713394123822 0.25466958450230043
71 37.74256659775859 0.25442948766166573
72 40.480484857741274 0.25274736309465423
73 37.39237377112299 0.2519437549060222
74 38.497476916313005 0.2525186715616357
75 36.57305281022035 0.2510889635576458
76 36.63937780132401 0.25054846861031316
77 37.29857366344516 0.24971592417537472
78 37.368367190486936 0.25014881924361615
79 36.40893863731265 0.24814280533652266
80 37.378259255927404 0.24806426507717816
81 35.24554748994561 0.24677741804886588
82 37.02591769861405 0.246326103121742
83 37.59468886484866 0.2454390156594443
84 36.24637024645888 0.24469947557861005
85 38.31166231036465 0.24480935471394702
86 35.79547653797185 0.24707778098552158
87 37.920299829237564 0.2460854332794984
88 37.32826646524167 0.24558464628764579
89 38.836490408760795 0.246026147382277
90 38.51490656824319 0.24522478181942878
91 38.276336427945125 0.24466527327310697
92 36.96345867480503 0.24422024510960405
93 38.055734463477464 0.2452725318760726
94 37.197329471618275 0.24435141173209007
95 37.27050033048184 0.24121154640690445
96 37.92493238385538 0.24065218103443176
97 34.63762403639949 0.23942573943012666
98 36.2590278102454 0.24061068668522276
99 33.71371092785111 0.24147186315426897
100 34.891624999892365 0.24025974108489537
101 34.32573482462416 0.23907256875167313
102 35.035392591689146 0.24143552457290748
103 34.31220302238815 0.2400694539754853
104 35.38247123188569 0.23886346047318505
105 33.97285259366801 0.23719108997186522
106 34.24434913294631 0.2366417786909807
107 34.37527108529636 0.23794568106415803
108 34.66219946019457 0.23466675752017843
109 34.852090684533465 0.23361549573149995
110 33.76503528127658 0.23188112450869994
111 34.096592635476085 0.23058046472741547
112 33.117875598373004 0.23155727178397437
113 30.924200394620115 0.23202079672887513
114 32.289309180171685 0.23165717163894808
115 32.45321292829623 0.22950058265967996
116 34.519374926484645 0.22760475948574285
117 34.191208098175935 0.22704787860832118
118 32.955851064177345 0.22709067978198905
119 31.475386571520467 0.2265059417412917
120 34.269884540059145 0.22508817968745312
121 32.632698492333816 0.22406247961346373
122 32.20138174995134 0.2247796906239838
123 31.411055609269553 0.22429428161299136
124 31.54725583440677 0.22379455018956226
125 32.34104694248134 0.22310662763436584
126 32.1419759495831 0.22209860204509693
127 31.64455912179815 0.22126131117483802
128 32.12649157370806 0.2208855359782477
129 32.630016023805055 0.21994673250425856
130 31.43314534320323 0.22074192468912465
131 31.90164696880138 0.2196879804076053
132 31.217852053444844 0.21975763272865242
133 31.34652790293271 0.21939381971953079
134 31.704908423717818 0.2186707618737632
135 31.781359544256546 0.21793396071183824
136 31.130856287555382 0.21942583446729202
137 31.57667365507321 0.2185378601494629
138 32.191303830760795 0.21764052148434854
139 32.628592492254214 0.21852516546848674
140 33.79925867825432 0.21834348943695045
141 32.38393776158395 0.219025979672579
142 33.644084593176004 0.21726198933948815
143 31.566746209901574 0.21745175720198265
144 31.421252201199295 0.217554743002048
145 33.19422993184233 0.21706067873232912
146 32.871082309925455 0.21671987808239615
147 31.81852299847106 0.21706752328676107
148 32.09331688907156 0.2152675873733683
149 32.73803915326834 0.2148328150282913
150 32.035661197623355 0.21353867259003714
151 32.06189883299612 0.21211109738120806
152 32.2140557571778 0.21182512542735507
153 30.46443484402537 0.21230914436614032
154 31.36656375934107 0.21151190248096616
155 30.768372965910224 0.210807520238662
156 30.201146241244565 0.20957063043241178
157 31.044570022966084 0.20923040402194482
158 32.49588669926119 0.2083865799051291
159 30.630584106963557 0.20787196410817618
160 30.29144508373185 0.20820665692618182
161 29.808535144202423 0.2093627546203152
162 30.10523647796125 0.2084211891302136
163 30.238889189326205 0.20832414198152263
164 30.285172039740324 0.20880999522616284
165 30.4228263660872 0.2091448232200267
166 30.8707633994743 0.2074748732296865
167 30.106970222532915 0.20670679654836777
168 30.270536980800895 0.20491125830408885
169 30.061825246878584 0.20466541302724636
170 29.878715609834018 0.20454694244233593
171 30.330978349145532 0.20361188480743705
172 29.139072123531605 0.20335526030940262
173 30.036901027298086 0.20274412961475993
174 28.950592512247802 0.20177251114327732
175 29.171823207534068 0.2015392178285742
176 29.64753172127474 0.19925043393719744
177 29.725192454191255 0.19947151761648207
178 29.20620377455588 0.1996104731267697
179 28.802158406368882 0.20056432159301466
180 28.869158916811422 0.20099154596824712
181 29.16347451977053 0.20082606830934524
182 29.230660161394084 0.2002114506052685
183 29.996467261451983 0.19975348240243498
184 29.57493885824026 0.19865702181626174
185 29.5951264608086 0.19723563403681654
186 29.303865693539617 0.19785936658077072
187 29.225897118210902 0.19664200185521552
188 29.068713936419417 0.19644980123723452
189 28.431663862213597 0.19703204644830008
190 28.930169199847583 0.19730708403804145
191 28.64929015375348 0.1970575969877871
192 28.703551273254597 0.19761276619522242
193 28.925463899676785 0.19825131565684517
194 29.102825549302985 0.19790240090684494
195 28.932274108381968 0.1980516807009015
196 29.55892510183448 0.19926059991998282
197 29.526069900972388 0.19941861157982244
198 29.392342074144672 0.19854649034374208
199 29.03702253243128 0.1982964952068423
200 28.986180792470897 0.19872669942175658
201 29.42014261396111 0.19773583496492808
202 29.519236437801183 0.1973298820673437
203 29.164598020835562 0.19795091717922345
204 28.357344245155883 0.19708749175628995
205 28.694279076651235 0.19775846242017178
206 29.269083986926105 0.19668702456055823
207 28.831982685527386 0.195913959202583
208 28.403065337284207 0.19628897894091327
209 28.417577654241036 0.1965678858257649
210 27.805227703984812 0.1955322290107864
211 28.41451384173419 0.19554155153302233
212 28.543938696554036 0.19531663926820145
213 28.983938875905643 0.1945994132957689
214 28.413539942980197 0.19537782910008084
215 27.66797144675266 0.19533916652187075
216 28.883032846665706 0.19464918040548937
217 28.490457761905 0.1952199738537943
218 28.625565488962316 0.19536479080775757
219 29.04432720131421 0.1941540246571781
220 28.34313299553576 0.19472112454331988
221 28.65477314647627 0.19509934446142585
222 28.498994089796778 0.19456887797766678
223 28.496476027154255 0.1936591164475664
224 28.84938672057605 0.1920672518876916
225 28.19071350276828 0.1930639072612521
226 27.884170439940817 0.19417689950012385
227 28.529039186820885 0.19423372251012438
228 28.633078726369682 0.19460604193647324
229 28.231950878167254 0.19500053676354642
230 28.813981013655678 0.19492160599776484
231 28.352836506981212 0.19452344613951042
232 29.27927681420809 0.19424048038896716
233 29.46088056562145 0.19276898042266846
234 29.364732931123072 0.1934000184179352
235 29.45584750409288 0.19293989316134938
236 29.010207979298755 0.19124529004896038
237 29.10957713673728 0.1924026442593901
238 29.210604515601332 0.19135865807014096
239 28.95864741782531 0.1910316036881797
240 29.793042855378502 0.1907254691995632
241 29.735603652694024 0.1911330430085139
242 29.736412116461743 0.19178150122887425
243 29.18394067801674 0.19272697887682286
244 29.40913836159802 0.192341924626642
245 28.74313744025073 0.1922388994009082
246 29.426546665715094 0.1910456427295354
247 28.65140218227991 0.19038909659980752
248 28.882286780041042 0.19059566803285274
249 28.575746229964604 0.19023481565799952
250 28.356592981457474 0.1910928397804772
251 29.034144472850755 0.19008848039958404
252 29.168608526248924 0.1910063790054438
253 28.34350272179767 0.19054198554133617
254 28.884039874861717 0.19071509804493558
255 28.566406069112542 0.1905680363455572
256 28.625433102534465 0.1915096510466768
257 28.72587249118118 0.1921035298026613
258 28.842842944186586 0.1930213518588296
259 28.557415470231412 0.1926099227892278
260 28.593394178522317 0.1929641584007713
261 28.965332043408132 0.19326719312508653
262 28.783725648225968 0.19379781964979817
263 29.07998693006042 0.19339242710034474
264 28.81473008920279 0.19336168979832644
265 28.816110970580937 0.193818096573934
266 29.136913668873476 0.19264414118397308
267 29.008516515100883 0.19227546918547359
268 28.28806089476415 0.19258515766636367
269 28.62048988761873 0.19227550065480273
270 28.175064307829032 0.19240211218549408
271 28.048863556189957 0.1923287818946918
272 28.338193316232726 0.19251488614205706
273 27.84243491811283 0.19193028090378159
274 27.570202862099343 0.19082793247097216
275 27.72592435117975 0.19100631675916924
276 27.83283840851646 0.19131347299035628
277 28.41486714189877 0.19124438806948843
278 28.061229742915035 0.1904391744169667
279 28.336620632123605 0.19101484415114203
280 28.394537029115533 0.18973535043535136
281 28.24797644153429 0.19044626867930017
282 28.1890664461861 0.19125699442198396
283 28.695729077917175 0.19184132893834957
284 28.544551982804926 0.1918330038972397
285 28.35845075118209 0.19084417372406692
286 27.99448465674184 0.19064880242321325
287 28.01210324239264 0.19028612356381594
288 27.621012539251893 0.19045374089018738
289 27.64276984862018 0.19071788399951864
290 28.24927100357561 0.1894481033313108
291 27.459265648981294 0.1899031477238958
292 27.363022675605762 0.1902122506335333
293 27.313260169710503 0.1895087723863391
294 27.48524645166718 0.1891821516020978
295 27.964357128545352 0.18848276088297064
296 28.161176642668387 0.18851114619393206
297 27.642591237401426 0.18812044140552306
298 27.892045727940555 0.18855910261162126
299 27.738227704173493 0.18779530053397575
300 27.971285447017287 0.18847340935658832
301 27.428960404537072 0.18907797928501424
302 27.482002784140747 0.18936794496516662
303 27.456282924959915 0.18924869469278513
304 27.509279987767215 0.18926737145724584
305 28.182006052861247 0.18903343851896684
306 28.09221834190466 0.1882471490078427
307 27.89548424466112 0.18761958209465426
308 28.093354027920263 0.18803929990393886
309 28.374385394433112 0.18785413861896613
310 28.11978645504299 0.18882827769695434
311 28.174020152611757 0.18879863113545636
312 27.743542021041527 0.18945942154350734
313 27.607445128229045 0.18902848093804234
314 27.750634356316183 0.18792705536103008
315 27.625149422303778 0.18741385598118487
316 27.336085212313414 0.1865390266522835
317 27.515650417070738 0.18647932995825586
318 27.709460840364503 0.18618343156305203
319 27.717711903197817 0.18643041786640557
320 28.033785499447013 0.18560746187009056
321 28.156797985924257 0.18659544520762536
322 27.612959902014097 0.18747104734432474
323 28.363770334280282 0.18789437829758213
324 27.571951754328733 0.188297692392686
325 27.699713087959893 0.1883591679913982
326 28.033576341453497 0.18853243789727434
327 27.423582699719258 0.18753058422889557
328 28.29271384272849 0.18709645505266947
329 28.359222703712803 0.1875998085174152
330 27.704881686090324 0.18724099345694253
331 27.558889243951345 0.1868880005522078
332 27.524550993383123 0.1858128934398843
333 28.09548280139122 0.18738910152340668
334 27.90043288125878 0.18839328989667062
335 27.22877594987854 0.1877184730267941
336 27.67175418654644 0.1873012673213571
337 28.12719778577011 0.18725783727299575
338 27.901068982423986 0.18665460091289598
339 27.40214435953711 0.18746152035993288
340 27.588224855568065 0.18795733180521126
341 27.28397574990342 0.1864634035500238
342 27.05042250155298 0.18629191688779126
343 27.64096697725619 0.18603807240908574
344 27.85689225129159 0.18687867902928265
345 27.97535703450317 0.18721982269555684
346 27.75447570123547 0.18642481738033045
347 27.748335603608062 0.18597503283895164
348 27.999031931319646 0.18521800923373535
349 28.268451890250045 0.18530778437254844
350 27.59854114287859 0.18557747941072922
351 27.744766706736677 0.18616198211013532
352 27.3468395308235 0.18570534708045053
353 27.811462112322374 0.18513288207798548
354 27.24379972991884 0.18540957014659953
355 27.161900017632114 0.1858204889945615
356 27.535498625768724 0.1853408506158848
357 27.925196055281422 0.1854669599735035
358 27.09518338223957 0.18528731381880403
359 27.524795668999246 0.1847472127102466
360 27.934657251012663 0.18496258952400327
361 27.661071175120355 0.18512471221574112
362 27.633199581320056 0.18487591359987868
363 27.393646295664052 0.18577653832785687
364 27.443852478556487 0.18521125578207762
365 27.822284292393825 0.18408003289303423
366 27.8100011044385 0.1846927965475961
367 27.55847097375456 0.1842334028009381
368 27.216880873315972 0.1841966649560718
369 27.288800942831408 0.18432392468804135
370 27.448405549077314 0.18562770474489487
371 27.531040897700116 0.18553311786792048
372 27.68286685764054 0.18492741785398828
373 27.971577137624195 0.18479035294614787
374 27.67402348335993 0.18507329696799435
375 28.209501153755017 0.18405877071795665
376 27.784877005795188 0.18428302819090514
377 27.401724168276587 0.1836108175278658
378 27.58803045607427 0.18291114199843575
379 27.863940034289683 0.18227042124852247
380 27.661998643623583 0.18184916873527102
381 27.595843339424828 0.1808637629927171
382 28.107939148795452 0.18056396206955724
383 27.63947967383052 0.17963655637557752
384 28.281738616605402 0.17941261093672936
385 27.50320342770334 0.17923142159064484
386 27.723550948835594 0.17811945165112095
387 27.88047260889623 0.17823327340924836
388 28.176610980382666 0.17770139644637092
389 27.649818804772686 0.1775107939371836
390 27.98554856253707 0.17685646022247672
391 27.656820431996643 0.17726640389122394
392 27.942502831004912 0.17772574706634
393 28.053928984582335 0.17692631525607685
394 27.859955669130702 0.17689182942194437
395 27.684640407144308 0.17724941625850812
396 27.728810961736638 0.17685808888343338
397 28.02390235074909 0.17622080110053415
398 27.904334460433397 0.1756461817704942
399 27.565372111038087 0.17588000408658455
400 27.86843602701653 0.17602141627373766
401 27.804754903337056 0.17566770610489382
402 27.904016182362085 0.17565339503754585
403 28.442965285180158 0.17483025588894194
404 28.124315234907836 0.17519713446738963
405 27.722325304301556 0.17493294431307208
406 27.611501708898373 0.17531977187445394
407 28.066084185714175 0.17630107016973465
408 28.179269446208963 0.17646866486018806
409 28.051427471275893 0.17703102937908713
410 28.439021049134595 0.17635214460438775
411 27.689920303548995 0.17581650098704318
412 28.29851170563098 0.1761011952557275
413 27.88769324810975 0.17622442903642963
414 27.668807071321467 0.17641654756892935
415 28.392255587468888 0.1772315413986003
416 28.14473105227266 0.17757475878126602
417 28.102408018316957 0.17738301741136353
418 28.10128262266455 0.1767840782353904
419 28.15533753629598 0.1769303935356151
420 27.53576690861221 0.17649449789261873
421 27.628328329051655 0.1757462977463281
422 27.616649748392838 0.17586752274605455
423 27.75922532750753 0.17539919510388557
424 28.014946321554575 0.17543681270392833
425 27.869241820176114 0.17626361164807994
426 28.43341315088839 0.1759982148676714
427 27.736305522327072 0.1767046919871682
428 27.843600787446647 0.1768117489640011
429 27.369267694042478 0.1773386458346667
430 27.294036198835286 0.17704793439615826
431 27.756634917602526 0.17750520844131723
432 27.45320546269909 0.17890734060291033
433 27.088057777904034 0.17887323516404663
434 27.534160542453733 0.17849575376795457
435 27.392675911419943 0.17837287601302187
436 27.349222660377933 0.1780198296562824
437 27.484665529232608 0.17863073429342569
438 27.721983236161677 0.17767997973547053
439 27.675744134888355 0.17766904762921798
440 27.596411597963055 0.17729281525999796
441 27.95503370679007 0.17762016937256953
442 28.054618331914668 0.17731949347033835
443 27.495384457492463 0.17697655298433293
444 27.246952432749158 0.17696165502862252
445 27.29474484266644 0.17700934866395243
446 27.215476940558872 0.17720291289878598
447 27.413186051165788 0.17740825025393195
448 27.009717936214734 0.17724722526611947
449 27.479366083985656 0.1767411764250383
450 27.24046640487119 0.1770575265809278
451 27.50044971914634 0.17755192246259402
452 27.85439821006907 0.17769031140011493
453 27.547425632374953 0.177162604684306
454 27.811331818470777 0.1771222280792931
455 27.888265029471587 0.1771125736446372
456 27.236379020817097 0.1774987872983438
457 26.903512268066653 0.17785148319552757
458 27.366838326019767 0.1775733572937134
459 27.147566274612952 0.17855904941016928
460 27.223898588208833 0.17773889643102647
461 27.525761878248744 0.1779150782108665
462 27.49006591660676 0.17864454650660963
463 27.585077217774185 0.1787316288387305
464 27.550464402670308 0.17814687604650983
465 27.529360502996333 0.17800579347254428
466 27.24656569615518 0.17843330917806974
467 27.406337053326276 0.17852312061023548
468 27.342604407914877 0.1779626693974117
469 27.238313168326936 0.177670993119575
470 26.887938158841955 0.1775604124856388
471 26.93871823749768 0.17712216896680344
472 27.139432663003415 0.17804365672292657
473 26.819299664266673 0.17763392994936286
474 27.083610382994245 0.17855865630478082
475 27.14988418311686 0.17892410998423658
476 26.77710553930722 0.17891087920215057
477 27.077159350794282 0.17834056065194318
478 27.351423071664428 0.17760825217273188
479 27.131421137336588 0.1767647328099197
480 26.84312288980584 0.17686775198901306
481 26.63307973542856 0.17698429682945846
482 26.905983619256645 0.17713381638494471
483 26.806563093852937 0.17717369760447732
484 26.716998601165912 0.17741195793566278
485 27.140905168294736 0.1774933557016488
486 27.395839990521488 0.17718098143373393
487 27.410547251193744 0.17792512001657568
488 27.157194388166026 0.17812816800847475
489 27.132604329693805 0.17781189066688471
490 27.057387413180535 0.17795930440741806
491 27.026717124874764 0.1779336669229393
492 26.98012842719458 0.17830490375328112
493 27.40484359801266 0.17874432503082693
494 27.038202274841332 0.1793009102538763
495 27.035561860223133 0.17902836266783628
496 27.407899669313522 0.17918531135081328
497 27.381033294254422 0.17903379728071464
498 27.37329812917376 0.17906388825263975
499 27.01853500229079 0.17895869380869867
