0 107.96342745171452 0.30118761880283657
1 106.56825142848595 0.30494272128428895
2 111.36189327019429 0.30580301925884806
3 104.61642133915645 0.3075319937217142
4 110.93988659584272 0.30843942786162754
5 101.00265192980936 0.30746589195486884
6 99.18981937782956 0.30673467897369605
7 89.36921058584545 0.3083409647080639
8 86.27632303721506 0.30909759709020845
9 84.50582117911645 0.30990319806372296
10 86.32603261392384 0.31003518302304606
11 83.07409692222701 0.3125639022186651
12 84.11504620804817 0.30955404242688117
13 72.60610239016181 0.30728922744365555
14 66.20565761237359 0.307285498009826
15 73.91658724104545 0.3097553534355822
16 70.23471019157793 0.3114382805731781
17 65.57506928811014 0.3128618017002225
18 70.83935041378177 0.3103181263443189
19 62.37768587493069 0.30790592421871804
20 65.44214873599508 0.3072181594099827
21 66.20934818074792 0.30472098771509876
22 62.197665041897 0.3047985747232551
23 66.04073598078094 0.30254052741537824
24 61.21793498941962 0.3040479172540052
25 58.8030290244554 0.3052424145335603
26 64.33808542853052 0.3030864236447628
27 55.1686918082688 0.30438062256624127
28 58.575651533714684 0.3030452030818738
29 59.74182862117169 0.30091855859851174
30 57.03356963759177 0.30041961736678613
31 58.02945450712087 0.29828569440454406
32 51.455341298109474 0.2978009075715318
33 52.15833798246212 0.29770870889540585
34 55.39532274414033 0.29794429795124344
35 59.07677221669816 0.2968369891360498
36 54.29778153326801 0.2957178920153321
37 61.858010464618175 0.29603495959443055
38 56.14810383067203 0.2962306175536626
39 53.7196034391237 0.29562752910569307
40 49.76064924893976 0.2936880440124164
41 53.605677756035575 0.29261096264816416
42 52.94633079409735 0.2898681467013831
43 52.41305813659804 0.29257451844892873
44 54.08035680100337 0.29296329424891093
45 51.30854356743446 0.29173341518314827
46 53.47735343244305 0.2882965801693565
47 53.372896283010384 0.2895567038073708
48 49.64011057574114 0.28689471579651743
49 52.40710077508784 0.2846573798928291
50 48.35291086293812 0.2827211279288144
51 45.78578122627283 0.28313050701985537
52 46.85649635882331 0.28268608311976035
53 50.85358531161686 0.2804210835606653
54 48.52925100675817 0.27855972889790875
55 49.740391121122556 0.2766754705045153
56 46.02878546933826 0.27695403666234886
57 42.66728177934699 0.2770001195742861
58 45.97069146917938 0.2767360825272853
59 49.035738084168244 0.27343326538111995
60 44.704376711908836 0.274805353435829
61 45.22509249882786 0.2744839762785387
62 47.130354892669914 0.27326511638097495
63 46.72367132712168 0.2724520504671398
64 44.81479760218616 0.2717234848633889
65 44.04686520230817 0.27174082202473354
66 43.67563083746447 0.2694667407787668
67 45.78729340964815 0.2685040209983065
68 43.946887678160714 0.2673429161659306
69 45.70195556232042 0.2672916880742319
70 45.528771080406514 0.26744812153194375
71 45.22349119307762 0.26764420375021053
72 45.14866849683496 0.265761646845932
73 42.01759024120736 0.26499736756214837
74 41.46050503974879 0.2621345467274198
75 44.64382604754363 0.26133200776083193
76 41.6979976711136 0.2601165929181596
77 44.58379316430839 0.2606387993256394
78 43.751903552788825 0.260531639305045
79 44.94011540569453 0.2599315655756224
80 42.98994923884946 0.2590261998507524
81 42.77423810774778 0.25897991947988136
82 42.49230093527603 0.2570939018098943
83 43.983832273739374 0.2567638187386239
84 38.51307134879697 0.2573814486561488
85 41.75961499580109 0.25688841902282533
86 39.89776932194287 0.25669281996918264
87 41.09301906526379 0.2574666569488129
88 40.439036369506795 0.2531799813791624
89 39.04073576411595 0.25388923060730934
90 38.263490669459756 0.25359695556683515
91 39.07840630640791 0.25424030612927834
92 38.09401399123715 0.25356535062745733
93 37.945723029682206 0.25204787110759846
94 38.10109186644627 0.2507466575908231
95 38.31452327150625 0.2506152889897449
96 40.43448791219578 0.2509648622905276
97 40.75102601821962 0.2500904179742941
98 38.81151451431114 0.24704239966852826
99 38.5922699520399 0.24786717770613143
100 37.21645990378558 0.2484408809639711
101 37.96492589742157 0.2471188809850565
102 38.15515928107553 0.24688376669710932
103 39.86429496633862 0.24704570962168226
104 38.386308632253424 0.24683348369041536
105 37.304879027031745 0.2465965959260705
106 37.171751946712256 0.24475434660786863
107 37.279885692573174 0.24448036050287061
108 38.96456288532498 0.24171441943722707
109 38.579239375717805 0.24163820973640893
110 36.441660694056765 0.24022240575480414
111 37.8010834672034 0.2397743261460463
112 36.24433131375402 0.23970052266359795
113 36.4136609686897 0.2407486290875964
114 37.792234844233015 0.24090769370518875
115 37.271797278655185 0.24029936310832012
116 38.055345754227176 0.23876480824746263
117 36.51786590486174 0.23849342069716525
118 36.874404427531715 0.23748850599697136
119 36.57514063034499 0.23634423392676984
120 36.010527920174525 0.2366741481098434
121 35.675366807303114 0.23602166347491582
122 36.86805943264275 0.23615432346085355
123 36.83026096010402 0.235440111311242
124 36.77364476803693 0.2364691388468183
125 36.31069952722329 0.23637621366429332
126 35.85006580217437 0.2351527234781652
127 36.86198194606015 0.2349689502348599
128 36.41496769814232 0.23751146617155483
129 35.85025059387132 0.23764311289782772
130 37.73276792292785 0.23698970465877753
131 37.9802249164937 0.23533043120545552
132 35.45561611971113 0.23321751645959032
133 35.0698106570094 0.23341993962946808
134 35.103727518893166 0.23299244672970673
135 36.66636345041835 0.23114460983036733
136 37.74880746553458 0.23092255460270708
137 34.558942994786264 0.2304995039297458
138 34.73885850655566 0.22886915432093877
139 34.40641343701894 0.22848820471406248
140 33.86365995724569 0.22905174093153646
141 37.92778803839191 0.22841153820900642
142 34.69491337393812 0.22783000230415643
143 35.160626164697604 0.22837031926916437
144 34.83349110709915 0.22877251413491748
145 34.6411091635708 0.22860929234206742
146 35.25806593103294 0.2282730939084252
147 33.77003003036803 0.2267661543044636
148 35.29856240619899 0.22569170149625192
149 35.72114908369252 0.2264671911418409
150 33.88636183238036 0.22681415227794166
151 34.750071391249634 0.22788598204987412
152 34.896627769603015 0.2282603335733684
153 35.746786947170285 0.22777923141026726
154 34.95508782698893 0.22749844474514813
155 34.275938652885024 0.2275254598710089
156 34.074239592150604 0.22619223592442575
157 33.97800713459892 0.22611125777759056
158 33.17748265984335 0.22524933313998344
159 34.3480818702321 0.2231481841667838
160 33.24178284862204 0.22220290163181297
161 33.10345514250941 0.22263340953317656
162 33.593865763804146 0.223001125919586
163 33.631122514749194 0.2231630828940779
164 34.82857840775507 0.2222531248348247
165 33.15754739819165 0.22140044437916026
166 33.706049813677154 0.22168634536142198
167 34.0554006099065 0.22208027752881745
168 33.686352640140456 0.2219101762996454
169 32.260894943433655 0.22055657019200017
170 32.36224380866237 0.22156449965368416
171 32.29416813491247 0.22119174099203454
172 33.27431387621727 0.22114562779171595
173 32.92500398554559 0.2209150423677296
174 32.40595210963819 0.22182084200347862
175 34.025284397755655 0.22240868958145996
176 35.524089382940524 0.22307591213380493
177 34.48693851465954 0.22251440402223058
178 32.71071293188852 0.22237140280953452
179 32.95889547538261 0.2225666725881028
180 32.2800718584387 0.22091125886131344
181 31.440468928733164 0.21974282728136152
182 32.679230239962145 0.22056218388524249
183 33.63547031994588 0.2209839326368915
184 32.630949172661374 0.2219595424601034
185 31.327698994032126 0.222961430120585
186 31.89032209142449 0.2227428034429196
187 32.91852594111781 0.22288025454652594
188 32.02516468507191 0.22282250473267975
189 31.615297455146788 0.22306616162098228
190 32.18996976443414 0.22212609261079685
191 32.03366313957824 0.22040527608253221
192 31.928469082611315 0.21960263478136777
193 31.376496369756055 0.21801314885883386
194 30.802906966121526 0.218121149012245
195 32.80439531558641 0.21760139035819726
196 31.701766468858395 0.21782337531033158
197 31.224049279721072 0.21647327850508147
198 31.45319791582259 0.21585831603706893
199 32.45189522097272 0.21511659791575047
200 31.09239576499833 0.2164204497196495
201 32.228882917303906 0.21505500786893647
202 30.46753500823521 0.2160217669157557
203 31.772516669672108 0.2154442674844181
204 31.86802799177885 0.21546933518227837
205 32.223264544932604 0.2158848402369892
206 31.086188043421142 0.21532877040755813
207 32.958066328200594 0.21563345334060116
208 31.281716852329033 0.21662875407462223
209 31.56345132825149 0.21573358551567642
210 32.33436586401865 0.21547358135828967
211 31.206506330149974 0.21463644881601004
212 31.744305431372503 0.21461812486283796
213 31.918513327449162 0.2148371217411084
214 30.927639720755423 0.21474631063542252
215 30.48521880162027 0.2143852743950034
216 31.445546637535507 0.21439026982333229
217 31.31369604380272 0.21453262999496672
218 30.97317695096193 0.21345793196468443
219 31.057231081428434 0.21201285546926854
220 30.812220693232696 0.2123218035251837
221 30.895131375663816 0.2127507707572108
222 31.804679527926172 0.21336269429815302
223 30.823183825381477 0.21268800725191328
224 31.116681277432594 0.21158713042602692
225 31.072381157726305 0.2111469003028654
226 30.511734553556984 0.21195602438613848
227 30.949370583421157 0.21299910552796297
228 30.874294245787848 0.2131679797582111
229 32.64022317632838 0.2127318373478667
230 30.19458844166492 0.21186820436382528
231 31.07742858760025 0.21180117823482747
232 31.50218074411716 0.21079364306769954
233 31.025411638005032 0.2123254162122751
234 31.648804910924994 0.21293784815066077
235 31.171433884174263 0.21394039457345623
236 32.08524958393873 0.21421968436406447
237 31.943655720220843 0.21466025801950472
238 30.832991409517735 0.21597673833681
239 31.227551295612667 0.21512453320789895
240 30.626007221166013 0.21630287500242407
241 30.402398974529387 0.2164833862216461
242 30.63018071303444 0.21543210542466076
243 30.62355708089691 0.21498319926292164
244 30.534901299904725 0.214420086519584
245 31.371196354937908 0.2146422862519988
246 31.093650792125402 0.21377128232741746
247 32.646137833382284 0.2130725624031172
248 32.53086110036179 0.21355053105506192
249 32.164661058112046 0.21413928927334483
250 31.38339233671345 0.21333868874559725
251 31.508587144209862 0.21287940496180704
252 31.249896918864906 0.21351593184493334
253 30.909547049001898 0.2130219928137509
254 31.16400094778326 0.21302440908673845
255 30.62673110769115 0.21223147099824136
256 30.53629718407394 0.2115391899178741
257 30.40920236406769 0.21181543999135996
258 29.679140345738666 0.21245359870764277
259 30.044775667225213 0.21267117769710095
260 30.008527460747523 0.21259129070086089
261 29.298286519702998 0.21239710984802476
262 29.793097131869036 0.21170044163851287
263 30.037318069520815 0.21203593715041283
264 29.839714863127238 0.21239861291353798
265 30.804410922026527 0.21191380848808347
266 30.188740776388478 0.21075073851910564
267 30.25110443438972 0.21155954797767448
268 30.66625494695856 0.21160213303327077
269 29.978912925244217 0.21032635904471375
270 30.54324382716142 0.2104608713778016
271 29.798698626081944 0.20994094344357053
272 29.79090120738571 0.2087427812367537
273 29.59084625618069 0.20950261788424793
274 30.748257079839874 0.20775284707018724
275 29.902040470835797 0.20746834372550108
276 29.745138620555295 0.2082619867002752
277 29.650519892547116 0.20878082419641678
278 29.329670588327534 0.20950419278933252
279 29.46621106079143 0.20909497531834184
280 30.325541492357207 0.20892943075077886
281 30.235828610989458 0.20840909452451772
282 29.934293526729537 0.20955551944073622
283 29.737212578666238 0.20953521819248758
284 30.154089843811384 0.2086753155203386
285 29.965958515405312 0.2086290722573997
286 29.43248923776849 0.20896444159669292
287 29.33101262664024 0.20857008033934923
288 30.13986543745801 0.20744930503560396
289 30.189240699109327 0.20754338299257327
290 29.64677787331384 0.2072448539464161
291 29.56969213387844 0.20674039650502998
292 30.07681562951508 0.20675735083266167
293 29.950282240158828 0.2067513672122163
294 29.74483997688951 0.20641738885279945
295 29.356136556468293 0.2066167655562814
296 29.13256430622354 0.20692513958818712
297 29.541287095560577 0.2061133476844749
298 29.018067755643678 0.20646452859976808
299 29.66478921155165 0.20628907644715996
300 30.671360274259115 0.20635417604724163
301 29.771804867875872 0.20513744786983765
302 29.72681115793955 0.20546231888495425
303 30.15236660585027 0.20513369087896902
304 30.425404722627533 0.20333906051612474
305 29.783323859441744 0.20335654251506172
306 30.088565058441425 0.20302671860016505
307 30.59635640315537 0.2030287008820911
308 30.299347715964437 0.20257094240228488
309 29.79129015075118 0.2018320386712847
310 29.73858848173441 0.20227563198083356
311 30.05996140316829 0.2032407198548071
312 29.87437086967048 0.2027757103943051
313 29.371231191424926 0.20295508063816634
314 28.97179625630381 0.2038876114620629
315 29.42686450617088 0.20382248888274632
316 28.795698072701953 0.203046142002394
317 28.37268782752232 0.20258282621705362
318 29.017411686220445 0.20194328261627645
319 29.15970876394006 0.20191984439288538
320 29.16739167190547 0.20234766599081824
321 28.37017538334204 0.2024070344503697
322 28.41303823952223 0.2028088062161456
323 28.490274832157834 0.2025591703639734
324 28.292242885162935 0.20259072604443032
325 28.70184601909987 0.2026001207912628
326 28.292439840546145 0.20297358944521227
327 28.366406855338923 0.20374865024918706
328 29.16483413988871 0.20400411874456906
329 28.52950528641624 0.2043258881575809
330 29.282182288746046 0.2046818611280874
331 29.588418729092805 0.20460697375253092
332 28.29644339960786 0.20395185908179128
333 29.054539793290246 0.2043680615931888
334 28.678234508630066 0.20377690201875168
335 28.513229486997183 0.2045257614440601
336 28.862133829146714 0.20396612974575334
337 28.096481407146555 0.2044393424472839
338 28.22925380268702 0.20409708587254335
339 28.087157110348713 0.20400854125085088
340 27.998417926873472 0.20287115756259022
341 27.922735309948052 0.20219974293239504
342 28.449165677438103 0.20221552251241162
343 27.9900322713654 0.20123794427456873
344 28.588010861842044 0.20206540895232714
345 28.326271602454987 0.2019797770790229
346 29.355112222347007 0.20208719312069331
347 28.333358264468927 0.20228293173975587
348 27.821373114087834 0.20172312597753392
349 28.575179109378173 0.2011193656801417
350 28.048930081536845 0.20056042154027412
351 28.929430425263554 0.20102292058005408
352 28.786054474118025 0.20164166862548116
353 28.369564479588497 0.20081550925250624
354 28.317378018523826 0.20112596816455572
355 28.126335370204245 0.20058185530758452
356 28.89219802999837 0.2007865166868316
357 28.572209568919536 0.20119251099283897
358 28.251806723505947 0.20036788380480156
359 28.14782993782576 0.19995955752849656
360 28.103067055904724 0.19980240686585196
361 28.446992855591184 0.19949016556059407
362 28.242545581627006 0.19963431063812975
363 28.37469421852318 0.19878277990551585
364 28.296590797129817 0.1995050015205572
365 28.256659734704613 0.19972884791759613
366 27.850237889200205 0.20032495188818109
367 28.304753260883125 0.19931012660743516
368 28.61955205201219 0.1996585501836483
369 28.117670274413967 0.19993301504060326
370 28.193745353742905 0.199163941960789
371 27.77443595930375 0.19933543373878534
372 28.793432408458905 0.19906061232520492
373 28.362100455687404 0.1995995903203632
374 28.489864548305093 0.20022476837610434
375 28.047977622360236 0.19972719948400952
376 28.61192013710683 0.19996248635118904
377 28.531265037898176 0.19978120995059226
378 28.600490097950114 0.2002078097208154
379 29.30364679125025 0.19941198926790824
380 29.39437518255633 0.19877173818698143
381 29.01427334598637 0.19872117320739813
382 28.5400347966226 0.1986221710019412
383 28.133590397731254 0.19958826735772794
384 28.32057250795815 0.19914940571056383
385 28.54252557548382 0.19901477091247347
386 28.445125401544324 0.19799860580677886
387 28.20154203326151 0.19755236088891545
388 28.018205235697444 0.19789013922628404
389 28.187253186255212 0.19715885547727416
390 28.10933818564343 0.19717017158236383
391 27.938172290242584 0.1973288307968212
392 28.254613387001303 0.19664969080314088
393 28.250977431058395 0.19556141433200747
394 29.02642375196313 0.19608680365384532
395 27.935186547550792 0.1961717771906367
396 28.76134642001986 0.19671146020013267
397 28.10477374130906 0.19702091781268768
398 28.46649817995588 0.19766031165205714
399 28.479650256681566 0.19759578433856442
400 28.277127713700867 0.1982399669658134
401 28.6269863885409 0.1980865643537866
402 28.393433922567784 0.1973323914876757
403 27.761241712379977 0.19792235386469356
404 28.03609732065459 0.19774186036058616
405 27.98075696107807 0.19706740686387736
406 28.4901072263361 0.1968612889430105
407 28.348777743258182 0.19710184139683526
408 27.74473658908189 0.1974458356571954
409 28.30367998268647 0.197080826187037
410 28.734583807766853 0.19643497564668425
411 28.36376389248821 0.1969920642660694
412 28.15300250622562 0.19690561824599698
413 28.015405585559552 0.19802668119670228
414 27.909031189740944 0.1981652396539639
415 27.66258056497493 0.19831526964070878
416 27.697252796999255 0.19733805446331446
417 28.107333559019217 0.19729753774290767
418 27.69451027430106 0.19726939291691337
419 28.008096772881046 0.1972472072586429
420 28.175495237321318 0.19665447813492795
421 27.792733226434 0.19700180365623252
422 28.124053269157713 0.19717839710500829
423 27.73740616587506 0.19687252472060254
424 27.758258276604536 0.19641408862782364
425 27.66298292152983 0.19717547966915572
426 28.083654308258545 0.1973949731297239
427 28.341504477083973 0.1970457742287323
428 27.694936683339208 0.19856318897786696
429 27.447774544568013 0.1978568483679919
430 26.98104789451306 0.19806697464535486
431 27.517812214153444 0.19874241854490257
432 27.48205862442104 0.1985426407212836
433 28.095752748313572 0.19996967480472808
434 27.442126635991333 0.19960150415333885
435 27.80689058225175 0.19958978581664477
436 27.602740837192044 0.19938474908480183
437 28.023633226327497 0.19944754933379583
438 27.79799436321211 0.1993199342237687
439 27.38775885120973 0.19910870597780062
440 27.136124014500744 0.1996768195864338
441 27.642106069888598 0.1990181221618473
442 27.707636964833792 0.19992489076401085
443 27.910994235524363 0.19959121899844257
444 28.0240624647898 0.19959485684996894
445 27.58130086845805 0.19949569445019835
446 27.501888657929456 0.19897840116088608
447 28.140239181904015 0.19827620250342695
448 27.482193313747462 0.1993104138613547
449 28.486911368709457 0.19770747452840243
450 28.059228099954623 0.1974715352310538
451 28.03110401351386 0.19732415598437206
452 28.01202225972269 0.19763468312686183
453 27.740580482857595 0.19852514218269832
454 28.26959217545886 0.19894720657736786
455 27.970918017905724 0.19865021861116583
456 28.174297754677372 0.19787607134152715
457 27.969966832998473 0.19860177362993725
458 27.87090360098127 0.1991935099423511
459 27.86524471790937 0.1995899641305574
460 27.990697568858806 0.19846153027928193
461 28.048073592267578 0.1989998828906301
462 28.052328841399643 0.20013970677437398
463 28.38842413339674 0.19941169985057253
464 28.591263292178496 0.19874099810593107
465 28.12997166059325 0.1991398266176098
466 27.675351243548427 0.19986507148354957
467 27.778198269549325 0.19946198371747517
468 27.750813319532142 0.1998671119680727
469 28.05541666609581 0.20065693332572665
470 28.155902280283026 0.20019911664913462
471 28.079883946169026 0.20043168367387643
472 27.596590646651876 0.20006252446238085
473 27.82614741017867 0.19973364438063668
474 27.93766482927343 0.19910608135646965
475 27.634077651425187 0.19953106875300577
476 27.878197431748372 0.19981842537103808
477 27.707658150875325 0.20065121120385596
478 27.979427439923427 0.20179580914753412
479 27.62127419373156 0.20149258080702648
480 27.787428332960268 0.2019178371219671
481 27.573693953993356 0.20202198533193427
482 27.643694219133316 0.2021823401205285
483 27.336540340742076 0.2029624936175647
484 27.60005629007061 0.20194217294068537
485 27.262369464691893 0.20173960107254366
486 27.534257721558923 0.2013680526889596
487 27.78679666452482 0.20168663221402897
488 27.995395085097726 0.20175466194623948
489 27.795130791121636 0.20120313685960656
490 27.90025522036197 0.20103206633988072
491 27.732310438365467 0.2002752356752798
492 27.43379185491969 0.20018445085525868
493 27.650954536901537 0.1996894359032767
494 27.50487520864599 0.20101099378122997
495 27.363656682283683 0.20191657118522097
496 27.298111996436102 0.20176085417166192
497 27.794834688192886 0.20104182584986283
498 28.140344483342524 0.20006504934907732
499 28.012387463506556 0.19970960489283374
