0 112.15112952157261 0.2997812230959706
1 116.1097404098362 0.2988827729615247
2 110.28460649767561 0.29704769889715293
3 103.27562216047966 0.2950990385477606
4 92.98783385038413 0.292484732121145
5 92.3742973636351 0.29145127879028226
6 81.46775236018306 0.2898473831341464
7 89.58280058872532 0.28768607623335835
8 79.88666361209911 0.2832596873716259
9 76.90442314190345 0.2816661325694517
10 82.3182799056483 0.28151597212415624
11 82.11436459548779 0.280445794702957
12 78.62100193797443 0.27494743892886414
13 77.85008258277558 0.272723855775673
14 72.55971164423052 0.27176813792887966
15 69.42754790214654 0.27141676230146855
16 77.74665032209522 0.2693380242473902
17 72.31753765232726 0.267940873130331
18 71.38159724603993 0.266280595303438
19 73.01708375878212 0.26239189716873024
20 64.07627513949774 0.2621849905023746
21 61.74145881998127 0.26105308291032264
22 53.96975366064176 0.26014555676282647
23 57.803612285782506 0.25684781732082906
24 55.396407915205195 0.2562421231987317
25 57.10352339078341 0.2558781269946959
26 54.92222186477911 0.2574127428532871
27 56.108255979346055 0.2574897494924757
28 51.33816027686636 0.2556709844598994
29 50.46637079154741 0.25512413074939616
30 51.60941876625103 0.2553936938750659
31 46.58149412580444 0.25391789093576467
32 47.98720785458722 0.253739853698804
33 47.5275637514038 0.2528901253159643
34 46.80202849588662 0.25176667608062125
35 47.20813926855805 0.2537579907314498
36 49.6149598647642 0.25357370614164504
37 52.3023748679401 0.25215990386142645
38 48.15301193294621 0.25276800019020157
39 44.94217314575152 0.25517341672039445
40 45.30086620560658 0.2545432379532144
41 48.503453485583336 0.2541330896705835
42 45.79818879736798 0.252627599250202
43 49.28794612019498 0.2520163985858433
44 44.70989121505579 0.25363941835376785
45 45.899666803957615 0.25235383016908586
46 46.30739163350334 0.25359317467247805
47 46.03083400170793 0.25387762975497924
48 44.68987965464221 0.2525003927844101
49 43.332045916444955 0.2536731696006853
50 47.49297745359999 0.2545928110366857
51 42.300330902167694 0.253902872344466
52 43.40290344681365 0.25505482638538846
53 45.347048904204826 0.25489949830594755
54 41.67353593062808 0.25405056456606406
55 43.306523504091246 0.25472939196496813
56 42.24434804011044 0.25389997244134144
57 47.094158161781564 0.25345273721851047
58 43.627160928701656 0.2519289095045342
59 42.02583470358269 0.2510789153837854
60 39.124266484868954 0.24982485159507908
61 41.454623308046 0.24963754279542205
62 41.72389852915913 0.249627035109709
63 41.50275074674549 0.250694978975585
64 44.97984300485243 0.2490823208067133
65 41.60331387526712 0.25040333031769085
66 43.75374043888757 0.24972214556725122
67 44.754432554392594 0.24818889278303516
68 41.04844569924127 0.24654388431706464
69 41.31732284822294 0.24509545520571732
70 39.44951627951117 0.24508127909547342
71 36.669730564770205 0.24373791438131268
72 39.19268011042492 0.24412975924170502
73 39.14362833287818 0.24178000917752743
74 39.745652002583995 0.24283856188690126
75 39.61337486253288 0.24236829123537315
76 37.247562995982605 0.24279549254975677
77 39.3757707996092 0.24242361643045787
78 39.69667777267024 0.24093414359360296
79 37.264543012328495 0.24209955448568599
80 37.14322040134692 0.24226877082348464
81 37.31527712190811 0.24163780355934925
82 36.01349221799839 0.2421912722837299
83 36.04523200582253 0.24090073686092459
84 35.67316806065539 0.23868792156848992
85 38.93385238414335 0.2381274576876163
86 38.001821521838735 0.23784848987683596
87 36.313060212095024 0.2360407018437404
88 38.58030282599557 0.23654269485011895
89 38.112012217810786 0.23816204380046258
90 36.550670338154575 0.23800194724188897
91 35.61559305457751 0.23875374927664714
92 35.96176920770061 0.23740952293939036
93 35.76686665160733 0.23730662843636294
94 34.8093940296107 0.23847905260124125
95 33.88838822958357 0.23897597411131663
96 35.280925827855704 0.2382937416437995
97 34.49026295992533 0.2358503671641334
98 34.01060871987778 0.23663550164339545
99 35.90778028687993 0.2356082932436531
100 35.24952375886538 0.2356997202650237
101 35.84775480237097 0.2347700525449857
102 35.73522015955835 0.23343419280080627
103 33.7113284087248 0.2336212629625963
104 35.38601183079709 0.2326883251929044
105 35.54826059471765 0.23201495943123285
106 33.628438289491214 0.23156816668119437
107 33.4581185376173 0.23127934157814858
108 33.907630179083405 0.23150084199321808
109 34.40026094990213 0.23065202470344023
110 35.563654567057576 0.2292451704409475
111 33.54819622392295 0.22735885856059776
112 32.88900794351706 0.2269864667972985
113 32.118799071632466 0.2270953293839281
114 33.34471737357225 0.22681621603153448
115 34.396163113608324 0.22851031575543393
116 33.195345558829835 0.22825858231493654
117 32.348727546569314 0.22845299542044314
118 33.39083082736579 0.22940543869685928
119 34.69881629324014 0.2259817386946279
120 34.55032873243667 0.22448687183133112
121 34.15422601128775 0.22382477064723572
122 34.07901117099348 0.2230940736651402
123 33.91356053516543 0.22254008918579363
124 32.823378495924736 0.22407926840819073
125 33.47255043100895 0.2251270587695137
126 34.50587415055284 0.22420796699841516
127 34.81475182490742 0.22382533373623326
128 35.86913279812104 0.2237325670125905
129 35.525739912659745 0.2238178251402919
130 36.11721256116492 0.22342652711693656
131 34.635733600949074 0.22183949345095474
132 32.87092380519837 0.22134759279431207
133 33.67776579981549 0.2219433966389296
134 34.69700938352653 0.21966500299453098
135 34.368081494082176 0.21894459389086604
136 32.58896613562459 0.21835384674824812
137 33.781289379528246 0.2168766279899934
138 34.14404149207033 0.21760281263006967
139 34.5542958347391 0.2164392069785869
140 33.61168074584393 0.21566821295820157
141 33.47151019053213 0.2151360714379286
142 33.46002584225144 0.21419328173471772
143 32.3334258433754 0.21510468280986686
144 33.42104975473139 0.21368378475970493
145 32.69868867187675 0.21217919674977334
146 31.245374925360636 0.2131007779913292
147 32.74035283256056 0.21375256107292687
148 32.603160661613956 0.21284443859249283
149 32.48923350604584 0.2127689360315824
150 32.473573957254786 0.21306768178029953
151 32.56710545549217 0.21425992382900802
152 32.64206800599402 0.21355280601134266
153 32.92523967532547 0.21309516782533397
154 32.288564745224775 0.21160730188110236
155 33.10258721320496 0.2107889998650333
156 32.12398056421351 0.21049177341612416
157 32.58749978307894 0.21161825023856085
158 32.86335383964341 0.21110834281752341
159 32.973357649367685 0.21081513348285177
160 32.57133189591656 0.21175216229488594
161 32.54889492202125 0.21111986387657145
162 31.472582406737516 0.21235861582318805
163 31.264154573826357 0.2119570573486571
164 31.75540219896606 0.21189529611885158
165 31.85898467113185 0.21150473707880976
166 32.32529540167743 0.21095727970722367
167 32.782022237622485 0.21184261639779847
168 32.60192888695289 0.21101405737960702
169 31.76777018998558 0.2108525804692514
170 31.961417317417137 0.21090307215347096
171 31.80854688592005 0.21074640952103127
172 31.86565983540126 0.21174929450059524
173 31.646055551778886 0.2120191539097148
174 31.08590035674844 0.2116883841037147
175 31.622480425334672 0.2111530486445139
176 31.281300180244465 0.2102858132585057
177 31.158472615952814 0.21048728898659866
178 31.364930677499878 0.21093363203049018
179 30.965756821906965 0.21135816330958135
180 30.425493706540095 0.21199486960893635
181 31.97998327269334 0.2130015826999189
182 31.383845217346966 0.2130608496202664
183 31.475247739662453 0.21313887152424402
184 31.71181817497731 0.21371388829060947
185 30.39637047195955 0.21431829958749296
186 31.29777808455689 0.21489809698163231
187 30.260619900471873 0.21538739946986907
188 30.639422224161688 0.21580056067593287
189 31.12167619574604 0.21544623182840827
190 31.037801306382836 0.21510101053885863
191 31.61393982107151 0.21679431800171656
192 30.7051683588252 0.21605144614746288
193 31.22420512212731 0.21583628847107317
194 31.98657770919875 0.21734352309409435
195 31.927282198750735 0.21831717778253915
196 32.09724639143506 0.21670512617339524
197 31.266122156333438 0.21673020086392392
198 31.22369771566592 0.21731878626806397
199 30.83043815524292 0.21686861663153956
200 30.742574364962024 0.21572462033169057
201 30.31036298022188 0.21678127513606046
202 30.85055316919683 0.2162287566122921
203 31.177247144046667 0.21640659125619685
204 30.190313611380038 0.21497007236198296
205 30.349260047143268 0.2145066945302879
206 30.59686245424428 0.21445846805437987
207 30.61656884390382 0.21412720426025156
208 30.581189934283262 0.2142948636885381
209 31.125039746044376 0.21437887723575963
210 29.98218230630726 0.2128981940978111
211 30.48935054730789 0.2130430135988175
212 30.45058558495846 0.21264231539673237
213 30.188757501319067 0.2125982447967
214 29.525286842462364 0.21212745991865037
215 29.62807242299867 0.21094620937608932
216 29.302798793656088 0.2107695023672219
217 30.012889352419997 0.21125015354565235
218 30.95726301549212 0.2099644878824303
219 29.96625990907989 0.21097519786519867
220 30.697911247981992 0.2095231690219428
221 30.1857371513546 0.20759499666926443
222 30.21997828047656 0.20712279668544722
223 30.958619871768562 0.20669718502264856
224 31.429951398705697 0.20708920880775286
225 30.89876977925591 0.20704208181583303
226 30.12397375246489 0.20656487452863836
227 30.76067165150634 0.2062153757242402
228 30.139334859093573 0.20722316171386634
229 30.796982288127364 0.20814440826707817
230 29.806189849448792 0.20779190844056186
231 30.47721878560237 0.20775044853074345
232 30.25047190672852 0.2075613642253343
233 30.031574367735377 0.20717566168401813
234 29.962318839339186 0.20829037815791843
235 30.34884732922456 0.20889731839313821
236 30.1328444711388 0.20831972413425634
237 30.864390920496113 0.20794316201731053
238 30.27738991034235 0.2073342404282136
239 30.834270274022707 0.20765076692329087
240 30.32192644214843 0.20692123706390372
241 30.771017161784094 0.20805061852397277
242 30.913866517283218 0.2077242439896292
243 30.29353724855048 0.2072915983857525
244 31.123261307069647 0.20705580315062963
245 32.14643883758543 0.20556122711256217
246 31.41096944552534 0.20544096013927474
247 30.965060615428847 0.20472510724917561
248 31.159089351293094 0.20376045838095816
249 30.62636783979197 0.2031261054739469
250 31.44591019020288 0.20259313365385911
251 30.158956656979758 0.202027498565555
252 30.749122659204176 0.20104483119528513
253 30.19720346202854 0.2024116736631183
254 30.413985087328008 0.20260404117764033
255 31.27653359638971 0.20298706686982812
256 31.058237648814085 0.20211728651879926
257 30.520845570829373 0.20150200920970637
258 31.204977786675926 0.2018099450161386
259 31.328285316898338 0.20163271604252286
260 31.35513654627308 0.200823151587565
261 30.83064808747202 0.20000428653763266
262 30.38915716501652 0.20016065041398398
263 30.063186137822903 0.20018456524224457
264 29.766447891937624 0.20057628959458595
265 29.568894988656538 0.20058780143842495
266 31.15994921202472 0.20135589751867844
267 30.318684682389794 0.20010883590153092
268 31.24847204074156 0.2003565966921589
269 30.417132263462413 0.20119147134574603
270 30.22561592929428 0.20047146002531446
271 30.769915262193955 0.2007015357479149
272 30.85228153080026 0.20017262099049146
273 30.766300686669982 0.2015219147346983
274 30.625662236989868 0.2016106171131227
275 30.439024869039535 0.2010756292888284
276 31.26242251519991 0.19998025310873027
277 30.471216591020408 0.19996247676792667
278 31.13077337330835 0.19936662756385481
279 30.38420418036086 0.19969547899477513
280 30.926333086578015 0.19878959429070955
281 31.52971308662496 0.1993640228992953
282 30.266727905918643 0.19921611952133297
283 30.738796097400417 0.1989469040057743
284 30.847874021236148 0.19917439366416287
285 29.981788419497725 0.19988297876663852
286 29.604305859289006 0.20063632419476773
287 30.20952272051911 0.20073337336396657
288 30.099682343012148 0.20008496744576995
289 30.27535692222979 0.20068609081648234
290 29.449124980691842 0.20032143289369472
291 30.292703448875454 0.20010554538382005
292 29.008348586950692 0.20064688294268415
293 29.866628820196752 0.2007150701397843
294 29.36983453619968 0.19955314732955365
295 29.59856199533619 0.19987314658481506
296 29.33461182811545 0.20167556443336454
297 29.089068137812426 0.20213815565401463
298 30.54184113926361 0.20222334584531768
299 30.181694819459935 0.20165334333214266
300 30.168900818622678 0.20072600755997072
301 29.880821051548942 0.20077048836839917
302 30.143030476047283 0.20166869720335648
303 30.370865960938335 0.20218761918550895
304 29.63427361815321 0.2016618732642456
305 29.232553355461707 0.20080088426474982
306 29.613287464718496 0.20016519992185677
307 29.606804659463915 0.2003008988650454
308 30.217589355689974 0.1993164462418954
309 30.265903356650224 0.19909952537399053
310 29.527840215806968 0.199251855930452
311 29.807557826560654 0.19903050452695492
312 29.77604472164853 0.1998686972771626
313 29.407333357399317 0.19915697574120797
314 29.609995390498618 0.19874540540829413
315 29.59438528922435 0.19777144982382433
316 29.211628327213035 0.19838505603894818
317 29.62370675843698 0.19946816469886186
318 29.058914958400024 0.19877983426194415
319 29.755355143657347 0.19850761425866428
320 28.900815599877383 0.19777957780764296
321 29.864836644823683 0.1985688039609231
322 29.295848978685324 0.1975085923712808
323 29.524432326382403 0.19749335902296053
324 29.693285364717546 0.19648707857389405
325 29.371793294077413 0.1966879723531223
326 29.689320531883716 0.19676420354971003
327 29.54320746551248 0.19582150839057455
328 29.635858017571607 0.195453321535941
329 30.110569742376484 0.19537591847083643
330 30.716959228344052 0.1964885754969182
331 30.478185675052764 0.19734371377596452
332 29.09602532576701 0.19784706457416693
333 29.271516606487552 0.1969221613125105
334 29.19371631949796 0.19808990736461682
335 30.332491913941634 0.19925440393570984
336 30.91637271904189 0.19794243083533644
337 30.774912001059413 0.19758031694804123
338 30.52192997806379 0.1982163584021722
339 29.481542008513056 0.19844280333672673
340 29.719755284202932 0.1995620125651557
341 29.09103828278382 0.19952127438777834
342 29.290778507878983 0.20059468221584545
343 30.106695063626944 0.19992097508104725
344 29.47185750214081 0.1992029563637692
345 29.428378021211007 0.19868557077458013
346 28.884411799615144 0.1977384561977277
347 28.689086017872448 0.1976398084367915
348 28.796808750537465 0.19765596441983777
349 28.393967072407758 0.19752498977344654
350 29.234777414633548 0.19776119874941336
351 29.843273177787452 0.1974917075193101
352 28.72269700874048 0.1986049851171513
353 28.97177740047662 0.1989099269031606
354 28.36438753921798 0.1995132732951503
355 28.654569454261434 0.19816068562749356
356 28.96328621685588 0.19790433804401264
357 28.57776789336878 0.19807226887774232
358 28.819477727331574 0.19801549583980183
359 28.829882848614808 0.19782305088829322
360 28.93753905826663 0.19754572443586804
361 28.42265733744035 0.19773733374151461
362 28.219912991278186 0.19725019633991217
363 28.605627662442977 0.19746449174940486
364 28.55559399885209 0.1980143799325642
365 28.317525228869 0.19755986970667258
366 28.871497849261296 0.19756212940543208
367 29.4094112110714 0.1973573545784292
368 29.485382700619777 0.19714686346366528
369 27.921515760161455 0.19680903315074547
370 28.384345532585037 0.19641381638168778
371 28.48759612541486 0.19638361794221335
372 28.644256760899225 0.19765078800682487
373 28.76274247358092 0.19723796527075513
374 29.018722309055832 0.19766965496725253
375 28.909401897676613 0.1974413121335293
376 28.38537025265829 0.1970962478730526
377 28.296700429117447 0.1971047934557321
378 28.376419450259355 0.19655461046815095
379 28.22102317140459 0.19703858158989151
380 28.248331884417407 0.1977573418415657
381 28.76480598129774 0.1973243768697104
382 28.487773594392515 0.19784478922159288
383 28.569419450360535 0.19869470319662674
384 28.92542651458315 0.198692040136323
385 28.455960994079838 0.1986107029440752
386 28.654692779435614 0.19951635381788946
387 28.465960428925875 0.1995330364993891
388 28.2879662939527 0.20044915890477402
389 28.662563729014792 0.2004058419156768
390 28.195466328240535 0.19978942785082818
391 28.539639850806616 0.2000122614944444
392 27.836690116596188 0.19977954532171896
393 28.175759227738247 0.19987632968810298
394 28.572996532171793 0.20007182719388264
395 28.94441984668036 0.19956775630463572
396 28.679078764638447 0.19990354690528944
397 28.988774775781273 0.19998449066449941
398 28.570235706125633 0.2006571736276294
399 28.36389092642613 0.20081146659512186
400 28.145628269881232 0.20098157312281098
401 28.345937267011614 0.2002520438629366
402 28.086409867951787 0.20048004497243258
403 28.908302078519927 0.20013745603966468
404 29.536378590997693 0.200756982731337
405 28.51844990318085 0.20028809059606348
406 28.338940047558054 0.20004753113823223
407 28.83102115472617 0.20054253566705704
408 28.75459430549253 0.20011845330948055
409 28.129804812086192 0.19973934596941664
410 28.43494296299982 0.19988176601439225
411 28.920298514441782 0.19994613087993032
412 28.734932481174347 0.20038439432935992
413 28.677499571276478 0.20029365483874573
414 28.527193327366945 0.2004107999594146
415 28.684382997633442 0.20084304528996832
416 28.779259241198407 0.20070859563263851
417 28.210464981940262 0.19979674918380122
418 28.074747289174802 0.20039581896009315
419 29.15166060762355 0.1995250399842642
420 28.3179042881428 0.19941834199020358
421 28.351458967135933 0.19969184349216676
422 28.47547850728005 0.2008974037198882
423 28.18291347910657 0.19989265309351353
424 28.30150341578452 0.19965265684422265
425 28.93288064701789 0.1995334183764057
426 28.600803080855165 0.2000370063690005
427 28.451753920849473 0.19953550633338135
428 28.45000330914602 0.1990871873736475
429 28.802001267100408 0.19998313414149327
430 28.71942609389066 0.20016152707619717
431 28.709778741733373 0.19930304309473032
432 28.357311230071375 0.19953634459606842
433 28.34294644522246 0.19946193781523772
434 28.51736305514013 0.19888603981416852
435 28.343684202432623 0.19935515033428267
436 28.47771293543522 0.19903281596417677
437 28.95482586759988 0.19875452858927178
438 28.30294275529903 0.19877501977310028
439 27.871855055714448 0.19936369062134954
440 28.728267855239682 0.20016233492723098
441 28.11108505534292 0.1998418781885659
442 28.898375937875848 0.19944302559500812
443 28.508697276743092 0.1994745788209631
444 28.169043550510843 0.1997907654545228
445 28.4183440677406 0.19950678358368487
446 28.204831483304236 0.19924222903185637
447 28.375995472396575 0.19914907288335923
448 28.376336640857808 0.19854197761123368
449 29.25431961416028 0.19870846117044158
450 28.60907663581894 0.19940492278888391
451 28.627339775607272 0.19969537162274023
452 28.323133346201175 0.19930266248120776
453 28.938722581851675 0.1997921354675938
454 28.896363561936113 0.2001424189850732
455 29.071829461794888 0.1996336520567287
456 28.380088672554955 0.19946304259787842
457 28.48488063650909 0.20027302517201873
458 28.320712694500337 0.19996283759691805
459 28.754521034576555 0.19999299449463617
460 28.36200407168517 0.20055249678773426
461 28.45136128205028 0.20040808945541008
462 28.27472431625492 0.19975981294967668
463 28.400720298295518 0.19916667596412485
464 28.663099078786683 0.19939939022383324
465 28.756025475479333 0.19930034229751992
466 28.560752517443518 0.19921599531548806
467 28.50963183605822 0.19935405920492041
468 28.472756216531923 0.1987594824664146
469 28.398340923417706 0.19808079077473426
470 28.78147085261011 0.19781707052034456
471 28.359518869884567 0.1971117846490559
472 28.079764595683827 0.19659712541838723
473 27.700567328192108 0.19766235988365607
474 28.57900395647406 0.19744073692566091
475 28.1605521924684 0.19732557939437959
476 28.52764393709556 0.19757926531604933
477 28.326147488724065 0.19829259403732022
478 27.897778551182853 0.19805190881166598
479 28.765469919449593 0.19828777659676644
480 28.582450403018548 0.19789214842916766
481 28.260190414802075 0.19755810676866434
482 28.446815021559157 0.19832480924667015
483 28.12131754013094 0.19774954597156302
484 28.537978613067473 0.19885815592620237
485 28.35660220774723 0.1990611337204989
486 28.11420261567213 0.1995291557590286
487 28.751636589832913 0.1990838753486268
488 28.482649025399418 0.19838737589611888
489 28.77271031627332 0.19858815699413004
490 28.725790245888412 0.19949682869916185
491 28.419374415162437 0.2001111167404701
492 28.280521301169777 0.20073549212842803
493 28.54499822305796 0.20039190138200627
494 28.39779179340747 0.20020076586392802
495 28.598904648198804 0.20073280339052726
496 29.19279649541675 0.20020541812960868
497 29.068190390736312 0.19988340555841075
498 28.11951834900334 0.2000354892199386
499 27.915993960357493 0.20022647935548185
