0 112.44441686946399 0.29993748857146185
1 100.00639093704471 0.2989894169360947
2 109.72519741392182 0.29831659686507594
3 105.45311098597566 0.29842147064898317
4 103.34363261709026 0.29811907832219653
5 88.2964595487527 0.2978680566956455
6 94.30584098050547 0.29847034808179945
7 88.4670052067286 0.2973998959383044
8 81.8482010204344 0.297355750641144
9 78.36642148771043 0.29689621220574997
10 72.17163139679262 0.29387362543934775
11 77.5381112571086 0.2924455724452027
12 78.84809513731363 0.2907087486178947
13 71.94043171831204 0.2898032056832441
14 64.87456625428376 0.2905832182584827
15 58.66259475447821 0.2894994389331191
16 61.13456503065672 0.2910474982931204
17 64.78459615816064 0.29054706326262136
18 57.59866728078332 0.28699114782404117
19 54.59599160846324 0.28692737342068364
20 52.89177701963236 0.28679725903320974
21 62.00077274437882 0.28717615121574663
22 60.326561867837796 0.2862519884186075
23 59.17085794260871 0.28719443377680287
24 55.77275435724047 0.2898864018454274
25 55.85972725839448 0.2864168619644903
26 51.93043167684394 0.28619636668492787
27 55.81519698907502 0.28597082521094114
28 59.46388195120854 0.2859650944917653
29 60.898599615670946 0.28610959802844765
30 53.97497742781418 0.2829431789293484
31 57.40271202014404 0.2811405789257636
32 50.56484736868888 0.28119748932049954
33 51.8919560674661 0.2836501066212685
34 52.56182441728426 0.28585916304854253
35 54.52362252286629 0.28356589081229444
36 56.77180425594664 0.28195354810583567
37 53.6322659158217 0.28161969704887685
38 54.623054288076474 0.2787317754482942
39 51.28288804664551 0.27711142527516414
40 52.89224132622718 0.2771211594549407
41 57.926668071122194 0.27669105165562397
42 53.71535697537725 0.2749982685848078
43 52.83902503934213 0.2739230208322166
44 49.71614972365333 0.27258715916675197
45 50.66519656270946 0.2693792278567004
46 48.45462283085922 0.2709699876200688
47 49.48524333906145 0.27105730096200503
48 48.28769825632996 0.2710269187366046
49 47.73568824617206 0.27026929550720974
50 49.70562068310071 0.2706287704874037
51 49.2680026482168 0.27125824042034247
52 48.179342679435976 0.2725763567730198
53 48.56180147504732 0.2704005340790105
54 45.79709477033853 0.2690752300994959
55 48.84204603887089 0.26927881989536323
56 43.17211914564567 0.2681778997712358
57 43.99506794423078 0.26803512547966685
58 46.36828117430723 0.26599132324752167
59 46.26600720190775 0.2670361478834082
60 46.64819136372047 0.26431620835872066
61 44.41028759574665 0.26400529035114273
62 44.46625439365242 0.26274519040620414
63 42.936623801955605 0.26224295505851036
64 43.44721530244874 0.2606883230122305
65 43.16459735161854 0.25899300358851757
66 41.25701705512998 0.25823690019886303
67 41.40018341238466 0.25697778429426593
68 41.073398140214124 0.25685680159621604
69 43.580449982976745 0.2574685804505361
70 41.06934676335557 0.2561399768012887
71 41.78431605877347 0.25819029472968547
72 40.78982711406101 0.2564313976559567
73 40.88533870770361 0.2576650751931307
74 43.26812961452803 0.25830611589898145
75 40.551556974161585 0.258504455517204
76 43.200956412323464 0.257045172999066
77 43.48747554370271 0.25657901381404163
78 41.26297060396016 0.25491492532550786
79 42.02451286274142 0.25569614520147804
80 41.03883443718268 0.2548909256367224
81 41.775158935210314 0.2537950337908196
82 39.67868293266939 0.2558142689639493
83 36.64328140020808 0.2543828983231295
84 37.018209581440345 0.25530720670161317
85 38.8964852280118 0.2538140479698117
86 36.652111811624984 0.2541604972360852
87 39.5867233389536 0.2520484428306496
88 39.933591937235605 0.25230657490730524
89 35.40338146748155 0.25222644293008933
90 36.80401770795115 0.25193663949841766
91 38.89792766159974 0.25188575506661154
92 37.078121778258534 0.2512712278935665
93 36.97777778865239 0.24816944271364302
94 37.875463218781604 0.2482026978159373
95 40.35938308483195 0.24760806383414483
96 40.67414503883627 0.2464694601505125
97 38.29421782966195 0.24659011540307244
98 36.96090593116777 0.24642739488794496
99 36.51789862741962 0.2439920924870742
100 36.35081706444175 0.24272440785751917
101 36.65323267191949 0.2412408781425195
102 36.267042334470446 0.24083857020313681
103 37.293080223061494 0.24000079115071457
104 37.155802253427936 0.23951822271755904
105 39.27874284228111 0.23889047301861432
106 35.666714653862144 0.23956589661173489
107 36.412528511739495 0.24076579342988813
108 35.24448818808588 0.23969797961090422
109 34.77488238830932 0.23909574498627917
110 35.75012710077982 0.23794593896712377
111 37.05607240651756 0.23789059242176055
112 36.18952372638893 0.23609271985018287
113 34.67134204899057 0.23769332683683256
114 35.95599819655219 0.236019677874635
115 36.14849525378313 0.23493008162802934
116 36.39299596268858 0.23556215069466668
117 36.40593925425371 0.23552452352388684
118 37.50671989633024 0.23578495402582159
119 35.41730103213822 0.23550820716881896
120 34.75865274017427 0.23713321379347016
121 34.32959209696661 0.2370508986541139
122 33.95717273493029 0.23763179410658375
123 34.96642195770069 0.23748681237129135
124 35.532606275013535 0.2388596544467513
125 35.72740185129523 0.23786312478524763
126 34.87440602194667 0.2370742530358969
127 36.423827674808365 0.23638376400064867
128 34.56011679509318 0.23713597273645762
129 36.960712186433526 0.23636973867847058
130 37.22738400571731 0.2353350539234688
131 38.527777948590256 0.23646378327011122
132 35.84143036467957 0.2376469533878278
133 34.42398884988907 0.23773393508860644
134 34.83232642588865 0.23796128955604667
135 35.53908678223248 0.23656883649447932
136 35.23541284245937 0.2352592635875613
137 35.81467764900792 0.23498413252532266
138 34.20236412487594 0.23423374681201758
139 34.93187480261017 0.23558927034502256
140 34.12483965793064 0.23586004304848474
141 36.14081028456006 0.23555379092147533
142 33.43570127987635 0.23495025772428946
143 35.87130028780439 0.2355241692097936
144 34.691248791057845 0.23463515625012732
145 33.4914706684753 0.23437706701501618
146 33.83303016120563 0.2344160780229043
147 34.135720995594085 0.233325417138828
148 35.57862194457588 0.2326778314935647
149 35.46200243127922 0.2328762235498152
150 35.71524011373807 0.23188152248955365
151 35.50862825217227 0.2333751917352603
152 34.64436462049032 0.23123043127018184
153 35.456870649524305 0.23148340936298026
154 34.787936399303575 0.23107790004578646
155 34.212019010177116 0.23071755627097493
156 35.34150593460252 0.2301210594330543
157 34.10417806077565 0.22963342439778178
158 34.27347989787509 0.2293560458320739
159 34.49401021897924 0.22829153002061262
160 35.739769308941064 0.22876817697734328
161 34.6183392960922 0.22842343274480012
162 34.62211218977397 0.22739224080803633
163 33.765712843367396 0.22756189323545617
164 34.11226041819022 0.22723903111637447
165 33.288086205612615 0.22669119008053004
166 33.85243961614848 0.2257640135705247
167 32.95569994739657 0.22717247368870694
168 33.79548641926072 0.22725221976998958
169 32.77530008673572 0.22670278310157269
170 33.232421092039125 0.22670507723668795
171 33.9764106913412 0.22656412611313523
172 33.59494300525916 0.22771341268035536
173 33.77717204947581 0.22861101096933045
174 33.44810589216459 0.229358009106978
175 34.30458173953534 0.22868942239630888
176 32.665053514786834 0.22875539202634407
177 33.926079146835384 0.2278268727753093
178 33.43356725883735 0.22817314694950044
179 32.70642778168304 0.22836609297127541
180 32.86241116323002 0.22902982461505791
181 32.582211724347076 0.22905240698767848
182 32.56107917228195 0.22970689437393585
183 31.92930791497406 0.23089168214016795
184 31.665920561430745 0.23119182587121642
185 32.32822118989884 0.23073285180942157
186 32.462014808869185 0.23003078840189264
187 31.7681262365613 0.2289296168960273
188 31.7476261018861 0.22847243036133916
189 32.25994171332868 0.2283193344562311
190 32.88527100243053 0.22932537096784988
191 33.17592958502788 0.22890226446554288
192 32.299089422129065 0.22735667167424975
193 32.68324635496039 0.22743762380835034
194 32.65598876268716 0.22796072727710545
195 32.445259621805874 0.22752501199127825
196 32.51178339606868 0.2287923757455926
197 32.50208281358154 0.22825516055056025
198 32.00409049056027 0.2272121814134298
199 32.01340122667558 0.22630376596632526
200 32.504403577275866 0.22576019046411477
201 31.844451556092416 0.22561887607338305
202 31.838348643634365 0.22620642657895576
203 32.32112641635135 0.22686802943435377
204 32.10965155938443 0.22828670128141063
205 32.812300341405276 0.22858924152964635
206 31.79355670726216 0.22965230950438686
207 33.30220850332127 0.22841079185796195
208 31.739691902855334 0.22813575003729322
209 31.117182763045605 0.22764006790419042
210 32.63751588889911 0.22680329561769552
211 32.63836677294775 0.22673327415535724
212 31.63560687195666 0.22635290928079654
213 32.15992484485133 0.22560664802646688
214 32.11320049562536 0.22537383106498185
215 32.01485147176681 0.2250697260455566
216 32.62733820969811 0.2240367232070665
217 32.3860536483306 0.2237134788202253
218 33.02456133876181 0.22267347398559392
219 33.402539901280186 0.2225310336705015
220 32.905096205779756 0.22243778453417015
221 31.74862580030842 0.22224252051496776
222 32.145561677252445 0.22241972170206872
223 31.977793345017282 0.22071928012830358
224 33.13418459568397 0.2199143244422497
225 32.457173494721566 0.2189482572918604
226 31.779231858109917 0.2186219831318956
227 32.067433088008315 0.2193226654957535
228 31.516471232091327 0.22007383748636913
229 31.427530864188306 0.21938249892200426
230 31.111839659125124 0.21848332528790257
231 31.070790934569416 0.21824390204046829
232 31.36674439047539 0.21838644038704613
233 31.133949204865367 0.21682501547928523
234 31.85201109564969 0.21649352778638953
235 31.786097625015202 0.21712836844940123
236 31.44524257563121 0.21632990007224764
237 31.247500613595363 0.2157464495984588
238 31.13133401807511 0.21621809178500362
239 31.885676679806657 0.217376654334291
240 30.77341244085988 0.2181493156650612
241 31.448244696379703 0.21570312154902269
242 31.060016794186637 0.21652387562499545
243 31.278411906350136 0.21481734172536335
244 30.969436528714283 0.21441213071008033
245 31.429215864444984 0.2142573129627321
246 30.952700273460025 0.21405077631363723
247 31.299539032432897 0.21380684817648002
248 30.852483717130912 0.21465824911624617
249 31.03674610276604 0.2140504156226645
250 30.963171488547204 0.21317485203004752
251 30.80415116951439 0.21284165776113229
252 30.28915200665959 0.21173402569752695
253 30.343687869587995 0.21221606681325825
254 30.996329510449932 0.2115926362221995
255 31.110259733448473 0.21260876202043097
256 31.14803896748118 0.2120732112204319
257 31.32418264189586 0.2101248135934269
258 30.58270819977152 0.2107637007507415
259 31.13545560942911 0.21134609400037638
260 31.354513895233893 0.21160067583929976
261 31.795857458717467 0.21166962518032886
262 31.900044951194836 0.21090292800034063
263 31.195297228617406 0.2113649562078488
264 31.403787310672122 0.2105945627455327
265 31.581326328735123 0.2104351126747179
266 30.94333215323071 0.2093632798142535
267 32.51444263124507 0.20928001999208057
268 31.832747608118424 0.2090822419306383
269 31.750528597369804 0.20883339484572785
270 31.685408957208807 0.20875856753019842
271 31.384047950110805 0.20918546210341868
272 30.716683048527116 0.2091286436953622
273 32.040834067358546 0.20889487858638442
274 30.979956048797177 0.2090857367211136
275 31.167788148556326 0.2099901850325382
276 30.67253015955525 0.21095145143733282
277 30.56046791862283 0.21002228856260421
278 31.351752713537856 0.20977686924682085
279 31.456572243590372 0.20842669159930435
280 30.27646330027391 0.20730273696433707
281 31.18801780639378 0.20690877178390407
282 31.635830859816934 0.20642128324447742
283 31.734450113830697 0.206294732763716
284 30.505475883275196 0.20755496190651926
285 31.362926409564736 0.2067307197616972
286 31.761567972076847 0.2065301383810436
287 31.705107812577396 0.2061575508441417
288 31.240103091717437 0.20542346943988357
289 31.330728183824924 0.20465866763899687
290 31.084572174112388 0.20508064490435562
291 30.747766995740523 0.20508317789391772
292 31.451045943426912 0.20494456263482683
293 30.807234206085795 0.20406865653653428
294 30.187590915257164 0.2029946616251311
295 30.602078813057425 0.2022496511933637
296 30.13662768966023 0.20221383827304137
297 30.132157637643978 0.20146133621008225
298 30.46967890614699 0.2015472434307002
299 29.754401626292754 0.2027136506476641
300 29.601744414656032 0.20280433804765985
301 30.786356019588574 0.2041654877534682
302 30.11032037493063 0.20414669841064761
303 30.540192164175632 0.20433320952518966
304 31.09241781629493 0.20424786590602137
305 30.423880840071043 0.20260220978349186
306 30.595719088519743 0.20191599636454619
307 29.630790557198594 0.20166469330293035
308 29.86501307505064 0.20133210660744258
309 30.388444066821137 0.200574644024781
310 30.551000141893823 0.20123512635558347
311 30.47708433976203 0.20026455493373163
312 29.71539428490275 0.20153698547785726
313 29.87525564288971 0.2016910874037349
314 29.58010403958439 0.2010083294956805
315 29.675500135033854 0.19999398058168452
316 29.93534533195639 0.2011950090341944
317 29.63716153918076 0.20192711082989445
318 30.111279873816017 0.20167953750403414
319 29.5613534495231 0.20143089590572094
320 29.48374578762823 0.20070753490396223
321 29.76113789118579 0.20067105055932388
322 29.531964514884763 0.2005977940695078
323 29.99100129167377 0.2005924904047515
324 29.53383734834243 0.20072221174263075
325 29.00000550583787 0.20188957645443298
326 29.693305391136434 0.2000248583612306
327 29.695844438717533 0.20080954495099035
328 29.93444873777144 0.20083598169158637
329 29.771430670189254 0.2009426782876954
330 30.180259148574326 0.20132954358172203
331 30.032579165093676 0.2010341603508854
332 29.69565990382076 0.2009196301234206
333 29.991778892444763 0.20057545002678145
334 29.596725361106664 0.20115272690381794
335 29.621384862367545 0.20190865326098215
336 29.774863793866466 0.2022017366120812
337 29.429795717715727 0.2026522994165252
338 29.627284301549572 0.2013009920968424
339 29.70155326559795 0.20220752714007117
340 29.629417975957367 0.2019270351662207
341 30.240370033775946 0.20172504555274107
342 30.00282543370632 0.20150352918339154
343 30.248132655854054 0.2017028255932468
344 29.80783611813016 0.20177679400471768
345 29.06303036668256 0.2019965811972236
346 29.633486152301643 0.2031649948016353
347 29.728106080503608 0.20380246072201694
348 29.46921878963812 0.20307084025161756
349 29.97006541837992 0.2025194260395069
350 30.039997423523168 0.20271252887971536
351 30.962614373820514 0.20311233562851447
352 30.966469670935027 0.2031887044995607
353 29.917332872379703 0.20280344477797307
354 30.131961024678173 0.20273994458485545
355 29.75983709595801 0.20291253016392638
356 30.184069408060296 0.20217358308348465
357 30.020698473656665 0.20260858986897287
358 29.75085469673741 0.202586091486652
359 29.990852424577753 0.20227671497004063
360 30.447733197357984 0.20268338467445512
361 29.811852375239244 0.2024527833447691
362 29.295725565756243 0.20245084422678752
363 30.472434643929695 0.20134743672849445
364 29.947176869337227 0.2011022684711682
365 30.12577982062157 0.201009025447096
366 29.12852026395132 0.20135591302594602
367 29.38104582753918 0.1994897578008709
368 29.951474789005218 0.19925450810282608
369 29.767388314169843 0.1985080017674051
370 29.55143971362658 0.19833616059358203
371 29.726796677836717 0.19806945602180157
372 29.770678013009626 0.19799024888789915
373 29.941252616402043 0.19845602300196316
374 29.479582864913546 0.19768638507541633
375 29.657267239155356 0.19807313389274148
376 30.0011974633939 0.1975594438799306
377 29.817293485413884 0.19741470230456923
378 29.96026997420114 0.19695555279788524
379 29.71112846210097 0.1973098349348279
380 29.71650961146257 0.19630110351271837
381 29.97061241478667 0.19668336136279696
382 30.213992828549642 0.1971561591956806
383 29.541827788246202 0.1963066767423248
384 29.592463312617788 0.1964326332722711
385 29.22217725389121 0.1961181408061002
386 29.73535495591652 0.19635111736288632
387 29.582912261930765 0.19630329782016354
388 29.69495885030171 0.19649872877322475
389 29.208139911092903 0.19618533740692
390 29.098190598454686 0.1966714968852621
391 29.01788041032377 0.196373890431122
392 29.090818226889795 0.19633129775410207
393 29.177088039057853 0.19687005601757068
394 29.249562059571655 0.19678755794371697
395 29.265962093641186 0.1967897886496098
396 48.020199377474015 0.1969289246370154
397 29.98770732758429 0.19692933995348638
398 29.694843698609734 0.19772698790048807
399 29.986546082947807 0.1981411232106882
400 29.94272004742193 0.19842831345440473
401 28.861183564421914 0.19743911310055484
402 29.053523689566493 0.1971959156022558
403 29.369216034533892 0.19739349700920816
404 29.107269063119194 0.1969991794092576
405 29.300715002258418 0.1975622670471829
406 29.838973976838304 0.19804132904502333
407 29.600866220951925 0.19769494407786045
408 29.517453535215317 0.1983509626327357
409 29.331567667240936 0.1977192672592922
410 29.470567088510794 0.1971834732372227
411 28.877429283935253 0.19695238790930525
412 29.384362316509275 0.19659758509968464
413 28.799095108638824 0.1967256005983897
414 29.05269101723379 0.1970805707210833
415 28.972893052007286 0.19743624160412834
416 29.015455200409058 0.19656811641135252
417 30.368181774477762 0.19685193153023717
418 29.23638570678237 0.19725057778791852
419 30.04281549003029 0.19837612241031333
420 29.151719716244152 0.19783127494878286
421 29.47688780944575 0.19801216270891844
422 29.011429092627605 0.19867142502330007
423 29.30156165592431 0.19861840996371474
424 29.40599719709447 0.19824322551604615
425 29.27879751360482 0.19815310343765344
426 29.520263762261358 0.19846187100499782
427 28.844754860903528 0.19773533203645985
428 28.78327031397138 0.19795005481361705
429 28.93088877107943 0.1977773993385612
430 29.19413277491349 0.19778712389132455
431 28.579522770513208 0.19804453147711876
432 28.879375512883065 0.19822290602395465
433 28.65356826925872 0.1975468946065381
434 28.849230512987646 0.19708622379492283
435 29.252416582200212 0.19722660253274382
436 29.145175949751074 0.19794648090472275
437 28.511101748093544 0.19764103493133364
438 29.396997867674383 0.19744266421022294
439 28.74646644618255 0.19735272209195687
440 29.33541237217797 0.19624710494703299
441 28.819825379085124 0.19644357271815274
442 29.34680712928031 0.19682298014452967
443 28.813196376585402 0.1971357062363305
444 29.140193631258597 0.19678492581657014
445 28.826223561356812 0.19610929451780557
446 28.82963239046923 0.19577540076864167
447 29.537254660037455 0.1952508974598831
448 29.641542102462573 0.19509708847782462
449 29.18188167785225 0.19503208748941034
450 29.16908086703838 0.19484996140678426
451 29.441380372875518 0.19484258522282558
452 29.33481433137313 0.19431500738531626
453 29.53004552406105 0.19453558095203868
454 29.012116747189463 0.19475739395051436
455 28.801093990066647 0.19456173578423774
456 29.05836747306057 0.1942856621087121
457 29.485556883826064 0.19415803978019794
458 29.41253020592999 0.1942446601843644
459 29.23650299933729 0.19448598501063583
460 29.095805365389683 0.19492235975541614
461 28.692118027118696 0.19494578576680585
462 29.982465992087583 0.19424902735063565
463 28.830051150168106 0.1946473507028715
464 29.51537676548947 0.19462831446602746
465 29.241531880746663 0.19441938149902285
466 29.239969182849762 0.19373022955095118
467 29.241950900001328 0.1940024610454808
468 28.719947138932056 0.1946890762326401
469 29.188634227242346 0.19455562092258272
470 28.72870158394372 0.19380602703758001
471 28.33705222976246 0.19339651974732408
472 29.175185647579212 0.19495066102391953
473 29.02596745678022 0.19454823283435554
474 28.867734172682713 0.19497121106887408
475 28.89400523002248 0.19446379110466497
476 28.726349271684285 0.19471093090166547
477 28.50158505451858 0.1943049249105996
478 29.089041371271776 0.19442086466430716
479 29.059290405519704 0.19484476193264508
480 29.200586190919395 0.19552347656241184
481 29.12007720513993 0.1952447231304321
482 28.458356420729004 0.19587641399688013
483 28.558069814008615 0.19629371941387128
484 28.92442003188147 0.19591970325828703
485 29.14386274867396 0.19666885819660088
486 29.25376573288217 0.19573401176031616
487 28.58703204444145 0.1949147265601063
488 28.964342915638312 0.19492665576002002
489 28.75492683316601 0.1948577652958083
490 28.91124329361031 0.19472679310807361
491 28.649437412118562 0.19499503956970754
492 28.25851739857213 0.19441269370904288
493 28.433664760193125 0.19454833374929406
494 28.38790716247035 0.1940141519893155
495 28.84783019777649 0.19351829356802075
496 28.36537874512245 0.19327315440124357
497 28.50446020862308 0.1934186069116973
498 28.463766326977375 0.1937066621729092
499 28.590793615282657 0.19268343141704627
