0 111.87531845082505 0.29837482597454756
1 105.08634930315736 0.2974548979887601
2 107.95868319442164 0.2972059526328874
3 104.13845837004268 0.2971019679571212
4 93.47262548899833 0.2966060696580982
5 85.07081734360779 0.2961893732715892
6 92.1784967638155 0.29578963216069654
7 87.82398067848561 0.2961213867610087
8 91.32665752750262 0.2937653464125891
9 85.86719495452235 0.2928555165154229
10 94.33174836866148 0.2926281850183208
11 86.42368003147783 0.29155327147426174
12 85.82923605493556 0.29051894549623775
13 86.94626534562968 0.28903706920868233
14 81.63279472769185 0.2884688695140305
15 80.37599087126533 0.28697269123300745
16 80.09102763224931 0.28664015367075873
17 71.4720567023682 0.2873261548450123
18 70.34204658112927 0.2837457455043175
19 64.2332345140727 0.2826233633755381
20 65.62571458566373 0.28072284468732805
21 67.88870237681766 0.2788577194369992
22 66.09158134994368 0.2766036827719422
23 65.16348912909558 0.27424736395685345
24 59.44473535525637 0.27352311281834135
25 58.83502670702807 0.27516090586185676
26 51.64342248251525 0.2749094105260768
27 54.329144917265296 0.27529769658646036
28 55.52297709107984 0.27141777926114086
29 56.52087338400162 0.27019145213687107
30 54.04743639024291 0.2687421485010556
31 52.69572003846331 0.26662378709874285
32 57.15906042215968 0.2645239048949868
33 51.769737999784915 0.26276100974067623
34 52.59042013776457 0.2608385859883813
35 52.248473243791764 0.2598800221398231
36 55.243634711875686 0.2587344353533505
37 47.74290848010878 0.26003911835897814
38 46.55347148905538 0.2602734620024793
39 49.902655271082985 0.2619270055622207
40 44.585729247560295 0.26213513016165085
41 48.33075284285334 0.26202051896877604
42 52.026390629419744 0.26238856025649415
43 52.39669556722434 0.26240771794242934
44 49.664824292434574 0.2611421923524703
45 49.93280792469324 0.2601866700438393
46 47.7903332052376 0.2606870182171615
47 50.92108030223919 0.26170325632590735
48 52.213096833613974 0.2619625683639355
49 49.173355008794914 0.2604239269068644
50 44.69656535702519 0.25955277709382835
51 47.19103066587732 0.25839528782518745
52 43.31191415908539 0.25987248727329443
53 45.161896719016575 0.2597545123683507
54 49.39685576516433 0.25784428603305704
55 44.69652706741642 0.2581583995478245
56 49.06310441567952 0.25746097703001775
57 44.54967526984907 0.2573779549045746
58 44.48268734536353 0.25694791288579505
59 45.757313490576706 0.2557933832711831
60 47.67814496739555 0.25568246028589675
61 44.2857111821721 0.2557429405195834
62 44.12770079036447 0.2552207550033958
63 44.03674064826693 0.2549517794120235
64 44.748903434219244 0.25643340204842446
65 43.12721752079872 0.2548398446108693
66 44.00057745227422 0.25520515195814203
67 40.07014625856605 0.2548072879307406
68 41.34998300204353 0.2547280089146991
69 42.309239869463156 0.2544084297201949
70 38.91266139243274 0.2520878209125615
71 38.378230319921286 0.2508660884562835
72 40.03687120966548 0.2495367622327034
73 38.1329687703886 0.24853335363568774
74 38.21339514311345 0.24730971953557498
75 38.91738029892818 0.24800089760406877
76 39.853249422344156 0.24587605877534746
77 39.455101275215256 0.246063615464421
78 36.32603329149094 0.24702334592410366
79 38.50735898495401 0.24832532619007217
80 36.978551440866795 0.24822313291988193
81 36.834028239623436 0.24716773671005376
82 36.49645701273564 0.24753317643248565
83 35.90249807695727 0.24494545318275884
84 36.645807317379806 0.24643351990136156
85 36.63402814374865 0.24681638293852973
86 34.93184052119433 0.2467143584875036
87 35.52452594994356 0.2441404639319277
88 33.85572565843625 0.2428550458854759
89 36.19417719172219 0.24207143864628822
90 35.66762753232808 0.24137643478246837
91 35.02946397368962 0.2406025466047835
92 33.72090072492499 0.24117716431254047
93 33.897153837079564 0.24015296993366686
94 35.636007882892635 0.23969945347550295
95 34.317416044995866 0.2388598037724733
96 35.78712400417412 0.23702197870275313
97 34.75199341671632 0.2380295394055422
98 35.538714455421896 0.2380299386877802
99 36.64491121302886 0.23816764168859483
100 35.7328795468707 0.23577225311652786
101 33.735379296036626 0.23610592689596385
102 34.39847345093554 0.23563875223018674
103 33.691765220234984 0.23406677381111174
104 33.42725812227476 0.23472557546689385
105 33.00538361991899 0.23546619716278602
106 32.56808297128042 0.2352737971731167
107 35.33510431151148 0.23519873631766655
108 33.69068909528056 0.23497829232952636
109 35.73711233687038 0.23462145249599523
110 33.15439317500219 0.23402693262205299
111 32.046504023561184 0.23475502273143953
112 32.46462637181292 0.2341727371672091
113 32.78538512500645 0.23400789993662977
114 32.143044298030745 0.23263524354240625
115 32.32925673966338 0.23180526382769565
116 33.893107957933196 0.2318203989127207
117 33.995547337786356 0.2326361570120474
118 33.46847651292532 0.2329382458554794
119 32.86036057410452 0.23485609335493504
120 34.14187287426475 0.23437216659989635
121 32.563458698105364 0.23214021527938625
122 34.94361542162301 0.23070290783044
123 34.61257090706753 0.23101727472180766
124 32.69853262474294 0.2312563225965674
125 32.49379559345708 0.23162605182328835
126 32.18121594769695 0.23109085486819625
127 32.46883064121563 0.23185333991718618
128 32.304088880447765 0.23528860846076186
129 32.62637859626921 0.23463952389512813
130 32.17209424735021 0.23311034548113543
131 31.72120601779045 0.23461687766313624
132 32.049191424918796 0.23472167538023317
133 31.826598837388225 0.23464563889248644
134 32.616857610692165 0.23291241733303292
135 31.35619740652595 0.2337436573322276
136 32.177744421153896 0.2342304443933613
137 31.28877034732939 0.23458193903296465
138 30.864144113713767 0.23544386515335045
139 32.59815182243179 0.23605117013180485
140 31.619793468235013 0.23397836747692705
141 32.912032335950144 0.23311581586469962
142 30.777549788552353 0.23205917964795905
143 31.19407645486888 0.23030922175919308
144 30.66458633309073 0.23041994027143975
145 30.557622299861734 0.2308302839381211
146 30.948377997797746 0.22914855116510177
147 30.983995691994515 0.22745266286446297
148 30.885651601427668 0.2259128209057956
149 30.537717379524395 0.22344951517718936
150 30.98372507538782 0.22464153470381873
151 31.201952550597984 0.22316523577652606
152 30.189923223436868 0.22258971176764844
153 29.8126717826747 0.2213363908467457
154 30.751208493349598 0.22189454420364174
155 30.37775991420167 0.2235006179167602
156 31.164075770862656 0.22331220249991265
157 31.27485317020564 0.22331358474951749
158 31.74785861365881 0.22346503618793193
159 31.357754146736482 0.22372524579323905
160 30.992199788085756 0.22471793519239505
161 31.896064814023003 0.22360731744514237
162 31.341350446858613 0.2234466203707118
163 32.304918438064306 0.22432179201908306
164 32.55309448499236 0.2228229742302427
165 31.118679980446487 0.2242407132680042
166 30.936641356742413 0.22387774646562617
167 30.503289300627593 0.22261674384780117
168 30.710626357388797 0.2224860065787347
169 30.982527224936963 0.22117745724656648
170 30.700619854604 0.21929389055845086
171 31.232576035071098 0.21825088051003472
172 31.44290049551588 0.21612401105165138
173 30.437381474291865 0.2159627149600886
174 30.15034818905469 0.21614862033026916
175 31.57286228187825 0.2147064622853264
176 30.44323864174251 0.2141996761907398
177 30.30066648250895 0.21363933052602826
178 31.74270076977132 0.21449478240594053
179 31.269850273850725 0.2139171537974527
180 30.300709650427606 0.21434160254511636
181 31.18041556894449 0.2145769590278126
182 31.16301310067449 0.2156504231403468
183 30.38483514646149 0.21740728666658535
184 31.095219215444487 0.2166830097330976
185 31.347766388890307 0.21581743287150032
186 31.763233032586367 0.21491683631858724
187 30.943344741328463 0.21416883617551585
188 31.478266950919007 0.21337796601172562
189 31.625249584063518 0.21284927324456185
190 30.617194147998205 0.21345549384908813
191 30.11217075472061 0.21407079525256587
192 31.07372710007214 0.2152779209664262
193 30.579603162924556 0.21460059278364804
194 30.665109044371405 0.21547699838252607
195 30.74431183130386 0.21427732590147616
196 30.834750090289717 0.2148620997160691
197 30.564731806993755 0.21509913436658334
198 30.935285565594924 0.2140645424967427
199 30.110309526150303 0.21467059402719513
200 31.250753852050778 0.21442441945995272
201 30.574581345948594 0.2150975668097057
202 29.911470559978447 0.2133840342575003
203 29.73070644186111 0.21311857009191967
204 29.807608346014487 0.21150674950463932
205 30.37759531357149 0.20989098319298516
206 30.14790782547078 0.21014977922833955
207 30.184028214991272 0.2095423947339683
208 30.454421305366008 0.2106615961918711
209 29.958507639090413 0.21021865361474737
210 29.076806961804913 0.21169156598089076
211 29.021329256653203 0.2113920422727292
212 30.249290287727938 0.21200410101674513
213 29.506878535880997 0.21286822299054156
214 29.787215202784786 0.21379513594629238
215 29.92418323975835 0.21402728301476484
216 29.408602043770134 0.21437000729659902
217 29.811393521129297 0.21497561042413693
218 30.307522112769984 0.21377086003018497
219 29.79236383494703 0.2136397184778883
220 29.554104104180347 0.21284585304140205
221 30.055376398132562 0.21345151224861394
222 29.655850815579072 0.21375956977710367
223 30.10763213456687 0.21436457678362442
224 30.177712866872902 0.2149222993026351
225 29.366994093176046 0.2133741162207309
226 29.57060015535401 0.21196122616359137
227 29.35698857898712 0.21369569944143896
228 29.902467717032252 0.21465334859613572
229 30.307273059601144 0.2148730175063277
230 29.525351118683552 0.21565929129933595
231 29.985868343372562 0.21455446824858201
232 29.488196541183306 0.21628038783357598
233 29.437933847120473 0.21563392847215324
234 29.928169739920264 0.21434356785132413
235 30.288388615445598 0.21429208479657902
236 29.93519680363515 0.21405526848471512
237 30.07203375998334 0.21420875977303866
238 30.45139029128321 0.21442658984136864
239 30.280460633838754 0.21470423884778977
240 30.166510107109687 0.21408294795406135
241 30.53739589529274 0.21458892438334573
242 30.69563990764641 0.21375212605610328
243 29.940579056664937 0.21366584593434312
244 30.18608027747161 0.2147843793066988
245 29.97666654313975 0.21375704754091762
246 30.402889968891326 0.2133912190654683
247 30.251461784609113 0.21321324093544333
248 30.297844984603415 0.21234610779414112
249 30.44132826361362 0.2130171590617246
250 29.22517795573016 0.21179509305543973
251 29.759061467899887 0.21223574292337025
252 30.105424840537438 0.2111611153259656
253 30.536297314280432 0.2128125260165484
254 29.08572503942016 0.21089142835792166
255 29.676437182974862 0.2104691472250512
256 29.56790260039257 0.21003162299816644
257 29.805533165281233 0.20981870270216482
258 29.25357476422429 0.20915711989614674
259 29.95137843812337 0.2086457026760151
260 29.75867520233921 0.2094672800557793
261 29.742611097603206 0.20894307720199853
262 30.10214228140974 0.20907864684718627
263 30.59086574054892 0.20931662961068628
264 29.643894811673306 0.2082377906567752
265 29.77821170467577 0.2079672951828455
266 29.9693417896007 0.20761588349439283
267 29.956405579758403 0.2065430448344082
268 29.97887959848901 0.20591958138065006
269 30.34526941872099 0.2060929938171575
270 30.135328445622136 0.20635466863086635
271 30.167924807077597 0.20609108627396977
272 30.89610495854507 0.20687176040988597
273 30.8496500920256 0.2058207781859613
274 30.37589226607109 0.2057806650923254
275 30.358941188083197 0.20600821682785955
276 30.31615244136601 0.20623981512448983
277 30.57562024673659 0.20554424291368933
278 30.627625812069997 0.20540925293327406
279 29.827725967523108 0.20498069922915726
280 29.560817088213625 0.2053811673330964
281 29.649436270993405 0.20487032032553157
282 29.425823297941385 0.20558707827341519
283 29.6018549698571 0.20412573824330368
284 29.838358050977853 0.20442398508042245
285 29.959102712544304 0.2037799195735921
286 29.712479860668694 0.20434631562673375
287 29.86110267601411 0.20332083260925402
288 29.212292410230454 0.20199560429743926
289 29.574425328377053 0.20202221157900815
290 30.02100294124112 0.20282287102581983
291 29.55774821638509 0.20260152661171857
292 29.0640027193247 0.20203895471145875
293 29.170247704654884 0.20229840989471648
294 29.802263378043843 0.20172336541505578
295 29.74234973012276 0.20278743502063967
296 29.756245366967725 0.20249810504498056
297 29.400725685122325 0.20107759000002315
298 29.152182996504198 0.20090819283721942
299 29.08730308543664 0.20053726970513655
300 29.533399727215752 0.20092079492244083
301 29.579964330023873 0.20069199829022968
302 29.409987833728344 0.20167698849583346
303 28.764625532101945 0.20276256278200536
304 29.387110478910806 0.20081976712801616
305 28.854176622646428 0.20137922627174798
306 29.258097100677034 0.20136892005556306
307 29.236133064114888 0.20086573644595349
308 29.314508271368794 0.20080712478548943
309 29.674816422330448 0.2000541547493783
310 28.99780169642273 0.1988575545118502
311 29.503115236375898 0.19877731766957032
312 28.855585139619542 0.19990782407105837
313 29.968886562377957 0.1992909543432909
314 29.393537490121908 0.19884193160587674
315 29.56460750820299 0.1977816775011895
316 29.479981349506783 0.198500925931737
317 29.29297917588019 0.19739788238553427
318 29.124774447977543 0.1979067943002412
319 29.098252849790608 0.19757374573995756
320 29.263850855396786 0.19820924890033034
321 28.801550668892872 0.19802814050937745
322 29.083685150240292 0.19717683310437736
323 29.052746120562475 0.1975523014741748
324 28.96648304660487 0.19885217864216306
325 28.647721307186632 0.1980997723166238
326 28.513711582219937 0.19880223676283845
327 28.909138566306666 0.19884309011120604
328 28.830426355576733 0.19818644399858046
329 28.67733071617873 0.19689014181975786
330 28.82567418246778 0.19834546853737248
331 28.442985425118167 0.198300948359438
332 29.0156005232555 0.1986304716157187
333 28.98389841906665 0.19842595193012155
334 29.766508964922654 0.1974385771386974
335 29.384198102067423 0.19834624487116193
336 28.902611109032808 0.198599911104983
337 29.603457041580562 0.19819010376535542
338 29.177408711446798 0.1975816041840046
339 29.437565002962216 0.19702586878961684
340 28.799825608017148 0.19649622781855766
341 28.9222631194852 0.19633577214994768
342 28.779161968154256 0.19687150298438608
343 28.733232019223095 0.1956785572494196
344 29.095185932494743 0.19514763377366343
345 29.106564483318664 0.19486475773883324
346 30.750302659055976 0.19530037214021245
347 29.229251048332404 0.19468582940741608
348 29.15291152233548 0.19476746631394293
349 28.9049155321835 0.19497474746238552
350 29.304541015826736 0.19563189218784272
351 29.127407740592666 0.19578298014710413
352 28.64109880323238 0.19583963068569585
353 29.406399018409292 0.19623825717753576
354 28.997166832035056 0.19627136874291373
355 28.931472119033884 0.19696387256598843
356 29.414644972977065 0.19658657827924497
357 29.328651196053123 0.1977799944701513
358 29.318553326101295 0.1982346453398897
359 28.702112443523138 0.19831237211242447
360 28.64085180270103 0.19848673690646534
361 28.683064852358306 0.19905689493635936
362 28.945970013509623 0.19855341265096427
363 28.42171530082419 0.19879367554964547
364 28.177734732383726 0.19835511209464776
365 28.648668788982413 0.19935699346588862
366 28.900875118814497 0.19922304719024905
367 28.72525630542402 0.19944503213622775
368 28.454152157837505 0.20001106939684907
369 28.581385444890323 0.20014692617160978
370 28.37473415307319 0.2004685574724736
371 28.897733118063492 0.20011759559969153
372 28.14635741182964 0.20006603553876745
373 28.46320247878048 0.1999280685827154
374 28.54051827323205 0.19984088529611124
375 28.661226733339525 0.19925642081410633
376 28.256185357905604 0.19883530640639846
377 28.927350103929594 0.1984810657885078
378 29.045652339418687 0.19782563877477688
379 28.562693968065375 0.19827335723536366
380 28.77420376206102 0.1975531473354756
381 28.663447827727275 0.19778329114341328
382 29.268038762878817 0.19760311367158076
383 28.807091624187173 0.19660980827134536
384 28.91727123371662 0.19636018992722315
385 28.877650665615562 0.19669264552616095
386 29.177263778902304 0.1955847121031237
387 29.00413382665902 0.19494610032180326
388 28.626526660730487 0.19571626278595075
389 28.723408426034702 0.19523034532578895
390 28.780731568541285 0.19446884518916666
391 29.135823415203145 0.19316991716239054
392 28.403590621334875 0.1928507700229537
393 28.613426303921546 0.1929622588030042
394 28.779855987219776 0.19291883824945613
395 28.55281133921617 0.19321802610448757
396 28.93138357857273 0.19275539724816104
397 29.16929661471255 0.19344241778091142
398 29.034622582094233 0.1934162423008922
399 28.71792334457775 0.19332454565652402
400 28.830770430140984 0.19381485254147468
401 29.077288196286272 0.19318678069604603
402 29.0410982293554 0.19288618420784986
403 29.00360322546282 0.19260885154283428
404 29.05963334895373 0.19256849005700058
405 28.93606634156056 0.1914888179551084
406 29.108220124548538 0.19147045695782183
407 28.947732601852103 0.1916832076687749
408 29.07730241972913 0.19212648081357145
409 29.138563300130443 0.19227221395691818
410 29.369294107630857 0.1930192156363492
411 28.589690713802234 0.19255114622947622
412 28.7877054280545 0.1935619857277758
413 29.0384364244511 0.1932139513412242
414 29.294677991708042 0.19228977966012795
415 28.912758939670063 0.1913128680466574
416 28.627734750184647 0.19182275395981727
417 28.60393754808799 0.1914733152939808
418 28.996459432288066 0.19085836781429766
419 28.808325015134656 0.19035228455432399
420 28.77532168908926 0.19024150336825593
421 29.25190297349574 0.19100228541458608
422 28.540590331916242 0.19076738733763934
423 28.39017430421979 0.19020433933648787
424 29.078781467664726 0.18989689083604044
425 28.279986044200186 0.18957820417231233
426 28.902212996729034 0.1894228925525823
427 28.620819881078532 0.18975631239922766
428 28.564149676412804 0.19001087470075703
429 28.99350076836282 0.19035635067056256
430 28.83523304173139 0.1892130443713198
431 28.796915820390165 0.1893855435646611
432 28.690876649685798 0.1894336846484269
433 28.274813911139542 0.18922109026806969
434 28.48520761185114 0.18951837465593036
435 28.05202157483715 0.18893134313892732
436 28.0027879504238 0.1885237079957808
437 28.297964577990488 0.18894139104972874
438 28.13505845030018 0.18927080346701297
439 27.85627161549388 0.18936104386344133
440 28.40317983100193 0.18877922678825876
441 28.86870807097597 0.18876769153000886
442 28.88493198147486 0.18875538783452983
443 28.443533702463753 0.18828336393029596
444 28.772249383177602 0.18825846106670538
445 28.991368473343332 0.18880866467230137
446 28.572882053375228 0.18794631810366838
447 28.877307606039814 0.1877812593419345
448 28.998262252442693 0.18685179744794178
449 27.91528888698311 0.18718100780063565
450 28.051394887698663 0.18782192979316073
451 28.160318842536732 0.1877216582602598
452 27.852673454286737 0.18809779574686813
453 27.817274386804982 0.18838356211950438
454 28.34619187786908 0.1889838115489193
455 28.271788167351787 0.18855184811938677
456 27.770521331666007 0.18867516831791298
457 28.107304515126888 0.1883421843235474
458 27.57520819668046 0.18832241102308944
459 27.94113845657933 0.188639971121758
460 28.148158923999574 0.18910075225703546
461 28.69195394552927 0.18934590204221532
462 27.936211442058823 0.18867941842440103
463 27.936062564759567 0.18894196957422693
464 28.335944012849932 0.1890621044827178
465 27.858050155554025 0.18976977259715352
466 28.101215283650497 0.1890857824996585
467 28.34240795754037 0.18973148633593592
468 28.229786116884796 0.18941595479345394
469 28.18035760430171 0.188530140364099
470 27.998194626918362 0.18875800278069932
471 28.20319756929461 0.1887345404464111
472 28.112844056002373 0.18920158147326163
473 28.185089409954543 0.1897488052673666
474 28.045211695058317 0.1904473971622946
475 28.746456655559474 0.1897366543554363
476 28.92496577470623 0.1891177624306285
477 28.16138848718394 0.18911688896415724
478 28.365466423392853 0.18880005004715647
479 28.496224257919593 0.18833514157055684
480 28.41185906266326 0.18827673965379266
481 27.80272879592717 0.1882046326752409
482 27.93834633956635 0.18811730819554803
483 28.64687844663735 0.18826150462696498
484 28.346896241322185 0.18862554183813027
485 27.926232012591413 0.1888070825641848
486 28.389360491280755 0.18867699085521558
487 28.400912987345095 0.18755585148684073
488 28.10653139772989 0.1883054933466686
489 27.744075788656517 0.18807962847466445
490 28.33143169622553 0.1878854399097191
491 28.114268665899814 0.18774844932015458
492 28.23558959840525 0.18744142377834516
493 27.98459687471323 0.18746005063617485
494 27.949960785439913 0.18714704130530033
495 28.12276865897433 0.1873670559655577
496 28.15616247867851 0.1870410128313141
497 28.002405436727148 0.18690773435684413
498 27.64431861044233 0.18692855463048005
499 27.617292765493417 0.18722715730068554
