0 105.72893473669956 0.30056255287440914
1 106.35917601623194 0.30155751146442117
2 106.57812835976054 0.3013487229269136
3 107.36666214659414 0.30144570847327357
4 102.46145509485801 0.30258747527323854
5 90.27511684138332 0.3039847154414264
6 83.40594675264539 0.3054398149953014
7 83.80207154274696 0.3053172048337321
8 82.59717443585447 0.3058702420174087
9 80.73183752342757 0.3038312464923707
10 75.53301251239458 0.3025526340560946
11 75.57622484225129 0.2991439485557273
12 75.15303322937987 0.29746369150816016
13 76.81312033047257 0.2992452548458267
14 70.53714794134385 0.2976201782584524
15 68.55901443386202 0.29637749168272737
16 75.94610680362533 0.2974336768342862
17 72.22342014738055 0.294764471487754
18 72.9201626794806 0.295844690202615
19 71.89027464960228 0.2934580294832743
20 65.08452492852146 0.2924157023436949
21 68.82811187101902 0.2886517047361707
22 63.44519607173335 0.2849300565936215
23 61.754654281535636 0.28550399082423067
24 64.553339384394 0.2855446989177677
25 64.77027922612358 0.28357228300659393
26 66.36221390348207 0.2804879192627075
27 57.91171371802703 0.2766238582071046
28 57.42211363511561 0.27486461156043224
29 58.134164725025414 0.27451575881632073
30 53.86561575878147 0.2720933386245154
31 49.09244152628472 0.27160385130559545
32 55.27055652833086 0.27271931230872853
33 60.86038110157133 0.27168406639923887
34 53.78978755833773 0.26974339514387924
35 55.80949627545401 0.26847042732562676
36 51.472240821280266 0.266880650215331
37 55.534577116762236 0.2648305502444066
38 53.26902232222003 0.2629592676159358
39 51.340947516353836 0.260849916455524
40 50.405342175267556 0.2582847925050938
41 53.7980720515489 0.25621827761752275
42 52.6186137848261 0.2554623038646692
43 54.73848786359984 0.25444031394695715
44 53.57546275781819 0.25417236243573565
45 51.4555197550479 0.2534394724214574
46 49.8452856184348 0.2529133392520813
47 47.74633864538271 0.2508399704657362
48 50.32758377559769 0.24770001485571913
49 47.08106862199859 0.2472299520117105
50 50.20733303667781 0.24772333488691198
51 46.46442382970831 0.2478707123337128
52 47.67899384057533 0.24856168933042064
53 51.957083696818415 0.24966211282473383
54 48.89328375040611 0.2488694564614646
55 47.08480857121031 0.24675255384205955
56 46.23992255204472 0.24263809846952325
57 48.328967625121436 0.24315790205264534
58 45.821001217781415 0.24362131188790567
59 46.4167448707284 0.2412290500965263
60 42.89848825179823 0.24033592549666524
61 45.38068948859153 0.23977975707556728
62 43.59893490841563 0.23953739725411505
63 49.67192033123598 0.23864773803054376
64 44.35417718202399 0.23810443301329118
65 43.80562304622797 0.23752705033175225
66 44.13919935026322 0.237909705562426
67 42.19415831271023 0.23609638427613097
68 42.42028521587207 0.23517218119548633
69 40.59996435184374 0.23612224241603955
70 43.83975512724494 0.23693406522788654
71 42.9313404111045 0.23560997210492204
72 39.65879631130743 0.23428665320834333
73 41.661180702998806 0.2336937536928534
74 41.480579484605016 0.2356699014481993
75 41.03601891720314 0.23558635911970427
76 41.36998437834484 0.23528642265463792
77 39.78463222333539 0.23449328388583268
78 37.85718921710898 0.23270418165350437
79 44.05341571022514 0.23217796189417209
80 41.380681892234165 0.23118433631953053
81 38.26793838715647 0.2299758757697398
82 38.10488390744287 0.23080980881077315
83 39.63506313875065 0.2297738061647233
84 37.67234494733904 0.22847552594557505
85 37.43429027757917 0.22817208149860568
86 37.54368248436112 0.22808081252181336
87 38.79016749271834 0.2269960927176149
88 40.925793119417996 0.2252865924672455
89 41.57157933258512 0.22447919761702326
90 39.23736287999813 0.22274997916302985
91 39.43153290083457 0.22080620083282407
92 38.7779222374469 0.2197952524213217
93 37.9188882287893 0.21960156235265335
94 36.821413301669736 0.22061993687255474
95 37.18019426288484 0.22105898846369576
96 36.89812730306403 0.22018742399424393
97 36.9899281410409 0.2223957459016036
98 37.68379670153142 0.2216752828950617
99 36.8446747397906 0.2209926214412792
100 35.7355040645408 0.22301928042444072
101 37.45254103612474 0.2204596398466954
102 36.49277534504158 0.2194720101761536
103 37.34862397759128 0.22027068475395964
104 37.00831067394523 0.21844279576366002
105 35.94235341793657 0.21937144027551758
106 37.25122951383116 0.21968396804397194
107 35.79954643920691 0.22100832200169987
108 36.41113776096461 0.21878125290078768
109 35.497848728579626 0.2201931142658474
110 39.50538274131537 0.21955187872846613
111 37.50504611344431 0.2202416734263031
112 36.30783490629528 0.21975519868976398
113 36.112988711674916 0.21821115581219505
114 36.55976155707391 0.21595198910916213
115 36.312190451802344 0.21563237390118137
116 36.59517006370389 0.2156087355817715
117 36.78272506112681 0.2128424662061392
118 35.12432251829058 0.21185533160069506
119 33.84440919742731 0.2133285506264718
120 35.77497797733538 0.21374992239416477
121 33.636346105932816 0.21297700339265688
122 33.73669927708486 0.21251361866551757
123 35.329059181372244 0.21210093785607134
124 34.557007784669125 0.21266654990519918
125 33.72837651864545 0.21141473909092237
126 33.82781491844924 0.21088048983337396
127 33.328735951931705 0.21152622007211516
128 33.06817895287826 0.210274463173468
129 33.74203445333117 0.20948308107373595
130 32.456571268921294 0.20907276740803218
131 32.73698175915733 0.2090892779315671
132 32.909541004980845 0.20838468686489367
133 33.007519100252864 0.20721588738934457
134 32.47858621701957 0.20723015897486693
135 32.42918298411239 0.2070974270499645
136 33.08953273595996 0.20593972431666763
137 33.32661703073766 0.20554914450031825
138 33.88886516352248 0.20540074470436184
139 32.90207978665352 0.2049500961543642
140 32.817879214603735 0.20577093646906205
141 32.825491096764566 0.2057185551939815
142 31.919622428011657 0.20553068202248373
143 31.731053134317072 0.2070107430467932
144 31.426950302369093 0.2063027685020633
145 31.63724974512123 0.20593680263745429
146 31.655817770974274 0.20481522746682912
147 31.845875468379162 0.20341936425515436
148 31.869034584415616 0.20363836620351705
149 33.20273824565561 0.20299026514322552
150 33.06022171206368 0.20317843773371183
151 32.787722785479474 0.20329320800015793
152 33.39105912345345 0.20298309453813157
153 33.94170735238184 0.20314777221177863
154 33.07274973570158 0.20426856482141664
155 32.177406148911885 0.20455402102443862
156 32.65130791645656 0.20545214143496351
157 33.29351454356624 0.205416552982472
158 32.85002087489557 0.2049604557234701
159 31.84017352869029 0.20434601720422207
160 31.98816766296649 0.20282338180052997
161 31.666257482891268 0.20389504232359243
162 32.66273912649068 0.20267806291190435
163 31.302827056418856 0.20207772324676276
164 32.35220019967669 0.2026871820140473
165 31.107590270278624 0.20241083981168415
166 31.242408002395116 0.20152308567374502
167 31.406042053456254 0.20111515083168854
168 31.624965962078978 0.2006737299725189
169 31.881632980960365 0.1993564906125019
170 33.39184567338462 0.20130000249733326
171 32.38439721508761 0.2012427110018301
172 31.763585841089455 0.20136486485038882
173 32.216875732453516 0.20055689952792147
174 32.28363608481741 0.20007449087024734
175 34.41158416353426 0.20060377875250868
176 33.22457659766137 0.20041441095034077
177 32.34786073558206 0.20097197468494776
178 32.91698926213253 0.20131850440786236
179 32.408468795062674 0.19979550739769816
180 31.815825806332946 0.1988654193690095
181 31.223380873140872 0.19995148304966956
182 31.026464793687033 0.19931705018644505
183 31.84553966167365 0.19923664452679082
184 31.492098543814308 0.19851577923158706
185 32.19262352390737 0.19775719659963645
186 33.14594728845083 0.19848206604562435
187 32.024158926739894 0.19836953988257777
188 31.874492241082507 0.1986899370455564
189 30.899496040794833 0.19831622988615308
190 31.029964001304606 0.19736194624586756
191 31.892097173457834 0.19659201290358466
192 30.909506808285283 0.19671847749950355
193 30.2732311855973 0.19663683972523924
194 29.899991644264 0.1967884441782657
195 31.484370828008856 0.19616304766710524
196 30.765333485702104 0.19496211633948257
197 31.25114960724293 0.19479525407887052
198 31.034666775801803 0.19546555518674769
199 31.499305310062034 0.1957358988866709
200 31.09181665464915 0.19599578189375158
201 30.393280909249405 0.19620001225478978
202 30.516975668003923 0.1956488431200211
203 30.721833670479505 0.19415201545315308
204 30.50170608290415 0.19523079569560942
205 31.07439113416134 0.19483517897812877
206 30.68859783264073 0.19427005154007906
207 30.816205177668614 0.19510511621738655
208 31.344815444285317 0.1945962620246565
209 31.143079642040043 0.19495111364974624
210 30.997613721291316 0.19448666043538268
211 30.70483200211816 0.19487664269035465
212 30.434334538600368 0.19401665287388634
213 30.423244777291753 0.1949977347227967
214 29.89834834642441 0.19650182978069763
215 30.885594258297623 0.19710820995130507
216 30.571244266984444 0.19635437648014886
217 30.169228075623018 0.19686525213583247
218 30.305162330733577 0.19645206943470717
219 30.14927388768217 0.19777994395162687
220 30.42291002187404 0.19742959228611778
221 30.223335069504742 0.19746351815247543
222 31.226110611556834 0.19577084559872024
223 31.54900010696062 0.19615818851319508
224 30.741798452001284 0.19627850260368673
225 30.121755756724305 0.1949877462179852
226 30.236584982068013 0.19567765636746373
227 29.799383269117357 0.19499981415295323
228 30.021879366194582 0.19503200705596987
229 29.22656029320133 0.19489247263594542
230 29.214067740132837 0.19401714356756514
231 29.680300092227796 0.19453854388838066
232 30.228968736693965 0.1947931605740982
233 30.128014605977295 0.19453676497466119
234 30.077957508919226 0.19531067584378844
235 30.393132114243144 0.19520205405785354
236 30.399437254258082 0.1954795321935918
237 29.807270695166487 0.19592309389720408
238 29.985783545733582 0.1961991729291486
239 30.485730763017564 0.1960330441111328
240 29.794553530194317 0.19432371189568964
241 29.42002128130346 0.1933105111954315
242 28.97716749803627 0.19397818117320811
243 29.967170295514677 0.19364615959146655
244 29.79646657202275 0.19365983253034091
245 30.29585410150367 0.19305618634614077
246 30.02979204328175 0.1928736411404501
247 29.615779305317567 0.19344605354972932
248 30.20249385562879 0.19383260860482998
249 30.817513974286104 0.1937620631942488
250 29.746649097284532 0.19353346858031117
251 29.03793755546711 0.19242989620334336
252 29.859027287535213 0.1914452563534826
253 29.078959823678904 0.1922662004301234
254 29.790444249244523 0.1922132123856851
255 29.28954448589392 0.19187292520493401
256 28.822651136771157 0.190863823457912
257 29.59084431249526 0.19115600349510872
258 28.993551865846953 0.19030299494404898
259 28.954784950082363 0.18972288395865136
260 28.975197172667738 0.19011241007104387
261 29.4306283386245 0.1893511609857185
262 28.99534124379821 0.1889867190404678
263 29.218394185062103 0.18866867577235746
264 29.101458007411928 0.1885537605712889
265 28.905144096296688 0.18893623147982572
266 29.006859167403785 0.18861233770262067
267 28.96283006298912 0.18830735557416203
268 28.38125218993116 0.18856905242596758
269 29.645716710227006 0.1877584137994698
270 28.542384139180918 0.1867202388357252
271 29.661383503445006 0.18603803646172498
272 28.684212822860353 0.18754681112040486
273 29.133197589784036 0.18735656077621118
274 29.42303153322533 0.18761311569946226
275 29.195581496939326 0.1877547826290306
276 29.370423634910942 0.18696082258176663
277 28.575735420816727 0.18701433847285717
278 29.856549456485347 0.18747565839422653
279 29.535438262358525 0.18672841071923493
280 29.028380387753785 0.18793121537104374
281 28.693482411551123 0.18802996404109748
282 28.448453654316676 0.18773007033695085
283 29.05448381711974 0.1875012034270751
284 28.44092804321638 0.18669567704490841
285 28.78453286202745 0.186115037197948
286 28.91775577189175 0.1863679829097092
287 28.451296794269908 0.1869555359932065
288 28.701521292829675 0.18703969998017075
289 28.269316522080615 0.18604855563522285
290 28.02286729394159 0.1862662137028216
291 28.630498683869337 0.18641765117286205
292 28.104142310133483 0.18656645061105218
293 28.553687371007655 0.18593373684156467
294 28.57842739895367 0.1863797364746783
295 28.343132456392993 0.1876406885480236
296 28.287056721059756 0.1864728963510155
297 28.45338079012768 0.186303266666881
298 28.441750758346167 0.18590316730203282
299 28.278817882544523 0.18602139898729367
300 28.675242657475522 0.18587809078428827
301 28.26958222689437 0.18568802496220727
302 28.61023212158577 0.18611484017241994
303 28.294894725498608 0.18627678855669974
304 28.387269249118027 0.18553276889362746
305 28.45614514962456 0.18427200821447184
306 28.027304373203393 0.18450656768139914
307 28.300097065889076 0.18428305256128422
308 28.51543627173991 0.18348622728817124
309 28.612647917514906 0.18390178668633853
310 28.246626008690114 0.1844249877829246
311 28.285281676994195 0.1828071073169836
312 27.920122109453423 0.1827981402383004
313 28.659628654980914 0.18283720482269725
314 28.075643288090646 0.18327153823422168
315 28.869802291746154 0.18353607810942038
316 28.34429358649323 0.18273267102515378
317 28.411095403927618 0.18144003036761588
318 28.225354718549195 0.18150625877309193
319 28.02982255166551 0.18131175795287638
320 28.46953390316819 0.18122464835945196
321 27.859879838867677 0.1807450372555812
322 28.19697671043304 0.1813679431616848
323 28.119717499470077 0.18111746631423328
324 28.511990365973002 0.18160570626841066
325 29.196602676137076 0.18046489786783115
326 28.152503382426534 0.18013891098286197
327 27.89889350507162 0.1803100018193722
328 28.023020796252432 0.17967546600996798
329 28.149942269059316 0.18001463062108622
330 29.833078131997596 0.18065102432718597
331 29.07233316003954 0.1792786584425967
332 28.781115586242212 0.17826238191864674
333 28.154284875546942 0.17804232376507798
334 28.695040056062297 0.17735393324696558
335 28.576959439051585 0.17769249838857668
336 28.01355757524039 0.1773875839671123
337 28.181174597410806 0.17681005261857705
338 28.779055875022856 0.17649971986935284
339 28.228640326762026 0.17707233568536793
340 28.387638440616474 0.176488218190702
341 28.27614186174974 0.17671535954307482
342 28.374543904011013 0.17703952550964405
343 28.840863199131658 0.17630063445046193
344 28.448113034450692 0.17568090674950246
345 28.17852133509824 0.17593462053517775
346 28.64680221111137 0.17497437968542218
347 28.440456725336375 0.1756922619040279
348 28.21797828511867 0.17550424160668024
349 28.310170708503016 0.17556100388197252
350 28.21376760896422 0.1756441171789268
351 28.735326376248544 0.17610438134960246
352 28.715473851752968 0.1761774931949196
353 28.417436418164126 0.17596589224256773
354 28.14945563907208 0.1755674058867113
355 28.092833083401487 0.17564320590005775
356 28.32328266813454 0.1752018908383928
357 27.87562815551089 0.17467851861279607
358 27.84517752023412 0.175098427476704
359 28.09136409248441 0.17493953509696344
360 27.925232486156155 0.17457726208817145
361 28.416199259273974 0.17445169789573536
362 27.9292214938751 0.17418481649877138
363 27.927751402478272 0.174549082235845
364 28.414079562037077 0.1737857442608397
365 27.89336440679343 0.17428962995274574
366 28.07367802355622 0.17463889946020808
367 27.941951151572624 0.1747978765873824
368 27.921629517755814 0.17419303937696462
369 28.133038998930154 0.17423173285943885
370 27.787332888307102 0.17530980894696033
371 27.823017289226073 0.17571805521461167
372 28.13667417378828 0.175574481461909
373 27.521334531256823 0.17514380983207892
374 27.879635897187782 0.1745113939774776
375 27.793660566884693 0.17397455054072172
376 27.58272267049095 0.17368239594825438
377 27.475864530093 0.1733985966788466
378 27.88518665719503 0.1735591721060846
379 27.634537109193086 0.17372148095448425
380 27.95504069714889 0.17365538657914703
381 27.53088251349208 0.1727558239612795
382 27.600982241847483 0.17288056382718353
383 27.68886562120904 0.1734371052577235
384 27.52291051917453 0.17321727566012265
385 27.886225052477783 0.17320012918533645
386 27.771336168729285 0.17312113936241347
387 27.91828974929792 0.17370395780095213
388 27.71324884337676 0.17415664489314228
389 27.41083050228221 0.17438311600528966
390 27.796211058389048 0.17465725385764386
391 27.70209075012841 0.17449353449436264
392 27.56085795225487 0.17453512061330467
393 27.979627587392468 0.1745142937175641
394 27.974088187413564 0.17495146223188618
395 27.831235846356027 0.17488811736442056
396 27.613044884303335 0.17422106696632453
397 27.740900033276077 0.17368161032251125
398 27.780005754775935 0.17292865330539567
399 27.434838528127436 0.17320178154526314
400 27.43585709948355 0.17326361976617877
401 27.769648729228578 0.17222295166717913
402 27.654306692575787 0.1724467544201825
403 27.80005832964106 0.17193475753100906
404 27.626237276934983 0.1716094212240741
405 27.62514391908686 0.17163089612395907
406 27.6113618825553 0.17087945762660453
407 27.385759577721423 0.1709307418621011
408 27.576521826612108 0.1702755771590521
409 27.05610454213994 0.1703178986112912
410 27.140016851247218 0.17023518961700304
411 27.56792166580299 0.16921871715221593
412 27.65601206789058 0.16939594086292087
413 27.28307740673919 0.17002871998159344
414 27.087794327791478 0.16990968039491386
415 27.312084088134487 0.1702292018240287
416 27.502689905701807 0.16992954814420166
417 26.938731994444232 0.1692004851108557
418 27.29872561816746 0.1701892561594757
419 27.249212030555327 0.17031477418606347
420 27.183437258769764 0.17073255955013425
421 27.19783617083938 0.16993723358207266
422 26.97031836852541 0.16951742343009324
423 26.71580293570795 0.16932684503099615
424 26.7690412533289 0.16890811843513567
425 26.619332720998074 0.16863724236749875
426 26.729938460182172 0.16866101165516004
427 27.04697944868869 0.1681920928826207
428 26.99435693217802 0.16847755417460286
429 26.740738248151352 0.16863032640243883
430 26.909477930913862 0.16858217656882127
431 26.723227608097762 0.1687470807796528
432 26.859962997198707 0.1679655500075858
433 26.76183663809787 0.1680791876602071
434 26.92832212701976 0.16800237970915574
435 27.088960063352154 0.1684638428304368
436 26.9898817432696 0.16809491461834095
437 26.650959293031264 0.16752552845577437
438 27.162109456579365 0.16796420447663918
439 27.00837812202795 0.16704183029881733
440 26.604977803743775 0.1666800497924215
441 26.598221620266244 0.1668093741294605
442 26.4241256319901 0.16753295490672274
443 26.7949847545286 0.16702115438876922
444 26.75123930844087 0.1667214031276496
445 26.884014526432857 0.1661140363942225
446 27.30512040835559 0.16669465447769657
447 26.845094733428944 0.16592186240844242
448 26.873015928390593 0.16599550476670702
449 27.26032666862202 0.165723864107164
450 27.29491372594879 0.1663356734025504
451 26.907056381877577 0.16633413308689451
452 26.940864161007497 0.16625203000226857
453 27.132898383303534 0.16568388926725167
454 26.730805258738613 0.16649568204452028
455 26.813370356961393 0.16757460192585874
456 26.98882947090839 0.16769102998565474
457 26.953698233367714 0.16728077507311914
458 26.91939288438074 0.16727683893754494
459 27.096767786589464 0.1666461466081551
460 27.068550660685695 0.16629241236201986
461 26.20364745660794 0.16625975580504979
462 26.78978132015208 0.1661999230582764
463 27.115914171583924 0.16572173851034006
464 26.817148505744044 0.16552910657970343
465 26.570196429659898 0.16539500312788422
466 26.382683225803458 0.16512553805015134
467 26.513711438241756 0.16524027988779058
468 26.62526214281742 0.16520513723323269
469 26.51874536794653 0.16502313336665045
470 25.999955922626796 0.16425763886652198
471 26.443894273622817 0.16449198842917284
472 26.540832702138488 0.16489329500714087
473 26.501425760063373 0.16437182854392451
474 26.201612904316 0.1638359315703125
475 26.69295977254304 0.1642167523958926
476 26.286915609113425 0.16447828468384637
477 26.5543848367255 0.164654141302761
478 26.21180209091131 0.16461975006788765
479 26.318176093468065 0.1645383595301592
480 26.369857486789616 0.16446893220250586
481 26.39553204001809 0.16534673124471813
482 26.513583158984233 0.16592100362121176
483 26.92706720966863 0.165847668123521
484 26.804950756358952 0.16561532400335632
485 26.69749112885755 0.16573392937502066
486 27.043167696953226 0.1654023906583766
487 26.552513710272983 0.16482880270921668
488 26.122352201276797 0.16509264982061603
489 26.282916776235023 0.16481444295127776
490 26.16492359254206 0.16522411054660716
491 26.222549228704935 0.164818235403377
492 26.24914549380003 0.16452115291275393
493 26.45535589621901 0.16471741426148315
494 26.20828278050351 0.16441579407413898
495 26.266066942807853 0.163746843704727
496 27.244992637915423 0.16354893740747098
497 26.94942560507839 0.16360384896363028
498 26.3040938335494 0.16353707172859527
499 26.50086333831164 0.16377438781622353
