0 100.57826399994431 0.3008750842958437
1 113.64416466290953 0.3027827608692944
2 98.13759490724223 0.30387358264499986
3 95.71064355770038 0.30467075474513966
4 90.95786613597751 0.30450168634141767
5 91.40267830775858 0.3042506976232571
6 81.78799270910537 0.30399560589082375
7 91.88030047267569 0.30383211600610255
8 74.81271410990789 0.3052383395387149
9 68.61822358948109 0.3052951050646791
10 74.89259985508413 0.3049689356707052
11 80.25556170099131 0.30297218252009733
12 84.12233067332551 0.3011439867409791
13 78.08303331854111 0.2978075530700281
14 87.71877793619757 0.29791057149344297
15 84.4841861724017 0.29819453359653897
16 68.24663317485992 0.2971024505386566
17 70.71089267393339 0.29736868529951893
18 73.25270481312596 0.2967844794433434
19 74.34127749364265 0.2975280966615289
20 70.02715141609926 0.29372333139477397
21 70.42974767366003 0.2931176630806019
22 64.94024838770385 0.29392192423623087
23 59.967201184915844 0.2937790545642741
24 60.66772699755681 0.2921167596756455
25 64.15003258619723 0.29301384374172557
26 55.037664714938714 0.29054572167075676
27 57.98767109641395 0.288190921405334
28 57.49573923649389 0.28755324294350865
29 59.928612092889225 0.2852956797739728
30 58.077093068952856 0.2836471778289516
31 54.95005916300273 0.2804459266730253
32 55.06119954957947 0.28028180394121216
33 54.30103482364851 0.2791562446557628
34 55.148048297418214 0.2802695876871861
35 46.9237618732385 0.2792191777089558
36 51.43838979711417 0.27997242859148336
37 53.027130264889664 0.2820442758068618
38 49.95455924680518 0.2811368505619339
39 50.97602969971828 0.27892701370033324
40 51.51644876482945 0.27734009932944076
41 51.56035782841826 0.27576069269437226
42 47.34348914738632 0.2719029422753218
43 47.622498189633745 0.2697632383277649
44 47.93827202269754 0.26990226934529277
45 46.6150853027016 0.2708924975701609
46 45.73248680456523 0.2707934225155874
47 41.76774602956176 0.2700289912918486
48 42.61749969510372 0.26881293348162494
49 43.521740620928966 0.2678089712344985
50 44.74742606803468 0.26630071827019836
51 43.075055346576676 0.26573358840716704
52 42.35700975077724 0.2656328250431556
53 43.75619517034308 0.26584622891137116
54 42.14580915323356 0.26496137627013044
55 40.17925443629271 0.2629772775484886
56 40.79393621973923 0.2616358248983463
57 39.91610008410139 0.2606582862149611
58 37.81902852535791 0.25925259087418434
59 37.253169708823634 0.2595467269204066
60 37.76246442292017 0.25926726194964966
61 37.08838316328984 0.25701714492779687
62 40.02557838235872 0.25658619117044357
63 37.00563982757619 0.2549743918731879
64 40.150599139472575 0.25621249153688125
65 39.745814033920944 0.25628230067930935
66 39.12632597368815 0.2550985738296419
67 38.12909447074736 0.2548219400454596
68 39.91364035061977 0.2520400687740258
69 39.66251267144692 0.25087631632542423
70 37.453151032300966 0.25443607648008176
71 37.89403223276649 0.2540548622156977
72 37.29590199222632 0.256440101671819
73 35.786915231934586 0.25731199831490015
74 36.94896319307187 0.25732872262992257
75 37.576294994946565 0.2560815088095782
76 40.35064333740526 0.25526300804693974
77 37.821796552193845 0.2563763286922918
78 39.51474917810892 0.25612017139117277
79 37.6654926429961 0.25719705525861364
80 37.91337526695068 0.2561006419136787
81 39.6123488999626 0.2546050822599451
82 39.116422752741215 0.2534501153521287
83 38.01422639799149 0.2538614643933426
84 38.94713924442476 0.2546182387039782
85 41.63296729675935 0.25406011666567596
86 37.63769879136765 0.2534639221464699
87 36.84159416706768 0.2526529888216023
88 40.17094314670091 0.25191617917063586
89 37.1582834239131 0.2529730995838754
90 37.24523942655061 0.25210753376311607
91 33.75931053612547 0.2526187120435955
92 35.02711898237709 0.2543241497209212
93 37.71802972762238 0.2534227548527567
94 35.76023257057378 0.25269187041291014
95 37.21234200144797 0.25147497083652504
96 35.48788135626431 0.2497574589456392
97 36.064032515873784 0.24878069862306648
98 35.95555032808265 0.24801364774343945
99 35.582844480942505 0.24781704381884925
100 34.42102644832897 0.2455148253157954
101 35.84920850495492 0.24752146494644114
102 34.60117787428024 0.24715693843924538
103 36.368704899807625 0.24597029562683004
104 35.23979504572448 0.24509895246915447
105 35.12711191726342 0.24428403463783846
106 34.46597601715534 0.2453621504507033
107 34.15034466245697 0.24595006633166927
108 33.31186030165722 0.245617532717757
109 34.98071903890333 0.24475516963490304
110 35.20078703662209 0.2448104161770804
111 33.548330679478184 0.24416026690550455
112 34.53891013798878 0.24328910730490647
113 33.870396150016475 0.24376013495023874
114 33.38292765594742 0.24275417366822127
115 33.50984200827479 0.24295951298559407
116 34.35971137423833 0.24334921572863855
117 33.35068374457084 0.24546955911983195
118 33.48569316109915 0.24346600265862073
119 34.073794138528896 0.24453272247363853
120 33.08041786864374 0.24590529685654725
121 33.731710934730884 0.2445681150432256
122 32.97554315504742 0.24419617977523092
123 32.339270388967876 0.2445314180075698
124 32.002095904186135 0.2436099599738465
125 32.934440071848 0.24301220269059443
126 32.82284303297196 0.2427384021484388
127 33.0866070601415 0.24516439045659255
128 32.801917669540074 0.24415214020824158
129 33.2448524311184 0.2442804089790973
130 33.09391892955111 0.24332618535925873
131 33.744489715636576 0.24280909831902975
132 32.59162950257831 0.2424297513372724
133 32.582081497345065 0.24235859056865608
134 32.43379877823137 0.24212973341852995
135 32.684625088958136 0.24267078238410486
136 32.295181601241794 0.24297471320347516
137 31.459925995183696 0.242455361562274
138 32.71746393870565 0.2430994247099466
139 31.99808958150779 0.24230469918105965
140 32.38688852669183 0.24192985151929572
141 33.54556877255918 0.24280519837253703
142 33.05087372956261 0.24209073305724005
143 32.16605695403514 0.24095637008576878
144 32.801982301818676 0.24056462184734728
145 33.333259819597544 0.23952693909300382
146 34.100427229715024 0.23779669236646053
147 32.82494139838125 0.2383198477203393
148 31.57116389286469 0.23906028582977712
149 32.95012362392062 0.23826155363494483
150 31.875561694259456 0.23720359522332676
151 32.084362662759546 0.2366955922800722
152 32.45231149734721 0.23615142004945297
153 32.48725519649575 0.23439179799620055
154 33.12640161267517 0.23608063589199343
155 32.523664716485946 0.2358662486762423
156 31.569368947149055 0.23528041364877827
157 31.9107216154381 0.2360486294460512
158 31.376583412231618 0.2350630362512409
159 31.707497297536932 0.2335125987263583
160 31.516077436780577 0.2324446952053624
161 31.15458986685603 0.2314741370275706
162 31.18446477343659 0.2312288378007437
163 31.42920051811866 0.23168717563321076
164 31.63849320578148 0.2315011744611697
165 31.763102842074197 0.2311112924947745
166 32.311185104708585 0.23206659011829314
167 32.22866243536115 0.23203275543126786
168 31.357710260170627 0.23224766512914893
169 31.349495262800936 0.2330768247650139
170 31.503375066584233 0.23385532565472547
171 31.225146382594897 0.23357289672917628
172 30.04745873510722 0.23477004048010852
173 31.614581294942447 0.23643598664940055
174 32.16895325799673 0.23612253658619164
175 31.5796697283154 0.2363213842072831
176 31.550113266316966 0.23514618594279146
177 32.1213612278181 0.23515869752005295
178 32.12857432339678 0.2362344396218777
179 31.814645514728852 0.23592195985727107
180 31.540087130436035 0.23613619616020162
181 31.57988957228408 0.23604143425182855
182 31.765084316661657 0.23492540199306078
183 32.46796689811509 0.2353349956951921
184 32.59889891337343 0.23521251602164006
185 31.267835274558692 0.23408437478835623
186 30.41274949304467 0.23290224279699698
187 30.607617971322828 0.23145939044922484
188 30.57782841537002 0.23116318544271078
189 30.878558559315287 0.23010386445956285
190 31.97712247647351 0.23027239277655875
191 30.6695613890356 0.23135544686202367
192 30.84851531797355 0.23211776918984803
193 30.231012389740606 0.23205913075241744
194 31.391199467201254 0.23170600588009282
195 31.070938751615472 0.23199342279707733
196 31.421585653470743 0.23230744603907136
197 30.864857568179684 0.23389035531996516
198 31.17138611644263 0.23443278351639474
199 30.50582796785674 0.2350745572427683
200 31.520316679279325 0.23419867793642654
201 30.850101568895916 0.23460991509286963
202 31.30299878712259 0.2348266414334055
203 30.708327684843375 0.2353461660476955
204 31.12163059196741 0.2340941503633708
205 30.63697629391465 0.2333618789937184
206 30.945890942422746 0.23294241203078858
207 30.612635907764513 0.23172149289654845
208 30.699205041600397 0.23035254599075206
209 29.820332286439523 0.22991467232133725
210 30.878462963206236 0.22992776274124105
211 31.794740972733454 0.23061048770785683
212 30.617283059614948 0.2299263800858403
213 30.845384968559404 0.23075772871603287
214 30.70535749129685 0.23085779618516575
215 30.754799684811893 0.23090706227650093
216 30.067237715840864 0.23152170659389582
217 30.406001451773008 0.2325579193243891
218 31.13902789155135 0.2326360610057936
219 30.46817764545269 0.2326934781484468
220 30.557957942806276 0.23252803691578006
221 30.18250405233698 0.2316427628508924
222 31.386210273816374 0.23116561452922643
223 31.235425446664543 0.23059118579685642
224 30.177536061641018 0.22978297066337872
225 29.521357618074884 0.22947380723439834
226 30.37509307756744 0.22787887431571982
227 30.51069818687555 0.2277683867951982
228 30.430046117533397 0.2279886621706472
229 30.320695962870644 0.22844425534511292
230 30.297944601575985 0.22802580984969525
231 30.652401162510348 0.22689495346787583
232 30.95834192311441 0.22627629482876355
233 30.24702212198453 0.2268759649141805
234 30.812482571397986 0.22633700177052551
235 30.08513641927202 0.22680337182223986
236 30.36516779000936 0.2274805355326465
237 30.361193975775414 0.22783532729932832
238 29.98956281524344 0.22788326444949022
239 30.730446088538017 0.22675268800781034
240 29.861428378368842 0.22618492060377948
241 30.51199099099157 0.2270380562035925
242 30.99582934244141 0.22712252560639368
243 29.971593265886725 0.22678550665394967
244 29.82870272457354 0.2267985214049073
245 30.387878968309693 0.22489452586028355
246 29.954197167476465 0.22438735336141644
247 30.04813576134076 0.22296093813596887
248 30.65671140255639 0.22292137626284725
249 30.562774200830553 0.22326309558287571
250 30.44577654842677 0.22198180945792592
251 29.99535830315764 0.22238310245214277
252 30.308869173647295 0.22333700779028673
253 30.712226573743546 0.22400014026562917
254 30.899217566220244 0.22425902747998092
255 30.55777928763794 0.223694765376352
256 30.46110913502 0.22280122431503557
257 30.229859523745738 0.2229539706261753
258 30.100935712745006 0.22298951322049532
259 31.33494964122011 0.22220185802752304
260 30.018912637484142 0.22196757248867358
261 30.398714113661804 0.22081212971505573
262 30.817140626360498 0.22109724717424253
263 31.309530691909934 0.21967441577231797
264 30.967026339121645 0.21905845513587077
265 30.482361597392124 0.21863507321195805
266 29.964904108406586 0.21826411850339947
267 30.504153444609756 0.21827415198780656
268 30.76625347373091 0.21925679511878315
269 31.280496209859564 0.21844521303373074
270 29.945836101806492 0.217837832695611
271 30.212592043557493 0.2178301434631896
272 30.59295398745575 0.2191461984941764
273 30.663599165943708 0.22095649965456518
274 30.406457348629566 0.22147994339665553
275 29.89349901456702 0.2206969424867673
276 30.227661238539888 0.21939584343682017
277 29.70156234710075 0.21927152415009518
278 29.724315468432756 0.21824846908735887
279 30.22318075221535 0.21704727133138832
280 30.045015779728573 0.21645863546981162
281 30.39450731081739 0.21709862961343637
282 29.867501150175244 0.21629579729699633
283 30.40203753313807 0.2149367350835952
284 29.930550711404127 0.2150429004726361
285 30.687448963997294 0.2159335354522193
286 30.69446094659137 0.21589407564203955
287 30.056626753521883 0.215374304969609
288 30.347020160619508 0.21591122531171314
289 30.649125952142036 0.21511055237529939
290 30.05468344490124 0.21464625056794953
291 29.72664867408272 0.21514801578486087
292 29.793309934829065 0.2141716039178649
293 29.620522676773277 0.21392004205971482
294 29.694522826569703 0.2137921362295148
295 30.611521984010224 0.21271084001773408
296 30.392398336474834 0.21204618688550445
297 30.656611153120462 0.21210636863374288
298 30.958490953555465 0.21293056088210924
299 30.64346598421465 0.21188438071847762
300 30.519130776823033 0.21286432824104987
301 31.15824314496826 0.21318784161554705
302 30.77203568350501 0.21362350814175643
303 30.06060904661555 0.21363993324156672
304 30.08198753654334 0.21180011338982205
305 30.400447998613537 0.21153147990408863
306 30.725382790670615 0.21154484034408272
307 30.11322777463869 0.21298300996680689
308 30.222385404736286 0.2129483920831352
309 30.55381317665058 0.21204580547635918
310 30.819086735742147 0.21173819018483062
311 30.02258890283194 0.21204239036511974
312 29.959698596770515 0.21130994536503
313 29.68126544840318 0.2117888237821357
314 30.17970940082632 0.21194631227918445
315 29.822555576056303 0.2133737849627182
316 29.31058727710972 0.2125750353310244
317 29.611767591823174 0.21136362117769367
318 29.062066122908938 0.2107229106595211
319 29.608291721440455 0.21004808783622164
320 29.798196862153308 0.20954941586329437
321 29.536841144642132 0.20984822569232744
322 29.061596284185633 0.20971414379730988
323 29.831857893839917 0.2104409074145351
324 29.526616571833106 0.2088065594876197
325 29.341472276585534 0.20857627703373685
326 29.822443369556076 0.20874107437213607
327 29.75520604222632 0.2095730268962421
328 30.044330461962165 0.2097356041989814
329 30.147435267487374 0.20981985389216085
330 30.28811142694247 0.2099945375767112
331 30.07172187329033 0.20942229168089455
332 29.997883941629418 0.20786066018874805
333 29.969664667128306 0.20717355848863697
334 29.439231949533536 0.2066764607159627
335 29.966531933137546 0.20602740196255268
336 29.95690534831151 0.2056690965025576
337 29.898311578597962 0.2056959866720209
338 29.840929301924824 0.20663960204735665
339 30.08555443980817 0.20666294167732494
340 30.326330775841 0.20669783206508133
341 29.564196369758772 0.20744314210076942
342 30.913949723749663 0.20857938189038616
343 29.59809544775038 0.20798416859815794
344 30.76573289179223 0.2075861611090745
345 29.755614713201687 0.20843915349002948
346 30.28770625123668 0.20935966336968925
347 29.72161665392462 0.20950378524079616
348 29.658738173732537 0.2089963056818851
349 30.097654529697135 0.20850935520342462
350 29.41254656654253 0.20779390374045179
351 30.004274751428987 0.2081726278831586
352 29.69807416024265 0.20882061440595803
353 30.782679052649286 0.2088963295749543
354 29.829962931156892 0.20679944052442234
355 30.056533147364895 0.2060557978892844
356 30.00014234607989 0.20686263280496417
357 30.326627949101415 0.20529128003912075
358 29.68480338069702 0.20545518234512528
359 30.272494707873232 0.2065064774423794
360 29.848423107952282 0.2061413834047101
361 29.798915509973146 0.20632538307545248
362 29.220871181667462 0.20663512909241244
363 29.966299594106715 0.20654880708357148
364 30.17432770000772 0.2061824848460472
365 29.22819581074913 0.2058076211753113
366 29.686373184992163 0.20619052391612538
367 29.009714885504806 0.2067895342505736
368 29.875124296557274 0.20662905467774853
369 29.56529073080487 0.2076917087029452
370 29.476339664027254 0.20692657710146642
371 29.866071780050817 0.20687579482229426
372 29.61283404255954 0.20782955965508884
373 29.475332483669618 0.20772057872304894
374 29.25336899556319 0.206606862940228
375 29.790388538391795 0.2065542213926649
376 29.344542853427818 0.2071768170489833
377 29.100776280516833 0.2077122824874875
378 29.225184441674696 0.2070823923130787
379 29.128750516876835 0.20649363695300696
380 29.25410833597084 0.20574132140931442
381 29.512970188552806 0.20526092913777147
382 30.053939143816095 0.20469785330098378
383 29.331770674221058 0.20434992669545746
384 28.969721694144276 0.20480349581266774
385 29.578872139007437 0.20480090332581943
386 29.763798525715067 0.2051422398194541
387 29.255463608432905 0.2060680562859244
388 29.711652480037653 0.20555108031444191
389 29.254953958802965 0.20568501784443485
390 29.683509710375056 0.20610223252866308
391 29.573499124982842 0.20610494053131564
392 29.319745917454902 0.20581958376026047
393 29.497930338112948 0.20517300855090478
394 29.771641088804238 0.2044760235971023
395 28.921400487153456 0.2040336753222882
396 29.465800576073732 0.20307620014738767
397 29.37915823969199 0.20368549362857014
398 29.51454085611703 0.20430951113536625
399 30.56009895418778 0.20414209943637127
400 29.83370426112348 0.20359854065991403
401 29.567455845069823 0.20320762062929407
402 29.86474514900342 0.20307028749902148
403 29.740658346550724 0.2024950488529413
404 29.675662070886133 0.2030034216308451
405 29.355328400442637 0.2035309877717578
406 29.379052170327064 0.20406808752538383
407 29.75620854006421 0.20320473451879148
408 29.88006708485898 0.20375142344235408
409 29.555020358537007 0.20262616141783862
410 29.58017366100703 0.20265007817775585
411 30.25911770044253 0.2025407505445568
412 29.480538421770788 0.20248489032416592
413 29.630385577387013 0.20262739331348376
414 29.645315910961777 0.2020843995855575
415 29.90625742823483 0.20190204109358653
416 29.690361180373596 0.20208421607779248
417 29.647554631805576 0.20285728093438027
418 29.505965790499175 0.20330003404153837
419 29.65898019708115 0.20347289217997064
420 29.79044929863786 0.20226333828983586
421 30.24583112724858 0.20184362905204134
422 29.991291443271447 0.20171199748341753
423 29.70135054577262 0.20170788068813095
424 29.076759876321972 0.20251179602058222
425 29.40737798629373 0.20201788717794641
426 29.141319183826383 0.20169777591058166
427 28.98581305055415 0.2003032779855994
428 29.42960586555165 0.20099059209513018
429 29.050611355602257 0.20101209300505687
430 29.54832954185408 0.2004574923970992
431 29.500808648172328 0.19973244198171405
432 29.0375291065768 0.2003513270968725
433 30.037530890249485 0.20049553907052306
434 29.552518266543004 0.201187120605309
435 28.877543707659513 0.20044325929225745
436 29.03973328125404 0.2005187708645018
437 29.107358543256026 0.20014086958138713
438 29.545780722860087 0.2001880287375181
439 29.339478723755654 0.20038154346761403
440 28.953901817701276 0.20130650317156726
441 28.605987329089153 0.2009583965285219
442 29.12122301094459 0.20226729857990874
443 29.9969804496426 0.2029887245089023
444 29.595552041704153 0.2027143705005011
445 29.792629159380063 0.20303726130743938
446 29.647719029928105 0.2022585987430562
447 28.77824246655379 0.2026097976626107
448 29.609434640244604 0.2028221263551362
449 29.319212147154495 0.20401748374101128
450 29.152599651775525 0.20315008465680817
451 29.172043983866544 0.20303220720777468
452 30.022486228600265 0.20285970668469563
453 29.739161295146296 0.2032976617892679
454 29.23490665664653 0.20329688444656158
455 29.672067125638833 0.2030283698144261
456 29.25867137786581 0.20314846956508684
457 29.637428395624994 0.20358931638303832
458 29.983171064420702 0.20345704141209583
459 29.514872026118844 0.20372275719954658
460 29.221356118883392 0.20384265930828552
461 29.527575088407062 0.2040138971507189
462 29.257987001346613 0.20474907772444725
463 29.08304288554281 0.20460934227793612
464 29.371974575079484 0.20411914249417118
465 29.08504723496887 0.2032152232683423
466 29.056591322514283 0.20376645009170544
467 29.159741197411634 0.20487656917511518
468 29.62177813431676 0.2051230566845188
469 29.739343636448893 0.20512401284889814
470 29.721585773760722 0.2055143867029848
471 29.22457327624129 0.2054629674605173
472 29.670518843375326 0.2058886394345808
473 29.324300149462026 0.20565555000429994
474 29.531302140536624 0.20537045519433725
475 29.49924044244785 0.20607694385993547
476 29.059127549636926 0.20698744705265523
477 29.90571587405484 0.20756993624969808
478 29.57924331175008 0.20910301246921156
479 29.67486935780186 0.20854033742164568
480 29.557883817985317 0.20819396687603164
481 29.701321699877475 0.20742343996443283
482 28.834408664754488 0.20675429148070923
483 29.191423900820915 0.20761544110623653
484 29.268379439274188 0.20726413333664087
485 28.601035773564348 0.2074137173195952
486 28.686480709168496 0.20729128434476127
487 29.09752618242765 0.2072327042841927
488 29.2627832675345 0.20681118209475027
489 28.535720290550117 0.2069897897548889
490 28.84201399992584 0.20598816898707617
491 29.02332667730348 0.20574620273130995
492 28.824404809058652 0.2058761691874531
493 28.943245344027687 0.20549453480289429
494 28.66460065194046 0.204321807829007
495 28.918952822550132 0.20397660397321418
496 28.97800434881694 0.2039892985284064
497 28.804218155696468 0.2041725427095332
498 28.905612631595844 0.20347189886664
499 29.335541627027418 0.20307738234862693
