0 100.00352711131713 0.2989999592277954
1 103.80637314313253 0.29855684973522756
2 103.08077301445499 0.2987951234822878
3 95.42815694214642 0.3000477097432191
4 90.7024934381574 0.3012530625256494
5 90.1080410280637 0.30155547862641735
6 85.75229634881248 0.3019405160535753
7 82.86217598189032 0.3013904129727005
8 75.48383470320766 0.30000236736347324
9 77.88467117467772 0.298771148312621
10 76.96957316231348 0.297317682484619
11 70.23903974112135 0.29497424825037033
12 71.28074006557213 0.2928644897006909
13 72.71889386943832 0.2904893969554478
14 73.57415327154425 0.2890130552203266
15 70.93795241102549 0.286891399038393
16 67.27153172385064 0.2849295961665606
17 66.68612374554289 0.28380932311835727
18 71.51292626372306 0.28384516914802244
19 67.40048459745063 0.28647606638930195
20 68.92919064489644 0.2856660947311742
21 68.61264780311363 0.28473050554707763
22 61.41726456468115 0.2851218195766757
23 63.05071969096149 0.28517221527315817
24 59.101251937455075 0.2850352372396357
25 58.81459975451554 0.28267726963239825
26 60.63818759972695 0.2789726611779179
27 56.875275345347625 0.2767731505500919
28 56.72617329360615 0.2768743313531798
29 57.66377274862995 0.27575479924596996
30 57.072128526510014 0.27529390153030914
31 57.36158620570855 0.2734836325039474
32 54.301142813876 0.2715704799117998
33 56.528026139539264 0.26978316164963534
34 51.97649499261413 0.26822287834804187
35 50.58060494737846 0.26651050305075447
36 51.97280251027934 0.2652132700415756
37 52.09944919376028 0.2647299667064488
38 50.879490634520366 0.2632850302164845
39 49.22449530198578 0.2622338049091151
40 47.116893564546125 0.2622055595666894
41 51.23694255903445 0.26067105747219593
42 50.05114144962256 0.26117465081421004
43 49.51428518149153 0.25679785753442336
44 48.02380474716641 0.256694510705621
45 47.00109010359532 0.2569854052969087
46 51.94442254223043 0.2583442685990184
47 51.111602945527224 0.25787132555375925
48 47.088502673278676 0.25649370627017554
49 43.97638829842078 0.2558614794263973
50 48.34981625284095 0.2562894899341105
51 40.56979059086993 0.25689786071112614
52 44.30654341718056 0.2547040458891434
53 41.64639491890051 0.25241155275449634
54 42.54000996508637 0.2521884980206837
55 41.04464306581884 0.2511151304408593
56 41.838712749502065 0.25038284860621735
57 42.190885960782424 0.2475348648242642
58 42.46397691168582 0.2484217354245076
59 39.39895208799056 0.24822818915509873
60 43.77172148388109 0.2468092458307418
61 38.932374813996546 0.2487877561760293
62 39.622216596844204 0.24898758314215338
63 41.536947222923615 0.24988605444990927
64 40.134834637093746 0.24926987336240933
65 41.45543932932882 0.2476856818056069
66 41.973626886466576 0.24527075584611713
67 40.49070802967619 0.24517631322391575
68 39.67273896720921 0.24641204303687114
69 40.84476653516184 0.2460084272305454
70 39.85740508458986 0.24566958590221263
71 40.115107066209916 0.24413507337689513
72 38.558308551544975 0.24441840585726693
73 37.89108083963663 0.24375981044272055
74 37.82288173239012 0.2429483911601281
75 36.613317241604946 0.2424129382915504
76 38.50275841934605 0.24409227262970887
77 37.74368699252521 0.242933696879976
78 37.724407715876424 0.245275690860834
79 38.05367363465233 0.2462290525065388
80 37.79417923341924 0.2460444329150877
81 37.583340256583895 0.24447128906590876
82 36.93013523346815 0.24491964676557376
83 37.11945258693159 0.244558596174712
84 37.566926656109175 0.24498205784756297
85 36.52598721798261 0.24224738945564495
86 35.78885560842854 0.24010876675129897
87 37.9094829803208 0.23819221028469717
88 37.5316677110753 0.23799852084803064
89 37.26430223432738 0.2361813924967964
90 38.574672985117274 0.2344755225276721
91 38.017779887413575 0.23445637260343025
92 36.86450193043777 0.23403723391777131
93 36.758349914611316 0.2340358683564102
94 36.633731979885795 0.23290782682381664
95 37.95334231010786 0.23381091395175865
96 34.21843216223533 0.233014013665363
97 33.349592523345564 0.23304836996577957
98 34.65767542429796 0.2307026704709583
99 33.77288306872562 0.2313841172498475
100 35.326611621388864 0.2317046455614479
101 33.98608125833228 0.23271075902563534
102 35.04385983739474 0.23040576113222241
103 34.522500852755805 0.2302441606761987
104 34.94913747614521 0.22794542742868726
105 34.0664070337878 0.2278388378573143
106 34.52280827492044 0.22717090017346334
107 36.34660796182118 0.22611060602500851
108 35.55687663788578 0.2255048673305398
109 35.78818791923919 0.22542702433593273
110 36.080083167030644 0.2248539049428664
111 34.787043832793685 0.22425331643613458
112 34.16214308311059 0.2259941002352578
113 35.61803292694343 0.22595368736958
114 35.60258046732507 0.2267608524860155
115 34.230276385169034 0.22720261963478208
116 33.600014285117894 0.22646907205057318
117 33.86437247180372 0.2282734130452324
118 32.62522296045243 0.22819623179637796
119 33.45288919032892 0.22713920178344404
120 32.64357923914035 0.22752500653667407
121 32.93786273895988 0.2281688558687558
122 33.589017655386414 0.22897356542583278
123 32.59495383380444 0.2294217584365524
124 31.68976059077287 0.22793937147523816
125 33.251037592664204 0.22736754515313165
126 32.40846560532772 0.22842095492467407
127 32.36112299027584 0.22704335234400605
128 32.606143742504486 0.22616788492491144
129 33.417944533922906 0.2259596329383733
130 34.03592950830996 0.22535327690198795
131 34.24738038464875 0.2239156439092256
132 32.81657343438443 0.2229852006818718
133 32.61228472642361 0.22342751814235454
134 33.09700357687116 0.22472664096771125
135 31.813269544662266 0.22384482094688204
136 32.18329826384955 0.22302320036985215
137 32.516334719156596 0.22309340282844126
138 32.19889374770972 0.22403305683580535
139 33.94664168166095 0.22305836491050343
140 33.977591475266394 0.22358003991788697
141 33.42941235350377 0.22145228555562654
142 34.200385875617386 0.22265077043677062
143 32.85425992366494 0.2234095420581522
144 32.73278173609832 0.22251317792720895
145 32.410565375048506 0.22371562032039524
146 32.93621923263284 0.22397900639469356
147 32.72150307205864 0.22398464977136412
148 32.75254151108631 0.22456566629847222
149 31.88162120364803 0.22443057771973188
150 30.977319912406777 0.22428435125964938
151 33.32797598727982 0.2235961107681387
152 33.3687119518336 0.22425137444050844
153 32.49117116365501 0.22358761472018782
154 32.73648319114757 0.2232831008509691
155 32.79980927896483 0.22333836990013234
156 31.930426588147476 0.2231497070342993
157 32.268168144179306 0.22387009478002554
158 31.375414684508154 0.2258112847935648
159 33.02108297718513 0.2242747679688838
160 32.04580098723832 0.22548546630449293
161 31.484162112780815 0.225557281422509
162 31.63428787921232 0.22553369642106644
163 31.472070158076384 0.22550897020025254
164 32.36480409399525 0.22579163209127454
165 32.99594200389804 0.22511270461804564
166 33.05431766599158 0.22452474861696917
167 32.81939236173112 0.2239588625391642
168 32.65209482588057 0.22295718389041422
169 33.32303753304669 0.22230048673711236
170 32.48269888299438 0.22193420031929031
171 32.4539100059416 0.22252631049231023
172 30.909473040921185 0.221792217480266
173 31.268775489164007 0.22172939511152964
174 31.63536838399051 0.22080594835935585
175 30.50579837772632 0.2201655292562762
176 31.592541925662584 0.2194974099900198
177 30.5012737163688 0.21865501650756133
178 30.93948551360482 0.22108727639182688
179 31.131166955746924 0.22134335132014585
180 31.48595371583663 0.22295301595800077
181 31.972257675891488 0.2222767702628793
182 31.046825994769943 0.22307196694669792
183 32.041597373489935 0.2221983249378232
184 31.831572982705747 0.2234344002134365
185 32.15614366948577 0.22318397302428697
186 32.0058710059583 0.22340169252937292
187 31.35518016317768 0.22520865240478885
188 31.353205520070077 0.22488669067953082
189 31.71551548583244 0.22434969684080452
190 31.29633948547447 0.22361832597897421
191 31.34865958397159 0.22300243661529295
192 30.716644233525464 0.22293961784908037
193 30.5641738906455 0.22318206868644577
194 30.557568765814082 0.22411700419243832
195 30.080079227787913 0.2252519145511135
196 29.98995973885794 0.225887151930348
197 30.689649407914484 0.22549230658564942
198 29.590471033969163 0.22485793046324698
199 30.77741761562678 0.22596624923961803
200 30.897835018699034 0.22570833434775248
201 30.31347261581016 0.2258126963410123
202 29.722345942950625 0.22643939867992247
203 30.52809768638256 0.22646863750597168
204 30.897013375691714 0.22685544772199018
205 30.301302129995257 0.22526944408447278
206 30.029025683467225 0.22569922465048464
207 30.515908558050022 0.22604540392246228
208 30.731628069692814 0.22675791565666348
209 31.065991446087253 0.22614208818909456
210 30.606684821960126 0.22556787308386103
211 30.255584203759696 0.22477815516321195
212 30.235381755374327 0.2250537210987997
213 30.219933233110737 0.22590796709350366
214 30.69326904777199 0.22495346523464224
215 30.656514180860505 0.22490544650632616
216 30.21976352515368 0.22423167864293606
217 29.930904075411107 0.2262224951180122
218 29.83537802071499 0.22564688935753038
219 30.674302775433624 0.22337083221785137
220 30.494395432945232 0.22254007474347573
221 29.806254207782978 0.22254843748549683
222 29.582667167741764 0.2240768224581875
223 29.428110791578412 0.22330225722501698
224 29.78977728751648 0.22269817923754553
225 29.373668231398014 0.22290325940600209
226 29.128466893155206 0.22178208956300818
227 29.4450604499021 0.22111742204201365
228 29.854177523924 0.22029796670898805
229 29.988846631347123 0.21898308399089847
230 30.11119933874442 0.21974312040099378
231 29.725110431226618 0.21850955298377617
232 29.876098021133895 0.21869551626305697
233 29.77362235000805 0.21938075453050454
234 29.458792949083637 0.21933985495680272
235 29.2177968466699 0.22012051962888288
236 29.257052863599746 0.220302108805003
237 30.189289652051038 0.21957383405924236
238 29.152888125006193 0.21925108132470802
239 29.455812035233443 0.21936859162983266
240 30.474730848931458 0.21976712073426632
241 30.2277715299754 0.21951441731779475
242 29.737514385233517 0.22031722426057407
243 29.776452321695388 0.22201172966220295
244 30.026009774889104 0.22136919529688626
245 30.809018783521044 0.22056462074509078
246 29.492008193937828 0.2202780522330006
247 29.05230755580358 0.22019858808177614
248 29.830081085139742 0.21861938479887202
249 29.048624493331722 0.21939993333943764
250 29.312356371172505 0.21901745500945047
251 30.350364382598002 0.21788639859365186
252 29.749849761299533 0.21702730583657823
253 29.000561674029004 0.21869411680494108
254 29.341515799983867 0.21919836085524444
255 29.6225247059946 0.21955441707341725
256 30.213937662855155 0.21825600298847134
257 28.892575504009926 0.21706497313197057
258 29.843648082298706 0.21686171917055663
259 29.18439525562758 0.21574955392634484
260 29.836271574712683 0.21642524651424724
261 29.4092329433372 0.21591662797325362
262 29.053120203615315 0.2146824018629728
263 30.22410142002905 0.2137534041449689
264 29.20458170344142 0.21253627658415084
265 29.522606212805222 0.21116019491787796
266 28.877227081441948 0.21172186295610262
267 29.46827738406854 0.21018727732366313
268 28.972138025431036 0.20932566276131917
269 29.510100973163446 0.21023447247758265
270 29.093792535077824 0.21074218298458033
271 28.93183632365406 0.21060682875256212
272 29.479746991736725 0.2100001397975643
273 29.244590888395756 0.2104511958643136
274 29.184956452695126 0.21166160153848823
275 29.544125697881228 0.21247110245070974
276 28.9512234197529 0.21171987285171748
277 29.003125385095036 0.21201330516171768
278 28.796955346041585 0.21159143765809416
279 29.53519071637099 0.21248361452872647
280 29.58805516337207 0.21278310405577847
281 29.348679176500546 0.21153804577747828
282 29.12336034970229 0.21163810839434224
283 28.60185569972939 0.21140430258571916
284 29.085547583188852 0.20981530097884957
285 28.46995170038239 0.20917136186687513
286 28.67633058577191 0.20811544900894252
287 28.39322863828304 0.20759332779566875
288 28.683345828139856 0.20806164244929382
289 28.317543132133324 0.20848070310591194
290 28.028757508426665 0.20793335865221127
291 29.093366754477067 0.20757711667180123
292 28.82460732296513 0.2082830169690281
293 28.50822391662113 0.2074568864012145
294 28.98806018682167 0.20640764209672283
295 29.014863737139564 0.20635924468659247
296 28.815780673431444 0.2055739103158314
297 28.155602961248704 0.20530346087732518
298 28.615009451910193 0.20485188855790196
299 28.28351884592301 0.20472403605168452
300 28.783793557186563 0.20432441233194995
301 28.721472063530804 0.20311782325176653
302 28.58832293853736 0.20412245255529574
303 29.072906281000172 0.20412747810332135
304 28.728842597515403 0.20358422581939709
305 29.046349311965876 0.20202104856548378
306 28.927998060286097 0.20275826272899203
307 28.571528450994137 0.20455939311082186
308 28.824173632326865 0.2044124147490428
309 29.32570218561554 0.20407287156922496
310 28.634366852902772 0.2041359840208273
311 28.438749398677512 0.20497991581401095
312 27.87660833002824 0.20578648217124473
313 28.953612024200467 0.20516645597660219
314 28.43846491132321 0.20458280266568699
315 28.91141136075285 0.20506425331678876
316 28.15430665587869 0.20563408679996323
317 27.759818124738203 0.20669148200539714
318 27.33427367288932 0.2072657309446436
319 27.62128009404947 0.20799641090809473
320 28.517134020366058 0.20713647100929014
321 28.747946876129593 0.206689938539651
322 28.911304552342344 0.2062278357146217
323 28.330796620970954 0.20509169384833728
324 28.52371694231337 0.20546519392992882
325 28.679065813609384 0.2050008591606337
326 28.14529029065502 0.20598890812069995
327 28.57279274188986 0.20459325427032082
328 28.16253937435357 0.2044170918390309
329 27.810284442890257 0.2038542433852313
330 28.61811452863546 0.20328621188144194
331 28.009240273586133 0.20384140974665968
332 28.102984333515902 0.20394049425856228
333 27.984748675084383 0.20450301973731455
334 28.184553235285538 0.20434060373619836
335 27.737079414556774 0.20514746911346582
336 27.414955133139344 0.20459798405678267
337 27.644505281661704 0.20422794900872407
338 27.84279161193605 0.20434573644018997
339 27.944871691402366 0.20449629559067928
340 28.010414105595082 0.2047802815470848
341 28.2991848132749 0.20407036490921104
342 27.934880668655477 0.20356293563627104
343 27.72179115441083 0.20391642406404265
344 27.56074311472041 0.20449209205463378
345 28.012651063843027 0.20430640478951498
346 28.219540197758775 0.20490655462295101
347 27.52229003996051 0.20469946615375126
348 27.560914564805415 0.2058765724735289
349 28.109111333341087 0.20561351516077742
350 27.5564506156525 0.2060058559309795
351 27.73633348674118 0.20572298717125878
352 27.161256454254648 0.20430333183348712
353 26.953566869816342 0.20377341667962953
354 27.13881222153544 0.20320161883956475
355 28.4484648116228 0.20311124752253715
356 27.408496238201792 0.20201051279822213
357 28.199368319925675 0.20043075577393174
358 27.260895731460327 0.19964561354241708
359 27.62740006200068 0.19911471598356376
360 27.62679690125632 0.1989733690476698
361 27.688075041929835 0.19872865270473805
362 27.272559082792608 0.19832207044551764
363 27.734467177159978 0.19853823162090403
364 28.362369597060116 0.19900322566483378
365 28.187196380786084 0.20018274202971412
366 27.7794397407367 0.20011773281738976
367 28.15356066899274 0.20030761242517012
368 28.322206683607014 0.1999923536431668
369 28.19360419394267 0.19986728493039954
370 27.879419533782247 0.20093050092463138
371 27.513491842462642 0.20102819231027183
372 28.120905784654436 0.2013118544830065
373 27.801067799743663 0.20061631717677494
374 27.725008309569333 0.20084790824087514
375 28.02294392849207 0.20010658574405174
376 27.740480471292685 0.19989489625882764
377 27.475757259553653 0.19937700458958832
378 27.595386937671456 0.19937697901678075
379 28.41347649021866 0.1989459109080163
380 27.589246339988037 0.198770100867376
381 28.24263661424157 0.19891285933650815
382 28.69164292505816 0.19843653558711452
383 28.13434822291049 0.19762400342513772
384 27.788819486892784 0.1961692379438429
385 28.285852748112752 0.1954589482394531
386 27.597402276627243 0.19575433130898034
387 27.54076854948893 0.19563657059400022
388 27.32753662988862 0.19610059895871515
389 26.906448373104627 0.19506595455400685
390 27.53585323423265 0.1955335765115321
391 27.96265618161449 0.19572361095646865
392 26.995792065214417 0.1969852582245991
393 27.531039588569747 0.19681581821873548
394 27.728622688608432 0.19690890748606113
395 27.40669051824714 0.19699975303458972
396 27.778488062613683 0.19724987655954504
397 27.286295845965782 0.1954630095812172
398 27.565467069801414 0.19579374969052907
399 27.51759046219754 0.19604845459444667
400 27.19090323433533 0.19607133837861954
401 27.358753990896098 0.19599638382184273
402 28.24992434430883 0.1966223675768045
403 27.664359454017646 0.19555212019640159
404 27.32796626556527 0.1944336072960232
405 28.024515086141584 0.19347673262140766
406 27.365036590295652 0.19376452709927935
407 27.27352981095053 0.19333138457122556
408 27.333692321267186 0.1934670358026763
409 27.91940572406514 0.19393619945082027
410 27.87328463717639 0.19253299989286954
411 27.194558515859043 0.19239619625182858
412 27.390232982095768 0.1920543869571182
413 27.18701711718895 0.19196263248668644
414 27.430250417502123 0.19132906371603262
415 26.750773160493196 0.19139240414335026
416 27.453398136650637 0.1915330810294794
417 27.202588967640434 0.19033977720273754
418 27.219423513438723 0.1909671678619396
419 27.390638575797034 0.19053695849894736
420 27.23094370143005 0.19006822464655934
421 26.988039092348966 0.18993117949980495
422 26.99499155446805 0.1891645472885163
423 27.122888332308563 0.18956076403466127
424 27.090726549550382 0.19054428309540258
425 27.46061198748574 0.19034414099915994
426 26.569253111131083 0.19015628849640198
427 26.895159304482434 0.19008484409881587
428 26.72802725031428 0.19005459432749028
429 26.355675582800984 0.19074507238896357
430 26.781185150605474 0.19093962407522566
431 26.730222161786372 0.19165163761165138
432 26.787133297919368 0.19283637797262543
433 26.430502948521315 0.1930659601951582
434 26.826949591671863 0.19285883924963967
435 26.64180711140468 0.1930739246263875
436 26.250585938566687 0.1926054221639982
437 26.479210431409417 0.19278340148726744
438 26.427620853794764 0.1928787162225715
439 26.81112192780374 0.19232506653760575
440 26.523547544583018 0.19253693271128433
441 26.618120925600454 0.19295854297794465
442 26.753179304400767 0.1933487986145771
443 26.047486695759133 0.19397725562130555
444 26.597201504224074 0.1931477689339358
445 26.42454704058315 0.1937461668085998
446 26.845676528855662 0.19255880567661923
447 26.562351715801967 0.19232624852338173
448 26.71285205690578 0.19301226040208483
449 26.655501868036936 0.19231743802561438
450 26.820010303232642 0.19281686809526155
451 26.39253059997037 0.19258072256060454
452 26.837335798908615 0.19319751527384224
453 27.16071151842587 0.19455299673407334
454 26.952422738649716 0.19495937026887913
455 26.572953070718093 0.19495130940806993
456 26.5858132627124 0.19477139459227674
457 27.010300983841528 0.194523942801294
458 26.891232659754905 0.19465441788214913
459 26.951901231126982 0.19417319893207305
460 26.505344726371003 0.19386242873716042
461 26.17968181370972 0.1938965620421691
462 26.219293463412 0.19299140703126869
463 26.117349591356977 0.19291936398679824
464 26.30794351270244 0.19275959076206164
465 26.03508735063584 0.1927168469996103
466 25.881145293242845 0.19342158402623164
467 26.441498639370792 0.19326381238123813
468 26.55695690655001 0.19358695288092934
469 26.18952899818425 0.19320767563149702
470 26.687658094718657 0.1933725369962339
471 26.005828309776625 0.19378873695572466
472 26.23354294935406 0.19469687545090944
473 26.35216049646064 0.19406082354304158
474 26.297303664263772 0.19447052500201237
475 26.078827496810636 0.1936648730835746
476 26.494611341446 0.193238657413124
477 26.278640444961972 0.1931581472558138
478 25.941315813414587 0.1936491457694474
479 25.85199282529313 0.19471096793949716
480 25.76807613152993 0.19451932535076247
481 25.96617417702784 0.1947698033599933
482 25.75986337522382 0.19508087443361236
483 25.83907049569586 0.19622201305512754
484 25.74146917688125 0.1961487018467208
485 25.67967579083518 0.1954462426284993
486 26.04113430699629 0.1946353842884827
487 26.42427736635254 0.19400715673848223
488 26.047226946347088 0.1943146395645223
489 26.101593388940714 0.1938827463351823
490 26.015894415744505 0.19451927266532879
491 25.781116363500413 0.194397517886188
492 25.556707734118156 0.1933603994434615
493 25.369038260853394 0.1931907129646391
494 25.671302297462944 0.1929616099757189
495 26.193138034888143 0.19297705612602792
496 25.641426548515284 0.1928721455881023
497 25.634609933416094 0.1925334346259576
498 26.341506540283753 0.1929495539067422
499 25.734287180398304 0.19252549757941315
