0 105.22461396092476 0.2993124031507901
1 104.30864899730733 0.2988206086526313
2 104.08397981516481 0.2987167820419689
3 110.2446405718226 0.298401567983684
4 113.32737403090113 0.2993528303852523
5 96.06025684873163 0.2980630908845869
6 94.19994025004432 0.2971705730121464
7 96.52899735300865 0.29640402543157235
8 88.88880265652305 0.29507411977652664
9 89.56934850558767 0.29297207886476356
10 81.02139591696714 0.29142394550785217
11 75.26825454243942 0.2924213158136433
12 74.3018007782387 0.289993118660809
13 73.63216101754486 0.2871138949422465
14 71.84633335519842 0.2862089593446256
15 68.06366421164965 0.2855501098656646
16 67.71559142086863 0.2836506966632441
17 72.11981035507623 0.2869293091147289
18 68.7748472136281 0.2851407241710982
19 64.87828040308193 0.28465596038171737
20 59.314009656397346 0.2866066885293494
21 59.539692930161806 0.2887915486187131
22 63.67672858238719 0.28714277371432445
23 62.14921441181744 0.28352435929300784
24 63.75320395373569 0.28645032332919396
25 61.70234048111411 0.28651949356162404
26 65.52265773242239 0.2873582998871649
27 66.28078323982113 0.2872381697637119
28 66.75452957964438 0.29043710328736405
29 63.25223115980204 0.2894756951826709
30 59.79835108150206 0.28697766888183507
31 59.63917437649319 0.2831424263509143
32 55.457212551137616 0.28444161766263654
33 55.816976383620656 0.28359277565522
34 54.33181390589151 0.2834993396564464
35 55.78932662191335 0.28120969974991783
36 59.61737991678005 0.2794701106972406
37 57.20740656379899 0.27676912737098186
38 60.63620316002557 0.276349583340446
39 54.19744483857104 0.2752092644604511
40 53.726842625674735 0.27657128145126975
41 48.9085196194478 0.2739465656865541
42 50.97344802125152 0.27371238432612877
43 49.772581533240775 0.2719187115928694
44 47.96468415923809 0.2701757945466167
45 47.86796981128618 0.27026123901157356
46 44.72239670297853 0.271068794301717
47 48.38861634832967 0.2692521178380744
48 46.93835841116335 0.26793225132759835
49 45.22963120832058 0.26736565945103535
50 42.03019975523574 0.26649553721037544
51 44.89072255016583 0.2667220228298513
52 44.599631689892625 0.2683984163901417
53 41.93905151342676 0.2694792745992431
54 42.94833347610077 0.2693498134782442
55 41.59607947287353 0.26837656526861253
56 47.6154889351665 0.2654136804236602
57 42.70982474300202 0.2632957874674891
58 41.7149539711905 0.2636217928504922
59 43.69040347023258 0.26290406738538735
60 39.3535575351512 0.2632211955146044
61 41.531698393396795 0.26550591744903446
62 44.08611495871848 0.2647117687686243
63 41.13449421888422 0.26166331235357815
64 39.24608778926062 0.26071608015019965
65 40.03071611934506 0.2603442276208064
66 39.793678501837 0.25975668016131404
67 39.80793014209361 0.26077281586017437
68 40.12063547293593 0.2597338155542989
69 38.812965417758576 0.2600683712137044
70 38.73916146838273 0.26101894520627655
71 38.4398165156975 0.26177164110512025
72 37.97703770362273 0.2595513185651477
73 39.04960254543365 0.25800576623103716
74 40.83961477460798 0.2569435969753044
75 39.890345383214154 0.2560221281833906
76 37.8884049787373 0.2569641379014134
77 38.420976877184245 0.2575744256785302
78 39.13086451492799 0.2567197453380696
79 38.239037363964016 0.25559249248099786
80 38.16291684247594 0.25499185874323954
81 37.34956693587284 0.25462521158324264
82 37.11497410042695 0.2529519825492207
83 36.75740313254459 0.2531944147011236
84 36.74960476089451 0.251689323512352
85 37.19179431598243 0.24967674893513933
86 38.89961174258433 0.25012794005755995
87 37.60775579710752 0.2494519101388091
88 37.662067592736776 0.2480162873103764
89 35.563668940820754 0.2477769951038371
90 37.52327227563323 0.24881227111131152
91 37.710749978425454 0.2460151388492997
92 37.78500879653521 0.2472340942283601
93 37.46845407997708 0.24559091050702028
94 38.00775871109548 0.24353896178728854
95 36.65674791661104 0.24387445901336843
96 37.695551450118145 0.24344054598648893
97 37.777991016813615 0.24420678346700866
98 37.509415179151205 0.2437373384899589
99 36.710367065267974 0.24279167539865695
100 37.47720868906384 0.2418391459399567
101 37.02004095134929 0.2424727883329573
102 37.572536991097934 0.24090765088982105
103 37.30517010652416 0.2413145806932622
104 37.54899442681476 0.24029779475327528
105 37.23301739201951 0.24019568585183756
106 36.60073813076101 0.24013070955318572
107 37.60407602723451 0.23889041308806783
108 38.1210489561704 0.23894907759195524
109 39.17928175953734 0.23909075587973083
110 39.245638272628455 0.23912880513751847
111 37.88627751142462 0.23818662004655788
112 37.8323095738382 0.23674728865686115
113 37.749969774524104 0.23638923650587784
114 38.52422427416561 0.23285354419555848
115 37.23505144838467 0.23373254096641252
116 36.74332949992922 0.233779827649396
117 36.05023677818411 0.23400439593516387
118 36.95469070269748 0.23084111552319256
119 36.14823332041597 0.2311207124633451
120 36.26684591249835 0.23099627468243844
121 35.922879137876315 0.23064205315958222
122 36.976778843360606 0.23034201738460092
123 35.83139079935182 0.2292105464694741
124 35.724516685458525 0.23056710523628243
125 36.87884516469349 0.22969694484380956
126 36.0714969846499 0.22778200534010073
127 37.826777884676645 0.22600925922256518
128 35.65052378442769 0.22595692617581267
129 36.324530192222944 0.22494332655845262
130 36.3156122312298 0.22507741189975183
131 34.92734161905868 0.22706267852884268
132 35.585114495213205 0.22787712893713363
133 33.93266794308822 0.22759561958074412
134 36.27714513693678 0.22681596754928388
135 36.34960364081602 0.22465327420594097
136 36.78024780887368 0.22423329791775712
137 36.025236813422794 0.2243259957403041
138 37.05452929494281 0.2242950373774377
139 35.87692177400644 0.2246970638814628
140 34.933867233912764 0.22494330115136515
141 35.86497812988566 0.2237809606476977
142 35.787123073479954 0.22435717082135587
143 34.628476512870485 0.22391325746608579
144 34.48700508698312 0.22203702596003164
145 34.83137694057355 0.2209105067042729
146 34.389329444751645 0.22185559246011302
147 35.10067770433168 0.22124945038577662
148 34.85417247692205 0.22144914374903327
149 34.60499639426824 0.22005647687559296
150 33.98639148843904 0.22082790792456228
151 35.065767714634404 0.2197674271837883
152 35.97729970417231 0.2200652400422749
153 34.98419451899247 0.2180248943263696
154 34.68803572169297 0.21862871055333158
155 34.801851665703886 0.21808433020843174
156 35.195216237263914 0.2186051536407437
157 35.28023357613842 0.21634976729656374
158 33.0341182025349 0.21745688915541386
159 34.37964007762763 0.21579617208711535
160 34.519561886848834 0.21491551897016534
161 34.72004135802477 0.21379128476054024
162 34.570666292493996 0.21355197456142758
163 34.42377930838431 0.21250619832330994
164 33.728549239942424 0.21253986509800668
165 32.957220587711134 0.21288884877565373
166 33.590997694884535 0.21256027150203463
167 33.67622015221475 0.21320647192754363
168 34.29637440755549 0.2120039661301865
169 33.73992178724073 0.2145446130108696
170 34.19007050844884 0.21539036420646726
171 33.6733065289957 0.2150611798022418
172 33.41539250407452 0.21329533218307137
173 32.60847118849887 0.21276495219078528
174 34.33276684647795 0.21248146047194197
175 33.52882870223338 0.2124266568157105
176 33.48770325996165 0.21166418828846423
177 34.90279946451616 0.21151706813198687
178 34.21384326095679 0.21189597393715634
179 34.2353579229034 0.21033313510487694
180 34.3981304238568 0.21006861830781434
181 34.28047499313853 0.2086957230260981
182 33.041591378762604 0.20816288227765475
183 32.930398061116435 0.20764117350992142
184 32.925507757446695 0.20657983226122664
185 33.487615074264404 0.20589988564368636
186 33.66113129365743 0.20637027949528627
187 33.12896656998568 0.20498664907679887
188 32.4793413982821 0.2044812351470683
189 32.41349291310053 0.20505536423596663
190 32.9411449386609 0.2033129158358176
191 33.058032468682995 0.2045360762219144
192 32.84900610254003 0.2051420724402274
193 32.89030727081602 0.20560813136282516
194 33.18799809275525 0.20503197918672336
195 33.18667459865861 0.2055619567463224
196 33.258930475343725 0.2048573511486728
197 33.6082820650088 0.2054192044078124
198 33.09231482208327 0.20573665027510124
199 32.25105196616819 0.20598665778365807
200 32.645697156049366 0.2066864558519025
201 32.770743810793434 0.20672506848415037
202 33.1760622446029 0.2066106339035366
203 32.071647357743835 0.2052217037355195
204 32.488328557594755 0.20443141455747982
205 31.9877195313759 0.20542288574115677
206 33.207114470157066 0.20320438357364037
207 34.20122905450373 0.20193451195667303
208 31.826670118230112 0.20132175339483038
209 32.508383857554584 0.20111814447642076
210 33.04064225910165 0.20048583715449278
211 32.28564556341352 0.19986563534521276
212 32.613678113531535 0.19855233892671142
213 32.29984882124059 0.19929015162412467
214 33.43910864393871 0.19750878308254605
215 33.384320380666125 0.19688277746897354
216 32.31181388250185 0.19569135420127548
217 32.32520170140749 0.1963521807186386
218 32.73941427658008 0.19620233386385477
219 33.20519889452613 0.1963592500484597
220 32.5912329464915 0.19613733578682932
221 33.78285065285088 0.1961213892719105
222 33.691356081062 0.1953476702269676
223 33.69741229720074 0.19512215560208465
224 33.59442472237325 0.1943786886532851
225 33.14071555277721 0.19365311618508263
226 33.202444165299276 0.19350771717980045
227 32.03514281293546 0.19347612745888212
228 32.171574683768654 0.19329362217779722
229 32.28089876518668 0.19359275709314608
230 32.482305639346244 0.19306829026912883
231 31.235718761310558 0.19304315780881778
232 31.988455498339995 0.19242285295759023
233 31.530150968062067 0.192485787116767
234 32.46671530556105 0.1944825431498057
235 32.232295902624585 0.1956389050780891
236 30.898644984182123 0.1965469189110974
237 31.9435998881325 0.19777481880643744
238 31.192953401809984 0.1980229471133144
239 31.728371523231765 0.19874882842773492
240 32.04871717666505 0.1992018851718711
241 31.926931171202217 0.2003211215957786
242 31.090168962415802 0.20058228541379733
243 31.293231376544753 0.20120647059637697
244 31.513068336389125 0.20045427694711204
245 31.48202280886933 0.20072832150455402
246 30.826847012787184 0.200994503143639
247 32.061874669910694 0.2016614081305704
248 31.15573863749041 0.20205610173916888
249 31.650905186054786 0.2020797317788526
250 30.99628184208187 0.20230454793509908
251 31.37467447864817 0.2018067757876115
252 31.034054883633686 0.2014932826764632
253 31.07967928649119 0.20152310993407038
254 31.525126291164234 0.20111572943454292
255 31.137388923809034 0.2011239290805892
256 31.674811595517777 0.20164221264142343
257 32.140507822 0.20171230626493938
258 31.981927655606224 0.20174103168054958
259 31.448498127326616 0.2032674390836912
260 30.508947173141472 0.20237628824853512
261 31.38537990550286 0.202674892294426
262 31.58032126008025 0.20151501175494926
263 31.361717660298126 0.20080931983475514
264 31.417872654576776 0.2011896770104031
265 31.400103226288692 0.20130294489744835
266 31.54247951997553 0.20066712160032216
267 31.490968424041373 0.1997996553094897
268 31.508430208580076 0.1988459646883798
269 32.02965108333099 0.19947134864657068
270 31.86988601115028 0.19912460771651494
271 31.52176023307527 0.19861688280202272
272 31.33845834455819 0.19868181382093134
273 31.749439142613927 0.1988084157855529
274 31.05019107495103 0.1982508629270713
275 31.086555961996687 0.19934421938793
276 30.433008031989793 0.20018156013738655
277 31.002328265567236 0.2000579753603017
278 31.06293790066069 0.19995031844659064
279 31.888298007620506 0.19981190697130413
280 30.678926261279884 0.19973770641526759
281 31.19195815696095 0.19911447678937547
282 30.991587126058008 0.19878549232526788
283 31.14112606527458 0.19956714981409643
284 30.729701486878476 0.19947164551328714
285 30.590373207663433 0.19916999284297163
286 31.254218186596535 0.1991036702118341
287 31.05273158361398 0.1994549623565919
288 31.248440653474585 0.19900026582994954
289 30.72422281225022 0.19797936617050083
290 30.54832794830233 0.19898856396832812
291 30.10429199933929 0.19972019632532526
292 30.351407482068357 0.19912575338995522
293 29.969815189772678 0.19778767856675836
294 29.927262399971738 0.19712265812098084
295 30.60500575424782 0.19543493852088403
296 31.274283933334523 0.1964904707149057
297 30.207946474287972 0.19586974030432272
298 30.212545489971987 0.19635184620522708
299 30.32648454973766 0.19568159777082061
300 29.710476587902846 0.19537061735111436
301 30.83592841158611 0.19481168095955484
302 30.33441737674385 0.194509407342943
303 30.625724173362055 0.19353664582022687
304 30.330545632312415 0.19330906680123017
305 31.4919408477833 0.1938853147178157
306 30.622470172743398 0.19345520025898896
307 31.286143446118977 0.19296704539675716
308 30.689040900510754 0.1920858568219389
309 31.24334654766595 0.1921925824538864
310 29.979367612301253 0.19248564366383739
311 29.897785442299345 0.1934003267866908
312 30.105067006504925 0.191592035339425
313 29.77794227606516 0.19203715729756424
314 29.627964941157714 0.19175244051495466
315 30.28630904133515 0.1924418620501663
316 30.15999297507708 0.19316106250724877
317 29.741359737470198 0.1928376930604764
318 29.971966168645658 0.19268302470022947
319 29.740885704001787 0.19121814112959537
320 29.996653186152393 0.19148691781135221
321 30.37519343275681 0.19088892116422115
322 30.017889514869786 0.1898722002831815
323 30.067892552981014 0.1898156424239995
324 29.952433129423635 0.18999163526636373
325 30.454900442352674 0.19024027971736782
326 30.556327712703755 0.19037723164286446
327 30.739013529506472 0.1897231851578051
328 30.34928784064072 0.18949137438743627
329 29.857326320574543 0.18954221404571056
330 29.649073946766023 0.19020490074304375
331 29.98741673799364 0.1906833676572032
332 29.575063728349978 0.19075922661277367
333 30.133450320435422 0.19091045947365007
334 29.70394581101432 0.19075410127059275
335 29.535525203915682 0.1916565218286904
336 29.545326995537252 0.19101272626430496
337 29.628458780757676 0.19137345917624646
338 29.49160642843935 0.1925070151258296
339 29.814258651439545 0.19325236170387447
340 30.458229842213065 0.19299236217048832
341 29.916063685559074 0.19264303869351104
342 29.57138707736298 0.19203611128130796
343 30.035821143624844 0.19110154815879263
344 29.384506800955393 0.1904383696644587
345 29.799531069056886 0.1905171877805789
346 29.270595758444188 0.19082713183631406
347 29.644928264178606 0.19100154139959635
348 29.130551521748387 0.192071118726298
349 28.971241542781392 0.19203585002368542
350 29.1626494271822 0.19206701195185105
351 28.994038322712548 0.19228377681612774
352 29.000230329870753 0.19198900268396227
353 29.031562870084457 0.19202662101849235
354 29.59454925978619 0.1924064335751465
355 29.46609305451254 0.19188468698287076
356 29.84252869930598 0.19175856182868825
357 29.238263499423045 0.19225831976648042
358 28.973057610405526 0.19292850308356782
359 28.927137244125632 0.19248196322292077
360 29.463838599976373 0.19157344872711526
361 29.64734628284936 0.1919567436515198
362 29.190893785874856 0.1921550887332506
363 29.997493517459223 0.19203450308959183
364 29.638762765440813 0.19161287637059435
365 29.371255279801964 0.19058883267936952
366 29.19192604358785 0.19036281567450475
367 29.137585550543186 0.19026021753319344
368 29.4880323495695 0.19061065747367958
369 31.080423759040492 0.19010907579799655
370 29.366462757567508 0.1900391927022466
371 29.224687784031943 0.19015714300851963
372 29.155480675358813 0.19002229300109166
373 29.639139723896676 0.18991660564165144
374 29.60623861822035 0.1899568774139135
375 29.365841304662794 0.1893367504954856
376 29.993088126760885 0.18842853951202168
377 29.735374680661216 0.18911504736717588
378 29.19713394367878 0.1888492623350908
379 29.693403951541463 0.18888940432348356
380 30.014490789744308 0.18920522793020078
381 29.202118936357664 0.18888208725181999
382 28.54527855972621 0.18910199712922215
383 29.066857127740334 0.1893015085354058
384 29.498675927537306 0.1894505994361626
385 28.924762869552175 0.18932148561526982
386 29.322828902747872 0.1885475302107005
387 30.035842081665805 0.18830039333531032
388 28.527989740910606 0.18884161257798607
389 29.674048171865024 0.18867634542132192
390 29.274923004382657 0.18862798657201676
391 30.127123099179585 0.18854014843781608
392 28.798731329891915 0.18878616749326302
393 28.961754729742694 0.18810526740086478
394 28.919864577720134 0.1880268916269192
395 28.69107688754552 0.1884362327064757
396 28.39497005206271 0.188888964721699
397 29.317026342893886 0.18778926418871286
398 29.17198374889795 0.18713362705422887
399 29.524859854110833 0.18639621599472952
400 29.899677557288193 0.18560187494087665
401 28.58023757973113 0.18576821538978347
402 28.69158469626521 0.18532060096623262
403 28.586177770965584 0.18584450413684464
404 29.015781419704457 0.1855135037072624
405 28.72543004981025 0.1853527181104094
406 29.01339456496754 0.18512821802298016
407 29.320959241298105 0.18505912810972336
408 28.856015175729098 0.18509590393754208
409 28.808272576604033 0.18509583631967716
410 29.173031365963283 0.18437660162295733
411 29.671953688922983 0.18400747747185764
412 28.89154020260507 0.18366852462343664
413 28.787410688738326 0.18457019756981277
414 29.163154742521986 0.18440429299061015
415 28.812005361869822 0.18391593910001322
416 28.62851943831324 0.18377497091755637
417 28.77440757757676 0.18405556933896627
418 28.169178451037727 0.18297514755513733
419 28.578436883097815 0.18283023914444044
420 28.82045395094126 0.18164181585981867
421 28.901897234036998 0.18142862425768858
422 28.36928250752662 0.1810494238025929
423 29.02646470727541 0.18023658234143183
424 28.36060038206957 0.18022503876678278
425 28.266565036626346 0.17885050257652435
426 28.268737233861412 0.17850228538200189
427 28.447752205473574 0.17795925572268464
428 28.89662312734245 0.1776206032662879
429 29.48955598298671 0.17748273706254258
430 29.0228659668473 0.17747894774754014
431 28.932535199378176 0.17728535046141067
432 28.8572228203833 0.17697622347989497
433 28.82116279022395 0.17654553848290266
434 28.691769954552072 0.17635741517558487
435 28.815776435166597 0.17695288675454154
436 28.31599261375513 0.17672240178857454
437 28.493489596218005 0.17757585709776466
438 28.603820971598964 0.17799303086623577
439 28.818009231006112 0.17786258617755077
440 28.859666236283918 0.17800437513087627
441 28.585998903283148 0.17811125772361028
442 28.703101503060697 0.17756935973272703
443 28.62294994512017 0.17782622874265294
444 28.82727494173777 0.1778524671645644
445 28.32163684979796 0.17779061684130162
446 28.51897456508113 0.17750780941589564
447 28.4400913351473 0.17745669075270076
448 28.370545440846715 0.17703304470194695
449 28.70233344457968 0.17700959230163418
450 28.2705571854953 0.17684287250000078
451 28.37772073720345 0.1760636479222816
452 28.176679155588985 0.175721485660822
453 27.983122086705286 0.17540575761588184
454 28.367657045695303 0.17564969923898446
455 28.000339268160296 0.17520902356769708
456 28.070596323523652 0.1749796400053997
457 28.054156328004744 0.17537220995962333
458 28.266361633030577 0.1756876377572846
459 28.158677650287093 0.1757480817828531
460 27.908359395274346 0.17453480662711174
461 28.171118730393523 0.1740325315696228
462 29.089879055009014 0.17375242519178932
463 28.25137640493309 0.17425138632051138
464 28.13230588626186 0.17449880072455393
465 28.429255174044478 0.17405365110617987
466 28.405966954144418 0.1741511085396771
467 28.61865451605268 0.17413554679452692
468 28.0851366402187 0.17399531431544055
469 28.347108679801973 0.17370565715754316
470 28.511386525019912 0.1739013423807008
471 28.750546416259223 0.17452623053515803
472 28.78078947449503 0.17441373111717828
473 28.86971237796258 0.17411839274765986
474 28.73036646133545 0.1744328571192013
475 28.683919440320004 0.17392161216193225
476 28.992069649198676 0.17451190122143054
477 28.871689838968322 0.17364599070188028
478 28.73979821611614 0.17360080855798288
479 28.574191746793772 0.1731589680320361
480 28.915151003015588 0.1734938778461587
481 28.829539478019605 0.17323320923204508
482 28.336572132717205 0.17272897462359624
483 28.93463142887708 0.17260138794261723
484 28.651631808267783 0.17227786302632966
485 28.635814102986615 0.1718031340947663
486 28.09001648468203 0.1720813520773111
487 28.766479457636372 0.17179554317031984
488 28.371463098646267 0.1719383011444502
489 28.278916710024482 0.17159405146424822
490 28.27607610680321 0.17143772683837874
491 28.743191760301464 0.17136021614938038
492 28.912786349974468 0.17100693554980487
493 28.26963875780325 0.17068263248685223
494 28.479103689636617 0.17053995347400142
495 28.560497190877513 0.17008846104658715
496 28.637812570971224 0.16944383471289726
497 28.361325924066584 0.1696782152353847
498 28.26828168341416 0.17017053860673578
499 28.05596926662217 0.1699553296347671
