0 105.72550257630606 0.2986873593046315
1 115.01533548408173 0.2989455581609508
2 103.73591379331913 0.3002317460064082
3 102.39125572817495 0.3005632205194737
4 116.01583278089142 0.30029611148442836
5 95.10882560558586 0.2998696447739078
6 97.31976516094332 0.3008667265541825
7 92.42111410275426 0.3024840627651664
8 87.14711886079992 0.3052439440886303
9 90.27612241025633 0.3044862975268198
10 88.77484021251419 0.30267275641637587
11 83.71512209971779 0.3046350460982485
12 79.2764316229061 0.30437653401856385
13 79.22671575637929 0.3038415882000982
14 77.84048638011471 0.3026471020898367
15 71.67013777006407 0.3014526943568587
16 64.70482886101527 0.29948606091828894
17 62.79697264480492 0.3006186724853666
18 73.74860177631612 0.3002721665298219
19 71.05650787166368 0.3001958743683718
20 69.17669318041456 0.2993070090696914
21 68.2101310262872 0.29661483826238816
22 64.60030666011866 0.29463330509715874
23 70.43627801429636 0.2963423474318127
24 62.29858172022771 0.29645267362558164
25 62.16243910870522 0.2961830982579201
26 62.60347076154043 0.296512697438703
27 62.09907726609982 0.29483636930687357
28 56.37931188995315 0.29523478078040627
29 59.54749000086308 0.2973202308265584
30 56.689724072436654 0.2962199710861784
31 55.7234038494929 0.2928148202497562
32 60.82309917148213 0.2904865613724323
33 60.55327318378829 0.28734754546635677
34 62.16549238389357 0.2862303393272318
35 54.3708006645374 0.2843945546606336
36 52.95145273072535 0.28299837524951565
37 51.20618091069275 0.27967616253162997
38 54.21815435118096 0.2777729202437758
39 51.33783099442451 0.27711740263413137
40 48.762541149766996 0.2769695506099027
41 53.620348604662304 0.27338828849508606
42 45.68829201900566 0.2715739355010477
43 48.70137869435901 0.26920907045654174
44 50.26613008745987 0.2627329533527644
45 49.99228083649069 0.2620669355483718
46 49.6036843715421 0.2608679714542246
47 50.449696065908185 0.26047641651743253
48 47.91206443389707 0.2626270934620985
49 48.24291749579719 0.2627895417383695
50 45.95565329550995 0.2597179136219314
51 44.36240463667441 0.2604951877626028
52 47.81984894154159 0.2573371985433542
53 43.746187490046076 0.2556574815021539
54 43.85386586480885 0.25534284710862365
55 42.61341738830326 0.2556066453392711
56 41.870505331479166 0.25559188894102497
57 41.46931244454841 0.25478325491932663
58 43.43843522774278 0.2538362308737653
59 43.799197192233216 0.2556840051726398
60 44.095666929112056 0.2547513021321056
61 42.546000223490644 0.2551831622378549
62 43.635932339442434 0.2539394464955715
63 42.425002668639536 0.25552626489333025
64 45.738891177220296 0.2552088385680398
65 42.984571401626425 0.2542168379540626
66 39.26265685838487 0.25243141725505364
67 40.23385279655807 0.2505885611436405
68 39.564715261248594 0.250074328919011
69 41.659085499104805 0.25048059586541666
70 38.88308274562024 0.2505061836474465
71 37.66156033780186 0.25037000218457617
72 39.62299235130001 0.25090041009580294
73 39.556661271356774 0.24986261160130965
74 37.71190417727665 0.24890625606840353
75 39.96206821301837 0.24668745073324072
76 39.23018284449 0.24621251082992737
77 38.28100505611249 0.246321169428895
78 38.5885988474851 0.24538909551825214
79 37.40527023331441 0.2466208120651441
80 40.23357317414005 0.24439097906820662
81 41.1998792579665 0.24453366447440736
82 38.889022890120394 0.24361347227931532
83 38.21967129076034 0.24292602299640756
84 38.803709823264214 0.24150848448300433
85 39.362800268177516 0.24136991721712978
86 38.874367609663025 0.23994162369152816
87 38.39594925135475 0.23875616659142054
88 38.604899874602 0.23801725935512433
89 37.903870657674545 0.2384738735508338
90 41.18000932933653 0.23894884825259255
91 39.026941102184004 0.2366548488671595
92 38.37819494571377 0.2354014434595129
93 38.412308570627076 0.23542694069250036
94 37.001936291139984 0.23372296962208897
95 36.131119871198194 0.2337101639812135
96 36.7364214150419 0.23283161348232242
97 35.68418512837002 0.23033289010033134
98 36.290452777778924 0.2306510132533631
99 36.221926460464616 0.2311092299574731
100 37.74879576937996 0.23079056187245492
101 36.705271610224 0.23035437712829962
102 38.731847266219205 0.23083014597784005
103 39.77333776921064 0.23022340965796007
104 37.286874106200706 0.22962878598460854
105 36.322031606560316 0.22981087932424552
106 37.72890347943892 0.2276137988091187
107 36.48448993714038 0.22887161166013525
108 35.191808189814665 0.22584550753297364
109 34.7029750907391 0.22382383503141776
110 35.20504060005328 0.2234538416979336
111 34.91750539979586 0.22395122897575667
112 37.638381777907 0.22489307466149686
113 36.573145462932814 0.22530411091126554
114 34.90570822087919 0.2265934656009532
115 35.96915577120429 0.228329561781023
116 37.79722741594119 0.22789275027259995
117 37.30692234574461 0.22703232195747744
118 36.23761858365492 0.22530376036564928
119 36.7735341776546 0.22455176245966244
120 37.240470508924744 0.2240200247461571
121 36.96334301932406 0.22242734553077248
122 37.368283196982645 0.22157786074268807
123 35.58424662118452 0.2218253621278851
124 34.36265835332676 0.22116452996147298
125 37.0476382346251 0.22072935606833377
126 34.775809540367 0.21962867662207974
127 35.16677936186828 0.21976223591353547
128 35.21760971542905 0.22041832224262126
129 35.67906376209734 0.21938569495201668
130 35.214154809142926 0.2205988477461044
131 33.56420692218775 0.22027103574648374
132 33.031377658679716 0.22085113228742626
133 34.27702490775796 0.2201357111292365
134 33.395548282833865 0.21913696979671185
135 34.42487817369142 0.21909697850683152
136 32.39579865534427 0.22034377406102848
137 33.930908739323215 0.22085639534574245
138 35.47861041744828 0.21922498925669667
139 34.21848519068618 0.21907181632375491
140 34.409949241553626 0.22021220557446278
141 34.25565955513727 0.22095076129346966
142 34.37636998714399 0.2205473515961518
143 34.32443967586694 0.22267899052420023
144 32.73720848365071 0.22316166809891427
145 34.378218688525834 0.22270637145961106
146 31.852637971972236 0.22374833040402287
147 36.248363444331076 0.2239926066230978
148 32.59072256122673 0.22429474727240972
149 33.18053603343198 0.22491495728709468
150 32.87865320072581 0.2259804364129392
151 32.34577385572037 0.22540216417730752
152 32.26866247849277 0.2262721416063412
153 32.886095150657646 0.2269145109832986
154 33.55220228084063 0.22673839038809387
155 33.739297268155184 0.22411226701069417
156 33.74774661375287 0.2224219346418819
157 34.1370298933833 0.2217184100335797
158 33.292943392628786 0.2213648344897049
159 33.78316414860511 0.22164279996178413
160 34.95682507682035 0.22280456664654072
161 33.792679295989075 0.2229011170768522
162 34.60910583617718 0.22190261629699792
163 33.80740128212993 0.22280211223624144
164 35.03978092393838 0.22364685293996853
165 34.51686699657111 0.2225981701292592
166 33.09943727409962 0.22038781770650995
167 33.49553297555699 0.21997234451823333
168 34.319554178941246 0.2200945691395472
169 33.27305694855488 0.2188165479774622
170 32.73874454571408 0.21903895454252753
171 33.166189248383105 0.21879203687965798
172 32.1672806104459 0.218148027575617
173 33.62842060209117 0.21757858318195678
174 33.33162733063793 0.21711180811634878
175 31.779160042814397 0.2165802182415294
176 32.48474878166155 0.2149119808615568
177 33.46595094508548 0.21459188173743263
178 31.81255760431352 0.215950797082044
179 32.48931804107794 0.2174485175197917
180 33.74139538078285 0.2162516030284866
181 33.627137095405786 0.21629004336430027
182 32.85392544419024 0.21692586061131314
183 32.30113024353939 0.217164327149077
184 32.796083247604955 0.2158684211680276
185 33.22273598728707 0.21584297073327596
186 32.9208972115521 0.21647944252198884
187 33.07048796776291 0.2170180273042984
188 31.790935981033186 0.21727256807927273
189 32.4369738952969 0.2173724973869866
190 33.6221993663096 0.2148416682020385
191 33.975449331445844 0.21450136852646742
192 32.65492372019129 0.21363848184502018
193 32.76738369761445 0.21425390061640584
194 34.99757928892353 0.21400677965058104
195 34.53359127615788 0.21338516581034903
196 33.57698877931483 0.21216291790706152
197 34.16546470262836 0.211735377120034
198 33.69187657301792 0.211044617629485
199 32.93111444238332 0.2109321263940036
200 33.005439512902676 0.21056712501896502
201 32.49711589091632 0.21036416941370617
202 32.78408798608773 0.20916439974940185
203 32.70046252347488 0.20978894143605534
204 33.47500750977751 0.20921688300778438
205 32.90932955580541 0.2085977296885564
206 32.80084189880924 0.2088133168198689
207 32.21438841176314 0.20856032331913268
208 33.52281783145603 0.2080018154363564
209 31.879091495560814 0.20877848591550918
210 31.42173334259069 0.21007917743776416
211 31.498277873205957 0.21041594465757427
212 31.152761660534082 0.20923671490546294
213 30.69790919877462 0.2104647744031656
214 31.549009940480722 0.21045756102928534
215 31.57722754369535 0.20916336609588557
216 31.52645311636377 0.2084435964265927
217 31.85771134212687 0.2078913185666936
218 32.63909648220579 0.20885584084146522
219 30.82120186985718 0.20737303452231473
220 31.70842879426847 0.20697733075721245
221 30.328471677473324 0.20850483634083503
222 31.228815924601506 0.2091902202948851
223 31.356821272504668 0.2082417318270041
224 30.990380761683916 0.20759147329468705
225 31.457144120414604 0.20791015325668902
226 31.674942214375758 0.207744160939436
227 31.306287628211024 0.20764935322390868
228 30.443062038369213 0.20814494437186895
229 32.50562980628595 0.20892643450659232
230 30.490942566891555 0.2095502985194211
231 30.41815588063404 0.20930167759194515
232 31.3733137768334 0.21007677737781938
233 31.34855730139514 0.21010128589452357
234 32.48166645711139 0.21063411603644125
235 30.810595798224377 0.21118958846324065
236 31.968884830713773 0.21196758440530686
237 30.245743146728607 0.21162369262884528
238 32.49581275812669 0.21139381338069407
239 30.803716149574207 0.2117271540036434
240 30.611009681421688 0.21303747893300148
241 31.18983477756528 0.2132744264899179
242 30.89930339187878 0.2133602925077804
243 31.039709248665076 0.21209419412305897
244 31.280619008040286 0.21208035898003355
245 30.79450042734817 0.21115142429358566
246 30.942010389692683 0.210372007983375
247 30.248925185714107 0.2088615827859969
248 30.59604007317627 0.20836912233466567
249 31.23937259576769 0.20808580084835468
250 31.257915344340724 0.20765890544717633
251 32.401969642915574 0.20631569996223828
252 31.52992680230393 0.2062815514184041
253 31.63503868781995 0.2054486280027404
254 30.75274126094992 0.20609207553476053
255 31.15089188176818 0.20625160610409102
256 32.18559029283085 0.20792162302419878
257 31.93065869687277 0.20911945462161197
258 32.094122056656836 0.21082193687247586
259 31.625568754526025 0.2115804836785602
260 30.91291196890107 0.2107706568725963
261 30.86605308539625 0.21033752364763555
262 30.44277486610904 0.21061366657178363
263 31.768712298469826 0.2119412892739083
264 30.345318878892776 0.21241195689051642
265 30.353068746914083 0.21329416309670127
266 31.13276266234715 0.21311733613705944
267 31.33026263449002 0.2127597028821566
268 31.66399450561038 0.21215525039379624
269 31.41171605733875 0.21216244952593175
270 30.34741825140962 0.21234203336821125
271 31.12769369822307 0.2115607540546667
272 31.870835541549667 0.21080456140030465
273 31.034876563353087 0.21074453293020504
274 30.345740894274762 0.20981754519124718
275 30.861321699204602 0.2096361406975041
276 30.481160954196348 0.2094852054907704
277 30.508237399360883 0.20933344123563732
278 30.049162387668115 0.20917729879362149
279 30.56512347452523 0.20888750613440524
280 30.298260261530054 0.20709263537789402
281 30.896595580865657 0.20730451088317503
282 31.269805657369325 0.20643772715215958
283 31.476173053381444 0.20578952780501025
284 30.42246062197924 0.2057217342198646
285 30.84509833484351 0.20552031931301937
286 31.259449813033548 0.20580401408171264
287 30.449090204465804 0.20578989121761126
288 31.077943717538837 0.20427721723274436
289 29.757456791203264 0.2047643435436238
290 30.02405858632226 0.20613333970661407
291 30.054052199443486 0.20650137193411722
292 31.00869196951029 0.2071887501277506
293 29.755350292806206 0.20691644533152612
294 29.898411000309398 0.20490096711755465
295 30.223957355833402 0.2051688999910343
296 30.42688817405062 0.20422373423892703
297 30.549884381539364 0.20324978414479847
298 30.65914267589183 0.20305347004806373
299 30.971597625917926 0.2032582673361051
300 30.530686380568966 0.2025917260884583
301 30.45308760429986 0.20217995597685745
302 30.315915637647755 0.2028094144215334
303 30.58920079281439 0.2026294578069788
304 29.890608245041246 0.20277372351119563
305 30.310821914277316 0.20226211020860382
306 29.55311138462058 0.2016425763339128
307 30.703417604919004 0.2017462668733422
308 31.169630772917856 0.20198217619466355
309 31.240922325605567 0.2018870360296634
310 30.34332392793487 0.20196588333890816
311 30.317689522418476 0.201202679242366
312 30.467878568624506 0.19982437701759462
313 30.804304911281253 0.1998241923501106
314 31.52776575924441 0.19915213040866617
315 31.06802216631494 0.19904199232388983
316 29.386025780899462 0.1987072607440931
317 29.510273095384818 0.19848792223394582
318 29.79432596925276 0.19904899704451862
319 30.37172010134276 0.19859362800722216
320 30.802961611127067 0.1984051096149896
321 30.968197761592144 0.19830503188134443
322 30.19193169650501 0.1983707765396482
323 30.375956227682313 0.196075227553992
324 30.96634637820666 0.19604433751379938
325 30.913817071519702 0.1967308025157287
326 30.78790873459579 0.19700440515278497
327 30.35013111103412 0.19679508559770276
328 30.635419486842903 0.19587978976693
329 30.73324165916359 0.19443969041085363
330 30.204335944489287 0.19549361179232191
331 31.05820209469271 0.19592290121243908
332 30.316833819814562 0.19684379959135292
333 30.815200351660653 0.1970649457657402
334 30.67376931856166 0.1965422583875175
335 31.801729306550712 0.19623409517886925
336 30.61852244943224 0.19723991759736004
337 30.350693919739754 0.19630712296976083
338 29.545499549192073 0.19653774330843266
339 30.067528617494602 0.1969720989067966
340 30.393545059967288 0.19699784671859422
341 30.259921822036347 0.19740630065128784
342 31.143417008803628 0.197594156900787
343 30.28226076236778 0.1970113376669204
344 30.212131421468875 0.1973098441705924
345 30.172581094837156 0.19731352905943797
346 30.532408785021794 0.1971569077577875
347 30.63448442255993 0.19740738672061944
348 30.649936641559954 0.19837370431603332
349 30.097312435439207 0.19912000496246832
350 30.025840718135193 0.2004435485069752
351 29.84372892041629 0.200512233344973
352 30.49917746714302 0.20044522340872586
353 29.976979319483092 0.20178233974117687
354 30.27396682456358 0.20210154199736538
355 30.040453992166007 0.20248491397765644
356 30.968450808583164 0.2009881158995115
357 30.254243838483106 0.20135451961486986
358 30.302921379042143 0.20201087516666014
359 31.04613669258688 0.20194316718259078
360 30.7925700394024 0.20295651247685872
361 30.506567981580517 0.2027300456087416
362 30.455000887461686 0.20195296708696509
363 30.38599351996327 0.2023424821699494
364 30.31480380392837 0.20210322222772295
365 30.725224508795765 0.20147940691468666
366 30.75703756339276 0.20126604325489975
367 29.97701098129455 0.201573861514552
368 30.60016090258864 0.2015032870395809
369 30.885080414018443 0.2029475525439374
370 30.64904589594071 0.20293852081443853
371 30.983478322500297 0.2021403737665004
372 30.137048864157094 0.20176410537133416
373 29.374777422999916 0.2019294368176627
374 30.263210460966267 0.20126113751033725
375 29.946811626509607 0.201825493007548
376 29.75804605898559 0.20228170717708205
377 29.8435268943852 0.20251672184947936
378 30.2062414646253 0.20212862003745288
379 29.40305693595645 0.20151225529338535
380 30.35588805922681 0.20138725689942297
381 29.855298068106713 0.2016648937993506
382 29.363846196496688 0.2021921779852375
383 29.60202461470548 0.20174183955227487
384 29.513375969956613 0.2015476133749644
385 29.615285163161907 0.2013744989706093
386 29.503559366966265 0.20110976234553193
387 29.849580923948523 0.20135757398347398
388 30.312832153896473 0.20131070211323768
389 29.532933129590727 0.20151405551416143
390 29.508136228352505 0.20139722342575492
391 29.651139075408743 0.20034756245549198
392 29.914213249439143 0.20055348915506568
393 29.874693375558344 0.20077814517241044
394 29.819914814752888 0.20030710404319862
395 29.069368841441168 0.19914350142834156
396 29.142831788204475 0.2002608548967598
397 29.58820766231218 0.2004533500693674
398 29.471994436263564 0.20017991368871849
399 29.14607418875803 0.1990407445656329
400 29.93745491458872 0.19904481464725668
401 29.469702110305853 0.19889278903438237
402 29.945544997860218 0.19795535742952555
403 29.80583768260186 0.19777435193214132
404 30.107633912239017 0.19771707146717443
405 30.015054750976944 0.19828393176089001
406 29.225331957166475 0.19837444194216633
407 30.135681675246534 0.19826462956788968
408 29.610981722620913 0.19856243040059166
409 29.30176057276365 0.19817376953219512
410 29.30260793580262 0.19778863751066975
411 30.847373787052824 0.19870667773895287
412 29.040204134449212 0.19785814978507577
413 29.605136497701636 0.19805758179525335
414 28.954997080627024 0.19818947287462266
415 29.310613721531194 0.1981567892831204
416 29.61760703630317 0.19923400205481048
417 29.72690202481136 0.1993339069342016
418 29.356819118953013 0.19863278105877738
419 30.361939709658564 0.19891776577986967
420 29.52036716165784 0.19876253075374184
421 30.03283634041514 0.19856456530805097
422 29.780999873536384 0.19823269921789788
423 31.705277201402886 0.1984714824236806
424 30.10756820091023 0.19926382076396898
425 29.695658385922346 0.19833879795506157
426 30.454834366407354 0.19748440416084398
427 29.13176041816904 0.1971654280965169
428 29.449775385922955 0.19717221605538882
429 30.953187594740733 0.19713980087015467
430 30.108332046249814 0.1975682439526947
431 30.353642553098386 0.19749043713498274
432 29.437570369471814 0.19709305411284095
433 29.08853858085994 0.19729823141330274
434 29.631362941250337 0.19738737096098502
435 29.066593687955155 0.19826403160280912
436 29.4568003180703 0.19825548512571703
437 29.103483668153846 0.1979569278468205
438 29.52957375526061 0.19800573177634062
439 29.0849702138297 0.1979337749579603
440 29.821553946478495 0.19764815560569363
441 29.21142619150619 0.19777683165578439
442 29.058138644666343 0.19696058645129388
443 28.730972350272914 0.19618550987417552
444 29.67498332960424 0.19651662877935172
445 29.66078168864373 0.19629705603114492
446 29.222111042794747 0.19616954509682086
447 28.738388635384073 0.19634982854625438
448 28.78087068848437 0.1978421770850414
449 28.557638838451346 0.19843438111413422
450 28.82629877492675 0.19928484995770512
451 28.821611214152753 0.19889462813363798
452 29.253140066878196 0.19936682200756706
453 28.584506023962476 0.1984547515423366
454 28.159191235303133 0.19835411231724653
455 29.005302352682268 0.198745935717191
456 28.649435938607667 0.19852995913445468
457 29.104366255053264 0.1986383178737011
458 28.799765252289525 0.19818386594323237
459 28.880666829992776 0.1985475023431882
460 28.990479623835576 0.19852805783358882
461 29.452694587476657 0.19884846775293022
462 28.960135489381386 0.1987588494674505
463 28.710691806570118 0.1990581956382005
464 28.449457628126602 0.1999013277553776
465 29.050752951465427 0.20017166522103982
466 28.760780529042464 0.19957356740196963
467 28.850054588229433 0.1990655722105241
468 29.17854436327233 0.19897419358367222
469 29.168575254606274 0.1987894551470606
470 28.556939688215564 0.1987408045816644
471 29.087139690626415 0.19844244270047376
472 28.491035192601693 0.19868038322511375
473 29.03965371879974 0.1985046593297292
474 29.1166511650692 0.1983480542343273
475 28.754403372430808 0.19716405733003603
476 28.712319673639435 0.19697270380965884
477 29.17120823867439 0.19648682968660336
478 29.70558757575732 0.19564614986900233
479 29.74680052683474 0.1956397716743443
480 29.77870288011116 0.19582447305968964
481 28.845169605258377 0.19614667809153372
482 29.11739214927602 0.19614962724966087
483 28.821071028546136 0.19606594701526678
484 29.25525811154222 0.1951450725250632
485 29.352677794271386 0.19475033717390156
486 29.624056546751206 0.19469579675788048
487 28.921262102918874 0.19456940652064314
488 29.084303219458874 0.19454201721047373
489 28.245040258669782 0.19506821443259562
490 28.845615363789598 0.19423471469586392
491 29.05730001043825 0.1944171651060175
492 28.591600721812384 0.19432363125564941
493 28.96638699541234 0.19454883413381133
494 28.991648293783474 0.1939658398468204
495 28.677603661642912 0.1942639309409988
496 28.178602001753966 0.19397460220224216
497 28.897782528919755 0.19434937735938693
498 29.737222727999697 0.19447331441072627
499 28.830714695224035 0.19482786772488225
