0 111.12417018351357 0.3010314042901452
1 111.57712298926245 0.30268486315205584
2 118.92597731027334 0.30177604493851035
3 108.58490575345365 0.30176539511739886
4 107.316495747993 0.3004528657529171
5 112.90621247138264 0.2996862231701774
6 100.39195639661176 0.29989226816008346
7 97.01088881632786 0.2982996780108439
8 86.95679293110888 0.29591511805750254
9 86.37917875982448 0.29574697575981107
10 85.91266367694408 0.29511941988456364
11 81.75008939658886 0.2936715892877169
12 80.2262292755552 0.2929031998511096
13 75.69664424118861 0.29099970688841625
14 72.35540102469665 0.2890220312108558
15 68.50935726148822 0.28723847029947697
16 73.87708097099744 0.28717110149310815
17 71.9208578002053 0.28523181707238976
18 74.66877305502982 0.28617167953272377
19 69.8931966866962 0.28527382511274196
20 65.38466891079037 0.2837690989319998
21 63.359624695427165 0.28347047931401276
22 65.4850962452824 0.2821244636467406
23 62.8722089737866 0.2803586910367819
24 63.32254533348578 0.2796304009394596
25 60.78393977492719 0.2775219132456627
26 57.11497931890827 0.27619271212532714
27 55.70983901572663 0.27599725075206677
28 53.94939649765153 0.27365462075048547
29 55.76041390974896 0.274217619394904
30 54.02219082836712 0.27587825236958835
31 53.60348291762903 0.2712832187185619
32 54.067232957499 0.2700124017716059
33 47.95397437267028 0.26983789300049027
34 49.67575764083642 0.26731476742867266
35 49.67242827492743 0.26729830342776395
36 47.98946880786969 0.2684205843902629
37 45.107387653747985 0.2682087646305625
38 45.41120356618327 0.2681493415522019
39 45.702440821838785 0.2656135573686975
40 46.5687691522528 0.2619181513490148
41 46.00006448625835 0.26280545566646046
42 49.16687889100723 0.2647802954208458
43 43.37835812136934 0.26654309904396195
44 47.43541849664999 0.2658119454081654
45 43.14183216408601 0.2656980475718409
46 41.773459233851526 0.26541079466802225
47 42.60374655781392 0.26505312031116074
48 40.833536547393 0.2647641436062315
49 45.261890940023974 0.26438439206100267
50 43.24450122912525 0.26314744168266224
51 41.51111546715711 0.26146462288365097
52 39.845920219365716 0.26106632582011996
53 43.31671612133104 0.2607021476256927
54 39.00150667412595 0.2609994896960213
55 42.32291098491993 0.2617639273448866
56 38.8705435466448 0.2587177972011938
57 41.95077196814774 0.2588849933350174
58 38.22541520333279 0.2577413760727619
59 41.683956792983224 0.25869081847630215
60 38.87640262716914 0.25867654406952495
61 38.30691549746709 0.2574095788401776
62 37.96138719444059 0.25483032067483874
63 39.34036214143599 0.25547006910020675
64 38.50686988944359 0.2541538799860679
65 39.89585237569382 0.25435660688243455
66 38.36853465058986 0.25475994456699047
67 36.842525521052224 0.25433804740029825
68 36.92402007061196 0.2527031407434492
69 36.103466148558425 0.2521665806504126
70 35.33046648376187 0.2518649025288559
71 34.891914249238084 0.2503937504264759
72 35.78836841534479 0.25104355850548976
73 36.356899560348836 0.24948622496189743
74 36.72433926434309 0.2507538283328611
75 37.269202983550684 0.24941994188505534
76 38.175370361691705 0.24778590794340283
77 35.89599007387313 0.24695508119881007
78 36.621130572708225 0.2459018355539042
79 35.57363181817749 0.24487636610124705
80 34.42166874920279 0.2450140711205302
81 34.72876373839528 0.24496753992473827
82 34.33251207005569 0.24428062691156002
83 34.66726721070805 0.24552479887129833
84 35.860794656316614 0.2439939762057225
85 36.54380584076082 0.24455883944565113
86 33.92372409322425 0.2439800976641933
87 36.23650860471775 0.24205034460364058
88 36.25688515596097 0.2412986069758082
89 35.398432102076114 0.2448020342397622
90 33.84056936956251 0.245939816438433
91 35.31554437077661 0.24558174584768896
92 34.38470583007165 0.2443766281131882
93 34.31246325728762 0.24411161955280558
94 37.05061320757065 0.24449456016168739
95 34.69499046798291 0.2442558525405383
96 33.915583558597866 0.24474099077684075
97 35.98704957858495 0.2452445927601393
98 33.75367540504331 0.2455690107888547
99 34.01214831352891 0.2454041642372986
100 33.8273251068557 0.24552816748809114
101 34.72486092213266 0.24272925485486133
102 33.056018657362635 0.24210500237721963
103 33.41305114192957 0.2419213505069959
104 32.29053237856924 0.24063709659143848
105 32.10526797356576 0.23948967592130813
106 33.45997923300345 0.2400022616948121
107 32.68029275310273 0.23913080532999
108 34.48542303595901 0.23770167703942455
109 32.765175685779425 0.23930425861415783
110 33.56872585290847 0.24001064293064567
111 33.21837217012164 0.23851215587959906
112 34.49494705914971 0.23630000916657365
113 33.0440362596556 0.236749074014857
114 32.60200483133423 0.23662449314640324
115 31.585847144413002 0.23405959951224298
116 33.1300249690032 0.23377216377045648
117 32.88058895413076 0.2302406680333822
118 32.45576398617098 0.23034755463884996
119 32.62229742787669 0.22998172165055344
120 31.570820345153678 0.23029790302714828
121 31.397694007844386 0.23053133579316096
122 32.26322594279524 0.229549172915234
123 33.08219845145793 0.22994673690217785
124 33.873077728173925 0.2298793522187297
125 32.703223217057314 0.2295359019382295
126 32.89949369016198 0.22796953484089097
127 31.65469271362241 0.22644894888869885
128 32.49871738551032 0.22577214208996307
129 32.58250894191714 0.22592844792978264
130 32.04760090030845 0.22520609585762683
131 31.264619085738865 0.22471634866016688
132 31.527933817341253 0.22397045833163096
133 30.988199054221695 0.2239351775350785
134 30.591005060923784 0.2242787823897424
135 30.55259337854884 0.22320556817678586
136 30.729891629329735 0.22321602081581995
137 30.676541216590348 0.2230188540773892
138 30.870059251267854 0.22295844564268172
139 30.55382537356962 0.2225741930931885
140 30.634526995137815 0.22243338091312406
141 30.998098161347265 0.2202298175309049
142 30.581710179966933 0.2184715079667501
143 30.996007543914622 0.21914614349436776
144 31.42151055091994 0.21955342117776588
145 31.01991953349387 0.22102974533408395
146 30.71425851894353 0.221588960090084
147 31.01529889458717 0.22220534483058718
148 30.14586161499843 0.22236230909463547
149 30.641882670025165 0.22148907321403422
150 30.918470821686164 0.22082817791434387
151 29.9159012006765 0.220511928682163
152 31.32534452962144 0.22053164369824527
153 30.283151372906225 0.2188093255642991
154 29.38996225098343 0.21868799667942382
155 31.363317123721572 0.21942642023219494
156 30.010504931135053 0.22103539474707234
157 30.583570163924666 0.22194477224138445
158 29.93534464486521 0.22223313193074526
159 30.644301608600728 0.22114424531731203
160 29.751266914434154 0.22067161294426274
161 30.29286669803828 0.22073533606586873
162 30.281285019845832 0.22068939930332399
163 30.986379713783606 0.22164278529183204
164 29.41921576130722 0.22395085261866163
165 30.231271837463254 0.22381466468322553
166 30.319438258717803 0.22500630456214019
167 30.04592994527136 0.22483845859112547
168 30.76844268597499 0.22324909273322915
169 29.821275560367916 0.22451314202538572
170 30.14352293429262 0.22262220893589327
171 31.223468173011558 0.22331756183208315
172 30.262841614391597 0.22351578491585347
173 31.01115820466057 0.2218349602365782
174 30.28056736222918 0.222173683159375
175 30.15397227495781 0.22024139694408515
176 29.830734487626568 0.2209234363810384
177 30.065496883811043 0.2206692401234118
178 29.601058497959492 0.22154161612671608
179 30.023161203702763 0.2224544896203763
180 30.554948043914855 0.22275407427272462
181 30.483125379207728 0.21981305773968773
182 29.826357190452505 0.2188372717720161
183 29.791979320999125 0.21818437735677765
184 29.940154032111238 0.21955663310924667
185 29.59581488452274 0.22078428188920932
186 29.590374208537874 0.22124431884280726
187 29.948495847364633 0.2191168816997263
188 30.10894047456194 0.21763107040394347
189 29.52318408337679 0.21700234378461766
190 29.892309034067324 0.21685691845206387
191 29.982901737201573 0.21628858686669197
192 30.28490017479504 0.21690402323391736
193 30.042742031603005 0.21711170725427742
194 29.643983618848196 0.21617534777044953
195 29.434580918251832 0.21591289234494523
196 29.569272023132022 0.21694578448911353
197 28.58231243251087 0.21583934505779293
198 29.067748469904302 0.21678624955865242
199 29.378899160207986 0.21610658213348533
200 28.991866573080326 0.21718825066445505
201 28.748460019759207 0.21499235741772274
202 28.076178415508096 0.21389852548715646
203 28.755107114397923 0.2138677071436499
204 29.120660593956586 0.2135017933693669
205 29.127051556182145 0.21281896150552085
206 29.288476887795373 0.21219625079967705
207 28.253040146859483 0.2120172471285657
208 28.09680178323692 0.21189879191878536
209 28.537960540012214 0.21022277092060815
210 28.545307040446545 0.21072701075687417
211 28.646275304525062 0.21118029547406073
212 28.275599909310394 0.2097040981551095
213 28.878441098847063 0.2100300092027246
214 28.382028841827903 0.2106203307818041
215 28.03221583903749 0.21138220250060055
216 28.043880714436238 0.2113517961096476
217 28.115130530846887 0.21084426729575165
218 27.618657299593494 0.21125051975020626
219 29.20221161123781 0.21166184943279473
220 28.322140489863582 0.2125363433708468
221 28.041649555054313 0.21325942903883618
222 28.623888102898864 0.21247711713398312
223 28.56556061493523 0.21318674615812658
224 28.812828407650326 0.21195858791823566
225 28.6840751323779 0.21155413224650013
226 29.31524709718775 0.20971268363758674
227 28.949872414109205 0.21080130366761174
228 28.34388664344919 0.21045370305180122
229 28.223529299042212 0.21083923479648728
230 28.828201923491985 0.21117201189198287
231 28.6610142705402 0.21111788439570192
232 27.994262432990652 0.21000597651688654
233 28.46046256697278 0.20970754719056953
234 28.105158817521996 0.20973920921440956
235 28.65267069180728 0.20946414589005458
236 28.674899534442275 0.21033045582825916
237 28.459624466682698 0.20935918234997267
238 28.41705846304277 0.20848306418753615
239 27.92563531389912 0.20833482514043541
240 27.795751108223477 0.20676589625408484
241 28.159792676488884 0.20727571988215207
242 28.399686892538462 0.20678703521983155
243 27.04524776682438 0.20705543912612012
244 27.779601714352722 0.2070794795116561
245 28.1040859457111 0.2065561518120096
246 28.22099873410327 0.20655170844393886
247 27.607148727780338 0.20680642004128424
248 27.399740882085418 0.20777143554135583
249 27.77345208838566 0.20838764816424926
250 27.67832744348279 0.2087125986802231
251 27.526005138856203 0.2076146493885207
252 27.59331885625185 0.20798134189435621
253 27.84511593887907 0.20855478999605928
254 27.345280289127174 0.20817077712954268
255 27.98288754608827 0.2069910676975799
256 27.542490958991557 0.2070993855420009
257 27.517696810078142 0.20705214020922838
258 28.702715824557608 0.20648724350905154
259 29.016718427372332 0.2056524911569629
260 27.94555316448234 0.20510064422098062
261 27.836729458355173 0.2063081439277762
262 27.861201312864782 0.20651109767856202
263 27.082573538631806 0.20523348686200737
264 27.61540612085434 0.205722008239156
265 27.27747655599518 0.20529257856840685
266 27.5612245375191 0.20489511621924175
267 27.590477096532023 0.20422171116990342
268 27.49502409441854 0.2037998212499589
269 27.89388202820585 0.20405057454883746
270 28.02021985829809 0.2042023361389853
271 28.55852322623858 0.20356714340248075
272 28.121458336389345 0.20277585139392432
273 27.520418911310166 0.20165682664110451
274 27.30370586932039 0.20203590917116776
275 26.995738106748583 0.202970469954471
276 27.29066676375969 0.20319356818569903
277 27.85558890702314 0.2029047432825263
278 27.66342778500404 0.20227454194429728
279 27.717569027456054 0.199667654225147
280 27.468802485240374 0.19930232053619715
281 27.100512252736596 0.19936186667058967
282 27.437779139091724 0.19817733333154652
283 27.956178779853385 0.19824783521190512
284 27.350705623097536 0.19848059716908548
285 27.767758568764073 0.19826986468785587
286 27.767717488831014 0.19797146036560861
287 27.805420277874212 0.19810276643505512
288 27.179331893305786 0.19700278875748653
289 27.91887813779634 0.19593898281987354
290 27.481228112071705 0.19572263247387134
291 27.602744440047076 0.19546127807913458
292 27.57654492691368 0.19666279580194743
293 27.353631270450457 0.19606606102200244
294 27.71116578185829 0.19656556320847396
295 27.44077242710804 0.1965801085576173
296 27.50890251769591 0.1965301409800475
297 27.590211433421906 0.19717046304458363
298 27.79782982663948 0.19663142671052333
299 27.518315077859086 0.1964799049012563
300 27.42042666244172 0.19651353938896768
301 27.00631555316606 0.19544309735969848
302 27.834546934335076 0.19593832976161174
303 27.1145564478434 0.19530958674861199
304 27.31210680800091 0.19557622801667632
305 26.871403776020273 0.19658484914701865
306 27.017116091307393 0.19566484153593097
307 26.565411115647393 0.19566153795310445
308 26.85926627511578 0.19583563794242212
309 26.882471280144998 0.19436312482929133
310 27.00484135137624 0.19422811175739177
311 27.115963336261252 0.19397761269349903
312 27.311722550330785 0.1939875017299355
313 27.18684002146122 0.194272729283428
314 27.37229827505789 0.19490495495145446
315 27.158871818239206 0.19504604948548496
316 27.16939323640663 0.19460992275943026
317 26.75051322674083 0.19411985013979804
318 27.16295112523196 0.19341766332706448
319 26.82873221032201 0.19290221361850945
320 27.018687730092456 0.19236452225388576
321 26.79533344187616 0.1918658086515123
322 26.825028813130835 0.19117053413164564
323 26.857765414761843 0.1912885815398215
324 27.209251147588503 0.19081299409411323
325 27.366308442690254 0.19155805913680038
326 27.117462101929583 0.19107800122251486
327 27.22572275069676 0.19209202214769872
328 27.236380480869478 0.19278763603458948
329 27.896488445568973 0.19225238701409322
330 27.31347359773524 0.19172190778469775
331 27.399052381900656 0.19192914691540333
332 27.25518943027724 0.1919109466775887
333 27.241739288656312 0.19189701690573777
334 27.27108108823951 0.19169259854242973
335 26.994776533062876 0.19047262532766415
336 27.031533762974384 0.18979120853598705
337 26.95419039440027 0.1898415579739681
338 27.428590412824526 0.19044558313582405
339 27.229603403746136 0.18989999738192267
340 27.050008352539532 0.1905572472220098
341 26.929032374451786 0.18947978338294025
342 27.23368426366509 0.19011271995856918
343 26.503326690106555 0.18995940223599303
344 26.81304934551138 0.18862183514414965
345 26.64081923952516 0.18827960994100754
346 27.598441135943037 0.18874528350195174
347 26.852981448517976 0.18938646295838182
348 27.329733793011425 0.190131192926427
349 27.949243673559273 0.18915509691717305
350 27.205037935982205 0.18920953110928196
351 27.453245663694325 0.18927734547359912
352 27.704808501177258 0.18923304319583353
353 26.906001877459545 0.18793199525238036
354 26.988166902572154 0.18754163552991285
355 27.472395843938376 0.18793663213234413
356 27.83316534785814 0.1878657915591023
357 27.29154347216366 0.18704242540003843
358 27.8853763839153 0.18771588100711675
359 27.396595472937676 0.1878410497139281
360 27.565289512485634 0.18831191848534437
361 27.140738982504487 0.18732305916680306
362 28.166973967403344 0.18690013215047752
363 27.984116432168165 0.18684826890616954
364 27.358418193023706 0.1865578216690916
365 27.266022640581312 0.18698693972967553
366 27.111525318060963 0.18712149438126233
367 27.423757203945193 0.18756276448186157
368 27.769748805551405 0.18669395192467886
369 27.28425168962059 0.18691636626923613
370 27.47619747882205 0.18787970248746236
371 27.581794960924526 0.18743950970806145
372 27.644226240636744 0.18795620540512722
373 27.08759107972886 0.1872196591241954
374 27.175206985122877 0.18688683869718434
375 26.737422636593394 0.1868152193365665
376 27.459909549075086 0.18743151787267975
377 27.31919309696731 0.18815680298140922
378 26.98844174505731 0.18849366140471982
379 26.913198410584563 0.18847832561211875
380 26.795300428589265 0.18779520054376211
381 26.850503070094966 0.18853891949059345
382 26.854020743651876 0.1897286767493059
383 26.756930621810714 0.19044588180427957
384 27.037510524759895 0.19102063899385816
385 26.871004252507888 0.1914684964564982
386 26.57115538235525 0.19114190519128818
387 26.385680696925505 0.1915666149219428
388 26.788598777266223 0.19149752539861606
389 26.592133782089967 0.19136219328441859
390 26.554838604419782 0.1914422913049546
391 26.407079421817947 0.19097072686608116
392 26.986470852843482 0.1902740967943309
393 27.02493056342967 0.19065763167541436
394 26.49598159662974 0.19094773249268773
395 26.208408589627062 0.1919197119150271
396 26.59731859366974 0.19127866951904138
397 26.642804992928994 0.190989213801094
398 26.957591667011087 0.19165786977518406
399 26.799993279553878 0.19149120795675353
400 26.396265008532453 0.19196812281383482
401 26.65569692011921 0.19102746475995866
402 26.32785145702183 0.1909143118489273
403 25.93477832261952 0.1904105070279496
404 26.448128836668126 0.19022675284218749
405 27.056093773106284 0.19089600946971932
406 26.889995561720376 0.19033198032716117
407 27.19206076034251 0.19001821313178371
408 27.046094106177993 0.1901128359903921
409 26.659010856407935 0.18954595939058436
410 26.815251865655178 0.18955534963513418
411 27.35692784819763 0.1892328435499189
412 26.597531124190542 0.18924932978142395
413 27.006089734756983 0.18974674178469694
414 26.767870239023182 0.19032865998578577
415 26.840420269233658 0.19048310711652827
416 26.775854044716134 0.19076407389034236
417 27.07398315768183 0.19127560401858576
418 26.330596437402775 0.19105765283107767
419 26.959842388653534 0.19078410425521594
420 26.91379343095774 0.19110423706309163
421 26.605820029412047 0.1913039706402406
422 26.60654784351873 0.19091126247700774
423 26.555243770623534 0.19165275519778005
424 27.032134784145725 0.19090849848258604
425 27.451869083882766 0.19105399299327955
426 27.074631180797358 0.19092657552183545
427 27.019716930042442 0.19150171726452528
428 27.016684700127584 0.1911949861596843
429 27.360947517942684 0.1911706845316268
430 26.68493912481848 0.19091431801748424
431 27.07670913329416 0.19088842430579142
432 26.930334855036165 0.19032793220055333
433 26.981089771305882 0.1909592781215372
434 26.76849764614341 0.19057417392756104
435 26.67241946368447 0.1904189388851346
436 26.91048123002215 0.1904858477291215
437 27.262010649939036 0.19043975694297988
438 26.682477671288623 0.1909453934146745
439 26.915631853229787 0.1903745783438556
440 27.213743870797934 0.190604839246966
441 27.361429495971965 0.18922203803165205
442 27.870710984551028 0.18883453660078012
443 26.851258506335792 0.1889872864888645
444 26.77228838347876 0.18945334017705837
445 26.932198267120825 0.18951179087603842
446 26.78872094580459 0.18960499581578275
447 26.576081211953454 0.18943335793454433
448 26.79662159917728 0.18898359012341745
449 26.984655009201695 0.1888837207349253
450 26.896245347620372 0.18881866933945338
451 26.779379583030234 0.18917370206078962
452 26.781119549720103 0.19018075647077073
453 26.96915359032056 0.18975561347137523
454 26.95747388054616 0.18988773475783027
455 27.623920972763173 0.18904430749869308
456 27.16770882037479 0.1891890100263071
457 27.050069607928393 0.18869249528028376
458 26.78498896503401 0.18906877065784164
459 26.855200606942134 0.18968496787020747
460 26.9089033299389 0.18859806857607253
461 26.93790501511982 0.18892975348275923
462 27.015086612273958 0.18883589105601736
463 27.01408918580024 0.18908184689317067
464 27.18689101467502 0.18846155464416758
465 26.8347061354455 0.18861290086978943
466 26.252533858232944 0.18784450851239484
467 26.250010478526352 0.18917090645647394
468 26.83700527604868 0.18980891814947043
469 26.099724850960392 0.18915139937731137
470 26.62661367285806 0.1896818318659861
471 26.743469605859694 0.1906522271718313
472 26.478352934126804 0.1907540865835906
473 26.474801697621928 0.1904060067941262
474 26.86586233284583 0.19059229930964863
475 26.65368463298074 0.19116139297118254
476 27.220353457728933 0.19197143618954052
477 26.817286088532676 0.19232482077580126
478 26.83398746608811 0.1914579791856321
479 26.529373362918548 0.19232479476873018
480 26.086015545890383 0.1924174977527768
481 26.805314849171015 0.19279116576968383
482 26.528892561409748 0.19250153814753623
483 26.553750354122535 0.19290273781149544
484 26.81555045784825 0.1928937488747732
485 27.051791370676728 0.19256998362221536
486 27.286588588601695 0.19234922245551866
487 26.57225628260231 0.1920396101030147
488 26.65742364316094 0.19287720978120715
489 26.88451935889526 0.1924561469579897
490 26.581031907684544 0.19295237333445958
491 27.054711805380077 0.191867379207015
492 26.571600162911224 0.19168447663245605
493 27.06955157983959 0.19197853042505372
494 26.801174802189152 0.1906638347280203
495 26.45836401641569 0.19089979143356273
496 26.586323221791197 0.19155737710449525
497 26.26743065007762 0.1918674895290661
498 26.1440370431282 0.1910651103993801
499 26.801513049941274 0.19102916393946767
