0 101.32805642643095 0.3016788818512409
1 118.35281395282897 0.30458963767541913
2 101.4737747758839 0.30453199100001277
3 100.18382413573445 0.303627544663302
4 95.04723471168816 0.30318108255654924
5 87.7738092565383 0.3036788440897509
6 92.73180908879303 0.3045559136862513
7 91.74855067054253 0.30513804387862387
8 86.10314144937158 0.30550769636911174
9 89.27213862368876 0.30515368086004974
10 83.77332696272475 0.30314919596568807
11 73.52793998578414 0.30175976270945165
12 71.95211987950321 0.2996510206369644
13 74.44641436029191 0.2969002278416995
14 70.34902838248794 0.2931649488505598
15 66.63448457493539 0.2899998378569295
16 73.1865209600061 0.2904262083282863
17 69.27810739465608 0.29293544551072004
18 76.8138214890943 0.29289222242387375
19 68.74239642191456 0.2895756451286783
20 66.21436269247204 0.2872083231989386
21 74.55684709068731 0.2868727066145573
22 65.64302265430813 0.2855234027027815
23 67.01378243545507 0.28538095831654253
24 59.443811009495064 0.2836845707249003
25 63.56727982751043 0.27948170983594117
26 61.32390195850495 0.27968875836996215
27 59.399652690153815 0.2790184090363847
28 56.985122755538576 0.27714341925436936
29 58.300910963056154 0.27658888766934075
30 58.24324117178908 0.27607121189275996
31 57.77028595213356 0.2721056447394617
32 57.209143090970514 0.27357630521532245
33 60.08188077454656 0.2721793260750615
34 51.89053240789853 0.27218924384525417
35 54.29637426580577 0.27446360634092165
36 54.62214537821676 0.27353567108906235
37 54.05051756137296 0.27185104377952674
38 51.59082216648777 0.2699657159116446
39 52.976920317944675 0.26954775538573966
40 53.05018179371385 0.26605221254293837
41 53.076781281816594 0.26077783315316866
42 46.86997110871651 0.2573227823656952
43 46.789282309133654 0.2567146760482943
44 48.67378680708791 0.25555018927243073
45 46.39789841491977 0.25454259600164686
46 45.8405351356415 0.25399357885296064
47 43.4595251808238 0.25372235831202117
48 41.953728011385806 0.2512344580964862
49 48.31757995415596 0.2511194010212612
50 44.97804314369638 0.25128940737044986
51 44.96055730728151 0.2520159558902704
52 45.95884360080473 0.25346041185680457
53 46.9427702086291 0.25199220404436384
54 42.89728449286534 0.2508247178358903
55 45.29588808355763 0.2499660288938648
56 43.87125064446331 0.24984896084229233
57 40.14633761537808 0.2484865275800535
58 42.55007924458326 0.24849812617417522
59 42.67910067143579 0.24908589198850198
60 44.768258546556865 0.24855026226046553
61 47.299465531289734 0.24664744143025294
62 47.748542467418844 0.24596753562759668
63 43.096474912806585 0.24540934736034914
64 42.863756427671575 0.24641969101736874
65 44.41923043106338 0.2475820055868009
66 41.813159986613286 0.24686219045982818
67 39.935908397709404 0.24702807921761902
68 40.95888439497759 0.24700188566012046
69 41.005418581969444 0.2463110097374106
70 40.78434726082331 0.24769905060610686
71 43.49036521116517 0.24734379779037274
72 40.656377476793864 0.24776898056109742
73 40.66001231025756 0.24628070430640028
74 42.21051265324793 0.24638609910778206
75 39.10825188758159 0.24590684695368628
76 41.229549787991935 0.2461216420405
77 39.64514351457912 0.24514070004756428
78 40.58883447740047 0.24763809354292002
79 40.95591585464089 0.24396430040829212
80 37.97850296789035 0.24199786212550625
81 37.33350045510902 0.2412728150353709
82 39.295364510867515 0.2418387378615058
83 37.90793382738525 0.2403279007342257
84 38.777233894946164 0.24104801701135323
85 38.6692737443819 0.23996625445540323
86 36.35452806999962 0.23822475141896163
87 36.838350700946776 0.236900521522464
88 36.53715565377281 0.23609722027180582
89 39.12073930401701 0.23579611956313387
90 38.420612729179524 0.23492657970635092
91 39.23044642424932 0.23601576977631256
92 38.14903437922101 0.23534106968660562
93 37.03632413605408 0.23473806014564677
94 35.823877758836424 0.23408188655596418
95 36.20754249544858 0.23436820329719465
96 33.82945278520975 0.2337913889764011
97 34.108799236441115 0.2334466188461918
98 38.72833467587169 0.23266893914356637
99 35.884225051291466 0.23190913431673485
100 35.10371942498198 0.23278698515432403
101 35.8705671845059 0.23305704701156882
102 36.101358369482995 0.2317576621676123
103 36.57685560667254 0.23133493374127823
104 33.878034212497596 0.2317618914270966
105 34.31649997934312 0.2319152966427045
106 34.42945865428238 0.23115324960310568
107 35.4832094563632 0.2317498772659652
108 36.338032096800085 0.23009659383312955
109 36.000171467380326 0.23044806034981255
110 33.13661679466115 0.22963027550384632
111 34.787615703208914 0.2292274780502691
112 34.86691251693834 0.2292826494160234
113 33.41509520123926 0.2289518633503563
114 33.43356793553391 0.22851076288294334
115 34.689473229624014 0.227140179435895
116 34.40130053778152 0.22874699049415478
117 33.30118478753124 0.2275572761365243
118 33.7426919302507 0.2259353806027458
119 31.955884555019612 0.22544062593192504
120 34.00558535878338 0.2232002645610923
121 32.75154123631869 0.22194355619577613
122 32.059514433634114 0.22174323805465768
123 33.92531051988765 0.22052478435478887
124 33.06448402447859 0.22073394825496004
125 33.926515877922554 0.2209411656927371
126 34.99206696905354 0.21974097878836754
127 32.61439043862916 0.21997708741481273
128 35.97183837624054 0.21915339013149712
129 33.864892088784316 0.21964626120199263
130 34.84683325551758 0.21860105353626666
131 33.61882747854342 0.2198604039071029
132 34.6271019928252 0.22094395712553705
133 33.61004287391228 0.21917838637731726
134 35.87891244831201 0.21982861776829785
135 33.303038627861625 0.21997234960134526
136 33.076632051247834 0.22006384443443486
137 33.653305184774766 0.21954011537954043
138 31.825936488320693 0.21989242486695681
139 32.76118843958355 0.2192015420346217
140 33.17313205799547 0.21807373647810727
141 32.49137287487567 0.2184885245468273
142 31.9129347769288 0.2176015978574309
143 34.08568928915236 0.21832263547880024
144 34.186794243408805 0.21630553694916102
145 34.017642640952545 0.21597732807218298
146 35.15761968948482 0.21550473168252884
147 35.63340322689673 0.21512723411211201
148 34.68732713946538 0.21539820563868306
149 34.74522332497202 0.21558719732153767
150 31.418165022133245 0.21501355645772047
151 32.965060851079926 0.21384936315012604
152 31.95549864447393 0.21315169496184913
153 33.44801481616199 0.21336647571976938
154 32.93693241953716 0.21275899399881207
155 32.69991224062291 0.21342109546513421
156 32.02017363957124 0.21244505076491946
157 32.49692924554188 0.21273508625741666
158 31.648652254881533 0.21334316546094248
159 32.490652577804184 0.2135294502014078
160 32.670139264805535 0.21445564076606535
161 33.76974472164321 0.21303817309043724
162 32.950033810701505 0.21295348200568856
163 34.043885327771875 0.21266789027685482
164 31.85302912707916 0.2123468222582454
165 32.07238503752987 0.21308633005086852
166 30.52861205910521 0.21319030432965694
167 31.351989314474064 0.2130291961621019
168 29.730619721653866 0.21257900075138644
169 30.71989627947638 0.21265510543735808
170 29.664709134597288 0.21209447925740585
171 29.54598495337097 0.21107643913209148
172 31.166617339623585 0.21178351232350415
173 30.781656540938453 0.2128604629987181
174 30.362162134782984 0.212983941883099
175 30.267910792208244 0.21153791027482494
176 30.642144840939597 0.21260185567515766
177 29.899069552045656 0.2115823968961489
178 30.773297763944264 0.21113733689233516
179 29.900971479872585 0.21217950312541847
180 31.72946625467001 0.21193215282462066
181 30.7057660468301 0.2117348964573275
182 32.04378803816624 0.20918596366677458
183 30.040575043024578 0.20890839595682387
184 29.979704815246038 0.20900722994423016
185 29.513735882928227 0.20865425777989768
186 30.703538498520935 0.20948166372338486
187 30.140884444654723 0.20947391313924327
188 29.713835977712534 0.20901620231418513
189 29.01238632468803 0.20727434290363533
190 29.099445568731795 0.20727298300271704
191 29.82195582460752 0.20697707732189116
192 29.71267130833077 0.20806958033090242
193 30.18252039532994 0.20912147537774842
194 29.66610675169322 0.20780544587724534
195 29.48740889768196 0.2074697731488235
196 29.73732135307602 0.20616982734489828
197 29.285379601231448 0.20548829401476346
198 29.583803558525062 0.20440670379056156
199 29.316092725824753 0.20488870412050578
200 29.288343310464448 0.20512721959438732
201 28.894833981334727 0.20432153841326497
202 30.016023968470684 0.20439216549321082
203 29.946179472962626 0.20447942377017156
204 29.92940613608083 0.20513548415509672
205 29.51688284120466 0.20417889573388137
206 29.617270371633957 0.20371059485000864
207 29.553124339734154 0.2056948564904344
208 29.6302972527807 0.20687923447840698
209 29.54644308748451 0.2062650893886859
210 29.515312749185533 0.20682822264748557
211 29.34041328592336 0.2057127348610046
212 29.49643689306732 0.20563602881236756
213 28.74722609478347 0.20558021548688102
214 30.531870740258142 0.20427212877762427
215 29.997867931096586 0.20389772604663195
216 28.78388479104733 0.2043640428161088
217 29.54044060286035 0.2031765708725374
218 30.422194311190694 0.20413755743211934
219 29.706808364016183 0.20283938776524882
220 29.145094283851133 0.20245808434787108
221 30.14266033167229 0.20190351694023648
222 29.329646595998756 0.20238752348341202
223 28.99759122927525 0.20156577859523353
224 29.357157218174805 0.20198265744780064
225 29.610462908242837 0.2019966617879492
226 29.236228061267113 0.20244499598900836
227 28.982706238466477 0.20318769364902298
228 29.611370154293226 0.20252127790343014
229 28.750330710673595 0.20197427538616994
230 29.44296477765573 0.20186088023028834
231 29.66819559532228 0.20135595417426155
232 29.02776965527839 0.20117253795897017
233 28.484490190911018 0.2009817740691852
234 29.37781067573717 0.20146301281835954
235 29.385820054814886 0.20254417733366648
236 28.541378281690612 0.20247652803571803
237 29.460984068785223 0.20342924738415072
238 29.37718518458175 0.2026868523092827
239 29.517458870315973 0.2034725987083957
240 29.197801742941614 0.20344634085433647
241 29.86598639342758 0.20285451981850489
242 28.98547774155096 0.2006558088395558
243 29.725010073219092 0.20071182881050595
244 29.252866965290085 0.20075271666252656
245 30.588996604304917 0.20031390927825546
246 30.736782621955502 0.19930498658807175
247 29.734176926048214 0.19907605156817745
248 29.494393274406068 0.19892590728717763
249 29.71150085036384 0.19815268320076662
250 29.49301456675441 0.19861278249794032
251 29.499540243540928 0.19766994546175307
252 28.873511697626626 0.1970888230253114
253 29.682499393026838 0.19578703600205424
254 29.13802236421808 0.1948844842675025
255 28.45882399056534 0.19397136658607594
256 29.142370117082336 0.19333238165533825
257 28.391655975215585 0.19268252938526534
258 28.68870592455659 0.19292653442567484
259 28.63065220043425 0.19265840469289897
260 28.00214112441894 0.19186903407761857
261 28.33696783543202 0.1922318461391492
262 29.038573249088223 0.1912650730758371
263 27.91712609842879 0.19164970356957664
264 28.24978092042879 0.19138888715575675
265 27.376026593338164 0.19197191935257582
266 27.9854049128433 0.19147610660507755
267 27.793643308770452 0.1927095859664841
268 27.989388146793225 0.1925437924935077
269 27.815524389734485 0.1936143957918733
270 27.777876849713497 0.1935470228124454
271 28.343246113565826 0.19331751865727953
272 28.192160578122014 0.1928624844876096
273 29.15139886242831 0.19318285268517857
274 28.454800854907184 0.19257404559294386
275 27.623780526481333 0.19251900484555776
276 28.59051503847806 0.19113552826335614
277 28.036079175383264 0.1898260221339948
278 28.440287335979477 0.1891358310974872
279 28.334698704498933 0.18918226562209348
280 28.154394032862474 0.18862838828138564
281 28.143453385346795 0.18883308518029662
282 28.001609230389096 0.18909460948740234
283 28.204407963424828 0.18827417677504163
284 27.214857286930048 0.18781464381539106
285 27.407611127100097 0.18720486306632034
286 27.418856444788048 0.1867441563099181
287 28.647288016887927 0.1869973872362937
288 28.049178231015855 0.18660448656349352
289 27.582506965716863 0.18485259714166982
290 28.6296718661277 0.18477837010605083
291 28.53826845672737 0.18474056213155676
292 27.8782811659323 0.18469434374895446
293 27.340116125356097 0.18430917882132136
294 28.628862566486625 0.18507389535956542
295 27.86933307926354 0.18504170902476255
296 28.114519267607086 0.1842043913595134
297 27.401299917519516 0.18363261469463898
298 27.091355165709547 0.1836542807009168
299 26.47128212048092 0.18352272786490412
300 27.986264029176088 0.18292052080138657
301 27.627959482641273 0.18253365118739753
302 28.147731872116577 0.18247747156539887
303 28.579557931701714 0.18163868691105067
304 28.00984978712556 0.1806208387892576
305 28.10597265621375 0.18029031977718293
306 27.34527241187933 0.18039605742128273
307 28.28877762484567 0.18109427317831708
308 27.919970939824577 0.18105372802972633
309 27.55025845250078 0.18102413647650004
310 27.77240281716815 0.1806277770846675
311 27.387185878565283 0.17990965607769852
312 27.461306545645904 0.18032683216904402
313 27.453252334743212 0.1811386943251739
314 27.35106719132068 0.18163370096905165
315 27.499191757556627 0.18131202785992614
316 27.587685520758725 0.18062964798401934
317 26.93541733034869 0.1810786842290358
318 27.578098986457626 0.1814453411579425
319 27.2742266475735 0.18165948889073472
320 26.543892399915606 0.18061348031475535
321 27.21264387243633 0.18017980256442392
322 26.50396908841774 0.18022994214773116
323 26.533357813717465 0.18054171887952883
324 27.201621402487675 0.1802505839406836
325 26.63496166533588 0.1812401093255145
326 26.762701573528197 0.18158101462916099
327 26.91526965324746 0.18193399075307295
328 26.946639530888056 0.18173768078945388
329 26.97992843196068 0.18157585930522324
330 27.020636316857864 0.1816311353820371
331 27.04469473774816 0.1817641674478272
332 26.8340524839968 0.18212845526538135
333 26.960743855996775 0.1818767651846823
334 26.638421083095498 0.18163686523718367
335 26.89206035768045 0.18167237613724696
336 27.16370487596402 0.18169312251246836
337 27.08516187589663 0.1820497213914619
338 26.949972713580806 0.1813303576299757
339 27.065511823406442 0.1816958388880162
340 27.205825491650124 0.18215213102668584
341 27.164816560346097 0.1823932496731897
342 26.764431291558587 0.18185381460403263
343 26.64314860963228 0.18172491906909136
344 26.737893166658292 0.18208646375020954
345 26.86222323251951 0.18041041704805116
346 26.684325493408195 0.18136739809124428
347 27.040876213811487 0.1814024681747499
348 27.1231591705035 0.18036827679086867
349 26.663382610386375 0.1811882644121058
350 26.537067881150584 0.1818813235471793
351 26.803547475486376 0.18166488863930585
352 27.01768331059493 0.18223482323896456
353 26.752161373184954 0.18245629163849983
354 26.68991529991765 0.1822643115982375
355 26.340285834162753 0.18181729510369174
356 26.666073195458466 0.18211219828574587
357 26.780661269298857 0.18319587911132004
358 27.144533683453687 0.18300588448642388
359 26.72885242137118 0.1825299190829918
360 26.73636256801808 0.18336460509911698
361 26.632118178627145 0.18295347046505425
362 26.57844829497231 0.18246403873745543
363 25.94709495086451 0.18178315272322432
364 26.41076301422536 0.18175611125806693
365 26.711691789290164 0.18202233133272927
366 26.298189506705533 0.18228944597796723
367 26.57042681994603 0.18153151377389176
368 25.991533741261645 0.18136239394798448
369 26.269514367615596 0.18165960142848628
370 26.50263138614943 0.181593277668185
371 26.33962757841639 0.182251236933593
372 26.280126016789026 0.18123065014872677
373 26.445726332813727 0.18167931486346908
374 26.505127475056355 0.1817366112664467
375 26.13210609207041 0.18177823252962458
376 26.5082160949782 0.1820244393075455
377 26.619391789914054 0.1812832027725609
378 26.32400563707754 0.18157231129369425
379 26.553091137601577 0.18139819407341937
380 25.938436597427838 0.1819310057664367
381 26.33374358224718 0.18250819459854226
382 26.31577351012284 0.18206268451618832
383 26.367248838574255 0.18164269795537616
384 26.652195974779648 0.18160895226182686
385 26.213536342076008 0.1816820171907788
386 26.06215377214062 0.18133301985226838
387 26.018932030759068 0.18120650238649647
388 26.472281645937365 0.18075297031389279
389 26.666647274918798 0.18004899076105482
390 26.43116148467822 0.17970599095533638
391 26.610527022379987 0.17889767359128964
392 25.886587782652 0.17910064020154748
393 26.54537295629195 0.17912483370947288
394 26.995849485762147 0.1790702496076696
395 26.554564693195644 0.17848541087518965
396 26.432500546086366 0.17873418601653523
397 26.938774159472523 0.17829547550395608
398 26.617230646126153 0.17777444007308638
399 26.23248482384842 0.17765065726109153
400 26.353834772761687 0.17622363755622983
401 26.5398749079599 0.17580025124452203
402 26.2905832761775 0.17566373554167947
403 26.577114029421175 0.17616730643421327
404 26.81364784196554 0.17625587595019454
405 27.076903544980652 0.17576399199047144
406 26.47388523589448 0.17506707504601512
407 26.62264478869829 0.17498882102440694
408 26.512599560388754 0.17466260746649084
409 26.43650970204345 0.17519565875345902
410 26.654311121585557 0.17463916998054915
411 26.40378080082123 0.17442106477870387
412 26.59832633630039 0.17461892673964727
413 26.57981079617227 0.173609166029664
414 26.253025798644288 0.17323216906542785
415 26.39557827378889 0.1739286745551357
416 26.545921667518037 0.173903733191516
417 26.576770897369954 0.17408779772842364
418 26.420213698767697 0.1742114926429034
419 26.265506106244118 0.1734942570506328
420 26.53165761885939 0.1737607095293253
421 25.946553525159807 0.17391433755214522
422 26.435321028515446 0.17383759611082353
423 26.8457091414827 0.17407673300869864
424 26.948651175565566 0.17407099739776263
425 26.30797087386147 0.17434631421476654
426 26.62379500580401 0.17420388278467613
427 26.07471960788831 0.17452353564131262
428 26.75858703318982 0.17433872968072664
429 26.61842179546589 0.17324229406156533
430 26.934025502025822 0.17311255082294905
431 26.631743367941112 0.17319429050480276
432 26.793287558692334 0.17268966993087284
433 27.370332541631115 0.1721411378662189
434 26.72068941189211 0.1723028835765502
435 26.712484946126846 0.17203417111154518
436 26.742431055751872 0.17162120732540087
437 27.285988695427573 0.1712343291129157
438 27.21682686703846 0.17062773550936994
439 27.141639091790395 0.17043437916350337
440 27.3352909428025 0.17019643289810174
441 27.17665156130095 0.1711105261780729
442 26.965828400944126 0.17177310578444274
443 26.539275201897425 0.17094570546023932
444 27.056569308082715 0.17035232925729718
445 27.140228083164217 0.1707565907088644
446 26.662032004372428 0.17095937776316883
447 27.19075159405009 0.17094874109391647
448 27.367507254411812 0.17077798037331804
449 27.182808398050327 0.1707969397752693
450 27.281054761772083 0.17032162971527817
451 27.183102900392818 0.17047033523349034
452 27.444053499915846 0.17065400316560111
453 26.934175338504645 0.17079039228857149
454 27.37467703799998 0.17033275384747823
455 27.207728095693906 0.1703882417191753
456 26.718851534093936 0.1703465483126069
457 26.56840230038143 0.17002495157717737
458 26.413906087779637 0.1700571169787163
459 26.5858069622512 0.1695893488512563
460 26.685879745460543 0.1685171161279825
461 26.598974322235854 0.16905157214240973
462 26.347019739870788 0.16980977832982247
463 26.30013636806516 0.1702146810665334
464 26.305867228617604 0.17012888547455005
465 26.5397195911075 0.17024455258872342
466 26.55839034535822 0.16996895235274923
467 26.54412224330092 0.17025057157404408
468 26.43044259264122 0.17009945658079015
469 26.67070681895732 0.17013014638977486
470 26.621965669677238 0.17032075450042802
471 26.35225193899185 0.17058501439687043
472 26.875304538041384 0.17110012466621974
473 26.562980245865404 0.1711955526656935
474 26.3747044299285 0.17096489661332245
475 26.419696046304843 0.1717872079698355
476 26.350328865991344 0.17171484865164077
477 26.610955014404038 0.17200754178323793
478 26.651424659515452 0.17291035869249385
479 26.6956657484034 0.17221412702870179
480 26.573172062359497 0.17186074310940838
481 26.443277595281725 0.17221924511723707
482 26.685297641665542 0.1717639339309748
483 26.48725283023097 0.17156346612410936
484 26.244224712139797 0.1714170657622952
485 26.32778240443584 0.17115951041176933
486 26.305899857197428 0.17105748236912657
487 26.247538624591204 0.1698792019486516
488 26.197211117628967 0.16951322928666138
489 26.2775314779665 0.1686734181005847
490 25.91220496263174 0.16865349068732938
491 25.735346968049573 0.16837657422376182
492 26.049198170392508 0.16845104556913282
493 26.146504667536853 0.1683126278791723
494 25.958229334249207 0.16803250316900717
495 26.749428633814674 0.16785188512164143
496 25.923685762282854 0.1682700394583485
497 26.1015617839847 0.1682249043797849
498 25.851532432797516 0.16802216269612225
499 26.201370055514808 0.16780414414707875
