0 113.58553740065265 0.3007188233007741
1 112.59470603137933 0.3034858137093099
2 100.49037188163982 0.3040440571230018
3 92.09025612886916 0.3038424727202817
4 99.99044655834393 0.30384134491006054
5 85.53515377622122 0.30158618938173204
6 83.58662025164372 0.3006066336334215
7 88.2007807431377 0.29824523893995647
8 85.67996334299805 0.29762928728994864
9 82.03716260885305 0.29593391002841285
10 82.58862140924045 0.29592856897211856
11 74.1848892171434 0.29419299816199246
12 76.70472346353483 0.29395197073608514
13 73.64302207688812 0.2933476348535861
14 68.67064026557966 0.2933561471200354
15 70.77536556278481 0.29068120582474793
16 69.94655928053629 0.2920278629657615
17 71.3383583431387 0.29175856786960425
18 68.9802437066781 0.29081359364463866
19 65.20250155315108 0.2911753896745462
20 65.59227647352151 0.2889795529208665
21 70.90531943592501 0.28450771151334536
22 69.47388903442035 0.28556537944049376
23 68.9789528538266 0.2849257348906016
24 64.07497851692702 0.28373763589372125
25 67.83172119425068 0.2850608156986438
26 56.064979202619824 0.2882668259220756
27 60.59111972663939 0.2866664092890532
28 61.974624292566475 0.28807377228654185
29 64.69094721104604 0.2896943842909024
30 61.030692248611444 0.28610312529627985
31 57.719563762910795 0.28643019356257365
32 55.06016322804365 0.28614264881531143
33 55.334142672667014 0.2853888183335851
34 59.217721620497855 0.28661627680542096
35 61.74384472671029 0.28604026625047035
36 56.413094039136155 0.2882896928573453
37 61.05020429321894 0.28884847098911043
38 63.012494843189344 0.2883847206785978
39 60.99719314031199 0.2875365543275244
40 59.235049271980046 0.2874668012089998
41 58.479063611438434 0.2858730168263164
42 55.7934355522262 0.28493902992545467
43 58.87188519289125 0.2837774759007956
44 53.370164281387744 0.28036346520838007
45 50.138088052752195 0.27864870600597486
46 49.09881206253246 0.27929407179219295
47 51.806444909836216 0.27840053792383107
48 51.241903529730436 0.27392827338443065
49 48.12518115547063 0.273503345227104
50 48.7821826290661 0.274413553058116
51 47.13458611988597 0.2749584200311856
52 47.43565872675681 0.2725210445565241
53 46.98328335329143 0.27358319758312116
54 47.932326340617124 0.2739527276299385
55 45.84942524789908 0.271561711355142
56 55.058504270584095 0.2714494641304437
57 47.95066990821506 0.2702365573608194
58 45.878932994354486 0.2686905094189097
59 45.62931594982572 0.26715614247303393
60 46.994102703213386 0.26838996408019733
61 46.88730103466253 0.26586981436525564
62 46.533294702372245 0.2659310106846801
63 46.47803527027857 0.26417168114041073
64 46.676780117698655 0.26284363915516895
65 50.14211209126965 0.26169544358187646
66 46.51985360604583 0.2609536339107395
67 45.16407206127121 0.2615405062661688
68 49.4437527355645 0.2585624656652154
69 45.42814853038966 0.2577919490980866
70 43.32993253910675 0.25749899528492787
71 44.65484640042041 0.25607892955838596
72 43.98775607666414 0.2561778404999759
73 43.918711254348565 0.2567669847534415
74 44.79713266216917 0.2566941059140454
75 44.291366315013065 0.2574839394706738
76 43.952114860496025 0.25718006225649054
77 43.458842766280725 0.2562802216874841
78 41.78859819255017 0.25606731384758924
79 41.30789869197078 0.2566256469581148
80 40.62667057129133 0.25537167531891664
81 43.211025067540824 0.2537621579991651
82 44.637175461062455 0.25450227488775207
83 43.41465433898412 0.25231470346984164
84 41.41810676689934 0.24984258371190757
85 45.65432680960984 0.2510408052600518
86 39.56097901156657 0.2508999560271496
87 40.10210336685258 0.2493075130728044
88 42.49631072366938 0.24656242748869817
89 40.587218338559644 0.24575829460766177
90 41.23406699577273 0.24612657890058162
91 38.43571377163169 0.24523133951478152
92 39.005515071826665 0.24473774824887953
93 40.932739299490535 0.2445898732294485
94 40.93876114750661 0.2443817131506089
95 39.32749457475917 0.24256892910881797
96 41.56473467378662 0.2420615248574666
97 38.40390696074198 0.24187933699933395
98 38.39404025698576 0.24055490627953244
99 38.09642466023629 0.24022946194317782
100 39.02234359763479 0.2402602547911388
101 38.16960376217993 0.24110966930503638
102 38.36957484569024 0.24090636593192008
103 38.27372513114023 0.2409497819250502
104 38.734376265124666 0.2404710923064756
105 39.31353459404312 0.2399001695947026
106 37.50706434670375 0.2403249716535141
107 36.440818555822744 0.23970411162258
108 39.7667129191102 0.2385535327258992
109 41.35491810366439 0.23777412864077177
110 40.68551250121605 0.23635307869507427
111 37.31602657757408 0.23643681830097107
112 39.75868706798718 0.23607668105601198
113 37.493881901789074 0.23612718542956193
114 38.15207961801255 0.23706859789009468
115 36.52739717031948 0.23750975686978346
116 36.463340299849904 0.23735711392930056
117 36.03342241438472 0.23815799076537716
118 38.784201654045276 0.23790371993789905
119 38.29872278488685 0.23792577746718716
120 35.772039689275786 0.2382436754180676
121 36.9652638191064 0.23763394074630348
122 36.98446001681474 0.23766214141347142
123 37.407587216431935 0.239463430102306
124 36.41985626002712 0.23937802973949687
125 39.33886976581215 0.23893688873785549
126 37.66159214659801 0.23737481449948702
127 38.67258138031221 0.2372143280558845
128 38.94788411568054 0.23902424279617063
129 35.99672764481346 0.23914691042538228
130 37.915834932154155 0.23980622647239647
131 34.65302860293467 0.2380176947724458
132 36.88279566233964 0.23662179216117232
133 37.05203171700332 0.2361368445569801
134 35.37829231286333 0.23699322612973994
135 36.11737623162363 0.23587065225364068
136 35.25806775768843 0.2359195628644064
137 36.030950953249146 0.23483306134563928
138 34.935554926785684 0.2354707586732705
139 34.724913875105436 0.23349786056522012
140 36.50951723408355 0.23334651591582345
141 36.575105165944365 0.2327592184517054
142 35.138578818937404 0.23107660911632286
143 37.28649066634442 0.23187981897447563
144 37.66019387667167 0.23214675323687264
145 35.880088993040346 0.2321594405604738
146 35.82752598947559 0.23139362093435545
147 35.04499512164332 0.2313296844115628
148 34.25192238745393 0.23042996329674312
149 35.016076025600725 0.23065888846047486
150 34.9866866782 0.23036473470482655
151 33.91369286202004 0.230378889853634
152 33.990832338785026 0.23071681512209766
153 33.69330292087448 0.23123734155944584
154 36.396516844867605 0.23223391771232668
155 33.53321702518399 0.2322655161405153
156 34.70290153790977 0.23154967386218628
157 33.83250377800654 0.23149924433995395
158 33.62869289906767 0.2316473599291904
159 34.53490056054293 0.2323671936132925
160 34.57476989034187 0.2307882574782738
161 34.09946945786354 0.22937271284230606
162 32.7994311070306 0.2291510473442758
163 34.029084587489294 0.22704743473235137
164 33.594348678359 0.22659365131934583
165 32.52262143569451 0.2265010826853037
166 34.40750651608678 0.22374256346477064
167 34.788431468415794 0.22157714748923482
168 35.176313671563186 0.2221364198423865
169 33.77270646022147 0.22207362025822766
170 33.68071655889278 0.22054899273774078
171 34.73624432096463 0.22102497203473412
172 34.14311688882776 0.22172639812421047
173 34.46671970437044 0.22065639910793822
174 32.87687616431869 0.220113324737964
175 33.52561121136182 0.21988408487434666
176 32.974933129452424 0.2195913029592237
177 31.642905430375848 0.21771127524157552
178 33.52534590994155 0.21743669188480874
179 33.26438958803617 0.21667893509730063
180 31.805399925299128 0.21765836973618302
181 32.717731179366965 0.21984892613997242
182 32.68654100663728 0.21948269600325224
183 32.68739939905612 0.22065013886450258
184 32.89394176299892 0.22078466881370926
185 31.433620384312867 0.22076762786928836
186 32.96029419301253 0.22181411620385383
187 32.2112866855511 0.22049800311519738
188 31.89534610019291 0.221331588803336
189 31.93522704436293 0.2218918479093547
190 31.25347950676951 0.22159955182538124
191 31.905285409195642 0.22074623499602322
192 31.644101935184956 0.21889952573970672
193 31.880959595811323 0.2177552722770563
194 32.1216799574126 0.21809127357179436
195 32.3604312383658 0.2194707788330715
196 32.388818228640304 0.2192910261672151
197 31.973187421355178 0.2193820408715854
198 31.58239787030167 0.2202980542555432
199 32.35470943036404 0.22060973923264846
200 31.082561168578792 0.22145295835591047
201 31.864953816299 0.22049246014714666
202 31.219723528474802 0.2190523734517168
203 32.64424817875401 0.21984522307538387
204 31.462356629884226 0.21892331430338893
205 31.92429922751136 0.21861866019510126
206 31.90424092240163 0.21955291693483925
207 31.01706906261034 0.21939407545193343
208 32.19830354541002 0.2200547313850539
209 30.664636174839607 0.21803681143200246
210 31.00172547067489 0.21916499701508238
211 31.25761777705161 0.21844399412106216
212 31.3796308221565 0.2166137713704616
213 30.389437882038184 0.21714264889131726
214 30.328427459350813 0.2175381234710254
215 31.398844406997764 0.2174648700650185
216 31.618669973854264 0.21894662852214766
217 30.49044215893128 0.21815854156990197
218 31.34626564599803 0.21840778309952794
219 30.72355524582675 0.2169550156088221
220 30.364767200936704 0.21642835847354072
221 31.255749971575973 0.21617035877362878
222 29.886258781783166 0.21506435999533
223 30.1894445297296 0.21478037388447024
224 30.548133791154868 0.21421204905883004
225 30.662286250555283 0.21469569160113153
226 30.427299587407283 0.2141326536662285
227 30.816376962912734 0.2133546743104795
228 30.25240773091585 0.21411174060008042
229 30.538316433141667 0.21343503966183466
230 30.36123077581903 0.2118322182398742
231 30.84883074100056 0.20992119823650512
232 30.43786191274863 0.20871683786434034
233 30.30323424972528 0.20826554869725475
234 30.138924460704324 0.20682921967193924
235 30.802007094048662 0.2067641084111397
236 30.451603775504623 0.2059107883376229
237 29.560377358831417 0.20653693763072808
238 29.06496441680166 0.20760390979917331
239 31.450515599119022 0.2077854099437592
240 30.080800963847942 0.2067355804738785
241 30.207371337740888 0.20666441817727002
242 30.605560829610496 0.20675359109619387
243 30.543487694776264 0.2047315879161685
244 30.270183365880925 0.20482049350206946
245 31.182374957435492 0.2054730998521046
246 30.200279865637327 0.20591189591062994
247 29.699974219019033 0.20637794494228104
248 29.460062947995812 0.20481340265800893
249 30.229822362612936 0.2047097336668459
250 29.44527205591598 0.20431651370538959
251 29.921119040980678 0.20415952416364433
252 30.225777627641918 0.2039451793006467
253 30.604918047998815 0.20363190283841023
254 29.981957829550318 0.20241201443824738
255 30.789491984238822 0.20207738451756505
256 31.189979397105404 0.20233277974051847
257 30.859869067880503 0.20193477481788324
258 31.60149505881718 0.2023821451995008
259 30.899071536140095 0.20269040105249747
260 29.888748969527203 0.20395771483238248
261 30.11102454872863 0.20373657557200264
262 30.339660073125636 0.20388573104633467
263 30.76602854214469 0.20445768816545704
264 30.857573836626337 0.20582089705156123
265 31.340112868329626 0.20800755180268693
266 31.207983137903156 0.2083907680913176
267 32.53832593295233 0.2080799363431197
268 30.89012743668014 0.20865617377395948
269 31.53136563027257 0.20886671669197357
270 30.486147714139243 0.20813732538115567
271 30.674350800309604 0.20889938441261155
272 32.247464134891686 0.20988415251846326
273 32.71544587116979 0.20925167997073638
274 31.011162441735735 0.20883281514685
275 30.81758447432758 0.20822913042709512
276 30.677659386095424 0.20936585574610125
277 31.022466370000423 0.210614639331552
278 29.974683328532187 0.2104258575488115
279 30.7195193608609 0.21039748007421774
280 32.736782685445 0.21034384374168677
281 32.08114058731949 0.20917093120866803
282 30.88516803533971 0.2091089114650887
283 30.53707505973237 0.20914165131917795
284 31.857320222517842 0.20776779625441452
285 32.04653237910016 0.2066717402726744
286 29.54028954622673 0.20742234172184726
287 29.51890241935132 0.20659523425093718
288 30.075457200348104 0.20740350040179711
289 30.915214493384635 0.20784520958692945
290 30.732528349203946 0.20860509651262196
291 30.769687250464294 0.20749982945779746
292 30.682333854515868 0.20843769183988337
293 31.05694494552625 0.20695754398417518
294 30.530016254330313 0.2067297426458772
295 30.628551334450425 0.20639973930267833
296 31.526977762529683 0.20515423198940277
297 30.665603745748918 0.2049959214855944
298 31.914837915126494 0.20385116675469872
299 31.99701985256187 0.20387251647198976
300 30.906867204576457 0.2031050093392551
301 31.104526809449915 0.20182064623283033
302 30.986445437373284 0.20239841461320351
303 30.77087398967224 0.20223533751641395
304 29.921056061595813 0.202316356965663
305 29.276861264547858 0.20235402073063266
306 29.82083298317957 0.2025660621402827
307 30.053201125911787 0.20331427052450354
308 30.176621058472556 0.20271552232414078
309 30.023058661210506 0.2019631380153578
310 31.555910520098266 0.20149942507893914
311 30.412831558624305 0.20125434906863524
312 29.995817101470216 0.20090249634155968
313 29.86536866588662 0.2001091916500178
314 30.62497837193821 0.19987333920159447
315 29.90743916706979 0.1992925898843394
316 30.733583651553005 0.19842764982876893
317 29.814307176719034 0.19856719342711515
318 30.418305538538206 0.19799610257013722
319 33.30238838801497 0.19886598660087462
320 30.438842383422642 0.19867086189553396
321 29.852533104425902 0.19841878860769535
322 31.363886451932395 0.1986721223914262
323 30.9406199727035 0.1989898049933653
324 29.915889937614644 0.19949258469883713
325 30.486129225834553 0.2001176698053746
326 31.235584697042636 0.199959926674615
327 29.897209648576784 0.2003914151628451
328 30.06852635973425 0.19964543445515084
329 30.645887653371755 0.2000789672283322
330 31.320309518388278 0.19975228687104116
331 30.487719280952454 0.20031203576614245
332 30.13305116692998 0.20062930781703603
333 31.332350008497663 0.20024062837249054
334 30.609821916167093 0.20048541714779292
335 30.663652405692854 0.2001306999945511
336 30.993248036745708 0.19966897493211658
337 30.37526182028919 0.19907564731703295
338 31.031648310194527 0.19852206603697206
339 31.63107397964784 0.19824552730787284
340 30.19041976060432 0.19844801471405452
341 32.266712422626576 0.19912175191092563
342 30.801067644210256 0.19828983101441952
343 31.14122347695607 0.19865551191769112
344 30.352834129419758 0.19781946048096333
345 30.543414140009006 0.19818840912550142
346 30.236586758526787 0.19732265552636408
347 31.065188185862 0.19687136872955022
348 29.906753078264238 0.19700568281826283
349 29.787131958036213 0.19693652792465843
350 30.074851728913096 0.1969825084774088
351 30.166022850329284 0.19840700569790906
352 29.834798834361514 0.1985540397814631
353 29.84746339395187 0.1990609087484935
354 29.848401891284283 0.19842809493764543
355 31.430325364036513 0.19927727430805955
356 30.82521699921555 0.1990030044909359
357 30.037458019986673 0.19913010826904723
358 29.737573905478005 0.1995578681486199
359 30.513656376007518 0.19953960219623057
360 30.182751872127348 0.19875373482797543
361 31.11733513155111 0.19887942772187758
362 29.814193402049646 0.19797778726392992
363 29.31908358646016 0.19682622549675602
364 30.00043248644366 0.19688964270155515
365 30.21847066761697 0.19608030161536427
366 29.763926279722067 0.1962299810203295
367 30.521904496163238 0.19696147753331247
368 30.26637933616086 0.19759808430597237
369 30.39512610731402 0.1965212040196702
370 30.43423157040253 0.19589670798806133
371 29.70600427380559 0.19593198245801316
372 29.38580844716258 0.19544861219784093
373 29.863073746913543 0.19563018637622873
374 30.989563364684294 0.19690098369893985
375 29.21086143982649 0.1969463367532502
376 29.650040300195172 0.19732642406523637
377 28.896240415005543 0.19683652901588644
378 30.33083657593983 0.1975464602756197
379 29.52853808202405 0.19707445676523994
380 29.332404374458342 0.19692816636330945
381 28.990075988377953 0.19777357174347654
382 29.142520889707498 0.19792535230144584
383 28.83305503856586 0.19796601410355538
384 29.019331978077936 0.19805167708520824
385 29.57879880814247 0.19889011423612046
386 29.660028352173025 0.19903436863814924
387 28.697354652708825 0.1992187222330183
388 29.137792656433533 0.19860999683635458
389 28.81640037100044 0.19721478101739287
390 29.313726669325376 0.19707962446364494
391 29.376815404815247 0.1973794242097915
392 29.191928533992304 0.1974430198650242
393 29.570627175925367 0.19724848504332937
394 29.092091579966194 0.1971829374847575
395 29.268079901981224 0.19695989853011972
396 29.48746688851564 0.19622917099421736
397 29.446757792217916 0.19644755444771836
398 28.77118971272445 0.19689716943184019
399 29.47342170207598 0.19741541925422557
400 29.53369502677304 0.19747930844360195
401 29.384928169082627 0.19664733901631462
402 29.62032065080698 0.19616606465666805
403 30.38862515632946 0.1963386281105117
404 29.289417415985884 0.1950509295938125
405 29.588131465390962 0.19527524112869563
406 29.947064054766543 0.19470257497717783
407 28.984336815881605 0.19392560144542223
408 28.83337625136938 0.193453792435301
409 29.78592874473692 0.19368078810368852
410 29.704888983833005 0.1939204474376215
411 28.981426688697702 0.19461904423158483
412 28.891266730829877 0.19498467835884073
413 29.39081071289905 0.1942413855200147
414 28.299901647747447 0.19537839688415704
415 29.128097529765068 0.19604164886383754
416 28.705241138353173 0.1962781405706462
417 28.549372007655535 0.1961844097530292
418 28.39506438193393 0.19643303106322388
419 29.589615325423715 0.19542608234021028
420 29.205071515345004 0.1958019182480847
421 29.128277342440732 0.19585313286535114
422 29.189168223099898 0.19584830121077199
423 29.004237826670092 0.1960874233192599
424 29.68897644652833 0.19594606382688573
425 28.42063663586532 0.1959545404898114
426 28.676108937196993 0.19573210249954368
427 29.45749367160886 0.19530646641121074
428 28.698942447281873 0.1957929007517383
429 28.253041944557474 0.19576237546693767
430 29.374850891586764 0.1948382126706917
431 28.60678592203553 0.19411630824749124
432 28.274366634456264 0.19362537247937714
433 28.37804083549956 0.19393294473809175
434 29.09549366581806 0.1932840342358053
435 28.280222078123288 0.1931619719434814
436 28.32736494395212 0.19309944858678085
437 27.969639435689064 0.19349358485711335
438 28.64334214768533 0.19379306615872052
439 27.91442212432431 0.19306072984806832
440 29.003836923019612 0.1929062162949965
441 29.1231285210839 0.19280468889144875
442 28.662956391563473 0.19254702451957195
443 28.7670709831758 0.1922928749155318
444 28.487195138971412 0.19255320291191547
445 28.49302993914698 0.19273273414274605
446 29.1089195535738 0.19239705398800502
447 28.490609237066824 0.19194453136919354
448 28.67343479299407 0.19153487065033947
449 28.7999770731836 0.19208726829113243
450 28.82578990826361 0.192265465939257
451 28.16336963985038 0.19106521080315567
452 28.83530837813644 0.19140635127791117
453 28.708291481782798 0.19193864477138203
454 28.341998716735297 0.19204811417650594
455 28.611945123478762 0.19196646386825944
456 28.932569877733634 0.19229345709955922
457 28.53631388589962 0.1916422273065105
458 28.573444284809327 0.191109773244861
459 28.130656064463565 0.19083897204278788
460 28.56582401996741 0.1903322093039751
461 27.737182175830135 0.19010568340521874
462 28.231277363022876 0.19057928342038347
463 28.778228183659543 0.18954494653629453
464 28.763949987087233 0.18970482633258845
465 28.665756688021993 0.18903495290257458
466 27.788616500566995 0.18834478803770507
467 27.882048924762845 0.1887300523040681
468 27.73729769303063 0.18842389803798987
469 27.67629725017489 0.18835399769251393
470 28.316951372557696 0.18762616205895521
471 28.108112099443236 0.18760471734811413
472 27.734237045365667 0.18813570034166202
473 28.0111985031594 0.18809035992147016
474 27.643107489203715 0.1877163668105858
475 27.284505685275434 0.18782826240759787
476 27.808616077387995 0.18821078840015917
477 28.570702768989143 0.18802366437823603
478 28.14917169280646 0.1885753756673362
479 28.19012466694005 0.18865618768462453
480 28.237456814743464 0.18795005472460033
481 27.33217761254792 0.18761875830438302
482 27.65038049316709 0.18741554324437779
483 27.57525488160585 0.18706549025543673
484 28.271016363421886 0.1874883501781869
485 28.156560010002213 0.1874268796512147
486 28.141951430543195 0.18783013515070635
487 27.91411276237739 0.18865903728420727
488 28.665599217503768 0.1887000358660115
489 27.37233212096097 0.18915187070297526
490 28.402706513238442 0.18956529523851398
491 28.421560802262917 0.18992098133041288
492 27.953622767282013 0.18966469213041925
493 27.742434479737224 0.18975320631342432
494 28.497583274743725 0.18896295546161426
495 28.15653528976214 0.1892627390448777
496 27.760438077384087 0.18973163689404193
497 28.360727541171535 0.18980573026528882
498 28.020281809246264 0.19021653350779544
499 27.701292270402526 0.1891265090236176
