0 112.73544171514672 0.3015001405026965
1 110.92475158671104 0.30215148225729943
2 113.05321134369947 0.30313695288757053
3 107.42849811220933 0.303543190041757
4 107.80288849561825 0.3032135489614926
5 95.22545625187202 0.30303519565620224
6 97.2300166573456 0.30224896544389995
7 86.36750633763586 0.30194401208644656
8 89.50713257094837 0.3023281526580535
9 82.1573364019512 0.3043318263309324
10 80.7566224953917 0.30568242133196727
11 86.30773118263136 0.305067173877596
12 77.57626321100946 0.30596491770314094
13 72.28098210864786 0.30757456787948884
14 74.90545303881592 0.30623885224320657
15 65.88698110263513 0.30500170247502334
16 61.963046589796335 0.3059096476574405
17 68.67083612303858 0.30512567159228304
18 64.71148410733471 0.3035632955565475
19 66.81033132528088 0.30240875791003163
20 62.62024803639327 0.3021098716471378
21 61.48612729620554 0.30143985378069166
22 69.76528284491667 0.29981611897734506
23 63.65362463524221 0.29962003573978974
24 62.83841977414086 0.30040663552117935
25 54.095894461740926 0.29941821395335005
26 56.82952002862102 0.29788655454367924
27 59.76349542421154 0.29540991534345534
28 54.56511909006463 0.29070448469944116
29 54.418283794508326 0.2910390737882716
30 52.905058705038435 0.28734786600914636
31 57.23100883336944 0.28674686007920097
32 58.23478291043677 0.28478038043821624
33 53.37125078721196 0.285111496977334
34 54.526464069799545 0.2843640147115074
35 58.08198262706374 0.28514477069466676
36 60.914846492951206 0.2824312166807585
37 56.68372288092033 0.2811760072729362
38 53.667059972459114 0.27846537064825166
39 50.767287848226786 0.27754269644110735
40 54.32575113763535 0.27571541611190953
41 50.46960081897974 0.27320449359349686
42 54.25370455136695 0.2731017757731835
43 56.07246684802685 0.27369640986447125
44 50.786173720320676 0.2710876954273243
45 52.43934485945121 0.27031885783837234
46 55.80084112077946 0.2712790757045916
47 51.636770258024555 0.27212896969765027
48 49.84355458668332 0.271512715799301
49 48.281868728588705 0.2717060781555382
50 54.050390747636854 0.2699565346814117
51 47.14048486349124 0.2690090407103031
52 46.88518598507213 0.2674708248285392
53 49.33644453978877 0.2682468596422943
54 49.27414290460367 0.2667699539488912
55 51.09848605373637 0.2660324898676915
56 47.039053140133156 0.2655813115776277
57 41.68315232455993 0.2646366978839071
58 42.93157000914053 0.2653190531672575
59 45.40233702022334 0.26453541489248705
60 48.776027408214915 0.2642125543882916
61 45.11608245367181 0.26146903260883475
62 47.62952509314128 0.26032707330658655
63 44.03545235795962 0.2614126657023242
64 43.79144778796578 0.26062823403764884
65 44.20126999066582 0.2588696078479085
66 43.354969735559486 0.26012107826957237
67 42.85214793761976 0.26035503291136136
68 46.320080945219104 0.2593049166147547
69 43.87671674413082 0.25852036755141056
70 40.88420326280709 0.2580262774566932
71 41.972898908691015 0.257675914716569
72 42.922473300897764 0.25783833142638546
73 41.93424041959639 0.2587381706001518
74 39.98118979635256 0.258109663868292
75 38.87128236172984 0.258654389922883
76 41.62365285244904 0.257511881751687
77 40.51034373430163 0.25472560599014654
78 38.69972217438759 0.2544993712068098
79 41.06998424138172 0.25733491102109957
80 37.41501003330261 0.2591584515920453
81 39.14391823356332 0.2567806844217459
82 38.24864710365911 0.2558478802011325
83 37.740560994481086 0.2544345640605146
84 37.54716957003551 0.25534709671278316
85 40.72298077432602 0.25572867479188405
86 38.4794596791084 0.25581712648394467
87 38.285934690954754 0.25809199916682407
88 36.63806563914989 0.25923790466395313
89 38.75874772044224 0.2591686750220658
90 37.71228497345452 0.256555536607065
91 38.57541114245718 0.25778509239933856
92 39.208524379331685 0.2574642643534846
93 35.36186793193647 0.2546151637144459
94 36.83140884462385 0.2533659104792292
95 35.76867115007225 0.2536952411833082
96 35.37984404478233 0.2512620147524956
97 36.89202345162521 0.25050189493100633
98 36.293928878949195 0.25099466201967635
99 37.41970564343636 0.2509051782093415
100 37.29427974592766 0.25308535802068405
101 37.29558679319341 0.25266107541123844
102 36.47931200205345 0.25338555274148916
103 37.359066540678825 0.25403453214803534
104 35.795797551754255 0.25237768853679876
105 34.65387627311533 0.2502372345159616
106 35.6448524543037 0.24998792298129482
107 35.21904069685989 0.24810326787453094
108 34.17077304155231 0.24770565043408288
109 35.31366196602786 0.24817671702857083
110 35.15349875620768 0.24746593353700833
111 34.4475960623933 0.24774566468972747
112 33.848154376335216 0.2483633644611235
113 34.2220362030734 0.24823865524046762
114 33.74368485697313 0.24824366721813684
115 33.58440194987985 0.24572805353693708
116 34.47562022498818 0.24698189891733882
117 35.63599980934509 0.24526990056084852
118 34.75401595925401 0.24370144653757772
119 35.20805144055625 0.24253421598892988
120 34.891162995027514 0.24125392094547415
121 33.742562094342986 0.24068106676683065
122 32.885000977105086 0.24063880113540861
123 34.55927311906352 0.23972673051974422
124 34.9225858783185 0.2389647431020089
125 32.599796274929254 0.23813030828454074
126 31.40855436921862 0.23872792759048514
127 34.53756889851586 0.23720794177545276
128 34.22253069240263 0.2334945646039136
129 33.027258181873634 0.2327761251073286
130 32.864828749702355 0.232111694185036
131 33.37231132423514 0.23301670944706662
132 33.33988394608631 0.23250428807611268
133 32.72068144080296 0.23277345627067061
134 33.16114544041915 0.2309783852914423
135 31.65740043511452 0.23131210541693167
136 31.82145541331609 0.23140923186583215
137 31.97393218285673 0.23140974023792993
138 33.40812286787628 0.23136251074270278
139 31.73032231481156 0.2301606664744759
140 31.74784782524249 0.23105348436551343
141 32.47837107173569 0.22984165896873307
142 34.79671373529786 0.2291618011645208
143 33.96923868820238 0.2284471206100315
144 34.04527960571226 0.22821029647432067
145 32.3003995670189 0.22863695841846976
146 33.810539742579145 0.22771103376826599
147 34.970259476187415 0.22714489743284863
148 33.504111583123546 0.22587977079497545
149 32.9534390084649 0.22490036694145688
150 33.19413345148969 0.22354358644795047
151 32.56599697341137 0.22319895209270882
152 32.72042600119681 0.2225867139380715
153 33.13113976681447 0.2228341265632081
154 31.929159269940232 0.22108750868164015
155 31.78549694735092 0.21955718138044342
156 32.432888752562405 0.2179529580510049
157 31.67537677267086 0.22049102251604222
158 31.500393172060207 0.22039032704355102
159 32.73453818693196 0.21975175715778553
160 31.831076190420134 0.22004827490952397
161 30.985827848135276 0.22182621672122957
162 31.55737830623047 0.2226239410520953
163 31.213327894070407 0.2221637545184809
164 31.072561778796313 0.22025302424486995
165 30.90493148035248 0.2190495577532886
166 31.604424436311433 0.21899544686434927
167 33.23412040997265 0.2194189552190482
168 32.469095276100575 0.21867602869216715
169 32.65754487792474 0.21906183634524312
170 32.07714828690652 0.21998303183800524
171 32.24952047464433 0.21918548224250087
172 32.984027659444465 0.21726001853524832
173 31.34991328432971 0.2176889459274783
174 32.706279347816064 0.21720098767694984
175 32.689900618459696 0.2157803545832205
176 32.49393006969095 0.2139323467323048
177 31.600230747615 0.21422430555594696
178 33.00284106086517 0.21461429534820006
179 32.465008687192885 0.21493625032364258
180 31.735361810503463 0.21504875148433353
181 32.26204149412409 0.21528554034278571
182 30.303245205957353 0.21432586194944156
183 31.053878068396905 0.21485429433320935
184 30.761872244051986 0.21446029682891574
185 31.025031488740794 0.21433430605024206
186 30.289663103613652 0.21343803277234677
187 31.03425860251182 0.21252401223047598
188 31.770739647276056 0.21339042755915014
189 31.225026744206666 0.21308906245913706
190 30.8798033021523 0.21401800546129326
191 30.631311105177147 0.2139511171128743
192 31.289688235387437 0.2142534664085923
193 31.201134481405767 0.2143716067278947
194 30.516325003627003 0.21293280775102316
195 30.25044190097924 0.21385172219153573
196 30.43274445831351 0.21406962079569936
197 31.91754584862323 0.21234761599449126
198 29.920886765148644 0.21150431850395526
199 30.661741265349693 0.2105035559379067
200 30.680326258178425 0.21061885258953347
201 29.87438569220763 0.2095878640678763
202 30.25788403618863 0.20827634708571785
203 30.322395676076702 0.20796021057667038
204 31.01701935237988 0.20912742629160855
205 30.70440242705677 0.20826353617820015
206 30.92370570788423 0.20716221098982887
207 30.60380279674532 0.20736168577248937
208 30.847013721264787 0.20908080673804494
209 31.17114540436436 0.20794106945296253
210 30.79822378371251 0.20830811695373685
211 30.103701800162398 0.2082308127271734
212 29.84834296677267 0.20682066757602668
213 29.63698264595189 0.20793932832699602
214 30.132448787593212 0.20872707819373626
215 29.807947308990776 0.20886925867155925
216 29.930178605066608 0.2109470644021648
217 29.793419933568565 0.21110358713977562
218 29.745929849878557 0.21182829226914693
219 30.526682320100946 0.2120939294308634
220 30.339315552207616 0.2119180223209817
221 30.25462672002479 0.21172170131857423
222 31.390003288773855 0.2111596034476566
223 29.95832020681124 0.2109335103754394
224 29.781770051692995 0.21033180848808172
225 30.712555906970962 0.21046322592092206
226 31.12704695568894 0.209311677501367
227 30.263389166361826 0.20938342411872415
228 30.316989182036266 0.20827166720984025
229 30.04279878071754 0.2080295385114165
230 28.923738603745328 0.2063740655776217
231 29.520456322655726 0.20706554799634005
232 29.71733985698419 0.20620009197780628
233 30.206346588940903 0.207157537075751
234 30.29850785704169 0.20732144148488066
235 30.608754523580565 0.208669577455056
236 29.538466674907127 0.20728530461632608
237 30.1928646997168 0.2073793528303379
238 29.640884181776464 0.2069840027413787
239 29.787283167126915 0.20695538814996203
240 29.307237453102537 0.20740403450341124
241 29.097279761967222 0.20750632993401474
242 29.36077274059583 0.2066341910983176
243 28.657344554909134 0.2085471560164824
244 29.391486965061638 0.2085178051756862
245 29.855165055924786 0.20745642850317933
246 29.119118141134486 0.20595941286963906
247 29.38076393613217 0.20591835966244962
248 29.94082766115966 0.2049608965950391
249 29.693296418047197 0.20446538456498842
250 29.117429344103755 0.20398756735319637
251 28.696323117633142 0.20364162049360235
252 29.265896281798483 0.2036777820346601
253 29.018472349063625 0.20403443275164765
254 28.846781507146616 0.20381093172931564
255 29.336451920441768 0.2031365614333364
256 28.927342616731416 0.20290419676545113
257 29.226734505889226 0.20314928888379905
258 28.470441859150156 0.20246798596516424
259 28.986816236646824 0.20400327204726812
260 28.60645058318097 0.20560581126831604
261 28.25788477266648 0.20536435837379882
262 29.041662462209185 0.2066529711289601
263 29.059435310468498 0.2060146446102196
264 30.06177946471825 0.2065578505079305
265 29.112174243018632 0.20523728817363898
266 28.832715109025727 0.20475764062925247
267 29.053836201801982 0.20553078696338956
268 29.029108564679607 0.20543790911930446
269 28.956909713935666 0.20558261030580205
270 28.98497228739052 0.20488063748639398
271 29.55550612346777 0.2040572386124788
272 28.926207233405222 0.2033589365474958
273 29.289986822931112 0.20367828187395712
274 28.974039549037663 0.20406956071638668
275 28.924116462414673 0.20430026684063005
276 30.11912964444828 0.2026896017926377
277 28.760391701499824 0.20274202875935818
278 29.060852631557676 0.20219577678095488
279 29.084989965836655 0.2017828481234261
280 29.072475804720817 0.20203854791445053
281 28.50660262121636 0.20086519977934167
282 28.1103260727728 0.2020197663042994
283 28.638423877486588 0.20218921427927294
284 28.42027380334828 0.20120605366262254
285 27.965843209793782 0.2005967351587354
286 27.72126145109815 0.20032234374848698
287 28.695933532213573 0.20103746622753368
288 28.4899049228055 0.20025258348444205
289 28.014624851700013 0.20054209635693335
290 28.19859122202496 0.20048870929410859
291 28.542274110937917 0.1995407612086383
292 28.172676949545274 0.19956997750187058
293 28.210516951339265 0.20040132492437854
294 28.80834213110331 0.201504814767014
295 29.211606369188537 0.20013121319672147
296 29.36543601926768 0.20045609625678282
297 28.58669592166754 0.19933354797188207
298 27.932186718246864 0.1981831165239173
299 28.161455915009277 0.19850316032651524
300 28.591489016789026 0.19910384585181662
301 28.743893033421614 0.19850832461187848
302 27.977486580207177 0.19770858304364333
303 28.555483579461384 0.19669144936691652
304 27.901000121183465 0.19505385470566394
305 28.79088693227736 0.1943029882296711
306 28.10599003768764 0.19466206175379394
307 27.933588016053235 0.19431528246567453
308 27.940319717221122 0.19383309664928558
309 27.991247357972327 0.19363286342923658
310 28.018252470857767 0.19348693721743807
311 28.479490193921528 0.1928027999532789
312 28.42919353878954 0.19211746093652401
313 28.395393890359713 0.192506826158626
314 28.11885325589041 0.19252537492811442
315 28.246483481015257 0.19212591583051597
316 28.624318481265853 0.19206260107836592
317 27.894017277930715 0.19198969088286663
318 28.100373807215952 0.19090549556695682
319 27.826813511312302 0.1903783092765754
320 27.46711776421381 0.191272105838915
321 27.67745435873264 0.19030030784057486
322 28.10068701159269 0.19085151474587594
323 28.768515079520217 0.1909283996705727
324 28.60957696045797 0.19077889710060603
325 28.059168207569112 0.1904582362668463
326 27.851597156204598 0.19044750505864935
327 28.200315830369256 0.19027719638893834
328 27.94655910128179 0.1900357760506938
329 28.36487485708858 0.18920264192391167
330 28.192605961162677 0.1909687570094747
331 28.496951989893923 0.19050056190205247
332 28.17546087828117 0.19015323405838588
333 28.151919915523145 0.19000183860557818
334 27.918012080034053 0.18893446086083623
335 28.043077029695574 0.18863002785166608
336 28.34146222716558 0.18841863078680354
337 27.983341074010916 0.18859016313759747
338 28.041014316635476 0.1886895398266019
339 28.234602148087333 0.18909756977936776
340 28.202310140683707 0.18842514727486906
341 27.788668879052665 0.18742492442134048
342 27.95088292807535 0.18630750994962664
343 27.606704957285785 0.18614703403396535
344 28.15686437334068 0.18463098952798038
345 27.831438463389066 0.18467589061932266
346 27.780474789653628 0.18407701164280074
347 27.924826728508286 0.18328940198552923
348 27.700307235144017 0.18374109888594958
349 28.564110066380216 0.18352224379903057
350 28.03045594143827 0.18305249483441463
351 27.932414412199023 0.18221816279438832
352 27.826849534276626 0.18149771532308248
353 27.64604276891679 0.18063909995137015
354 28.00386124336906 0.18011361281418636
355 27.629118206047604 0.1802531014351084
356 27.859467980362332 0.18012216987115215
357 28.05048308497026 0.18018997982554888
358 28.1999832760592 0.17879876872578426
359 27.106446125639373 0.17860908341140833
360 27.663737238244778 0.1785800017778313
361 27.305204064429006 0.1787365073745657
362 27.952802069346134 0.17867665235338612
363 27.830301985547976 0.17853528377330466
364 27.232835625711438 0.17805630196942215
365 27.34607085709535 0.17821759539211127
366 27.364636591193783 0.17890537159295317
367 27.367922260752287 0.17813878998899954
368 27.862334236148012 0.17769724406270224
369 28.419176017033614 0.1780632628900498
370 27.762854823596413 0.17711420619349819
371 27.49564373426486 0.17732774788439362
372 27.10674007136258 0.17735237817559815
373 27.395721370315982 0.17717659529983676
374 27.48056148033819 0.17679742484835137
375 27.00278035268308 0.17622715824466628
376 27.171668029319648 0.17626110336271947
377 27.32093642290475 0.17588536639130467
378 27.112898678387772 0.17650956374816443
379 27.2420554899871 0.17671566675551312
380 27.35422070505924 0.1759761892211391
381 27.350281061049458 0.17576138262558824
382 27.200046110549586 0.17397676799546047
383 27.06959443606751 0.1740678950647645
384 27.303058478262237 0.17353259447727173
385 27.116899219571525 0.17336352033813549
386 27.44023732301114 0.17255253517091587
387 27.105901641600397 0.17187518890872236
388 27.18656806570504 0.1721632957445357
389 27.630997570196065 0.17251391663036067
390 27.256008661413894 0.17214408762689082
391 26.998007242147054 0.17207823384769383
392 27.04818311279567 0.1715975321869844
393 27.98876713959833 0.17156964456552362
394 28.005764540175065 0.17120632571917582
395 27.531651223911467 0.17111876723445765
396 27.192150655322827 0.17128505203611918
397 27.13088784162324 0.17261351557136284
398 26.917100135767143 0.1725273598427719
399 27.188129740457605 0.17363650335060052
400 27.026316857560367 0.17425550389313024
401 27.015290710974437 0.1736994223399527
402 26.856079355832925 0.17348938834027536
403 27.379231189441295 0.1733782505712088
404 27.323446667775226 0.17244679981367142
405 27.29265399141815 0.17218460120028398
406 26.66417958555528 0.17249353090413966
407 26.719622672895674 0.17285500063284817
408 26.95731141387844 0.17270627268006677
409 26.92786944061246 0.17337063533430333
410 27.403977774112164 0.17389063958674258
411 27.51691541767576 0.1737567590724273
412 27.060734356522026 0.17324937158632636
413 26.957696738438024 0.17235614620027326
414 27.497871516961435 0.17203664351195322
415 27.474313477808337 0.17140390750464662
416 27.415054021407474 0.17120275552060718
417 27.568115350929283 0.17155638925069427
418 27.476570926269495 0.17111770476290933
419 27.26425671192722 0.17142261920400245
420 27.012050301322596 0.17098335637487105
421 26.86729361716168 0.17137495004595807
422 27.397551162640113 0.17151720579871257
423 27.412838287358763 0.17130665864572223
424 27.12947662008586 0.17167334532874456
425 27.16478359326286 0.17221576729739274
426 27.24131237542955 0.17151961523089787
427 27.19469003144338 0.17174584041207805
428 27.592047764202697 0.17163892703321582
429 27.456249651382496 0.17157616367087455
430 27.369631502288215 0.17182455371337577
431 27.35757329261081 0.17182018628884788
432 26.754377734828445 0.1723668444906814
433 26.905680332290597 0.17263791781940538
434 26.965179921526797 0.17285266184509276
435 27.23857013792115 0.17323795165435674
436 27.501351916930815 0.1723891783619713
437 27.58874718089612 0.1722776315441875
438 27.222278271823786 0.17157492484196227
439 26.573888358231958 0.1714379821062406
440 26.860261867872197 0.17075629483960045
441 26.530393922340988 0.17055874484734587
442 26.736343822015844 0.1708465094889503
443 27.034906873774663 0.17059056658693142
444 27.021223646348904 0.17026102705293134
445 27.327689220221252 0.16974642077936153
446 27.236512098495112 0.16945930281689284
447 27.585417494741154 0.16991113600245975
448 27.6209367983418 0.17020959105581232
449 27.114213315768602 0.17012020876899028
450 27.449671933397003 0.17039821629930532
451 27.268603164395657 0.17078219230847158
452 27.158630604231377 0.1708849154336185
453 27.233819197902775 0.17073248091283608
454 26.765099886118822 0.17080591577315338
455 26.884463717917498 0.17051707700271865
456 26.692839101017753 0.1707678329328044
457 27.235849504192377 0.17041887494265626
458 26.961488247983873 0.17030320505192423
459 26.477413694235224 0.17104535744428664
460 27.009274465977384 0.17055513449050344
461 27.040419094640157 0.17095794951875054
462 27.206298541602692 0.17098854782909415
463 26.840966063621174 0.17079873101085533
464 26.661505048742775 0.17088133016812065
465 26.49349010882017 0.17144708186780822
466 26.38552443328753 0.17186423531517395
467 26.831199244000565 0.1723525972192315
468 26.687434436537607 0.17229298388285666
469 26.99294068874741 0.17211871662364694
470 26.68525281670489 0.17239684636367456
471 26.57626646698748 0.17195686431825585
472 26.975653343945254 0.17217996554340698
473 26.883245765803714 0.17173903186984632
474 26.733996508357876 0.17148048130879823
475 26.68667699770016 0.17114391880791702
476 26.79254141246725 0.1712138712733897
477 26.6655269437922 0.17176655684821754
478 26.959463242482094 0.17163505761918427
479 26.697705449646428 0.17075578774359346
480 26.38821788494667 0.17064984606426145
481 26.594562996250943 0.1702114854889425
482 26.963665842830387 0.1694472776286384
483 26.939211192604972 0.16988108660930404
484 26.898620331605443 0.16915426716821072
485 27.286940773030576 0.1689232976522406
486 26.841231138936273 0.16866012324711546
487 26.997195572531528 0.16844543810622684
488 26.730580874929927 0.1686186653965576
489 26.914841847903954 0.16838947894085243
490 27.019520242099492 0.168571102112428
491 26.884322613914883 0.1688040450153415
492 27.24850688298207 0.1684576377814031
493 26.96239526528619 0.16836940374797402
494 27.109903011977558 0.16832704226239914
495 27.007776826763493 0.16846948201267783
496 26.820875885109384 0.16834803776626014
497 26.760702806317514 0.16880760840274114
498 26.919611592575485 0.16916082079659145
499 27.016292403488656 0.16950513519591373
