0 104.46258870178445 0.30181268307302866
1 112.14480569299295 0.30316163367049953
2 104.1815860208516 0.30319309711318526
3 94.81125357190852 0.30274827858170283
4 86.49210995205911 0.3033342565132508
5 86.84470879362993 0.30287610847307805
6 88.18560299194425 0.3027878657843943
7 78.6415696803667 0.3031050515580576
8 81.41513672517274 0.303197927607154
9 71.56796790691331 0.30193346834696405
10 67.42042552199918 0.3014365423834382
11 64.79926208357202 0.29998495079541193
12 64.02567116757362 0.2984672905949814
13 66.42872899942637 0.2995383371938322
14 65.08389038178063 0.3012624595395373
15 75.18780769587755 0.30103875429873744
16 71.8192120498835 0.3016229581515217
17 66.13116657084223 0.30005270249176386
18 67.44391569353567 0.30286689967526187
19 60.88438307435172 0.3010626222773662
20 57.29883197832234 0.2991908846379747
21 63.01869054159313 0.3006675663233211
22 57.276452271079705 0.30052934534137443
23 56.70249035993537 0.2995509146888759
24 59.32125766350988 0.30118995382430674
25 55.457814718347024 0.29907006812336223
26 53.657938629910845 0.2979853563679913
27 53.41132727605637 0.29648662010182525
28 51.54480961653745 0.2963024549542111
29 57.49818864298224 0.2945226029799372
30 49.164853596228866 0.2952301100328303
31 52.00402893220942 0.29385142693801103
32 47.46168462143456 0.2928560398801077
33 46.730631887046385 0.2947375481068946
34 47.002511130130884 0.29249847542299384
35 49.27230084784293 0.2897604181794965
36 47.303834291316186 0.2905243444949472
37 52.506233126537836 0.28721298531027845
38 49.9771741230516 0.2852648334577644
39 46.71044360813572 0.28424584483664184
40 46.94752441574248 0.2834722455783536
41 46.97266271996125 0.28456598380445874
42 44.599453728171 0.2838132458343744
43 44.31816963581974 0.284317681925686
44 43.25704408178228 0.2855466702839291
45 46.13925036218167 0.28185139170488904
46 43.87792269937446 0.2767574573950448
47 44.64740893625483 0.2784516598071736
48 44.49844981442554 0.2752498778758771
49 44.4283258224945 0.2745829653334844
50 43.76855675190133 0.2726966857989597
51 41.40618319676119 0.27637505923285005
52 45.89987984796069 0.2765425110497393
53 45.79992431279188 0.27790250495075847
54 43.016417995424064 0.27858154001901597
55 46.01695589679325 0.2777785997036603
56 43.16091779621478 0.27989244896009197
57 43.27401859117078 0.27965088053214154
58 41.326690223505366 0.27936253706326547
59 42.742616293643366 0.27818742065552354
60 44.05613599111767 0.2763892356020395
61 42.064939347554365 0.2758364392624216
62 39.622046383528605 0.27600580990764517
63 43.834242337980726 0.2769028543381359
64 43.73760116749595 0.27841619191444833
65 41.15302477077363 0.27545516494205385
66 42.3401341252855 0.27457157698026796
67 38.938474701802285 0.27387375119905877
68 39.64850475902669 0.2750066270733085
69 43.22407055079587 0.2736518134201255
70 37.97677143102063 0.27295598152597905
71 39.623713003791806 0.2737450863803201
72 37.36572943263767 0.2729047820438079
73 38.13573371588347 0.27486654912244735
74 38.38115188797003 0.27356143593781884
75 38.318095817333486 0.27478518082292724
76 39.04712006014499 0.27348094492582803
77 40.412343037018616 0.2705328867243194
78 39.14732093467154 0.270860477914847
79 36.70453808707579 0.27201082220108314
80 37.61889159351118 0.2711289319316786
81 38.857334077024035 0.27189348313236983
82 37.409909788973906 0.2715755307747502
83 35.517902105556445 0.2712220900325627
84 38.454967792448265 0.2703362651266653
85 34.64480239634989 0.2686112975121832
86 38.665606429309705 0.26838784423109063
87 35.85036976370116 0.2692740703832462
88 36.940762631281224 0.2695788820696513
89 36.17439648683617 0.2681489209726386
90 35.64670941444132 0.26732332426032557
91 35.34310386431622 0.26730252444936925
92 35.3226711292375 0.2675848793549703
93 33.96987593426603 0.26628888935550027
94 34.91680428256092 0.26483451697724997
95 33.666826359826516 0.26473799021603783
96 34.97966178272901 0.26373506272621966
97 34.749596708983816 0.2619147365785939
98 33.737657214606344 0.2601018814583172
99 35.68259159095378 0.25785513654899334
100 34.91379866874625 0.2562346003299522
101 35.67542058761248 0.2572872957408708
102 33.03983331152055 0.25680831018810674
103 35.81680193907219 0.2565309200928294
104 34.98183528676148 0.2557415306235797
105 36.186693452761546 0.25613281072289545
106 35.885274821388435 0.25446014534299927
107 34.93843626880959 0.25241068902405356
108 34.87881300822349 0.25334111569730927
109 35.04665058415421 0.2543105644677462
110 34.0366844166536 0.25203580210612636
111 34.440828196895495 0.25165183306732036
112 34.71359768432325 0.2524395569069861
113 33.898222442032 0.25269513692942186
114 35.2967284098805 0.2534106856319231
115 35.170925057412056 0.2524098674446193
116 34.018358919146536 0.25142808581291215
117 34.03602138899842 0.2501923117070253
118 32.827626436072585 0.2488789198109731
119 34.371079402933134 0.24719425977592135
120 35.124126787437284 0.24530054916613453
121 35.54200899675978 0.24404381796400176
122 34.16798086673603 0.2422154331912949
123 35.56085941042666 0.24207671365271866
124 34.61662296533025 0.24037356394029252
125 33.67137974570208 0.23905113435739667
126 33.08841066218549 0.23759550327041778
127 32.8553821893733 0.2367655695399474
128 33.145934835589486 0.23713547112610578
129 32.384667653423264 0.23720391740487723
130 33.062068929743766 0.2373865066250274
131 33.12783788587648 0.23675030187550813
132 33.720944243030495 0.2373520227502067
133 32.61551088429256 0.23645460561210183
134 33.42079572402121 0.2374104881490263
135 33.978165011756474 0.2363821386207292
136 33.51528568849287 0.23599415530584097
137 33.793846655750926 0.23630257224520582
138 33.30845789414153 0.2372218082487311
139 33.24519911960113 0.23665812355649915
140 33.40338370750396 0.23678528587125705
141 34.787532390361584 0.23578721228031937
142 33.71987095016351 0.23553506969306814
143 33.44156905685158 0.23592887972110296
144 32.35133086626013 0.2358165329022154
145 32.56469957590605 0.23507491502777356
146 33.16643006654027 0.23530572303000827
147 31.933710966484906 0.2359402208943223
148 31.780542164496424 0.23684177960196073
149 32.24680390992935 0.2373988545969912
150 32.567048854356614 0.23693032544045103
151 31.66119123504946 0.23857196764548486
152 32.41269152264787 0.2412139762813482
153 32.50803828012242 0.24158551139663645
154 31.607959438318545 0.24084314065009652
155 32.38668867978252 0.24015567759214637
156 33.24300336872985 0.2399553337944038
157 32.54009591205339 0.23945262720264637
158 32.62139683290335 0.24077694151354112
159 32.2609529662129 0.24222043765449572
160 31.65126061105049 0.2412449693339658
161 32.12323322866885 0.2406696840691834
162 32.57295697089942 0.23995442249965696
163 31.44943256945685 0.23903933709781652
164 32.7806051485349 0.23879870338502526
165 31.703852725050403 0.23871061650559922
166 31.640738259400763 0.23921038954982085
167 30.9482588098534 0.23982024929002987
168 31.758188116023252 0.23915830374258681
169 31.71469839463218 0.24024094957925968
170 31.717495345689215 0.23924627280685504
171 32.346809437654954 0.23944092673798908
172 33.244259751352 0.23941046936031016
173 31.22216629952469 0.2376773165189298
174 31.43546765305707 0.2380947138007442
175 32.182637928173044 0.23804095580476795
176 31.40688337051317 0.23913375700972014
177 31.659421166290606 0.23834403160382342
178 31.470526330838815 0.23934643618448073
179 31.839647052971802 0.23846870659964103
180 31.99224823668544 0.23881105235290712
181 31.087444003307866 0.23791773469929645
182 31.860633169596575 0.2374948393118331
183 31.91554631367313 0.2372674132386591
184 31.410150189503888 0.23718210452992694
185 31.205343310702624 0.23786013257734154
186 31.443020163959503 0.23617597950834787
187 31.059778469742568 0.23665245608464391
188 31.980236727037035 0.23587926177148677
189 30.952761171453666 0.23599752044896727
190 31.975623657492513 0.23623838883170026
191 31.27011685197914 0.23623589484551458
192 30.948203668520584 0.23653198222023017
193 31.40567234523577 0.23558116578452423
194 32.140903167242925 0.23425150528453562
195 30.410515881642993 0.23548003847321877
196 30.319330663766493 0.23446242506549697
197 30.674613012967 0.23448961065487764
198 31.276451763348035 0.23437587655773187
199 31.700782594783988 0.23572255954307064
200 31.38103750516938 0.23472812239694926
201 32.722252950279696 0.23383574446046654
202 31.4334815283268 0.23397429699453184
203 32.97985850269614 0.23228468593422838
204 30.383640841486866 0.23239956494352212
205 31.428794369037828 0.23329195926933274
206 30.94442804136994 0.23303228853040148
207 31.076918482440966 0.23205084050169503
208 31.232759176747315 0.2331907708544997
209 31.656888064777217 0.23378325056826457
210 31.502613092631258 0.2345559280838042
211 30.841501224439483 0.23329298233788517
212 30.54978736685735 0.23480509280330755
213 31.01476975108101 0.2336709012543646
214 30.674550140078864 0.23201878903089493
215 31.78619248655406 0.23306587432536688
216 31.224581044857615 0.23222587493560962
217 31.553466142065055 0.23222813869093484
218 30.901637762004974 0.23206593336881398
219 30.980644399560724 0.23297922065417234
220 31.345555652344295 0.23324615626202475
221 30.76828170656951 0.2316468626598344
222 30.812968986004222 0.23300359829778097
223 31.197814404699976 0.23152372742058794
224 31.256158249926845 0.23118641364378448
225 31.558720068436187 0.23115584672865133
226 31.065135512400904 0.23309829990432318
227 30.86156940649701 0.23292468452760598
228 31.10688252848329 0.23217573023948
229 32.03779860718454 0.23171901046497345
230 32.01725985848578 0.2309182889862087
231 30.784087350619338 0.23096059759029677
232 30.657893767120534 0.23186920825265886
233 31.970682909509634 0.23325653818803957
234 31.235051810580856 0.23257933761231028
235 31.7380718965818 0.23182136918476723
236 31.16841820682736 0.2308187017576575
237 31.590580087855187 0.23096796777814346
238 30.498122594648535 0.23093865672555988
239 30.55352083576753 0.2299883456316182
240 31.00901979343315 0.22967350002651132
241 31.15260121446255 0.22957185935655347
242 31.15141677302708 0.22681371276137421
243 31.251051285710354 0.22667936074715422
244 30.599098748770473 0.22614985843355026
245 30.447128954412843 0.2248238294683841
246 30.868445563179137 0.225251419856901
247 30.654890640272036 0.22571430990097585
248 31.376001075643188 0.22631500792797252
249 29.873142515949617 0.22643212199652565
250 30.89318310519706 0.22617113641416167
251 30.236112674583865 0.22831158195397103
252 30.308534261418785 0.22665519756872918
253 30.648252514247936 0.2271858086300946
254 30.829080993539357 0.22635139222809383
255 31.34179258039393 0.22543164286606102
256 30.727650262168275 0.22568622862653445
257 30.924092829167165 0.22703115144848127
258 30.316720078641488 0.2253781705708391
259 30.06363737491751 0.2245993175512031
260 30.217365252425854 0.22478289773917012
261 30.098156145115603 0.22544354696313476
262 30.13078085313763 0.2251685069280461
263 30.1473550543256 0.22506461385354926
264 30.1356498912902 0.22484230677882902
265 30.58780409611631 0.22351831199203862
266 30.783869263774683 0.22357151169079495
267 30.629009411949582 0.22496399962498637
268 31.561975057325597 0.22501667919917523
269 30.55891463438857 0.22426171095381708
270 31.067069049033982 0.22378666770809238
271 30.698421059431723 0.22412686243579008
272 30.898037919671665 0.2250810243966812
273 30.52584911581915 0.2244515030626887
274 30.57458830354744 0.22429015472479685
275 30.275131025073627 0.2246440313126231
276 30.241279955106776 0.2240892136828699
277 31.145024206615325 0.22430846633261878
278 30.013281687970228 0.22399787880233127
279 30.455300651008322 0.22393372140434198
280 30.65133016568324 0.2232133246286705
281 30.159596995887753 0.22365142458921125
282 30.73313676711573 0.2233291183625329
283 30.542734794591787 0.22374669763223698
284 29.948917137302995 0.22353385210287594
285 31.061343228130134 0.22217235814272707
286 30.50516334682144 0.22173536046257403
287 30.79412883744706 0.22201211488207875
288 31.01924019437689 0.2217434140964862
289 29.94307000709167 0.21991477921278435
290 29.60791268372754 0.21893781670246282
291 29.967741136690922 0.21896545718488078
292 30.850184753598292 0.22006821531848056
293 30.58357142984665 0.2199644012636229
294 30.137811781124086 0.21983953153364644
295 30.90334669765956 0.2196286786698827
296 30.754279555535938 0.22022781593934773
297 30.58388529711214 0.219325418762663
298 30.391956383219362 0.2193776487307587
299 29.891238862623407 0.21957718995195763
300 30.49607091557519 0.21941939026693094
301 30.23802142225718 0.21904432764719303
302 30.041977816194343 0.21855853738448783
303 31.225889051680962 0.2182113527377341
304 30.745844439196212 0.21823826960198747
305 31.084049861691774 0.21783886228051652
306 30.18763496927106 0.2184468159101911
307 29.98516821641624 0.2192479054953822
308 30.734049639801256 0.2192584015264323
309 30.016258369880376 0.21924564192223936
310 30.433110352443627 0.21824759888136006
311 29.808216487796358 0.21866681264456153
312 30.15258168923279 0.2179474698113086
313 30.662551180373463 0.21757090318021785
314 30.963701363226605 0.21752952177924292
315 30.585109220912408 0.21756920086601728
316 30.540382906735633 0.21785329817427504
317 29.99957503207695 0.21720228285861376
318 30.075973136752243 0.21771484426783727
319 30.58280353393218 0.21646476352454821
320 30.618791721595606 0.2175265572596515
321 30.76305570462646 0.216848357355921
322 30.88196274361389 0.21590445387854018
323 30.411277433726156 0.21589918285676654
324 30.33743953041882 0.21617897283583543
325 30.166524387280155 0.2163386024230796
326 30.2379318966747 0.2163892141606972
327 29.971500081067123 0.21591759607856975
328 30.055064292037045 0.2153157033017057
329 29.970074583796702 0.21548650527820923
330 29.58155130951083 0.21568053977757587
331 30.431130657960807 0.21572620722612687
332 30.093317225138975 0.21625784161682285
333 29.869712526853135 0.21657529487156202
334 29.5668144033217 0.21635138510113397
335 30.12519736001959 0.21665478282137038
336 30.004924879010495 0.2178152366015845
337 30.88139374561833 0.21813444838997223
338 29.66735564275221 0.21643615228236043
339 30.117714552312755 0.21640840395613492
340 29.670741932419016 0.21799899283781024
341 30.34012202041653 0.21737887201700345
342 30.43441571949706 0.21780297735245527
343 30.152609549702742 0.21812068156326547
344 29.91696229920469 0.21789593774988383
345 29.80096969069931 0.21936686733111102
346 30.233583255909743 0.21976635598247882
347 30.227739795979062 0.21965000847915195
348 30.336319014043344 0.22051263271101085
349 30.316695175275207 0.22009963843538474
350 30.42796251431293 0.2186311069767347
351 30.970547851965115 0.21859392650917156
352 30.428820385925448 0.21802376894534936
353 30.36084735355826 0.21882331489584325
354 30.099346456293162 0.21964750266717656
355 30.79314407612536 0.21951643237289806
356 30.817774256206746 0.2189200188069765
357 30.81020582940261 0.2185176744658979
358 30.936706090357937 0.21901053312974653
359 30.382497322515803 0.21874359754633158
360 30.65862935415779 0.21915122242199403
361 30.70364943534671 0.2190295544129133
362 30.37355108315403 0.21837500429560955
363 30.290965531659097 0.2183856993033697
364 30.60474589335641 0.21773050108743966
365 30.872482206692737 0.21770265128742375
366 30.56343870508924 0.21868404237400452
367 30.647667625382294 0.21904704462226685
368 31.90782952115303 0.21932996570615249
369 30.659602676380533 0.2202098341409435
370 30.11372669059216 0.22020221795625342
371 29.91697222341969 0.2202454619394971
372 29.98709846775626 0.22102689901080866
373 29.726570065393886 0.22269675322362734
374 30.36286401865666 0.22367339322645244
375 30.890778216076406 0.22504040748318274
376 30.981371545485466 0.2259451266086506
377 31.09502840956408 0.22517463820304362
378 30.108768391511152 0.22579338982984298
379 30.63241842105179 0.22671444722813638
380 30.598856441303187 0.22698489999329338
381 29.96323364930727 0.2273101612771666
382 30.692606703816487 0.227399186676548
383 29.913584942032116 0.22741256295732434
384 30.277865931458585 0.2272060849365314
385 29.68302531073825 0.22789297116315818
386 29.687746649248425 0.2276039922607472
387 30.04685799723771 0.22623228432347764
388 29.809374969270607 0.22599775659659074
389 30.034465752445268 0.22639218726659305
390 29.72289887099167 0.2261344390770249
391 29.522103913682777 0.22601570074468194
392 29.690129755446627 0.22569708957614765
393 29.668459699758664 0.2270546776171752
394 29.607647729397556 0.22601739956607467
395 30.332646176028398 0.22633208927664242
396 30.362971277121588 0.22652464147558513
397 29.491143528542878 0.22646601102310293
398 29.929858803663336 0.2271904826186492
399 30.25287339690535 0.2263905759081839
400 29.132082450983773 0.22715320798021443
401 30.100822425082253 0.22811656158753701
402 30.061549897819916 0.22784160337399584
403 30.347661716770485 0.22918803134291363
404 30.377828433147286 0.22847024636328203
405 29.582172274905545 0.22869007230278074
406 29.60829410953543 0.22832284322919302
407 29.4240850222507 0.2282352906500148
408 29.732245042508495 0.22723779665796542
409 29.458364551285918 0.22717777066274691
410 29.448748792440213 0.22749515271612034
411 29.630687080559856 0.2269133832763702
412 29.355961442115106 0.2281015986018067
413 29.20796047001872 0.22791354497998903
414 29.197107255139734 0.22710586978807826
415 29.421961178975497 0.22730850746595008
416 29.565320145482993 0.22736165564667932
417 29.912040282704844 0.22833540210667777
418 29.593179338813492 0.2275694288445792
419 29.313426420893546 0.22786481539100822
420 29.451880298169407 0.2274782335444647
421 29.40224291445238 0.2272663977699703
422 29.54347731350606 0.22629144345236596
423 29.276464162258534 0.22645082222999455
424 29.18805607278545 0.22668152931553553
425 29.109944544102326 0.22837218100103893
426 29.30239824100647 0.22897843387816322
427 29.133748760474475 0.2293388299381008
428 28.724173850225498 0.23095967651486848
429 29.404981226988873 0.2308591073326531
430 29.210489965674206 0.23091165661833424
431 29.43677927456912 0.228914432802929
432 29.36236219128277 0.22800844747615903
433 29.533935009956117 0.2284694485200359
434 28.847947520957298 0.22840944933175433
435 29.254745007150042 0.22901845205501806
436 29.073355592874492 0.2299315860602655
437 29.01486087553436 0.23097557940742267
438 28.92664322645905 0.2316409646705889
439 29.93811958595615 0.23148325665719738
440 29.3408961639827 0.23084098935241396
441 28.903438540843013 0.23014841559756638
442 29.062981587046828 0.23085738129436395
443 29.197374367722283 0.23095246552130322
444 29.337366317966307 0.23056202690107538
445 29.01186301183561 0.22998827422430232
446 28.644271931603612 0.22925333495195835
447 28.31542337579936 0.22998353516233896
448 28.607547275152605 0.22958815475743333
449 28.72930216783162 0.229579404188059
450 28.79757871651416 0.22927775994262886
451 29.26737312973067 0.22927780361576197
452 29.153589973707476 0.22943270491237264
453 29.39437498322508 0.2292447955998792
454 28.529742477161687 0.2294331890118951
455 28.73816175710064 0.2300888511921987
456 28.896527209877483 0.22986578157691864
457 28.821368615232608 0.2298829274333136
458 28.816788717783112 0.2302117194873918
459 28.720439155251707 0.23061323685970533
460 28.40797501308921 0.23106938768835736
461 28.244805823215202 0.23070552900470076
462 29.07297783420067 0.2304183265371237
463 28.951415974769525 0.22990730118669722
464 28.773626502863614 0.2305009663288796
465 28.722913642177566 0.23073757416150067
466 28.78311667914079 0.23114473235995633
467 28.55378123067372 0.230730712382712
468 28.49388507616603 0.23059543119172465
469 28.55352329717863 0.23088137031286263
470 28.444797138579425 0.23086267628443102
471 28.701395275609446 0.2306664824410436
472 28.36882442067624 0.23011426149167222
473 29.10379576803448 0.22923355514477603
474 28.53234646079109 0.2291298680037801
475 28.80574150176767 0.22931500956474118
476 28.854817843791217 0.22939563914141878
477 29.051289414438664 0.22952726520142178
478 29.276613594791037 0.22827955946603065
479 29.07410793191798 0.22725581780282633
480 28.532846669757525 0.22681663200264776
481 28.784678431920923 0.22746800422853175
482 28.674850458586693 0.2265702464031295
483 28.287090461291733 0.2268441373929464
484 28.824627720554815 0.22693120360896543
485 29.544871909888975 0.22758115194294334
486 29.579042685744312 0.22686288650777628
487 30.002798544075326 0.22661552032118756
488 29.717825484698118 0.22619606498818898
489 29.24916013377831 0.22686634383457202
490 28.69465631325825 0.2267439068582581
491 28.883424143135024 0.22623908315495936
492 29.166784011553602 0.2260330655995665
493 28.65211179436491 0.22604293690173924
494 29.02266504308603 0.22565395202632313
495 28.89699786068948 0.22526458933390778
496 28.429698880480704 0.2251402814071325
497 28.66437875942796 0.22503916674207292
498 28.746737987786545 0.22538781132661553
499 27.836132690509178 0.2257354233502621
