0 109.23783144782817 0.29978122923709544
1 113.94737386061809 0.2991419973461088
2 101.64271708800096 0.29857858909594315
3 88.88121142261635 0.2975316158241866
4 93.40269849120637 0.2976575371789481
5 84.47209721364234 0.2965822771358923
6 79.88156346187995 0.2961141959113179
7 75.7511387525106 0.29555590253203395
8 79.71886272020846 0.29618778041240057
9 77.28616989351568 0.2959598438580036
10 66.68364290017395 0.29533725842902797
11 72.11387688480934 0.2959940582129379
12 72.0622523455691 0.29450785935867824
13 70.28917582279911 0.2954040480465885
14 77.77316296776605 0.2974844811391324
15 65.65745137716513 0.2995699840486606
16 66.48922910896626 0.29929807895564514
17 64.51187562932876 0.2997481785728228
18 67.7704720983649 0.2980505305363143
19 61.97607671802602 0.29671132887127794
20 67.44243123116992 0.29753111445168073
21 65.92917632776397 0.29536909784322013
22 67.14856574052257 0.29361908741465415
23 66.61331278706186 0.29125460177633583
24 65.28134869674764 0.2910319285283627
25 65.20556189830226 0.29469046383768777
26 56.83731194509548 0.2972025602931546
27 59.53452120285627 0.29620106272613395
28 61.475865144245816 0.2970081962256961
29 63.90695849277924 0.2957005926907261
30 56.18809230231942 0.29163960657012256
31 55.121060686589686 0.2924738907167418
32 60.04621759536984 0.2932635932536369
33 59.276167108447886 0.2938882426002825
34 54.60823464152851 0.29231729130324546
35 59.53576042317787 0.29045148877223204
36 54.002526889644386 0.2897201713351676
37 57.18418741272945 0.29164440281825355
38 58.0972555238898 0.29273409250589705
39 56.83262232342935 0.29414469726345815
40 56.149724949997875 0.29169506444235965
41 56.93650560099364 0.2885202551229918
42 59.189845647318364 0.28742604145722994
43 55.9160951813915 0.2878517097135926
44 53.327508735233565 0.28552061586052946
45 52.59228137282669 0.28454025687102263
46 59.54659737641601 0.2813689757412293
47 52.59334484913033 0.2808886274238125
48 51.592321285247436 0.279200567800217
49 52.83688945208366 0.2770058613444853
50 51.82840967335895 0.2768858409175194
51 52.199907231039774 0.2805280277660689
52 52.64501466446293 0.2790692203155894
53 51.168306896042154 0.27832873411555686
54 46.76074202004836 0.2779067570993374
55 47.03670781697625 0.27560739406258566
56 47.74841368825878 0.2725363673150422
57 42.77604475109432 0.2749079339837685
58 43.5699334887535 0.27410734908601725
59 45.03902689213948 0.27279864473302545
60 47.10877015176584 0.27338518085356384
61 46.51288207481227 0.2711627040664112
62 48.78343407783423 0.27147771803465026
63 42.186002139377834 0.2712249779731481
64 44.197505825521276 0.2696906884134888
65 41.26016514164624 0.26891949255844927
66 47.41974749061616 0.2697304503576641
67 46.04323062022485 0.2685656879096609
68 42.608970789101676 0.2675912891217637
69 40.652981662234396 0.2668083398078443
70 44.24937266384114 0.26529463739629244
71 41.196155669958024 0.26553611198024524
72 43.81339181250799 0.2632473665012474
73 41.10442176747155 0.2616289846993481
74 40.54803962977022 0.2606027056548689
75 38.913687847996684 0.2613549898676513
76 40.72315362054827 0.2603627582430579
77 40.03432312973109 0.26220056706288236
78 41.28650127554409 0.26035457639312826
79 39.721952531457546 0.260083654324365
80 39.64545077558144 0.25958687108003353
81 37.58753513076559 0.25979285878644154
82 38.50392618641476 0.258583639504688
83 35.99371962835967 0.25957584512053633
84 37.24712547420809 0.25797407362815483
85 35.991997824265226 0.2565687632293339
86 36.94597238240099 0.2565632145609689
87 39.10785385431669 0.2551907829588758
88 37.5101668585903 0.2551812509792386
89 38.20944925948608 0.25329967146180965
90 35.98211705218618 0.2538167970187179
91 37.27789071566873 0.25227387358509407
92 36.34723133597715 0.25135302390041775
93 35.530933849771564 0.2502006182579494
94 36.606918690248136 0.24896386424770153
95 36.16656225808332 0.2483814188763643
96 34.768000243658044 0.24820623943532247
97 36.58151099302239 0.24801408472051925
98 36.86534168535782 0.2486286321667104
99 37.42605021475221 0.24969878812996682
100 36.96300029763886 0.2474735665874499
101 34.20165040919471 0.24693695357035553
102 35.389061109848285 0.24654339402613845
103 35.30803572478624 0.2471185145071223
104 34.095259091734796 0.2468363568398574
105 34.83403287388888 0.24619635669686782
106 36.414510662202616 0.24696187463076713
107 35.16875836711614 0.24768005948763064
108 34.740796229414016 0.24748251914456856
109 35.941369261082286 0.24588492628978498
110 34.70836749502233 0.24547218688640884
111 34.13600792331877 0.24575327178647358
112 33.99525573335305 0.24590616586771427
113 33.831153901671826 0.24505282773084858
114 34.545753105929634 0.24369920194671066
115 33.61579113477039 0.24284876813221964
116 33.47738962077342 0.24282472103772457
117 33.83941125107872 0.24300483356530092
118 33.78309553998132 0.24280387953760382
119 34.1020159746315 0.24204606643334917
120 33.355376859297536 0.24108564229602858
121 34.93763331979639 0.24119424730392405
122 33.61697477184893 0.24161137986372563
123 34.3909067869864 0.24079675736443984
124 33.71184003963142 0.24099099413153632
125 33.63112582643909 0.2396024120946789
126 32.292425937433464 0.2408319032049627
127 31.83467502813626 0.23939915300962133
128 33.54802325579024 0.23936341273273243
129 33.339322705857455 0.23965833831674888
130 33.45799626024108 0.24035352635918475
131 32.74274684231223 0.23848546801138082
132 32.687493079625966 0.23894885855305223
133 32.60329468338062 0.2395218192154854
134 33.19246615845184 0.23769869372096938
135 33.600879462247775 0.23753354400890628
136 33.47228433266771 0.2387630423919406
137 33.69024922855063 0.23879733453606022
138 32.984580865966905 0.2380818527565041
139 33.04011803079426 0.23740141537069806
140 33.25490440364226 0.23741754474355217
141 33.732225351354515 0.23571193407521218
142 34.24166996856102 0.233664215493639
143 33.540258430352246 0.23380323883802992
144 32.83206710628697 0.23258183765410437
145 33.13906738525839 0.2310734546273734
146 33.407467206421344 0.22972074146786348
147 32.27705910257505 0.22928145961719756
148 31.646683830276714 0.2285046095003016
149 32.492946594459355 0.22864520403096092
150 32.139673532316024 0.2271447695797368
151 33.59695083823303 0.22712951835444772
152 33.36799592164668 0.2281446474757308
153 33.46692052844773 0.228597937406352
154 33.21432415054956 0.2267596016027166
155 32.81432663946883 0.22631172921209033
156 33.36729545688293 0.22695419535024872
157 32.705846038540685 0.22712582501095357
158 33.85940566728344 0.2266611411656986
159 32.52623657259802 0.22655169496795904
160 32.94704412030606 0.2266566056367847
161 33.027335226208294 0.22669722852375843
162 33.5338237260073 0.22684316094263646
163 33.81084906442818 0.22779127434285149
164 32.678506241285284 0.22778338766332906
165 33.046544783683686 0.2279454763539528
166 32.42826843636074 0.22822190955771163
167 33.28753996032601 0.22817721098427887
168 32.72611602672916 0.22740751710497856
169 32.29290662859882 0.22734807334606058
170 32.648458270625014 0.22716535238649804
171 32.28110982334988 0.22699969548274326
172 31.18089552820374 0.226800769568974
173 31.54371167017319 0.22707443387847595
174 31.696026588054725 0.22628899224475738
175 32.017153625880454 0.22475045875362673
176 30.84706195476268 0.22556885719929576
177 31.07324481344791 0.22537182015424637
178 30.99709299470259 0.2230172480365897
179 31.454894296337812 0.22318179825086892
180 31.735588036359964 0.22261670977189593
181 30.416393717237504 0.22274782120286107
182 31.332362316808457 0.2222420421233365
183 30.714761443352028 0.22347284740540554
184 31.161031718069804 0.22422291020430085
185 30.75446100344419 0.22365685963097306
186 31.49603185131202 0.2234793081039402
187 31.26948111078964 0.22434475005718538
188 30.312636677600835 0.22344188194470196
189 31.481691775996865 0.22300246228712697
190 31.171812867113253 0.22118129946614196
191 31.11041795489829 0.22108778592968456
192 31.15384291571837 0.22036123615996936
193 31.205450099017884 0.22019020257855818
194 30.40185367164476 0.2199205885466092
195 30.91748536387152 0.2190288099095282
196 31.020723873035955 0.21940947975519917
197 31.817599280268475 0.21925674634730444
198 31.40002585676398 0.21927439737217713
199 30.74775633851889 0.21936196856551068
200 31.140791834481778 0.2190073695591079
201 31.222750070287454 0.21901958601741978
202 31.764262534110326 0.21939354112697232
203 31.158534637322017 0.2199184979095473
204 30.817722970239764 0.22043458731048057
205 30.55648411859796 0.21932758291963728
206 30.399382261062744 0.21843326818739328
207 30.821673778835127 0.21766162688972346
208 30.171551211118555 0.21831061098388913
209 30.47376727826667 0.21846333752683536
210 29.922657629660804 0.2190322401134063
211 30.19069874294269 0.21759890665522508
212 29.94993420051646 0.21712193829324455
213 30.62533633410993 0.21757190867860343
214 30.35506130585331 0.216377831778193
215 30.018926770450147 0.21572795109697562
216 30.37543730920983 0.2145547086314857
217 30.21234566635808 0.21538496062578136
218 31.45878032904811 0.21396970185237718
219 30.44309471160983 0.21364781015607257
220 30.41408636212146 0.21265132992326943
221 30.17022524588369 0.21328032694140053
222 29.845314951980136 0.2137015052518627
223 29.904975416670652 0.21330748401072072
224 29.55039419825622 0.21375043102125857
225 30.129114804210353 0.21395069458529914
226 29.770977264415365 0.21404032197161174
227 29.63142887587211 0.2145355821451809
228 29.705076065941736 0.214083921920633
229 29.3293236545125 0.2135230923304063
230 29.052416568204073 0.21356217521128437
231 29.284583799313204 0.21407293069134806
232 28.915543684123612 0.2137080217390502
233 29.976818403818555 0.21379137725459785
234 29.306412072357013 0.2139898011251048
235 29.201602524505738 0.2134186465240445
236 28.748066581525435 0.212900988830103
237 29.70571618224478 0.21360827238861044
238 29.13659308997854 0.21189353900782562
239 29.377417597841514 0.2111224793785366
240 29.396534756687227 0.2110385155769835
241 29.338451873112078 0.21000856518423602
242 29.75100383369574 0.20977772647253964
243 29.868467647475306 0.21051840746385855
244 29.27490463529675 0.21048477961216175
245 28.813784404580943 0.20995505026035635
246 29.92792805734325 0.20917493149515223
247 29.003071030974823 0.2100160601505213
248 29.185401479146396 0.21085838631777495
249 29.119338119665073 0.21060635225456217
250 28.869807593824056 0.20917813440551414
251 28.626065714205357 0.2092566796363653
252 28.34827368901944 0.2082683266241219
253 28.623287730818994 0.2083312981138196
254 28.408349502901125 0.20847332857696518
255 28.571716317363453 0.20693275573971318
256 27.98960955289499 0.20642878898779418
257 28.088355923664473 0.20748169020430454
258 28.58702776478247 0.20838546772229435
259 28.62263318200758 0.20735613905477016
260 28.13719776374557 0.20794666033860568
261 28.538932407658315 0.20752365145340398
262 28.993548447314602 0.2083924626042554
263 28.91296078460728 0.2083362470893039
264 28.794998016267293 0.2084590604220493
265 28.516165624809293 0.2083481853272414
266 28.347335697627432 0.20749618708173315
267 29.06783991623915 0.20719897493088393
268 29.050539870377527 0.2086515683963773
269 28.51208274521306 0.2085831882767284
270 27.90351652084292 0.20773499374502394
271 28.494824352817652 0.20707162969750179
272 28.405867922528948 0.20744748113262332
273 28.43089888409928 0.20785315343156618
274 27.92239858602977 0.20803568429593675
275 28.26073152984553 0.20870791898244642
276 28.42264750658209 0.20843667123085227
277 28.379633191630035 0.20851091926967968
278 28.45154226324419 0.20859429175179547
279 28.616656452536883 0.20900739025817114
280 28.308593550092393 0.2094430104017836
281 27.792455502809354 0.20849903814018975
282 28.35140076845395 0.2084862278514348
283 28.12962326442945 0.2079493529436488
284 28.26431201168261 0.2077287280129343
285 28.356232992476855 0.20789137491570794
286 28.74475911565719 0.2071773773684449
287 27.992382266732903 0.20785328653411664
288 28.174398027707397 0.20795280251438555
289 28.45001973215933 0.20788293093226437
290 27.904246964969346 0.20780676718170787
291 28.59049529258322 0.20723970273334322
292 28.4319964585696 0.2078163736544477
293 28.011039939278582 0.20872500846118522
294 28.409464854334246 0.2089169404150045
295 28.375301137980642 0.20844590070726113
296 28.5998652908139 0.20851314728340506
297 28.619926362885913 0.20936532326389656
298 28.443157034890426 0.20815889004823687
299 28.240302057443564 0.2083606541507711
300 27.572841684597797 0.2079644914512804
301 28.081212093489725 0.20822044507808649
302 28.100406446654553 0.20871003724203754
303 27.6868061094221 0.20903521613873774
304 28.11110649414748 0.20843675652123247
305 27.88928355621453 0.208908347516758
306 29.36046026290612 0.20901056845878271
307 28.466319190647642 0.20940026506037254
308 28.891241385706635 0.20880285346208993
309 28.856870396471013 0.2090135344054336
310 28.396374085476474 0.2093536187940476
311 28.121782489536088 0.21007091603362316
312 28.301529813892003 0.2091139493366868
313 28.349529872880424 0.20796208614599085
314 27.898874084843214 0.20760891251091163
315 28.20711466127886 0.20711591767296592
316 28.61911090095785 0.2068397477302938
317 28.191735676283983 0.2066657508369613
318 28.1212963887157 0.20789588502041292
319 28.456963580442736 0.20949043772600975
320 28.220760312878756 0.20924553052631345
321 28.07674300018887 0.20964463286509094
322 27.85500412117846 0.21073099179003055
323 27.454366102939098 0.20985549414494173
324 28.356853258896667 0.210263242750549
325 28.654372652129073 0.21115118663553775
326 28.9903181129848 0.21235018070935904
327 28.6307261495835 0.21204848390082776
328 27.979092544182556 0.2120887090913659
329 28.122525428438085 0.21145126386532875
330 27.86893552413994 0.2111772225042767
331 28.250465139538342 0.2116207451990192
332 28.699018217469163 0.21157655589335436
333 29.063967447287872 0.21204499143007713
334 28.23104341871951 0.2118534193850011
335 29.025590259615022 0.21205130761013882
336 28.493931476521723 0.2120491460295261
337 28.660368997972864 0.21191590473120916
338 28.306319956063746 0.21239996811739345
339 27.801136725001108 0.211952515796305
340 28.009316489536214 0.21285464657272915
341 27.590680936662352 0.2131687719855523
342 27.6391162287331 0.21311535435537352
343 27.379078671520254 0.2129229253656245
344 27.628146068449823 0.2123171630218059
345 28.561670189911595 0.2118327152989936
346 28.80344385754686 0.21138517374454033
347 28.627218946554162 0.21111656426475012
348 27.929819231031004 0.211848604254
349 28.509272882791695 0.21121347392029424
350 27.927931587650974 0.20984102044321595
351 27.923097031483543 0.21014891553838622
352 28.431286248718948 0.21006136917880136
353 27.92046722856336 0.20992568787220658
354 29.256869697310954 0.20938650626055866
355 28.247398883391256 0.20971874309729488
356 28.53957048948264 0.20944970282266692
357 28.134288700487502 0.20893253546328897
358 27.986149170694564 0.20848736073540616
359 28.432218675505105 0.20711949854275
360 28.267998658203865 0.2059515515441012
361 28.348390457103207 0.2057329357072597
362 28.151771236738306 0.20460925140403952
363 28.216649782808673 0.20426329855860803
364 28.020419033337365 0.20423392736711135
365 27.535114176381164 0.2036762980366628
366 27.97624612875929 0.20313488361844792
367 27.981543942963345 0.20313830129816077
368 28.854856919283012 0.2024852860717373
369 28.692406610647254 0.20282794802451865
370 28.13955815447568 0.20311185828131983
371 27.99072552266098 0.20418003353114214
372 27.614892573318198 0.20428863295212155
373 27.60530697631888 0.20354877627987453
374 28.22517705850659 0.2047113242320704
375 27.43523628160447 0.20411403960136534
376 27.426353384315256 0.20421528012149537
377 28.125984338012238 0.20357514397122842
378 27.370490520575597 0.2025800550234621
379 27.444757439855405 0.20302833338321893
380 27.640346152536146 0.20277358810295934
381 27.773378224090486 0.20314697710214635
382 27.727554365116045 0.20306182943214954
383 27.69729238002325 0.2025418588506881
384 27.472166684084982 0.2033078470846994
385 27.18105980891164 0.20318936049671865
386 27.13600172016115 0.20359180790595374
387 27.704119291951955 0.20378181026055917
388 27.276196308255216 0.20301334069314914
389 27.68775755889131 0.2028162038814144
390 27.17826585645269 0.201752960951606
391 27.53154003069923 0.20160663373372115
392 27.083487354257898 0.20167207159730494
393 27.262630096479768 0.2012741037305842
394 26.94480741230622 0.20189906584982178
395 27.092775412732067 0.20155211562590294
396 27.4690962544272 0.2014764622938866
397 27.585333457928677 0.20182655376807643
398 27.356816299610923 0.2018456413153367
399 27.5463884271701 0.20173106706477698
400 27.276138779658826 0.20214280817838393
401 27.22411375668792 0.20106276294707492
402 27.481686664513155 0.20026522955091167
403 26.963487946663147 0.2007789586563374
404 27.090238653050207 0.20105979147036612
405 26.75957076827674 0.2007014110997354
406 27.29419128028968 0.20045281568425724
407 27.61918441142091 0.2002492913745985
408 27.388181490575718 0.2004213552106273
409 26.83193363913496 0.2006765341819217
410 27.72303982216041 0.20092820167838998
411 27.393638119597128 0.2005974156020921
412 27.01973033278346 0.19933872586770543
413 27.028598429373478 0.1980509842805193
414 27.306609345996407 0.19709343794467984
415 27.257180251006 0.1971573985874616
416 27.25192710732383 0.19756386826256364
417 27.341763185873063 0.19730804499137555
418 27.183316596853984 0.19721746164728834
419 27.295288550079697 0.19630790209572327
420 26.83665654931265 0.1962046705776539
421 27.22960496118567 0.19629912485690695
422 26.778622022734126 0.19661652677636546
423 27.20470397740597 0.19681291823613867
424 27.4749558666374 0.1968340835566423
425 26.977626543638785 0.19606901231212545
426 26.861957740612816 0.1956780872381033
427 27.221273042583622 0.1955568205712326
428 27.309962130625244 0.19571524782786798
429 27.17783967341953 0.19552462880521046
430 27.00199574136844 0.1949934934173779
431 27.582764722557716 0.19488641266493636
432 27.490361409993085 0.1957276972987412
433 27.554709646462427 0.19589642291370338
434 27.0816429361362 0.1956020251670587
435 26.92363432510291 0.19611208010119507
436 26.91522758896759 0.19660911854774588
437 27.55362837758265 0.19636430755284442
438 27.78421429461709 0.19662287950050103
439 27.367705334085947 0.19641019560019213
440 27.551322067106085 0.19585263543757106
441 27.17695570656778 0.19565294571542027
442 27.18488956120846 0.19560074923677853
443 26.930672819001682 0.19474911356784297
444 27.15508054502817 0.19507465002554092
445 27.44482765700949 0.194926726084792
446 27.284592274745588 0.19509763331760407
447 27.820219262291022 0.19495254893936953
448 27.15537610277254 0.1945461338949196
449 27.38333086185326 0.19489407115062182
450 26.66303823046544 0.19410927505213046
451 26.93149146766014 0.1936196470396232
452 26.88376964242859 0.19340478388164306
453 27.146009507814583 0.19375861793006247
454 26.47439666072882 0.19331441641774716
455 27.062344754752758 0.19289628599950112
456 27.14065167840545 0.19331267054429357
457 26.70206774326781 0.19313227190505086
458 27.22755002533826 0.1930004736441592
459 27.3315531139408 0.19337689147374845
460 26.944400874771837 0.1938889867357505
461 27.357166051199602 0.19448587358411926
462 27.087579977333128 0.1945490345049019
463 26.718630351230495 0.19437153191287213
464 27.06845480642518 0.19488048739029384
465 26.731472744708448 0.19502301069071346
466 26.95796596604388 0.19461173684860192
467 26.562339654735002 0.19459959682821437
468 26.860530316702285 0.1946141665948986
469 26.821165241340452 0.19414775722464572
470 26.4736149872342 0.19453789323920168
471 26.814689017956717 0.19472713895614646
472 27.03306337886967 0.1939846419176291
473 26.64278114325835 0.19338025938157885
474 26.59046447123952 0.19291913416354514
475 27.05976303159538 0.19303675914652021
476 26.891097107086292 0.19247398077565794
477 26.97074744682586 0.19233365798779786
478 27.080889686895766 0.19256308649920081
479 26.915401181724654 0.19216571133627972
480 26.76985426573996 0.19213096681869668
481 27.388726905405367 0.19239935224254393
482 26.74348449034509 0.19278441391361756
483 26.553694550538005 0.19310987235766874
484 27.052008952735292 0.1927288004994708
485 26.68877233318612 0.19231050135180616
486 27.518728726473864 0.192471233636633
487 26.71077553580349 0.19130935626705062
488 26.647873300372957 0.19118380434066087
489 26.46826206322426 0.19182637868490646
490 26.634491895593612 0.1920649259334176
491 27.357766578143327 0.19257018522617697
492 27.02664660043236 0.1923777169924544
493 26.642069513082742 0.192112807934638
494 26.876158775896048 0.19118402368257914
495 26.759322362742456 0.19108869957184507
496 26.657029100623046 0.19126627299230328
497 26.678878547068962 0.19193303401285466
498 27.214594589077976 0.19118940944846044
499 26.67896756745091 0.19153392693735696
