0 119.47344895645972 0.299312423841033
1 103.62114496833628 0.29861439073617974
2 95.34774291512637 0.2974441133770136
3 97.3589506216823 0.296864315619718
4 95.6436974564625 0.29671042392411207
5 94.25252109380085 0.2957145705684285
6 84.77748191088719 0.29461322362571724
7 82.9836674778025 0.29314914521819796
8 87.15666641226571 0.2916243658559126
9 79.13005612357965 0.29044081603504823
10 77.197051771363 0.28757076508205903
11 73.886745803932 0.28788872243654895
12 71.61593967059596 0.28802873599034845
13 66.80308693353682 0.28690558216647594
14 72.4484799286373 0.28599560076022357
15 73.67039907777371 0.2853935738253947
16 69.70367720296598 0.28582497597633616
17 72.25644660542083 0.28650277275828445
18 66.64880552064753 0.28666276299508797
19 67.67765052503658 0.2837400746896281
20 62.90295330019388 0.28408894238216215
21 65.09056153551276 0.28403569928947064
22 60.75599788452608 0.28295681380844
23 58.554014657868294 0.2831050039573166
24 60.54367446152961 0.28170380878147944
25 59.11022330411696 0.28204705833397176
26 63.12326331352352 0.2800916610624389
27 62.811867649078415 0.27852229277543294
28 59.911325790425686 0.2777609766996693
29 55.61484934223245 0.27619753086094506
30 51.562397915932294 0.2769772771651153
31 56.5020626893634 0.27662499329835494
32 50.04784876497208 0.27773924195151073
33 56.023099341574266 0.2752842039630721
34 48.376547740987206 0.27523649642604847
35 53.37307678328993 0.2742585963019861
36 51.207526832808625 0.27436928061503635
37 50.60923961606032 0.27135148684239657
38 49.705738600166825 0.26857207049692683
39 49.16737389043113 0.26990629194756954
40 47.7418774023713 0.2705586568808936
41 46.29799372173186 0.2684170724468349
42 44.513838760922404 0.2686839241458174
43 49.14494008357369 0.2701473425124174
44 50.064102075519926 0.26976030225434683
45 45.34878735533751 0.26916961238605364
46 47.40974335559864 0.2688437993075124
47 48.65700156659549 0.2682539837343836
48 47.31855558712138 0.26936762120258445
49 48.94715280872714 0.2671506038099858
50 46.59092807961065 0.2670513627743139
51 44.95450191027395 0.26521142348516125
52 44.2605746130002 0.2661300987995088
53 44.569490333352064 0.26580264425878863
54 45.16353011560496 0.2627709622600612
55 43.721912801304995 0.26058950779299533
56 44.045101164587635 0.2607312762406888
57 48.917447158310395 0.26162582713604166
58 44.21611190829361 0.2616862057491532
59 43.281371044930616 0.26129328027199655
60 47.937170015578644 0.25965415049009166
61 48.826411951522175 0.2586117137937076
62 45.31435978851434 0.25785089588095983
63 41.91023442211791 0.2569411637742245
64 44.60487802656701 0.25460503347816715
65 45.312567405807414 0.2532174003557763
66 42.51086569190116 0.25455989885974956
67 44.25178173875043 0.2530375865492028
68 39.926387065689724 0.25649046954259647
69 39.85513586821223 0.25585226434284447
70 41.72582666607113 0.25525621363322115
71 40.165396029697945 0.25587487699462447
72 40.837253295096446 0.2545906884192735
73 39.42581340476313 0.2556394238270372
74 38.79654062501177 0.2545162337996064
75 42.316489478052276 0.25542868014439185
76 43.8513877358125 0.25604038434386406
77 41.25783195609111 0.2550943246450495
78 41.11289402769197 0.2552806868804483
79 40.192978819164814 0.2551127321348026
80 40.07401362813033 0.25480214894158154
81 40.642724722440946 0.2538284570699069
82 41.13685656426162 0.25297776115885173
83 38.25529299265351 0.25401417152778555
84 38.096236986675535 0.25108375155072177
85 39.11558537438806 0.25105359848603676
86 39.94636677524733 0.2510838887879658
87 38.57637994351346 0.250834886056955
88 40.42672728772266 0.25123611930645107
89 36.956775362216746 0.25063118684608626
90 37.56400321522757 0.2524011262004567
91 39.25879362866103 0.25074709668447165
92 35.88676967129624 0.24982487191867234
93 38.19349743745058 0.24823270995440003
94 35.09855623630505 0.24889606437559167
95 38.79308886220329 0.24827693550471464
96 37.01639653047967 0.24851196282545998
97 35.63452994349003 0.24869765920962816
98 34.71591254085975 0.24785010837191676
99 35.576151936483825 0.24607212298281242
100 36.26528481969864 0.24780560281410968
101 36.53684352721232 0.24681529002790795
102 35.55890123304309 0.2478163692121356
103 37.05251671066831 0.24726049629084737
104 38.737842536535865 0.2476908844454542
105 35.190268063035255 0.24802437442478067
106 34.48234848266106 0.24447490921045542
107 34.716069699514954 0.2465724011257997
108 35.388183972457725 0.24500008599205958
109 33.88662851231553 0.24522423618712555
110 35.42682669168126 0.24447507987156678
111 35.77412797967328 0.24234416383985122
112 35.050612326348464 0.23997975080264622
113 32.97512285372727 0.23994753761776985
114 33.91866254298027 0.23939959818926762
115 34.473714823724436 0.2382238658475094
116 32.40406230257571 0.23769117466604497
117 33.7417235378177 0.23962721105757967
118 36.282361346236605 0.24041648468392615
119 33.65239479047047 0.23868970128404002
120 33.47774776560941 0.2379749504814532
121 32.37436188910213 0.23786096968063072
122 32.37375785366912 0.23894731567932492
123 30.566256416523288 0.23876230831855672
124 32.87797528328137 0.23800284649729178
125 32.63311144254564 0.23694610383697837
126 34.15983913892559 0.23759629535111637
127 32.13077486905226 0.2365665625398159
128 32.67160486724741 0.2348077511474883
129 33.00542002152474 0.2361461103203033
130 31.88790034539032 0.23542259276976996
131 32.4420355579979 0.23472967719938484
132 33.07382214290055 0.23348127484056372
133 31.624818788520926 0.23338633672495698
134 31.996336790032935 0.23351571349607023
135 32.922886671160576 0.23352117750294232
136 33.56405217900212 0.23197881740740525
137 33.653051066209514 0.2321884105608941
138 32.8543776438742 0.23046228447935188
139 31.744511386424215 0.22885397057747384
140 31.117862923935917 0.22831064033269932
141 30.868572808460534 0.2301412590112608
142 31.673546010401694 0.2280757686640326
143 32.352455227772346 0.22682959358942692
144 31.49488699768596 0.22626999201479236
145 31.734549575593288 0.22610120466506514
146 31.715328606475886 0.2249836229534592
147 32.034901313082415 0.22505858083478333
148 32.06330156367915 0.2235911338111027
149 30.75456151930632 0.22271810563834138
150 30.24417972831978 0.2231116012672405
151 30.621665260662773 0.22176211749048305
152 31.128577941845876 0.22178882685182089
153 30.969993840225555 0.22141828676490793
154 31.67155886814333 0.22138978101581142
155 31.517127390798883 0.22027661785590227
156 31.60566876295667 0.2195358926280138
157 32.344439508765504 0.2200147161437437
158 31.449287726928524 0.21767371097206553
159 31.834934109092835 0.21822052720694085
160 31.356558927041597 0.21792408308098318
161 31.88364103919497 0.21727379959952522
162 30.935839059956002 0.21746956691980923
163 30.773181001962467 0.2169508233692039
164 30.353896165262128 0.21567691320239224
165 29.956884363481294 0.2155923747528021
166 31.569264123857778 0.21605076511949042
167 30.90535365908307 0.2153543750563898
168 30.44803198913835 0.21491419527692598
169 29.566015766459564 0.21434447475599971
170 30.2517678189878 0.2129195162670966
171 30.91936557298982 0.21308360753088848
172 30.235473941972145 0.2130041709344849
173 31.034869356382217 0.21316362382955564
174 31.40396566052957 0.21345848678314883
175 29.754743655691723 0.21336823763346588
176 31.261902544954474 0.21321964372096824
177 30.858362033760258 0.21267195697502306
178 30.811045204568735 0.21372968773203024
179 30.086341355132816 0.21446792872245854
180 30.852765164507176 0.21286394787194252
181 30.065172360221837 0.21081875382882043
182 31.537667458777783 0.2107387772901906
183 29.61405072162615 0.20878675950170014
184 30.28773874217655 0.2091199529497367
185 29.743610199096835 0.20809464891970322
186 30.266227871559547 0.20803402431730658
187 31.205821411997505 0.20742124172889173
188 30.893038257639812 0.2065881566122294
189 30.944399303222756 0.2059995239165152
190 30.58496706009543 0.2049712766413607
191 30.302808194045824 0.20577461791193663
192 31.01865953941261 0.20531269980833278
193 31.535684986173408 0.20404019000725068
194 31.5540441898697 0.20294168014381656
195 31.238352953703917 0.2023459254457991
196 31.676624096810386 0.20186427227491988
197 30.280300133071584 0.20112104040531995
198 30.41644540124195 0.20128033536663223
199 30.69999868146693 0.2001574619280654
200 31.136441512086925 0.20048936493847533
201 31.160093182794554 0.19900628170758658
202 30.1092007136222 0.1974645428209246
203 30.590052410222647 0.19819241473388313
204 30.627964102348912 0.19761062562877138
205 30.81677937286815 0.19748574928350524
206 31.494039371284696 0.19701875365963098
207 31.027638348970655 0.19726586316188485
208 31.91430975941763 0.1975600127896238
209 30.334048877202402 0.19743125688247534
210 30.591335357255335 0.1977445124634983
211 30.74610392434338 0.1983536826281113
212 29.943195675861354 0.19834160024034486
213 30.34713279659806 0.19903903237901055
214 29.77405323209011 0.199335039688927
215 31.2321509113796 0.19759283801794073
216 30.798209825316953 0.19847421987327626
217 30.197142970649498 0.19686356351577186
218 30.500886515004197 0.19755285114266938
219 29.899558691703312 0.19749861220497253
220 29.888744364526286 0.1980039867571345
221 30.009256753181525 0.1975475665500985
222 30.53666006148758 0.19719383036245186
223 29.734262914830275 0.19734862057000382
224 29.316472993614823 0.19779331721018745
225 30.032867495234715 0.19791343421336893
226 29.722291314363897 0.19798356660663033
227 30.002773670135213 0.19848848536141225
228 30.04465183017416 0.1974853444425624
229 29.867711298195317 0.19728847515431303
230 29.874958146290844 0.1972742344629128
231 30.117908497078993 0.1966959229216371
232 30.732866437938775 0.19774327529119393
233 30.005561992029826 0.19795967578400253
234 29.468370373347227 0.19655700478567514
235 29.564162317197294 0.19761586469785045
236 29.828715020640644 0.19687864813778547
237 28.750633275913984 0.19660031362434752
238 29.33844825467653 0.19654320838296716
239 29.32913373446847 0.1961659117629545
240 30.16363126937206 0.19568614768932044
241 30.002370653769958 0.1971489749545785
242 29.570004350125167 0.19820421001433233
243 29.739910198506145 0.1983407637640305
244 28.80198503683809 0.19801168803277927
245 29.219120222636818 0.19717609644100517
246 29.688101115725352 0.19717654291969822
247 29.15481455622031 0.1959854825080658
248 29.208363466981723 0.19573391362930934
249 29.625439317613278 0.19545578560983431
250 30.06199259255127 0.1948275250417935
251 29.591866454672093 0.19445413933964084
252 29.64722933471624 0.19403731623668652
253 29.58068765503827 0.1943384745133326
254 29.34864269972632 0.1940380764129136
255 29.544061816311256 0.1944682544838083
256 28.81943489233464 0.19565970733574836
257 28.84755210815456 0.1951345577446746
258 29.254235381633713 0.19480231460817402
259 28.52395175869134 0.194330527566457
260 29.420936631507765 0.19382894655911467
261 29.009094814472526 0.19352514894446438
262 29.238074284616186 0.19406315380448994
263 29.374257671485857 0.19349645697813292
264 29.379996695301084 0.19491029403229765
265 29.836085981602913 0.1934392735090231
266 30.222678042959323 0.19292763129052296
267 29.326277527662285 0.1930662526148185
268 28.946258599988543 0.19191863154166675
269 28.816817506824584 0.19163055037535828
270 28.258172184162945 0.19187591631090642
271 28.50050423102499 0.1914842206708264
272 28.68361990412926 0.1917752708586061
273 28.536331130000043 0.19228569862192058
274 28.790531614832098 0.1913524420697855
275 28.53489626843453 0.1928292974614413
276 27.891021402946336 0.19215499661981364
277 28.525875399064844 0.19124360695617923
278 28.1242924430316 0.19095370410314763
279 28.26807977982508 0.19144144591549064
280 28.118924993612662 0.1919443268699522
281 27.81818132447711 0.1917115561261522
282 29.20058925619746 0.19110078294998037
283 28.290287071864867 0.191286184617491
284 28.32921552239106 0.19044881251007628
285 28.509650081392685 0.1914469225901011
286 29.18015331057061 0.19132168763015647
287 28.38248657948383 0.18900100833681285
288 28.898972976227597 0.18864343771825184
289 28.863174705777446 0.18762455587326377
290 29.069479587579035 0.18709047034238768
291 27.995999954298558 0.1870425846140961
292 28.387592406958376 0.18710880146162157
293 28.63740195756053 0.18772009872291406
294 27.731434219555148 0.18773140733595242
295 28.10611861462817 0.18746106573218954
296 28.142308537494365 0.18701121933622958
297 28.91314984521022 0.18746204094430244
298 29.013476875983073 0.18756397805738043
299 28.603421562731302 0.18671978749584728
300 28.409948175534204 0.18602299339897918
301 28.701577749607942 0.18580255182959204
302 28.92788254601652 0.18481655268418304
303 28.55183495391166 0.18435592764132525
304 27.84528843301028 0.18462167793798745
305 28.795689481250264 0.18482945164878614
306 28.09681898282802 0.18457706512105262
307 28.653541844141472 0.18530637963447824
308 28.670295776121264 0.18467042779260354
309 28.420268767055653 0.18417649681230144
310 28.65977482779893 0.1846231412546339
311 28.798073460224888 0.18458798704356214
312 29.002330260297136 0.18423206658834237
313 28.644418182766554 0.18378903998968554
314 28.415329866362125 0.18450594390617267
315 28.823806489012348 0.18357908204610315
316 29.620264819076993 0.18315033788622004
317 28.4197603641533 0.18343359557147487
318 27.89160132079025 0.18393358418569639
319 28.52768033699015 0.184293077205577
320 29.03334938019612 0.18476595047762667
321 28.73555758930211 0.18555204991302007
322 28.40684818929242 0.18551096377720033
323 28.6431434513643 0.18638825499259148
324 29.91745619509053 0.18684302057485272
325 28.92268107384396 0.18694291727564907
326 28.60091890276665 0.18648413734671732
327 29.33233061875991 0.1867557454894974
328 28.46405581180339 0.18655569706990272
329 28.385543275103842 0.18690928046979918
330 28.613498505662356 0.18688765987129785
331 28.235744280436613 0.18672145531224263
332 28.188632048792407 0.1870271793931841
333 28.65395613838988 0.18681185762416838
334 28.55111866727004 0.18589414103257376
335 28.641893962288854 0.18493666913646736
336 28.781880848128907 0.18447356414762184
337 28.412910861640846 0.18513383161349325
338 28.240487210637323 0.1856423657899622
339 28.757158373107615 0.1864500821324909
340 28.90045584964385 0.18522690747457213
341 28.697356546692518 0.1859883068346524
342 28.13784339754232 0.18539908978803096
343 29.24508938244214 0.1851366653763922
344 28.384549924498998 0.18487371785153073
345 28.55216392735533 0.18494712844858033
346 28.067000407869337 0.18435700572902639
347 28.30707579402702 0.18471030456784657
348 28.564846594536277 0.18372850239750615
349 28.068377050119665 0.1825531226077236
350 28.09206887188616 0.1827580953552945
351 27.705850882830312 0.1819017755074852
352 28.5255619054654 0.1812302189529952
353 27.805003496324193 0.18101835162729896
354 28.236591513768047 0.18071615567976707
355 28.287075303824935 0.18098918440738723
356 28.283667944833176 0.18123763278022328
357 28.11598731693022 0.18126500376371746
358 28.217270106685618 0.18134389420218697
359 28.523034490913716 0.18150505743048154
360 27.926069568421312 0.18128270699516502
361 27.689153599947772 0.18071177522117451
362 28.308061401021014 0.18023958252641167
363 28.245114896533337 0.18046847325262075
364 27.88933663782056 0.180118778531104
365 27.892918285832042 0.17980459062259077
366 28.736317041567006 0.17929298220547837
367 27.92930332724097 0.1794349443615799
368 28.01090012701693 0.18031670951815626
369 28.00104138671961 0.1792480962593386
370 28.129175247321108 0.17952104320825302
371 28.43513037140645 0.17978234913191748
372 27.44004157758279 0.17948902485682136
373 27.89687129270323 0.18058830540163853
374 28.13158276484252 0.1802540829082286
375 28.33291000464829 0.18015504944759855
376 28.994012436237814 0.18003712584767037
377 28.27081189607524 0.17986928342507857
378 27.541842953031622 0.17977189647859215
379 28.058266522852698 0.1785623875801244
380 27.646462949601073 0.17823694097029877
381 27.973723644184787 0.17876375199205755
382 28.23661442338482 0.17900752038245518
383 27.815718779155723 0.17791186449764165
384 27.906893011413047 0.17757130927850917
385 28.30159391327424 0.17750891217918063
386 28.528944501578298 0.17670277272463034
387 28.981647402121524 0.1763497395583603
388 28.388345035861764 0.17692613246431968
389 28.447899831639006 0.1762306717964538
390 28.79596865173645 0.17644138515413466
391 28.09696645278366 0.17638131091199796
392 28.22147936989813 0.1770637689459026
393 27.845409168512788 0.1772091159626036
394 27.846090421044515 0.1767730614350136
395 27.741221653519503 0.1764800500508843
396 28.739086324675235 0.1761802213508207
397 27.598718523385443 0.1751182999631471
398 28.058743651747882 0.174617941544955
399 28.349928694217546 0.174906634932768
400 27.520103593922606 0.1742121806350179
401 27.81023874867276 0.17429581053413182
402 27.954507459944466 0.17420736956799235
403 28.013661742085073 0.17393447533577447
404 28.103885250220422 0.17382343138587775
405 28.1181459878973 0.17357326804806017
406 28.292477446704076 0.17374921932187717
407 28.423415477689815 0.17303003462489774
408 28.499612912625224 0.17281053062685522
409 28.31962047109087 0.17314537517586145
410 28.47926107856815 0.17297543950100377
411 28.35218490566418 0.17317550707198193
412 28.566697626312813 0.1734857703921799
413 27.772193684867077 0.1733519477242659
414 28.1098585063732 0.1724328254157449
415 28.9684927655984 0.17167992098404464
416 28.701052316609548 0.17183890300566781
417 28.57879449231274 0.17181011097579582
418 28.289794991464117 0.17170456969642742
419 28.467217345034143 0.1715494032000846
420 28.019623365001575 0.17067051143842907
421 27.83875014285637 0.1710561390128654
422 28.32011625865777 0.1712048948453505
423 28.43572328468958 0.1715531124366061
424 28.437928472865657 0.1712278372375546
425 28.36066057992617 0.17074682162517107
426 28.209152487819857 0.1704760231221926
427 27.95379092088022 0.17018672715364205
428 28.171896776901143 0.17028661689769378
429 28.181321483622895 0.17092583253637642
430 27.768251845529203 0.17126930187948064
431 28.449125879554657 0.1715681760486593
432 28.291470723434767 0.17144177575536937
433 28.059213057955446 0.17180499476218966
434 27.61992527271785 0.17188345032824834
435 27.43962430591417 0.1720963858944495
436 27.61217620596026 0.1723715388139633
437 27.364211008604425 0.17226571087819154
438 27.891857914946748 0.1725750929328744
439 27.623768876599925 0.17157509163351695
440 27.097670917502036 0.17177404757943657
441 28.552981823141625 0.1721352531512109
442 27.753907088401547 0.1726816156416681
443 27.81095551139785 0.1729298474458074
444 27.4907025371232 0.17248772661805287
445 28.04058771441081 0.17290020832297937
446 27.430948213233677 0.17190886503472225
447 27.57869396030759 0.1721822306236114
448 27.16222416300088 0.17194022170133305
449 28.154060253564978 0.17127596808228182
450 27.97607303688122 0.17068888383824912
451 27.851618192678348 0.17031570578866417
452 27.665071439939958 0.16989627147350625
453 27.76477908022332 0.1699789158348638
454 28.021105245499953 0.17029324113462505
455 27.594362002737302 0.17036200716354108
456 28.016086176285192 0.16974114749601163
457 28.22177235211392 0.17008065090558386
458 28.01711913905166 0.17012016027473095
459 28.470233934437143 0.1704339662324046
460 27.496149600251822 0.17079258021890734
461 27.315276421731937 0.17075405349109454
462 27.377305738965024 0.17128244452655564
463 27.523499481316797 0.1714736959799891
464 27.456172201133704 0.17113770378772228
465 27.30466069577019 0.17084049503939389
466 27.369997473641337 0.1706598748718459
467 27.308294634677765 0.17074213198080815
468 27.709485160961272 0.17096032768820246
469 27.703300069723873 0.1707716915279207
470 27.442667389836533 0.17056819044557706
471 27.870419495337984 0.17009740872714088
472 26.809163656009375 0.169651790066039
473 27.383420071375017 0.168513098227705
474 27.198896023535948 0.168242533641716
475 27.606158299869797 0.16821171528695156
476 27.72777022797069 0.16917784065945804
477 27.55092102059098 0.1686531425661344
478 27.570694784315293 0.16835486818152914
479 27.50132944296717 0.168462673201382
480 27.495611780229588 0.1685038952525281
481 28.000313400512326 0.1677386374331673
482 27.723422092520494 0.16730965251930605
483 27.899103904282768 0.1667747321487807
484 27.73452419722676 0.1666158970428789
485 27.455764752440857 0.16642748071830354
486 27.505979157959324 0.16618307423167497
487 27.174668717930235 0.16576211130304142
488 27.663078962463132 0.166432332899793
489 27.231619921025086 0.16574391465316846
490 27.107075995728195 0.16602832466138343
491 27.16901494631771 0.16622189062423753
492 26.92878174983572 0.16604276556444983
493 26.882955871913026 0.16694325385627576
494 27.250192646574014 0.16700417616426155
495 27.163180032923343 0.1671207321195882
496 26.985467329631692 0.16720652308564113
497 27.21243953300101 0.16761456924211027
498 27.029456524283106 0.1673543540068362
499 27.046806712948772 0.1672088433695341
