0 98.00141677239574 0.3007188175848823
1 108.18244167438647 0.3013175779805058
2 103.11309892504258 0.3039048443446654
3 90.57639492391213 0.3052703756330751
4 96.55022368048517 0.3046039573323685
5 91.94429908378044 0.30350813583630903
6 89.21935581650126 0.301949265139355
7 91.57777056548039 0.30044502932948086
8 75.60117996032011 0.2998224632299121
9 78.72300802213479 0.2989132482326185
10 86.15432660270815 0.2967905859860677
11 73.1466092409641 0.29612669730989066
12 75.54746547666431 0.29332577474932414
13 75.31261283808692 0.2910065434578774
14 72.65486425321217 0.29106394167869903
15 74.92916301016932 0.29276999956898586
16 73.50958407763162 0.29031507308993804
17 68.88673789606707 0.2894537457846494
18 67.0339648398897 0.28523093175543285
19 68.78947669593865 0.2849652429404222
20 61.449509018030504 0.2840291428181057
21 67.3129915826153 0.28042148457181054
22 59.31744577778493 0.27912664534364545
23 59.92024537689136 0.27873983577332173
24 57.16152012996093 0.27961010491490457
25 59.556959477571006 0.27771982618797275
26 55.94510640422946 0.2759935667388766
27 56.814203671816664 0.2736926598471705
28 53.92949227375429 0.27627402577224636
29 51.46051625650964 0.27604227080000165
30 54.22446042087904 0.27351732788138405
31 50.450867278450104 0.2736803182459497
32 52.18529073262812 0.2710371317909777
33 52.886266844732766 0.2699392832692109
34 48.74882081546703 0.26815646352597566
35 53.13018971507252 0.26661728374282895
36 50.93667250323289 0.26543068134436526
37 43.54560800663651 0.26703638862526796
38 46.46001216447293 0.2679108002706388
39 48.010886902836866 0.27000432562665727
40 48.681530180161154 0.27009526390787447
41 53.149626753379394 0.2710371225029362
42 49.47868982957179 0.26794559894412834
43 45.393160539032635 0.26714885416715545
44 48.313832421827385 0.26685583063254437
45 45.17113921012258 0.2639578429346856
46 44.873694953189826 0.26416675450841326
47 45.32003281232534 0.2641958926674411
48 44.71581960637016 0.26604518075792377
49 45.09879320682706 0.26558918272129484
50 46.63100553535021 0.26336055473425196
51 47.168415423194034 0.26181381593087316
52 43.56346520164681 0.2607026794890366
53 45.52652056632588 0.25875155060209426
54 45.20349001977921 0.25699617501467725
55 44.62271661799039 0.25577112868598106
56 46.68585768850242 0.2542421094989986
57 44.39777276663487 0.2546439825126516
58 46.07358928238022 0.2518130668141949
59 41.939362802787144 0.2507477177655516
60 41.97734075766877 0.25060726969251584
61 42.305282664822215 0.2513901183656423
62 42.24047417984889 0.2504534877674002
63 43.47167737614831 0.250349407001241
64 42.64906884843168 0.2497165842171253
65 43.060147496951686 0.24897442467917655
66 42.16949602320143 0.24678392826385398
67 45.22740649677597 0.2471334307254406
68 43.855563035282806 0.2475217175070178
69 42.97665957680681 0.24725548594762156
70 41.05741549246976 0.24683690857316817
71 42.788861268029564 0.24724900689752372
72 38.51954903771522 0.24729757863565385
73 40.64497326701432 0.24720708855854637
74 38.02816147115945 0.24526778984327013
75 38.02224120814658 0.2447804549996725
76 39.31823038037964 0.2441202978513298
77 39.34602062939223 0.24133492150981226
78 38.970833131117644 0.2387395160840383
79 38.86101247682822 0.23738056581543962
80 37.53816973219898 0.2375791098026716
81 37.87593106488301 0.23822485482939482
82 37.32650901759 0.23982767354256151
83 38.93963696684939 0.240847592844642
84 37.967990197827554 0.24089361359692782
85 38.59154592556641 0.24116619769315953
86 37.471968611630885 0.24014675287221465
87 38.158672238989254 0.24091118503768047
88 37.76099674916961 0.24199837643180566
89 37.23993832645201 0.24201083852875227
90 38.50659461000344 0.24222109103556524
91 36.00715474907323 0.24228399174495321
92 38.52971044605913 0.2429522971112147
93 36.630874302118144 0.24348764775018114
94 39.805622836485156 0.24394965789595557
95 39.241897955986154 0.2454638112262869
96 39.65520285939777 0.24654460141358847
97 37.673647806786974 0.2460052016893893
98 37.16294648157029 0.24649164562359402
99 38.95306896654685 0.2472696333159722
100 37.582859819493336 0.24770699804686017
101 36.15895243705631 0.24744935621353426
102 36.69999460698307 0.2461447353238618
103 37.529495671904066 0.2454731632592151
104 37.23129400446457 0.24538340849577991
105 36.28543315166486 0.24486768505821624
106 34.986588767872426 0.24431355177308686
107 37.41088924920541 0.24308564303405308
108 36.57028476991751 0.24237566727080118
109 36.03667205517758 0.24206301124463847
110 36.219764004642855 0.24094753630023766
111 36.372387292153036 0.24000148062580137
112 35.73761550875646 0.23903363800943564
113 35.158737683859215 0.2378799987892839
114 36.59004231638369 0.23612190226037577
115 35.33059500768056 0.23482530510127464
116 35.51285882411597 0.23489985546357697
117 35.353417263674594 0.23542105183813886
118 35.60923177355697 0.23559538128205745
119 35.725851462941534 0.23394012817323837
120 37.11583988417331 0.23505407463812797
121 35.88590310128637 0.2342934281007142
122 35.36353056280217 0.23335739438046985
123 34.99070877427867 0.2316528033722085
124 34.8928355660172 0.23196083395853115
125 34.808284388887415 0.23143426173963344
126 34.95310815988607 0.23006178846629946
127 35.18094952200224 0.23007762929637468
128 33.84614031389104 0.23028474176428962
129 35.34932756899653 0.22917607205701648
130 35.108125427825165 0.22871104195383127
131 35.11435622861436 0.22657675498118932
132 34.64299144451944 0.22635930069454943
133 34.81117273414307 0.2258700218566807
134 36.264086525898136 0.22663536104908957
135 33.559534261691326 0.22631143094236647
136 33.88108845189048 0.22816678574160545
137 33.382768560226296 0.22864252781391045
138 32.59658413405819 0.22944415814487185
139 34.12286667190068 0.22883628577579693
140 34.96204626084091 0.22821519088028838
141 33.25114795829448 0.22970420582909049
142 33.61816006171695 0.22751519362159947
143 33.7634047078262 0.22655378371240908
144 33.84308223177342 0.22545905758323415
145 33.58427615255701 0.22462593246054663
146 35.17035718035804 0.2240861131046982
147 33.944793714960014 0.22481067509522776
148 33.99634712917263 0.22508079810186699
149 32.72038805591529 0.22466305904348713
150 32.44687875313941 0.22401239288233357
151 33.315514015114516 0.22323419647044954
152 33.20304002712623 0.22234724190327246
153 33.497573166871064 0.22054573550024134
154 34.003900159455995 0.22022575663395005
155 33.15020266966951 0.2176907614090204
156 32.4043452531553 0.21632175234867237
157 33.694783309994854 0.21636238069351366
158 33.48178905450098 0.21536524645069796
159 34.2195987491413 0.21405744118634082
160 33.44477012037832 0.21227119171794248
161 33.368212825853966 0.21296256196291644
162 30.98116981221062 0.2150507305550714
163 34.315961687142405 0.21442138458606905
164 31.846828488031505 0.21397591892972115
165 31.67459940084025 0.21358786009060546
166 32.27683750966309 0.21250243541022426
167 31.838347569741217 0.21324186813640597
168 31.084721608175318 0.21422008445037596
169 31.98860694374354 0.2146018481246669
170 32.28555151599964 0.21483655254918607
171 31.25937296610337 0.2151823119310614
172 31.876283504009663 0.216365776824058
173 31.596305713608004 0.21535142276741226
174 31.55623450616752 0.21513596292270423
175 31.638418161790852 0.21678784991824
176 31.758263691723496 0.21707631054155122
177 32.29791230379504 0.21812738574499238
178 31.626249061789615 0.21788061593895192
179 31.101282360968447 0.21939533887486498
180 30.910938284171664 0.22001139289444452
181 31.01042700356164 0.22082317548863975
182 31.07558403266042 0.22141839593219773
183 31.88928022153339 0.2192048811695976
184 32.07481841405178 0.21894544521308024
185 31.439887401499945 0.21927720489629432
186 31.49374500846625 0.21956984287370931
187 31.766695312403485 0.22003826518557026
188 31.154238660730726 0.2189260347444466
189 30.881414270342486 0.21771009156051324
190 30.43768796345771 0.21757726774474306
191 30.37124606776746 0.2179699301957638
192 30.25914618030729 0.2176525432931129
193 31.356529442393295 0.2173602600187077
194 31.325653697632887 0.2156494341984971
195 31.266907719597768 0.2155553523533328
196 31.120613973935086 0.21537662320893589
197 31.024463828972053 0.2151557868241539
198 30.29292272654819 0.2140076160576412
199 30.425483706717536 0.21384179539962234
200 29.271468773482244 0.2139602273125624
201 30.009337259808376 0.2149790598851378
202 29.531606908841233 0.21451535701077695
203 30.771574824590232 0.2140105978669873
204 30.00056582505601 0.21432748561107173
205 30.272092063371545 0.21327766809332074
206 29.879508833236756 0.2129752185722392
207 30.641093251649256 0.21385153521676928
208 29.52049686316716 0.21226815368421073
209 29.356090456508987 0.2125212793109107
210 29.426682002072507 0.21259802658319416
211 29.518226553604215 0.2124120089198259
212 29.972370671348862 0.21121102563749738
213 29.561650753126656 0.21043515491722423
214 29.812115722491345 0.2097770725366265
215 29.09805443985291 0.209351253260086
216 29.820548516067134 0.20928139708334034
217 29.557333566025346 0.20873167257329614
218 28.45068609297126 0.20888257595318058
219 29.13666020671207 0.20845508749308037
220 29.01879375711451 0.20829681120143703
221 28.661015290353888 0.2085495005958418
222 28.75674536823164 0.20837133273514227
223 28.55162586798354 0.20787050268595117
224 29.83206326534551 0.20899184166189808
225 28.96686127889996 0.209053751633103
226 29.04837587802886 0.20815712669750777
227 28.647249613712223 0.2077923138170267
228 28.893928814851087 0.20779345544604202
229 28.35612022465478 0.20715245344013988
230 29.373239200988937 0.2065380374360907
231 29.334725497281994 0.2066640575121199
232 28.754760219990153 0.2072002972670062
233 29.020637144776085 0.2062510687511211
234 29.33344904853386 0.20671237890577343
235 29.278791664737394 0.20706665792098122
236 28.466733365887983 0.20745279902725364
237 28.30228292549771 0.20751015003708495
238 28.337301284421684 0.2087350256371566
239 28.319552918696473 0.208108008091624
240 28.514063969062484 0.20866298493036142
241 28.00531160214547 0.20770705047673443
242 29.210767360322194 0.2078608497410229
243 29.282090877562496 0.20747173527164786
244 28.114704089459636 0.20718796047230728
245 28.410567727442 0.20669788222146593
246 29.640000988774283 0.20741563342964905
247 30.166700911882266 0.20742921182939603
248 29.310201369741268 0.20790457062252243
249 29.624975643654913 0.2087122274237094
250 28.920555499100825 0.20959204656571206
251 28.69131021655748 0.2076223824621968
252 28.401987331397244 0.20847522898718793
253 28.213020554635214 0.20869137293644813
254 30.203363705183847 0.20842485599573293
255 29.294775519936344 0.20732770049574648
256 28.042142088528756 0.2096843726714269
257 29.005067575638275 0.20933327593028492
258 28.583932214027726 0.20856593705375084
259 28.807621713937824 0.20864518164848098
260 28.807629969417533 0.2089200440947011
261 28.60291205223233 0.2089149705650716
262 28.28433098509884 0.20984660154210313
263 28.49782260905999 0.20905456157381921
264 28.29116734884372 0.20846800286151093
265 28.55000810103827 0.20843485360367053
266 28.416659222276632 0.20808659372623436
267 28.80565662925997 0.20797157284590928
268 28.838108055396063 0.2074877274203534
269 29.601921459147896 0.20860324098010619
270 28.623318851171923 0.20882052954423477
271 28.482208409970482 0.2088918086866368
272 28.70400539159935 0.20879558751813695
273 27.90120528253241 0.20906303568588122
274 28.321741248667706 0.20840779177749602
275 28.082216504027954 0.20720691280868683
276 28.375411185326847 0.20751523405868413
277 28.390051417233323 0.20723861912224353
278 29.001825357900536 0.20812611324005292
279 28.420063735630183 0.20790103303191462
280 28.693340601252828 0.20776901391541328
281 29.088168776934197 0.20800795744115722
282 28.002289220623293 0.2085522003023017
283 28.0635070961167 0.20732510505565097
284 28.704648517889513 0.2077316973806909
285 28.616388377203407 0.2056997637747127
286 28.470056899230705 0.20540358403481043
287 28.791342719427828 0.20524555743745987
288 28.784721254335413 0.20494358165695634
289 28.587020876520235 0.2048067585065935
290 28.831957281318434 0.2057340064517328
291 28.431513813865458 0.20535657879561728
292 27.717026740307034 0.20494861658459015
293 27.980159683115744 0.20564585366231336
294 27.82638384486196 0.20553051732359784
295 27.683379148537483 0.2051435670944961
296 28.179859351184305 0.20531726891074709
297 27.746840317670838 0.205519437335025
298 27.398481656508746 0.2056400929421278
299 28.135258787262792 0.20414851495986722
300 28.283875675327216 0.20380343970442025
301 27.501780573701637 0.20544885150432193
302 27.640635528262433 0.20626864775808293
303 27.45241509039759 0.2062745804005985
304 27.58008216187926 0.20694232198209986
305 27.94538210589993 0.2069554489148164
306 27.691304650093237 0.20697441336947775
307 27.24110229223153 0.20691083879826885
308 27.769433520015106 0.20585887634699174
309 26.9288990800272 0.20583339490384076
310 27.399441761499013 0.20595121682078762
311 27.349907932396864 0.20600217364538972
312 27.522086362729898 0.20576240151880346
313 27.16090435911991 0.20589315600906674
314 27.74423745784659 0.20655389516329417
315 26.79600075054875 0.20613893620767798
316 27.321847718007355 0.20621816425077402
317 27.574661687249062 0.20494961127902647
318 27.922596298007697 0.20431476229106194
319 27.67658492211192 0.20470307925144526
320 27.526552459739396 0.205283751699032
321 28.309951117796103 0.2052139656848079
322 27.28364468866025 0.20359286109189487
323 27.57130013307574 0.20384574922246293
324 27.164479874055367 0.2024370324910446
325 27.263753022547803 0.20246101954758586
326 27.895327698339518 0.2007907441333998
327 27.502917273768325 0.20011263026178808
328 27.612536898707276 0.20035902765454675
329 28.093191479184185 0.19910901764988154
330 27.784782061905503 0.19904231671253067
331 27.810151018472006 0.19808332834843959
332 27.712781039122703 0.19786533132401854
333 28.145490568828116 0.1988314307814364
334 27.582234834737214 0.198229366050376
335 27.336458663954467 0.19701382732683456
336 27.569485668169154 0.19650330081023004
337 28.216407896199783 0.1973109839147357
338 28.044444500716338 0.19642565244277935
339 28.33627168471387 0.1962874979568067
340 27.914726281593566 0.19623682318468968
341 28.006919550366256 0.19638621518083976
342 28.150563786970213 0.19566512847080766
343 28.26974186925255 0.1951105428367894
344 28.427782307092833 0.19533646831773677
345 27.857060618213346 0.19531293397584504
346 28.391562536326163 0.19529481499052334
347 27.930933047523908 0.19492525882508027
348 27.997990870286095 0.19449258203079348
349 27.8235157994025 0.1942860425357382
350 27.496179728452105 0.19300160051097848
351 27.847001879753865 0.1932919829365937
352 28.099759930185677 0.19288092581477723
353 27.67801901448699 0.19267652731258653
354 27.79789203842319 0.19332208269483794
355 27.405455433057092 0.193058589083795
356 27.81799618121464 0.19336872583081322
357 27.35647973611877 0.1928108301319906
358 27.577722777435753 0.19311420429961243
359 27.31379598772239 0.19218716095821328
360 27.49518139634295 0.19189271126058385
361 27.513374735973567 0.1917353862595541
362 27.164211307946466 0.1915212788141215
363 27.780698735647633 0.19200360290753202
364 27.907097716716272 0.19157509517768334
365 27.366623599932097 0.19045091478609918
366 27.29394981645907 0.19039289997980546
367 27.559847681606694 0.19076018915373627
368 27.674853832530847 0.1906098971874033
369 27.81698863438766 0.19085138101338248
370 27.813967995771762 0.1911414637390955
371 27.376324654772667 0.19141409558482825
372 27.704747603863176 0.19074101490171289
373 27.521853503655734 0.19168664065505303
374 27.506023911288075 0.19149366370705231
375 27.49959464015187 0.19177505475809417
376 27.292570458694797 0.19103326954207045
377 27.258890956743993 0.19174118106299143
378 27.179099809020286 0.19157244865994882
379 26.981823796785143 0.19173024375328715
380 27.29646756832792 0.19178101147952062
381 27.144108841829258 0.19264498210915906
382 27.39003934471843 0.1927824277139453
383 27.509351634498756 0.19326552999549917
384 27.477594450036527 0.19419337145474339
385 27.588039753313836 0.19396442398755678
386 27.41902745578024 0.1941075414846666
387 27.402904288722628 0.19453763349709174
388 27.598811741801352 0.19523105124869722
389 27.286410211006014 0.19483170412275208
390 26.812028594104063 0.19490871182211977
391 27.206852152245744 0.1947978642911
392 27.525426620944067 0.19573891656070877
393 27.099882188770657 0.19540303744889456
394 27.270550366721523 0.19613546125185335
395 27.45194122722053 0.19569830257139323
396 26.99388500605137 0.19576326168872896
397 27.308649206095076 0.19560601688382237
398 27.260066797199983 0.1956886394438618
399 27.16634904110761 0.19526759735122165
400 27.35059685680585 0.1946145145979102
401 27.05418453672762 0.19483895799688664
402 27.69410836622736 0.19490681629076825
403 27.235937734018048 0.1956969386147919
404 27.493757971129675 0.19625915851386577
405 27.516222583785925 0.19712012288227151
406 27.46749780422387 0.19716362531489084
407 27.260270583731547 0.19763265541854402
408 27.71438536723165 0.1978264916406632
409 27.32897545171965 0.1963391274173961
410 27.643140486493277 0.1968433264300525
411 27.575214379487996 0.1968373824453197
412 27.498121913689552 0.1965579818137421
413 27.500180181927313 0.1955219576004111
414 27.71782575121609 0.19611965795722275
415 27.26881304481755 0.19664187707652805
416 27.074590022136512 0.19583952870142715
417 26.905998996207686 0.19502447584201285
418 27.472107805978677 0.19518877645717625
419 27.689839785358963 0.19544672485329384
420 27.11061814637783 0.19587118179302776
421 27.793618159950018 0.1953658174964159
422 27.19455609721603 0.19488142898218128
423 27.388598514708924 0.19408748703931603
424 27.62576344607922 0.19368118176480953
425 27.76207804894537 0.19390998345590515
426 27.987117838951974 0.19422855005092346
427 27.80524640813494 0.1939722663331177
428 28.220120277987604 0.1936826330173501
429 27.558900465334645 0.1928183444163499
430 26.943777202618065 0.19375882471536207
431 27.58874455617999 0.1942475543519502
432 27.017623139085856 0.19381834611983262
433 27.318698958781578 0.19411916462376452
434 26.797809353213154 0.19346302635150506
435 26.880136178269865 0.19341601764362268
436 27.156621068319716 0.1928456190546762
437 27.07697657186251 0.19288177088747568
438 27.04709009643353 0.19367110200508308
439 27.337751713316635 0.19328751500240635
440 27.594815319959018 0.19384158845128954
441 26.749672887020346 0.19298238158435196
442 27.05025759477076 0.19375602929849292
443 27.19448628958314 0.19394929890574794
444 27.670080952445122 0.19224894612969465
445 27.531276437833604 0.19203993944698894
446 27.956414739144847 0.19164553113250118
447 27.393776623308703 0.1911852230019452
448 27.728846244251613 0.19092587429534522
449 27.50759343740802 0.19118523185576128
450 27.663248865036543 0.19063967608171428
451 27.577011162377953 0.1907106526527317
452 27.439304709462622 0.1901337151612378
453 28.101141459755787 0.19030430451450261
454 27.59383636644054 0.1906532986471694
455 28.182430988896478 0.19063918562300333
456 27.82199491401157 0.19098899966195862
457 27.86438718044024 0.19086547843709564
458 27.789547595794396 0.1909793931678986
459 27.907425966499265 0.1912372365904619
460 27.564915335756677 0.19148672317810508
461 27.529602428815807 0.19071408988237215
462 27.460425811594398 0.19073983835059263
463 27.439678899417867 0.19086374543091336
464 27.19805162065672 0.19044174744361064
465 27.04688763667012 0.18982784973556402
466 27.030021834379824 0.18984352754065248
467 26.860081760517545 0.19048094755506595
468 27.467263408390615 0.1899391775081197
469 26.98900902299333 0.19037472889337662
470 27.58179632665728 0.1904768331905605
471 27.383728813861282 0.1909368086359545
472 27.109274264800334 0.19130953626101665
473 27.20606837797323 0.19100923639440684
474 27.264689906408222 0.19133402982628936
475 27.079899459121886 0.1917506439473328
476 27.161292654969035 0.1916170926816684
477 27.08840498186748 0.19223344497751596
478 27.32969423069379 0.1921287984492678
479 27.584073950504866 0.19193327343354924
480 27.023722035635124 0.19178964792152764
481 27.26292407993693 0.19181301717514013
482 26.89671151970525 0.1913136482400306
483 27.560007466608322 0.19203093210258534
484 27.397345431247082 0.19173531857144996
485 27.5629202343614 0.1923511735840775
486 27.413377102534113 0.19259528659008254
487 27.496775124733453 0.1935471586701245
488 27.03233919420908 0.1929561019398193
489 27.71614014191928 0.1931868056143714
490 27.533547086767577 0.19401943077682768
491 27.25462630054576 0.19420962514805215
492 27.34978033200869 0.19394621716382723
493 27.392050700169577 0.19251298173033812
494 26.923009445385766 0.19292179918519833
495 27.37943659597058 0.19206090684209662
496 27.43721408352993 0.19166126459320085
497 27.49471708382964 0.19187366364566483
498 27.40722583925276 0.19149428123469547
499 26.948838775697062 0.19201940168036336
