0 103.01080905027806 0.29978122287476267
1 108.51635912435066 0.2996456809817804
2 100.62116981170931 0.30019051224994114
3 101.70454161755329 0.3000218657969555
4 94.81732869244584 0.30061203528769265
5 93.611441864872 0.3024442212001557
6 77.68400774903952 0.3008588404383567
7 77.85733645902599 0.3005038072074469
8 76.70521650037749 0.2988404353314226
9 87.57716336869434 0.29886067703846336
10 76.97658511208041 0.2997341875928885
11 79.92883581036787 0.3002268522226381
12 77.78198632115806 0.3025000507856048
13 72.01699092403925 0.30336214661204824
14 65.69936470514526 0.3019203013585564
15 65.75318194430176 0.29878524080405594
16 67.37927371024816 0.2957960876129912
17 63.07629439658338 0.294191381675605
18 58.637768879656946 0.2904832029389384
19 58.54158764997568 0.29023578047966936
20 58.43244691938336 0.28871188277708204
21 59.02369591985197 0.2870752530898067
22 63.141942391102646 0.2855780846686721
23 59.114565010590894 0.28323691847444876
24 58.75461185235861 0.282069438978751
25 55.58139414322864 0.2818856314827771
26 55.17031969030827 0.2833770671051005
27 56.22113235653677 0.2840441005387087
28 57.74901475190599 0.28195620718211606
29 51.52965860217137 0.2785375065567995
30 55.60684976103127 0.27529303328253424
31 52.83330498459907 0.27454598143419706
32 56.58576727435711 0.2744790392147997
33 51.57971252337907 0.27247210115467324
34 55.14624084534212 0.2705975379032468
35 52.47608527371324 0.26801533773782293
36 55.20801066186924 0.26708789071122524
37 68.35130307800311 0.26545157999684393
38 64.99213574438375 0.26490780559195914
39 56.93737931094755 0.26956095232118854
40 54.99021535283367 0.2711934627947599
41 56.393687739075396 0.27094669504999463
42 51.449690947172755 0.26981924122352785
43 59.383264465898776 0.2690462246300999
44 54.469187037488155 0.26809488476513343
45 51.92752032531183 0.2674841607565554
46 48.72930159781548 0.2667294337651938
47 48.86337959198379 0.26474523697172786
48 52.918429378222186 0.2631337193292636
49 45.500128410722894 0.264681780451433
50 45.31284288384373 0.26374463517395236
51 46.44792391365365 0.2642768089435101
52 45.4378468246266 0.26708972697567507
53 48.08532911895897 0.26706205834325747
54 47.881500642367314 0.26591606459594036
55 45.098253318345016 0.2664524269176394
56 48.64227656425241 0.2631228202323012
57 46.024447734435554 0.26114527625036105
58 46.463821652996444 0.2592546468249281
59 42.42639397645226 0.25885780291872557
60 42.53874831956948 0.2583438061806884
61 43.399165611308064 0.2590241327206232
62 46.31718869348967 0.2591633994330705
63 44.22279506990748 0.2599888085501869
64 43.620656148514065 0.2581816693961306
65 47.813035815931215 0.2593404023242618
66 46.707003981864744 0.260160251591566
67 44.96415707509899 0.25792995920657225
68 46.43478237343449 0.25739985351525035
69 45.7336526021616 0.2579007776581053
70 45.77740875838838 0.2589648417415958
71 47.77083026293825 0.256878957642065
72 46.62208290281348 0.25587917321588405
73 44.980362585698884 0.2547861649024476
74 45.198669286027354 0.2538740515774888
75 45.934321594036405 0.2520520176305428
76 42.853560200209245 0.2515689705413915
77 43.569075031718526 0.2511663801595893
78 40.87625047134588 0.2493254476174094
79 43.891752727354216 0.24894101917051578
80 43.10641558372534 0.2478825797398281
81 44.159552822998535 0.2480580973932511
82 42.73184117111875 0.24725211627826096
83 44.12207011357521 0.24759664081433352
84 44.67456697821248 0.24733934614296707
85 42.699356587843305 0.24671230679096454
86 39.78903386568434 0.2444807200559692
87 40.63903741751527 0.2436958961277206
88 42.73231678473782 0.24207520279634612
89 41.438738554593556 0.2410482796975074
90 40.314460182306604 0.23851214702092202
91 42.35587657732724 0.23658067354957177
92 40.86851930198178 0.2358395476277538
93 40.889847931990936 0.23539761015596503
94 40.65723967218599 0.23514531008125694
95 40.55398954827993 0.2341459007234041
96 40.62759933621295 0.23432582135983362
97 39.62306897584801 0.23342018299070375
98 40.77101591477076 0.23462304851201043
99 41.72493388827557 0.2340912611911142
100 39.964751210155995 0.2329704667021255
101 37.98274000955414 0.23299512389486043
102 39.265998762029106 0.23047817296896267
103 37.610270692321976 0.2295393801956863
104 39.06803878922206 0.22864313216098883
105 38.8335254698284 0.22790471436914084
106 37.862338884219525 0.22773861917361424
107 39.05408628905789 0.22736698047236084
108 40.12064377167692 0.2269819805454698
109 38.90420123458129 0.22707588786629848
110 40.51840328697982 0.22568789467349457
111 42.18901341637974 0.22458070075557857
112 37.96201041359767 0.22521651378413143
113 39.20653686511699 0.22448110335836527
114 39.74066510970769 0.2242537471322379
115 38.11612851655902 0.22385533766816912
116 36.75034573885296 0.22178437133558507
117 38.009837763830916 0.2225448289928453
118 37.19402928298284 0.2215068648488926
119 36.81862705539354 0.22336082514291147
120 38.75390032429358 0.2213141257847698
121 36.03681177626905 0.2200354174938642
122 37.12459395546034 0.22042828382219234
123 36.42433541029142 0.2197689251408169
124 36.17654027199765 0.21845759448654478
125 35.74758662393377 0.21683696040786912
126 36.76196814489552 0.216488781161733
127 36.34854963947724 0.216898758379743
128 36.15949148848544 0.21718576073589058
129 35.86850260651266 0.21682446077967157
130 36.50365968656966 0.2156534855597284
131 36.573281137608774 0.21305461790760305
132 37.76540419291871 0.21207642995535725
133 35.84154148616962 0.21256855890986648
134 36.083405184751044 0.21195116426855728
135 37.34535180668565 0.21135859501437346
136 35.53597711004197 0.21157307036643594
137 37.24277734466583 0.2097826437426175
138 36.32488457964588 0.21049195215818783
139 36.00818137219562 0.2097739528911958
140 35.50517572015933 0.2092770838423493
141 34.226814747903035 0.21083941860749303
142 35.818356454212335 0.21126662897088178
143 37.05660443338137 0.21187507588615814
144 35.9363292553252 0.21221987807371537
145 33.76382757914833 0.21199537015786285
146 35.869942940974134 0.2111685514829357
147 37.92888358277756 0.2110367900732756
148 38.65844598726189 0.21079932733036622
149 35.49174456420139 0.21040618222961158
150 37.549049534148125 0.20975992378903852
151 38.96726941984869 0.2103672357168064
152 37.36442750349688 0.21056337274080175
153 35.75263959033109 0.2106995857297386
154 36.43986610121776 0.20893397404116656
155 36.01446239699982 0.20885199839749138
156 35.512229747920166 0.20839671629195414
157 34.97997384393602 0.2076047654622263
158 33.84831763306137 0.2083555297274915
159 33.89536255102789 0.20764704659053654
160 32.9859955025679 0.20807130298042073
161 34.596314941749156 0.20791017846073176
162 33.96340231550771 0.20814342652697784
163 33.95334688847262 0.20654927879470222
164 34.41101249753527 0.2057539287232125
165 34.07246646552853 0.20668766736512909
166 35.58418366776195 0.205965302677947
167 34.00771764778782 0.20528550667034373
168 34.01602102282592 0.20581130664170125
169 33.25009379220586 0.20474477532972704
170 34.993132198629326 0.20552237183113384
171 33.48863121487483 0.2051413480027879
172 34.45134253288727 0.2045154474662213
173 33.84706112020348 0.20479845095333396
174 33.592198292466286 0.20387664445533035
175 35.182090425033 0.20397804300517652
176 33.42392566722586 0.20294025834527188
177 34.256456101800154 0.20277180217097146
178 33.549909468482596 0.20368161710700186
179 34.193108309907515 0.20354561617076616
180 33.47155373670117 0.20420134549143118
181 33.68440585415367 0.20462516131262073
182 34.1843521072194 0.20484996699625604
183 33.40607216531849 0.20370911979680487
184 34.72212152609938 0.20330027602980483
185 33.99901584403287 0.2027017080996655
186 32.786411212644936 0.20320300439348735
187 34.54591988687358 0.20319525009828335
188 33.928787770624865 0.20181410135709377
189 33.78296252206283 0.20107984952004712
190 37.05606926877712 0.20200541873600775
191 34.512102452781896 0.2020011860143224
192 35.41605439468968 0.20194428685870716
193 33.6462870549924 0.20194796528223044
194 35.45715852907982 0.20167589677838152
195 36.29350424403443 0.20173858001794573
196 36.04208485624612 0.20141258324915756
197 36.222443753802935 0.2001970628370475
198 35.58391452999982 0.2009333674023821
199 34.77110500094008 0.19950477305756842
200 34.31367011804345 0.19987012819560215
201 34.259264634088936 0.1982737676029311
202 34.19154940629667 0.19930656566274785
203 34.049838198472074 0.19996235211352195
204 35.18907518754409 0.20008735846223535
205 33.71081972554116 0.19991832563700684
206 33.33280457894422 0.1995511202101775
207 33.148996332191686 0.19952623834108904
208 33.334912720716886 0.19882335762699385
209 33.01619505348155 0.1996369695519242
210 33.78870051043829 0.1992709309571606
211 34.303366347378955 0.1993731207238216
212 34.396585774686116 0.20021846488555137
213 32.38523948439337 0.20070674720882872
214 32.58416740902492 0.2005277279389742
215 34.11294557332205 0.1997736404381317
216 32.91314099608424 0.19914053832716236
217 34.3019688191459 0.19901919441077842
218 32.972065938116266 0.19908883726614912
219 33.15767563700231 0.19907974518883523
220 32.245680508418744 0.1989453037635551
221 32.59652757131063 0.19888031688712582
222 34.460853356378735 0.19877543962824906
223 33.75130949529695 0.19778349402224094
224 33.17323773073328 0.1973837711710259
225 34.15741946892936 0.19735700835073997
226 33.54045704773474 0.19655358157741545
227 33.86959762396529 0.19614193384311462
228 32.67606111595296 0.19540608256498546
229 32.550296185900706 0.1944482956169391
230 33.463870065174596 0.1931103884307447
231 32.228510306193826 0.19222448681808776
232 33.443900940394606 0.19231179993324385
233 33.13833364719508 0.19294224508101787
234 33.42070932126026 0.19270192889635548
235 32.60735683570904 0.19216677793022566
236 32.47866861849225 0.19256240299093622
237 32.959904158398004 0.19085838163493793
238 32.62752597606645 0.1896853540476875
239 33.54115666415498 0.18996686133353177
240 32.56476619558732 0.18899244773897092
241 31.967768493316843 0.1884819799224486
242 33.93750706603966 0.18927335678803403
243 33.33241726260667 0.1907843526128096
244 32.393906273209026 0.19082183052704493
245 32.45484114617794 0.1904273533530323
246 31.706909687228727 0.19058668742554494
247 33.09808021778187 0.19034541536118568
248 33.34509079094784 0.18944753553930635
249 32.5494732200316 0.19012693530096736
250 31.43742689261463 0.19031627375901997
251 32.499439992992784 0.19015391639188847
252 32.25315256097881 0.1908995086423577
253 32.60788794267686 0.1915880370548497
254 32.63842647408349 0.1917024210376347
255 32.67115785732677 0.1910015183170899
256 34.02218271486196 0.1915930972120791
257 32.873821756748555 0.19111881262894337
258 32.278126380870816 0.19171022036185933
259 32.15035629055424 0.1913817804647432
260 32.700394102505925 0.19300944811760123
261 32.68388983657098 0.1928541189087847
262 32.09011451777059 0.19218175825066108
263 32.17964261354212 0.19313902218705695
264 31.78324199339616 0.19358898990035064
265 31.913962799808935 0.1933163468567883
266 32.29324784303882 0.19309951640887998
267 32.933335997003894 0.1928698413512774
268 32.38430224615423 0.1923647443559728
269 31.29952737993068 0.1925808392331578
270 31.6784330327159 0.19167904133132238
271 33.06722787511826 0.19108040558347786
272 31.19355591862558 0.19080196955092354
273 31.957496116438218 0.1915239819337228
274 31.620445276711386 0.19160053248193318
275 31.707761168352164 0.192504467637269
276 32.31089421855837 0.19226496977853402
277 31.950998154444697 0.19246336127074218
278 31.015610759184867 0.19249180525748197
279 31.780716337632335 0.1924740171817778
280 32.80467198680356 0.19171675581092326
281 32.932360546255424 0.19148812791076333
282 31.77285909981911 0.19109936089171517
283 31.538406646561235 0.19123037625786635
284 31.69028908369476 0.190685904340637
285 31.326796815565743 0.19108907500931663
286 32.10147912480252 0.19074056377734275
287 31.75083710472939 0.18917041296486456
288 31.70134182517596 0.18910293647745982
289 31.132879624704383 0.1888258913661649
290 31.438415693097014 0.18888033040814742
291 31.915728609997416 0.18944927362307296
292 32.65040913714577 0.18877667368728512
293 31.552150466102333 0.18861914464655113
294 31.925748775105983 0.1882186480375517
295 31.16166021049157 0.18790451507156328
296 31.94661422918329 0.18663228444209354
297 31.602581183503972 0.18696190480487287
298 31.838882500466397 0.18743547618328224
299 31.397189131589627 0.18786097521836617
300 31.154392775891562 0.1876661846575208
301 32.36876916385221 0.18712058198660078
302 31.977397335122635 0.18635970326061116
303 31.902596773260537 0.1875428308831529
304 32.36414496244076 0.1877710243064653
305 31.59135685914744 0.1869225668821278
306 31.15415900264962 0.1861257067219575
307 32.23209060032285 0.18568315849994463
308 31.968733298234255 0.18553638536157738
309 32.866315092032394 0.18603090262050045
310 31.507253682996307 0.1857592725226106
311 32.07534399892406 0.18634374731952774
312 32.66411725691415 0.18598212887573884
313 32.14250164263646 0.18626779466530533
314 31.799214840647664 0.18621317427575765
315 32.90200492696222 0.18577661238519472
316 32.581419603861015 0.18477000122973855
317 32.32473613079867 0.18471453948651403
318 31.84853767154027 0.18429699449249307
319 31.147788034350505 0.18415770258900346
320 31.27352990549886 0.1843031088101239
321 30.997515595740914 0.1848842767432289
322 31.31719188516859 0.18519640935422219
323 31.734158647022497 0.18506375063562033
324 32.305325304922675 0.18498668452034214
325 31.55250320465347 0.18440225215036352
326 30.79111614461106 0.18451128153367316
327 30.570785261558783 0.18412928400988862
328 31.773414622143083 0.184378167802852
329 31.612245877001374 0.18488172956215818
330 30.85689359976569 0.18517243358824123
331 32.186317820235544 0.1847674062891483
332 31.505499511226176 0.18473294696719733
333 31.867128019474407 0.1851077522706471
334 32.79478050703669 0.18528522714547435
335 32.145535597996215 0.18491504159717956
336 31.332902736348327 0.1841566855985134
337 31.11985114425775 0.18421089436066337
338 33.01103442642443 0.18365108480221926
339 32.43447080896429 0.18419164023156367
340 31.42033873024414 0.18414091611991448
341 30.993300634259974 0.183958291756424
342 31.465334745469846 0.18386653711379522
343 32.580821379742595 0.18345452111068053
344 31.990947349783124 0.18318765662195088
345 31.219175311942006 0.1830967148210002
346 31.506688612209942 0.1828728988735783
347 31.102732462847083 0.18254761886335022
348 31.09294851242274 0.18179751465529934
349 31.702010881333592 0.18089606676716094
350 31.33099403179854 0.18046237524851447
351 30.77913099748293 0.18014947337304146
352 31.112854211924642 0.18126984140960145
353 31.29009892631471 0.18157326698693843
354 31.943628137948224 0.18165034037611258
355 31.633986897840714 0.1817313689555866
356 32.05450903102156 0.18234269820185015
357 31.85483061323547 0.1820178337787944
358 32.648187597143824 0.18220878318739805
359 31.72131111738304 0.18230095452425663
360 31.786938346096598 0.18214115737113515
361 31.639020933845625 0.18196307130542036
362 31.699316936233522 0.18118686434549805
363 31.799588610236206 0.1809753453745158
364 31.943157463579922 0.1809251136718947
365 31.198687329791696 0.1810354446372023
366 31.939664058150708 0.18105343169793695
367 32.38946823482179 0.18100178456200502
368 31.55303315255896 0.18085602717677965
369 31.837678706746317 0.18114582749343033
370 31.285506009813467 0.181611053268359
371 32.43748554641812 0.18186370439272348
372 31.81978183254023 0.18175730776880827
373 31.390215484252845 0.18223504794039727
374 32.55742510046873 0.18271669617743413
375 31.987957519382384 0.18299234300375175
376 30.559022389501756 0.18329541425967197
377 31.685297801827794 0.1839754146105188
378 31.391156861551444 0.18366922609553252
379 30.764864369554033 0.18423775671968393
380 32.52931304390988 0.18396149805105877
381 31.601802704950522 0.1838811526086599
382 31.13643302663726 0.1834576690563773
383 31.939622227609263 0.18377806631195406
384 31.29285350334975 0.18447042134646366
385 30.57153906351595 0.18552986851918987
386 31.456858139695328 0.185706399765066
387 31.41045213147984 0.18565304635918237
388 31.438990784228686 0.1854613462259442
389 31.994122310067848 0.18532987171569806
390 31.94003265258325 0.18532717303265497
391 30.922054807378483 0.1856370469151379
392 30.786196505735603 0.185702438135703
393 31.278451288105195 0.18553012480009864
394 31.291476037668644 0.1855397735788268
395 31.2039204408102 0.18605005699355526
396 30.826261728553035 0.18580258413485454
397 31.85824619434512 0.18629058299484794
398 32.10920176416721 0.18744730789143885
399 31.837538691519775 0.18713325316035423
400 30.414304846408697 0.18704794825991697
401 30.780417832860714 0.18762766697624442
402 31.412693512978834 0.18736714054742362
403 32.396707865732225 0.18806901676648355
404 32.122468488645325 0.18762657212678477
405 30.74318815868987 0.18661284511379606
406 30.66679121782143 0.18622503306614405
407 31.139822969784777 0.18677994437683876
408 30.972884962826626 0.18700996128218042
409 32.08472601455934 0.1872185490905461
410 30.051457165102583 0.18711682994056347
411 30.04067368644021 0.1868074250586953
412 31.5560353074626 0.1862318676967769
413 31.849890750126555 0.1872512586578257
414 31.11264907401306 0.1871010305177058
415 30.737139240377715 0.18644490905638622
416 30.631766126322113 0.18692638894523136
417 31.29332044752908 0.1865176669952796
418 31.136643615589417 0.18645760590326418
419 30.996512327520097 0.18662050864715798
420 31.851763077747492 0.1857869989953926
421 31.79497291888318 0.18529968021065202
422 31.162718629375888 0.18529853735812477
423 31.963711321948004 0.18492971655282162
424 31.491113043345784 0.18486123911334765
425 31.237378207070492 0.18485291348424449
426 31.60967112137583 0.1849729837888963
427 30.62059114778595 0.18477938534567925
428 30.48206668816134 0.18513005118991166
429 30.91609627286886 0.18491881808846347
430 31.01192514290451 0.18438619759869065
431 31.459188629415568 0.18443759179692645
432 30.83799112643416 0.18468617251290756
433 30.923291541554587 0.1845556373477122
434 31.766048160083017 0.18451043233079714
435 31.712542356309996 0.18449133919105143
436 30.88546988277338 0.18426304036051655
437 31.055045031839377 0.18420035467157267
438 30.467948045180066 0.18438787013815397
439 31.247735419093946 0.18450862531848025
440 30.760601337070916 0.18518737182441758
441 31.0798068809695 0.18577820334692843
442 30.810087596598034 0.18631809649470865
443 30.926626263607584 0.18617577347508005
444 30.515238098566492 0.18657969743731254
445 31.22642796517477 0.18580765517226125
446 30.67250547871377 0.18567179101880446
447 31.268719888284295 0.18533194242271503
448 30.935186222865234 0.18484943784020225
449 29.87487260511084 0.18499269509047434
450 29.605886710002885 0.1850411110776389
451 31.048287938974166 0.18536428316417453
452 31.682164256587644 0.1857653904468858
453 30.886489155611464 0.18613641397361938
454 31.0292114194333 0.18599406885672445
455 31.374468860011874 0.1859019969609946
456 30.286483376425814 0.18611350936422844
457 30.869070558234824 0.18595565888354978
458 30.55931845807588 0.18534280437184722
459 30.62214084787888 0.18558158164389363
460 30.85317327043108 0.18584464353797378
461 30.342165124311222 0.18589119084393538
462 31.030619786669597 0.18516592016124353
463 30.0209684148278 0.1852314074458056
464 31.491568863265694 0.1856084537894028
465 30.921868538509358 0.18506255655756945
466 29.99067998874707 0.18503300083063579
467 30.743136900959435 0.18460253610306698
468 30.677592466330022 0.1844123724278964
469 30.501133293516048 0.18485258894029447
470 29.831530983706372 0.18440945924868632
471 31.004571704914298 0.18578875823254726
472 31.600556691833553 0.18558978181142194
473 30.773967538482083 0.18522937218611413
474 30.480853081720433 0.18535347555191026
475 31.32302893875838 0.18586353769624644
476 29.96842693384015 0.1861823340746993
477 29.530653194521136 0.18667749995186064
478 30.234797522073755 0.18600929399657598
479 30.473883720383 0.18621635483749785
480 29.632125480370853 0.18622137196274433
481 30.07909724858849 0.1858157685106674
482 29.899469856992276 0.18585073120214635
483 30.016670786446088 0.18558712080353232
484 29.817217721746022 0.18512391643835924
485 29.824122108065303 0.18477147953277062
486 30.063559647720304 0.1847885133008725
487 30.182139972734923 0.18475256276306784
488 30.79913352147688 0.18503429130018043
489 29.826834195453856 0.18521593479806264
490 29.900314057257162 0.18501699506744126
491 30.704063112151545 0.18494096367521573
492 30.718083003540308 0.1846955750644451
493 30.492137241769434 0.18480840396472545
494 29.7658325294351 0.1842595208772726
495 29.2430189501543 0.18422281229387308
496 28.785913113852697 0.1834962881033769
497 29.806737855340053 0.18291365245223404
498 29.929102418729503 0.182155443385315
499 29.37813377951241 0.18226173070121465
