0 106.16034677439609 0.29899989108035346
1 100.17232534074944 0.2986862330564914
2 109.83890162409534 0.29844315279046946
3 88.59586262506429 0.29934436877410037
4 89.94402123118347 0.30020483959404026
5 93.83403410436335 0.30115309913846405
6 88.01821735719203 0.3027930354703477
7 84.3041700563812 0.30320756348027783
8 78.47400934579207 0.303062832362637
9 76.75502623794188 0.3012185014235879
10 78.65416905390813 0.301091367063042
11 75.77646454544924 0.29924292348355075
12 71.95516499191932 0.298902586980385
13 75.56874756353385 0.29722108885422815
14 75.36321826759199 0.29435211553715596
15 64.86903985012698 0.28795625448536316
16 64.21673293936718 0.2876688958565831
17 60.79720134541844 0.28894987698564795
18 60.720591491663036 0.28723890313591566
19 60.476950319765855 0.28918305964862834
20 61.28093859323921 0.28999929546971276
21 58.90940638186282 0.2872508751392527
22 61.06440000466469 0.2883765499924316
23 60.396499955871676 0.28788243008197134
24 63.099046268117455 0.2854474368016389
25 54.85517203451714 0.28369463805252976
26 63.575824453575336 0.2829721942812781
27 64.20893601405403 0.28291954115922974
28 56.66629288112248 0.28147617283806187
29 57.790979029298995 0.2849743262258055
30 56.62151146193752 0.28418637066112623
31 51.248719470463456 0.2835177402612841
32 56.3991832982051 0.2823749071036469
33 55.893950794401334 0.28090355470826767
34 55.7405243478552 0.28082588351656096
35 57.943825793326134 0.2807966200987932
36 54.69528017892205 0.28057727441372277
37 52.19481794597331 0.2818663330147051
38 53.853561394531326 0.2796872357707522
39 54.53002231751808 0.27944047570153246
40 51.60096032958614 0.27959745716003165
41 56.5790560958782 0.2793646299960528
42 49.91917890779186 0.28333700999583533
43 57.15178097319988 0.2813777258273209
44 48.89596347123601 0.2791742736904746
45 51.592531198448825 0.27885410926286874
46 49.41749730506754 0.28111569837658196
47 50.61282450468436 0.27719273588771115
48 51.263297040613566 0.2783288412696965
49 49.68461445590127 0.2804658502449308
50 51.629043878876715 0.28097064540295197
51 51.19294949738355 0.28029959170567725
52 53.08594753076602 0.2777537310804169
53 48.75097681216171 0.2753823818350198
54 50.95178886621143 0.2729987526272583
55 49.99923175264519 0.2718679850240712
56 48.203806190556904 0.272302209596021
57 44.49450129288905 0.27180292700860825
58 46.39766695786487 0.27351838278736973
59 44.58700454627011 0.27110230305188376
60 43.467884996007385 0.27076184503883116
61 44.798458172382766 0.27080955309040905
62 46.32437766898643 0.2684378994811223
63 47.42697352339991 0.26489205883985295
64 45.01737096736959 0.26505802011210916
65 43.52049044512093 0.26471169943541456
66 40.98004552021645 0.26353644264945064
67 40.32177168323841 0.26087812335705485
68 43.0793863434712 0.2607552931928456
69 43.165079397395914 0.26019422812508547
70 41.549481060611356 0.26070823927422154
71 42.73185430787498 0.2600001947778379
72 43.11271154005709 0.2602099813734385
73 40.15323574392882 0.2615846772917092
74 46.6554035928949 0.2611051940550582
75 40.610189513530415 0.2612608076436178
76 42.633520477659374 0.26139802319638433
77 41.316323626546875 0.2586890842568466
78 41.845103589218354 0.2579872889600614
79 41.29490252049732 0.2581878339876715
80 39.71922805858176 0.2555435301233813
81 39.67151457350582 0.25597417716225457
82 42.92448720744839 0.25104482329397854
83 40.78132403183081 0.2509528992826309
84 37.38749614066783 0.2500532836631236
85 39.37210605512446 0.2497966802952062
86 39.67326038318644 0.24901542868110135
87 38.687844428093726 0.24984690164830536
88 38.58157493917088 0.2487029549363613
89 37.719583205160106 0.24864139640331684
90 40.051731189693854 0.24790594130254343
91 40.61074204602971 0.24882311875211469
92 38.47030670188596 0.24903403286688208
93 40.42191385318364 0.24853594342922225
94 38.614021200221835 0.24784629489888155
95 38.77383866416032 0.24814927984369486
96 36.689057441704634 0.24846018766849923
97 39.49869419236973 0.24782787710909218
98 39.304194235293686 0.2460983395498255
99 38.359675180010846 0.2434825300259301
100 37.429741156207044 0.24216672039194176
101 36.84385733650714 0.24145532028857952
102 38.26278038896567 0.24164517651239273
103 38.4057853434699 0.24122370040728072
104 36.31701491148294 0.24208397463854547
105 37.63592213394581 0.24164514929215272
106 36.929504422756374 0.24209003399874426
107 39.860662227549106 0.24335405113119915
108 37.219285939691375 0.24377616855771952
109 36.91331965309578 0.24128453911775052
110 37.79215724772733 0.240140333579851
111 36.662784567513484 0.2399348165190935
112 36.27488204456978 0.2399144809677436
113 36.82664536005191 0.2417780280044662
114 37.84150900473877 0.24046842477966104
115 35.296511514438755 0.2412979964249671
116 36.606639327041755 0.24097136873227212
117 36.45157001381832 0.24088373758743922
118 36.95149750986854 0.2406150815746093
119 36.47286649241917 0.24200853827195035
120 35.726164379861125 0.2418684878586018
121 35.034163957341505 0.2415874161679994
122 35.423784221186715 0.24047405768215283
123 34.74212516161391 0.2388791581107963
124 34.062988032301675 0.236729427539215
125 34.45987220046714 0.23618374327253763
126 33.48340569277143 0.2356107964147706
127 34.14188653020942 0.2344793525642704
128 34.85381642937267 0.23373897305135502
129 34.4805127985451 0.23247972703486894
130 33.27411831689041 0.23262641413340868
131 32.77056655172257 0.23373894354396837
132 33.152232575415866 0.2313503866274661
133 32.612683416883755 0.23163566566299645
134 34.254768877822755 0.2312078435294043
135 34.027447024554405 0.23101076241160942
136 32.820012519993426 0.22922709514296377
137 33.01621604623544 0.2296583353132998
138 32.738313386680005 0.23011879101441735
139 33.52789293272176 0.22961714113689954
140 31.99663364866487 0.22988795625946482
141 32.40770501607422 0.22850582141018824
142 33.16671696403801 0.2282389967659357
143 32.60493767888758 0.22761656822951504
144 32.35819118511942 0.22781880225939952
145 32.71770609682445 0.22694744634990882
146 32.549508992466855 0.225305772936457
147 31.453818042412117 0.22683746815679173
148 32.99834332667563 0.22562931492442664
149 32.41891733659392 0.22285504895000893
150 32.6321582228292 0.22237753346485747
151 33.43312193955559 0.22316648204681058
152 32.13766707830015 0.22368452437918537
153 31.53012802230308 0.22377071617863767
154 32.78393823830549 0.22408291822526363
155 32.76724106560907 0.22487974207473907
156 32.44095855881483 0.22511886468650388
157 32.477848949868324 0.2254623445897801
158 32.5190368433378 0.22562520814719697
159 32.63671575735563 0.22694904406233238
160 31.944908577436866 0.2276064578080429
161 33.46926821390611 0.22749626238658008
162 33.380956541697884 0.22868226783455844
163 33.60479029947754 0.22874081736352225
164 32.470967640625176 0.22906806219892975
165 32.27843284533671 0.22909121864998783
166 32.31767144192952 0.22912291673980323
167 31.59761070965251 0.22812470345087724
168 31.24778266000913 0.22576288618909654
169 31.23330363208295 0.22653058942346596
170 32.083886383486806 0.2262875438266356
171 31.4744421542121 0.2268777654720727
172 31.744496320337575 0.2274781932503224
173 31.282025761654786 0.22848428607376492
174 31.84875957596468 0.22829758414972925
175 30.90931141237356 0.2279192903804003
176 31.488968589594258 0.2263710826470895
177 33.64981319874437 0.22545137013344577
178 31.39589916067578 0.22562201674056256
179 31.611968695409658 0.22402408713837677
180 30.351000729220694 0.22449019676206636
181 30.811072158649107 0.2255689579044455
182 30.376178295323488 0.22788056519940145
183 30.508410113173213 0.22696261897285552
184 30.482766648819897 0.2264041707161647
185 30.401472411769532 0.22657546166882256
186 30.049271488021212 0.22486543536356862
187 31.318820161351603 0.22481140423927415
188 31.729698918926854 0.22493673595070332
189 31.490219844590865 0.22477672011138525
190 30.678995481766442 0.22485023966005743
191 31.145510124413278 0.2251716283382674
192 31.471019456312522 0.22493423154487843
193 30.436370150781848 0.222804717116419
194 30.55861370278563 0.22281956273526518
195 30.837808291767736 0.2243808409362715
196 31.54386151110424 0.22299501859582585
197 30.682701412545917 0.22324911541804313
198 30.326905065925853 0.22402942825260316
199 29.85043616271603 0.22228955926085317
200 30.229399813924495 0.22211593411607086
201 29.925980106519635 0.2218710473382909
202 29.893412739165477 0.22025853037537493
203 29.953368407726977 0.21936088313788468
204 29.472384335719717 0.21873403628791901
205 30.34874917054942 0.21817050584752776
206 30.112583715788674 0.21942346474552354
207 30.378260849052808 0.21923040283674608
208 30.208922436460398 0.2197196841991326
209 31.454462206238823 0.21975805103245974
210 30.476041721436793 0.22027675626998225
211 30.58015099814598 0.2200953620288221
212 30.698236179442723 0.21856634301950625
213 30.461547216170352 0.21847849206895228
214 30.23772499997399 0.217881413923981
215 30.538792519632842 0.21786085221971851
216 31.09915544563664 0.21825789074580162
217 31.206054063962032 0.21854501132551105
218 30.48501001447729 0.21873424918443649
219 30.611382532367557 0.21885498014362217
220 30.337127618369482 0.2182428543673843
221 29.73109213912189 0.21581058273041254
222 29.61084201939306 0.2163521066576398
223 30.27956524408449 0.21663583299627232
224 30.08751249167044 0.21789919660286827
225 31.122871717290895 0.21780781297314308
226 30.00082692101195 0.21737030818842196
227 30.024099106893953 0.21712224416348472
228 29.812775790869118 0.2177121464990374
229 30.32058965633632 0.21810636553613286
230 29.79099752157011 0.21888510431819275
231 29.672516939390874 0.21982424999096237
232 29.432326820378712 0.21946884746068088
233 29.33783996059619 0.21918518333471085
234 29.841812750909373 0.2181373894031259
235 29.673407470690037 0.2176259508702599
236 29.076211283231807 0.21753549811630526
237 30.05428880710815 0.216763997988303
238 29.262578461030827 0.21608870530864546
239 29.14127710221822 0.21695292415001913
240 28.748258577873564 0.2172792416518701
241 29.85198014638383 0.2166645829637933
242 29.29643222764556 0.21644108804191328
243 30.642249424454448 0.21725092287110934
244 29.930894975817985 0.21726748222614808
245 28.724090784638896 0.21737821940086843
246 29.64877083504735 0.2179269194836729
247 28.962676830903842 0.21709415256698236
248 29.835805842801392 0.2160207202031981
249 28.574363693091275 0.2165370550962055
250 29.19240103094882 0.21554666908251188
251 29.574408642491363 0.21624404368617492
252 29.843713578064065 0.21584066041523467
253 29.67398509591196 0.21530997380447917
254 29.057400573163434 0.21696265250493738
255 29.559461184147544 0.21727367738392597
256 29.714142141664794 0.2177384096427201
257 29.52551382342581 0.21818581452937846
258 29.915240034147246 0.21818805716356185
259 29.36024248686254 0.21814727755743343
260 29.26932445217949 0.2175078884741677
261 29.142869961317274 0.21610241782997908
262 29.350480545566658 0.21601875827974834
263 29.509608862424983 0.21604747938112157
264 28.930769755998526 0.21624340845176881
265 29.039435228545386 0.21594570560115467
266 28.96123729383102 0.21548926365000556
267 29.367243711075204 0.2145286157403171
268 29.883276946175 0.21454340536429864
269 29.098854283199213 0.21484238659345312
270 29.082050439610406 0.21495577071572838
271 29.955530886731275 0.21478468751719237
272 30.667072965817155 0.21426037962852887
273 29.414811341495586 0.21456898499006352
274 29.63776322489828 0.21555941064625458
275 29.56258048247832 0.21456409215954428
276 29.624407599320783 0.2142004655909476
277 29.381270324360578 0.21366048302350085
278 28.545307130256823 0.21265776723182417
279 29.15366804059068 0.21210822804246185
280 29.21576297509913 0.2117914526419945
281 28.86316796049499 0.21242398157485262
282 28.913691527297804 0.21236040833792721
283 29.453192948320726 0.21107312853180416
284 28.839494851174294 0.21223878934058807
285 28.790593647188544 0.21117136275883638
286 29.239276007378017 0.2105668690408662
287 28.51423920601672 0.2095482806266841
288 28.974364353550108 0.20840102117023354
289 28.671127940575488 0.20866609477533446
290 28.758918689268565 0.2092240912743566
291 28.217040378785537 0.20929349232001196
292 28.27267308570061 0.20908936032120337
293 28.510772942277377 0.21052272246902884
294 28.916934975483848 0.21078436170331852
295 29.02520421652335 0.210313297082846
296 28.836858160330074 0.21080019040453105
297 28.563121031227787 0.21053841789532787
298 28.10489542758223 0.21102675638825405
299 28.500178638319884 0.2112344091591377
300 28.32253537723638 0.211626044486762
301 28.12501972261628 0.21152566599215158
302 27.85137112118729 0.21165446601300086
303 27.61307872809009 0.21248375353865065
304 27.976694417198487 0.2127086089585348
305 27.820659440435442 0.21294079151469436
306 27.890177451275427 0.2130938779554893
307 28.124087709875006 0.21316425232047098
308 28.388675067918697 0.21403767241422356
309 27.599666563802728 0.21310414214345755
310 28.007962635852717 0.2127800464477415
311 27.771545550630144 0.2130059017995535
312 27.997206822699066 0.21372253847142653
313 27.894490871122663 0.2140028936524115
314 28.1902337647335 0.2133286667452734
315 28.43411862144543 0.21316222967147969
316 28.5261495906442 0.21340038309241324
317 28.051079875795082 0.2136720046317231
318 28.267315105019676 0.21287452182288266
319 28.550343210647316 0.21222330173623982
320 28.47268818102643 0.21207752951702982
321 28.097524606314607 0.21256072711877239
322 28.168297984153106 0.21262079588158037
323 28.049633492183197 0.21239100185093185
324 28.318651012337373 0.21223917112315452
325 28.297494141333985 0.21264065323405734
326 27.751155719200916 0.21297717881214048
327 28.12476443472468 0.21299180886734423
328 27.903887692584668 0.2134413115545907
329 27.87971841906902 0.21254060893250135
330 27.571271403542816 0.21258722146004738
331 27.965209702644756 0.21251814290657456
332 27.612432953577546 0.21185188132430333
333 27.72798945518082 0.21211524747182722
334 27.79288059998005 0.21080943578485759
335 27.88354458090681 0.2119098568483305
336 27.56892006871724 0.2122333870728105
337 27.567025596587044 0.21212488765266993
338 27.929555665921693 0.21299048521010186
339 27.63599273090908 0.21260205408919053
340 27.47269846526027 0.21351971853466867
341 27.87346349954342 0.2129688417636942
342 27.88697212217474 0.21328403338736912
343 27.24341012809552 0.21349042431821894
344 26.9803749280818 0.2137396214542855
345 27.05801385739758 0.2127442216425736
346 27.28406391315181 0.21161115770585007
347 27.025442645529964 0.21157428321519353
348 27.360151584253995 0.21205738863749413
349 27.65407363329929 0.21131487935384008
350 27.009048060729548 0.21161901789273355
351 27.570304124866535 0.211399154250124
352 28.00928914861266 0.2107086759414941
353 27.710722696875358 0.21067887413913922
354 28.379067511140157 0.21016334716159601
355 27.778067762498324 0.2103671340707808
356 27.880565533697894 0.21106470651874665
357 27.01900634236914 0.210942573051862
358 27.2458340111452 0.2109279626425896
359 27.91461452906732 0.21089383915054608
360 27.249423625604862 0.2107665302302714
361 27.33163487354748 0.21093498720221152
362 27.173209872713855 0.2117487156162526
363 27.246860175928546 0.21162302568961341
364 27.22387994200165 0.21092546774497611
365 27.3395536557007 0.21137742599179102
366 27.478800008975355 0.21088117124180705
367 27.411175300846576 0.2124099891330616
368 27.470471581896902 0.2129041271643204
369 26.8812080241947 0.21131947439752055
370 27.32896367193811 0.21154247347211233
371 27.538680537275148 0.21097161103382833
372 26.758163125486085 0.2108748153915887
373 27.331133331224706 0.21128751565694648
374 27.344894223679514 0.2121421178330309
375 27.2323790013104 0.21219266673444467
376 27.118297972824877 0.21233017304289112
377 27.03505844245298 0.21381200985067136
378 27.220503241747494 0.2124387030414762
379 27.26542228219475 0.21242708896602033
380 27.250578433688112 0.21149270948152332
381 27.32939244377446 0.2119911903525488
382 26.847250125178753 0.21149491547873386
383 26.949834761375943 0.21171154239934578
384 27.272771993299955 0.21091927603674968
385 27.717076183847205 0.2111326487950529
386 27.1189729936864 0.21198999449903042
387 26.597727384020764 0.2116095745903567
388 27.094507586973855 0.21152968653769152
389 26.979136951531828 0.21100814204180005
390 26.78218375500179 0.21164456833350784
391 26.835383512067434 0.20983228371689303
392 27.144838373386037 0.209458325167043
393 26.994014698343726 0.20967625495008402
394 27.068319053723698 0.2102424818347756
395 27.164301490273463 0.20947681335217627
396 26.789392955590408 0.20884227138311184
397 26.9142175569823 0.20968889974634589
398 26.86152739954833 0.20899665666530012
399 26.813218772845318 0.208012797383578
400 26.938239277159745 0.20839204934821773
401 26.900987416222698 0.20839516523626656
402 26.890850372504225 0.20872030156762392
403 27.495485806149972 0.20780628847544239
404 26.602000106238354 0.20706556914493532
405 26.864184292614276 0.2056785383427827
406 26.764717325896726 0.20495237013817355
407 26.630239644225412 0.20500549645374014
408 27.3874637576674 0.20408225879875333
409 26.657099020568687 0.20432380726967855
410 26.89390293191925 0.20470250868211423
411 26.750971788255683 0.2049510875926609
412 26.695462523274653 0.2043510731204332
413 26.40706467677805 0.2039917185031089
414 27.397919224085534 0.20470070568569584
415 26.84355297733789 0.204638463826007
416 27.441804868703862 0.20453108893947772
417 26.610509023157782 0.2048853091942309
418 27.03607941246944 0.20361082741593783
419 26.729620911829457 0.2025695371169274
420 26.96511715510512 0.20189924028943998
421 27.05437184290679 0.2031727935189176
422 26.951107528015434 0.2028511571662238
423 26.788344878430387 0.20291374227344927
424 26.957669385460008 0.203167630565484
425 26.828124682786218 0.20266516888724903
426 26.926247278841036 0.20234917276783118
427 26.738270235125164 0.20186761244929274
428 26.608183733490776 0.2017601696235921
429 26.71100793425883 0.2024861371160486
430 26.57450662301737 0.20175444848724342
431 26.887431574664312 0.20202674637536913
432 26.59501939459135 0.20212655683018368
433 26.55758554624031 0.2013585391249865
434 26.642161800984084 0.20135746326518178
435 26.724765887551516 0.19946767428766665
436 26.478309016038153 0.20001001245776232
437 26.19789849433366 0.19961185529842096
438 27.08223420234133 0.19911235656362516
439 26.797480021016234 0.19939939057464504
440 26.7528418281208 0.1995995577785319
441 26.63581963523169 0.1992246374033498
442 26.739576700705925 0.19939011102744886
443 26.38440661985458 0.19915787136154964
444 26.65738109575951 0.19863062805675077
445 26.48069249751634 0.19832353744161801
446 26.482402687155975 0.1978581747432726
447 26.67097354759563 0.19717631755216822
448 26.176367125797128 0.1971958133215422
449 26.538557851141327 0.19720099369025623
450 26.71894780682111 0.19746475472142588
451 26.411452531706534 0.19707524266358822
452 26.344742996227417 0.1971863286131926
453 26.079906863190413 0.19725413540493622
454 26.546834707721196 0.19759045023116814
455 26.702256060034994 0.1972518682740804
456 26.751088861315054 0.19725863080101821
457 26.5383894619633 0.19804863921955854
458 26.484067966662444 0.19827655523952706
459 26.079321087511634 0.19895101348221067
460 26.89321915592429 0.19916739731369967
461 26.73841751006941 0.1987279710866892
462 26.799872292908532 0.19761786280760738
463 26.03117457736102 0.1971240010430986
464 26.346234390295685 0.19748425140650025
465 26.111679061557773 0.19700456816592438
466 26.205629810455733 0.19754518118279543
467 26.448120231615583 0.1977583754913388
468 26.51174214769015 0.19708778559805687
469 26.647963655143293 0.19712665638230678
470 26.680072762507002 0.19743012505747945
471 26.252953587772964 0.19696067751248947
472 26.505429907856872 0.19753770384673888
473 26.931177433776142 0.1972660689966701
474 26.736792123544966 0.19764988844996903
475 26.34428604666193 0.19720645567052064
476 26.56737262776199 0.19736382150409157
477 26.62473835693166 0.19742642672675656
478 26.89006239634394 0.19712609556932317
479 26.60693548107949 0.196565759467165
480 26.999330483107517 0.19622135845310518
481 26.49879475116583 0.1960547877864159
482 26.841462779989357 0.195958608810016
483 26.427987516878126 0.19638184541267442
484 27.075334226933496 0.1961926222310563
485 27.06112342680279 0.1960903036397862
486 26.924509912989542 0.19600348975567647
487 27.27374480822021 0.19545351261341795
488 26.82128349024829 0.19573583164044614
489 26.536786182267306 0.19670421379452374
490 26.680040362601602 0.19711012647402937
491 26.558207270172492 0.19702402843811354
492 26.357561795794542 0.1963936967525993
493 26.60650916413819 0.19597552280817143
494 26.455193726843618 0.195633896098649
495 26.206108651440385 0.19452052709531423
496 26.806499503061225 0.193187613486172
497 26.55682104631015 0.19327373019678298
498 27.03978387567536 0.19346894320008967
499 26.684053013907928 0.19326009010655518
