0 110.57198430150461 0.300250019807677
1 99.4912723003172 0.29855556153641205
2 102.90690939932155 0.2976660610460314
3 104.27739092179755 0.29718111323352997
4 103.69135816398122 0.29712649404224306
5 86.7979456878011 0.2967877825150896
6 83.18198939540586 0.29529471947709746
7 79.514381775634 0.2943144362093018
8 81.0846810530372 0.29376224203421414
9 70.10864942146864 0.29248104538262837
10 76.22134281446395 0.2909751500169189
11 73.72907702322097 0.2909616539181575
12 66.87526088370493 0.2905701104696892
13 71.4458460100637 0.2892211502691148
14 72.0666194458876 0.28751131157316206
15 72.01685832613873 0.288652839178259
16 68.77271589059673 0.28867938725927633
17 63.14243615490854 0.2868820247950766
18 58.216888207548664 0.2864633046189314
19 64.79593261113774 0.2843446678964605
20 58.3689094235976 0.2822960550877945
21 62.831308625563146 0.2808573983683618
22 64.26959206205467 0.28251585674766105
23 60.93577780825009 0.28237308384391024
24 62.35083868309947 0.2808545062821406
25 60.84808880407229 0.2812199894341687
26 61.11029099110938 0.28201908488352717
27 53.30981557067163 0.2822222911442496
28 59.482539554181955 0.2826677775710389
29 55.10360969887381 0.2807784038258912
30 54.059781537687215 0.2808593904849383
31 57.036902917940054 0.2821598134147038
32 51.60010613491322 0.2812947222817788
33 53.87725669703759 0.2818403576364293
34 51.127359528134136 0.27982737612167846
35 51.92298400570003 0.2795919568414437
36 51.189711064718665 0.2780166932549625
37 49.73932267589224 0.2772330019275149
38 48.03105042374349 0.2763605952696186
39 47.764443556274905 0.27327223193773165
40 46.70528748008056 0.2726583444626676
41 45.4705086972012 0.2715492841248202
42 49.264892564523734 0.26929773867117307
43 46.61984359945885 0.2722439446983884
44 46.06785093127732 0.2719508181732874
45 44.150462225691115 0.269019028636548
46 45.20807038902328 0.2688207749496053
47 45.53208889844579 0.26926235696891765
48 46.59176783623499 0.26951150618960135
49 47.79030975349576 0.27116211052310657
50 45.99986360088897 0.26957775211975865
51 49.64798303926005 0.2696340453629007
52 47.12038068044034 0.26547712228201087
53 44.12001504776071 0.2643520058186247
54 44.023092102109615 0.26448819986259586
55 43.110843964388295 0.26534696092527477
56 43.418443875990704 0.2646444032676349
57 44.23149691225305 0.26334483926103497
58 46.622585478904185 0.2620240036333747
59 47.107343110317174 0.2640272205609431
60 43.928876434787526 0.26334707399794693
61 42.86839962497556 0.26243247307495926
62 42.93910526273626 0.26211029073740477
63 41.850724625029954 0.2615894094305213
64 42.64431083110871 0.2624528875865797
65 41.72825014644104 0.26128677878091583
66 40.46815728918665 0.2603681485368587
67 43.21011329415731 0.25913918718464296
68 41.28611544505725 0.25808939341813425
69 40.704705716419745 0.257995076779217
70 41.52716611906558 0.2568593393017799
71 40.266457825747764 0.2556794344030677
72 40.72801267548411 0.25605718820801343
73 39.10223267447839 0.25426308095767375
74 40.03743156219516 0.2555173849980589
75 37.88819867049047 0.25510703056111134
76 39.278752109742584 0.25318606364202806
77 39.83386683196706 0.2522953852519372
78 39.16134563773285 0.25187210557973916
79 39.11853749777496 0.25175575738074224
80 38.995199254933965 0.25188514247987287
81 39.806270290544106 0.24973734969090175
82 38.63021550018163 0.2507059788450563
83 38.873638647754156 0.250352384909073
84 40.8536930710087 0.2516358933919593
85 40.76594753042409 0.24823891082221647
86 39.30215227906048 0.24855450687063352
87 39.17005425005773 0.2488249489865928
88 41.375249251357765 0.24961602652277515
89 39.047666881055285 0.24952386284534797
90 38.83738413295996 0.2481650859456702
91 43.0247026342617 0.24680714358828978
92 39.98781668974908 0.24629597656725263
93 38.65805561802121 0.2457595079803645
94 40.35889321698848 0.24576755228180014
95 39.789863983067974 0.24521105516650374
96 38.00283894416317 0.2447467438742196
97 37.40283360292397 0.24374118059657865
98 38.856767142613776 0.24246920181954187
99 36.97728835447095 0.2438819264436504
100 37.34810960427966 0.24496233381910884
101 39.47921287937122 0.24365819059053026
102 37.18058207647636 0.24149780423533088
103 37.789020498039015 0.24081722161735272
104 39.07161165998397 0.2397429447985121
105 38.70751855805852 0.23916629048879257
106 38.61654603766114 0.23853282514712768
107 37.51113963087681 0.23943083991806388
108 37.17830653207198 0.23946807043628102
109 37.33745552276145 0.2406714509235158
110 41.025533076073025 0.24040759553080715
111 39.11750555400393 0.23929628767003008
112 36.85883144827253 0.24053015144917644
113 38.19786064853164 0.24064207403165608
114 38.04235781604365 0.2425026052012359
115 37.21702103431525 0.24246111837892434
116 36.83023089427098 0.24251774840389406
117 37.62371388395685 0.24267093495155745
118 37.797016257555775 0.24179977411446166
119 38.93491817602123 0.24268795951523217
120 38.546518855105724 0.2428421405580917
121 37.91802245710266 0.2426889265218073
122 40.342720462996354 0.24351089603337295
123 37.37621645951097 0.2429567480023793
124 37.038990533920696 0.24349862934497457
125 38.03273943101446 0.24355818562650347
126 37.34892827729692 0.24308173334985061
127 37.017927891251205 0.2433316765072064
128 37.202568778430006 0.2435936668611608
129 36.05249017102108 0.24326112614243114
130 37.36235984914316 0.24343492397413335
131 38.18517165330951 0.24205390608555546
132 37.0255756845492 0.24277441860277968
133 37.91529855464027 0.24337761117255696
134 37.54603211540794 0.24230185399781637
135 36.93590538995922 0.2420866070141816
136 37.2304553708214 0.2412199014563672
137 38.83632764740513 0.24218627165018672
138 37.546205633730395 0.24241471312102492
139 37.32546767633058 0.24187930678597067
140 36.67395950504576 0.24111681436635865
141 36.77460798416776 0.24108636612435916
142 37.3613249793606 0.24132035514838615
143 38.286035077857676 0.2421503119778818
144 37.512446271081146 0.24282293353898884
145 36.526663613098385 0.24285020958649875
146 37.590922721503006 0.24270005077887583
147 37.615767495237556 0.24288529446281718
148 37.428933842642834 0.24209060521007011
149 37.05017609168701 0.24033628240048865
150 37.46513156549892 0.23927897234674902
151 36.709661048169835 0.2400886710838027
152 38.29156841474101 0.24021306774266574
153 37.10924109918783 0.24035903808964265
154 37.295659317004535 0.24159414985592154
155 36.811126527168554 0.23998221416201362
156 37.46086041730881 0.23939397346121793
157 37.23816737823657 0.23891723160112463
158 36.71910002067999 0.23621005191318897
159 35.87637113906788 0.23717591899453525
160 37.44486882628722 0.2364865395597351
161 36.96811386402327 0.23634267500127001
162 36.795663091515465 0.2353868645988987
163 36.45947077298458 0.23601677554062828
164 36.4534425698301 0.2356892967561283
165 36.08679456511599 0.23431354944948482
166 36.58066358366176 0.23329174496538088
167 36.019173508802886 0.23301745494221393
168 35.630708127695705 0.233639502696069
169 35.417410037239144 0.23377692116799467
170 35.17192573568923 0.2332812489970049
171 35.446845510075676 0.23310649294253558
172 35.30881758032088 0.23380077476428554
173 36.14675739697259 0.2332536792738437
174 35.643951804082306 0.23303093722214632
175 36.43292288940277 0.23231523976710156
176 37.3261984037848 0.2320635944574149
177 36.09430157083249 0.23225297751385468
178 36.08829871646758 0.2313231565971822
179 35.880452558753575 0.23180396221433108
180 36.88401310920598 0.2313780611382542
181 35.1910902824324 0.23000987981837853
182 36.75556486827389 0.23021424610685792
183 37.75400538162009 0.22889364117392366
184 37.83457983972859 0.22778851124501212
185 37.132777080479826 0.22795349958683442
186 36.5718114932962 0.22822746209137604
187 35.420437515400835 0.22800863407149582
188 34.264284618216436 0.22814679687127346
189 34.69878556060355 0.22767467018630627
190 35.062182894336686 0.22644520414555405
191 34.997718375120286 0.22559215508191732
192 35.48396913797477 0.22658780667404088
193 35.20285522010158 0.22509583874168712
194 35.36465412866596 0.2252575392355681
195 35.82744892121289 0.2249299799627754
196 35.642421699674316 0.2254453243632447
197 34.8628543547202 0.22485519380311433
198 35.410247287205905 0.2246046281260904
199 34.849611867108564 0.2242307685500994
200 34.03464971079565 0.223364298487457
201 35.071042914195345 0.22374024407392742
202 34.90340150190249 0.22289651797522084
203 35.92186052195072 0.22231633310708201
204 34.351883827682244 0.2222144681660206
205 35.1843280684666 0.22250900777217061
206 36.260502764575264 0.2205953829939289
207 34.59918256331906 0.21949126580845693
208 35.80193346064578 0.22002083598875202
209 34.64649489902679 0.2197890370042228
210 34.757061894693535 0.2182945490306066
211 35.11039397086641 0.2190329635931504
212 35.60530269649665 0.21853940840352873
213 35.001805912730305 0.21892711513976415
214 34.65868467347866 0.21898808678750528
215 35.758434350750036 0.21865205427934087
216 35.57061342932023 0.2175586632879969
217 35.125398928400756 0.21620232703948508
218 36.79866858827193 0.21524767489271615
219 35.79142149168193 0.21653096568062824
220 37.56890747407709 0.21574591154135178
221 37.065547427326834 0.21594378665420022
222 36.09694468609069 0.2153989315075332
223 35.75553124462607 0.21400492210652997
224 36.35762036580101 0.21347200217884787
225 35.44374587087836 0.21410588769074823
226 34.91290535201735 0.21562979523607775
227 34.86334937177231 0.2155557009097794
228 35.123762832616634 0.21650346619296515
229 34.243991283257586 0.21655690779854578
230 34.485657904522 0.21732076513948095
231 34.98475230199192 0.21765444363043526
232 35.04822134050573 0.2182456042618146
233 34.07146008278142 0.2188491760871111
234 35.23962307720035 0.21746052830348941
235 34.694602976435505 0.21794778132477768
236 33.41254502409633 0.2176453376706942
237 33.03195421853927 0.21766868363984085
238 33.657185216518215 0.21611247037632922
239 32.98794085714883 0.21546098649307233
240 32.53861873788247 0.21748933238565052
241 33.2385301210914 0.21754810621339601
242 33.22932625592938 0.21713832063120977
243 32.81311848661876 0.2171471703626355
244 33.204207105260636 0.21698200258412206
245 33.18757397168253 0.21755744538872593
246 33.71908882694799 0.21819759350136925
247 32.81031186643138 0.21830616275038808
248 32.98325319625458 0.21969320229071046
249 31.98199848302636 0.22122317897499358
250 32.127860926733234 0.22114187252512185
251 32.46437144788425 0.2223330138026719
252 33.19816176621738 0.22014932980385585
253 32.94821004052423 0.21984351704897165
254 32.86288638782034 0.21926349091445285
255 32.89886351237802 0.2183726596697607
256 32.3288494550828 0.21900308339465058
257 33.601751217493145 0.21809962936285812
258 33.378537263889115 0.2162439838685978
259 32.75479548926595 0.21594475684613448
260 32.416728637157256 0.21588698499583533
261 32.3389453168362 0.21426525947550687
262 32.56522347908154 0.21404981049404018
263 32.39211424610005 0.21360099596409765
264 32.35217679371435 0.21351591159170638
265 33.1575489303022 0.21412679615841604
266 32.06794545504938 0.2130612777543682
267 32.88005550044155 0.2118360111829639
268 31.682361050100518 0.21106220348722007
269 30.959225125078706 0.21221735134398942
270 30.99765780080643 0.212067163591623
271 31.868090042469063 0.21256458683745208
272 32.450091500344556 0.21174189878032357
273 32.126751139064396 0.21222826424603725
274 31.63513820280751 0.2129325750711882
275 31.836706052189435 0.21151917383706773
276 31.77875926983006 0.21188197100408665
277 31.924565054074066 0.21267111158790022
278 32.107376341998275 0.21213837569231964
279 32.607079053951 0.2121104468093865
280 32.77267519165167 0.21143913674503287
281 31.363165634529167 0.21011263318537965
282 31.501963574067265 0.2097391514890238
283 32.2720213237793 0.2095770893211495
284 32.4838304479982 0.20996641434489785
285 31.983559298412654 0.209601738261085
286 31.16700321317208 0.20956353314962084
287 31.644820203972856 0.209832151072093
288 31.039328291627136 0.20831977473887367
289 31.7488529368772 0.20876481993127297
290 31.690602242525777 0.21066922527408946
291 32.47859840488778 0.20996283229160864
292 32.081825346280766 0.20928935265044823
293 31.371338814322947 0.20961636573949713
294 32.30170027146979 0.2103108431443156
295 32.69549338889044 0.21093058201046286
296 32.78692035056946 0.21104149204704625
297 33.68098887779475 0.21077860941291904
298 31.718598846992414 0.21140002795602422
299 32.38936314788532 0.21058661758611252
300 31.519350989923318 0.21201645255007007
301 31.455589560640345 0.21221122694026462
302 32.15254686435455 0.2121186673414608
303 32.30801883894729 0.2124981645150464
304 32.248327998234465 0.2109392528349551
305 31.855820061216505 0.21024731940334687
306 31.305556425802926 0.20981183832781794
307 31.011430969207645 0.2099433788651325
308 31.51298528687903 0.20954238614276144
309 31.668477948915395 0.20914483799198066
310 32.662182293316576 0.20863202977858797
311 32.11594672733476 0.20839883717176722
312 30.94670385911099 0.20839192586520183
313 30.328191019463596 0.20864677173574084
314 30.861246120874892 0.20763359823025127
315 31.28199159882768 0.20814642444905304
316 31.933022371633918 0.2075944140606695
317 31.967840784017774 0.20766911767007445
318 31.67659063862335 0.20709440251772335
319 32.033488340195476 0.20672781893301925
320 30.78738188199368 0.20598322555150672
321 31.498532310760353 0.20572196216216979
322 31.71576385916635 0.20530957065966615
323 31.45562079251061 0.2052026433168793
324 31.90052773488513 0.20583870275680968
325 31.45722580295215 0.2064487964214281
326 31.425697253099656 0.20645709814272664
327 31.021801661509905 0.20700360390558314
328 31.175982605140653 0.206473576772919
329 31.01820987833439 0.20582870998228664
330 31.557863733450056 0.20650623198200999
331 31.64551612664064 0.20667751557491876
332 30.645117405710252 0.2062053417570057
333 30.765498559626735 0.2069495828151655
334 31.66824587441975 0.2068861526316381
335 31.998855207629155 0.20695415557721406
336 31.64035534602344 0.2063395304241731
337 30.872675317482372 0.20656054876263408
338 32.18931575367847 0.20609745077488825
339 32.21336032917357 0.20645600269039202
340 31.67804670655649 0.2066106512168655
341 31.685278417966828 0.20640718533757116
342 32.07560061078129 0.2066290223834137
343 32.75233445324972 0.2067440768312675
344 31.349343598199432 0.2061901718404651
345 31.17513050759387 0.20634985742941206
346 32.25841754315371 0.20592288131196412
347 31.389539117698718 0.20601687758030562
348 31.750326088525078 0.20659243291718452
349 31.846430622266972 0.20735720769533658
350 31.060582103013566 0.2069827161094786
351 32.17776041972304 0.20750732945981087
352 34.33852941620346 0.20693149758091253
353 32.01214337186603 0.20673898928196613
354 31.453181180425958 0.20699579199665616
355 31.89733517906714 0.20618568291396142
356 31.550192674597476 0.2056169270948521
357 31.906881941459524 0.20630233816468205
358 32.39084196327349 0.20770779332110548
359 30.999207950759434 0.20769487648138119
360 30.75975841915934 0.20783742603810276
361 31.665036564335576 0.2076720750971782
362 30.91338268931123 0.20773307010651806
363 31.5731096562895 0.20773293338525134
364 31.693331643503285 0.20765044357989906
365 30.965997083988704 0.207890670680941
366 31.328394720571602 0.20766613629349664
367 30.985721737530277 0.2076244984872689
368 30.832923859199177 0.20807587837297895
369 31.533009814376875 0.20752497236887557
370 30.479011966600744 0.20698678869865272
371 31.47425976209268 0.2060510323789946
372 31.8413641365578 0.20548153119838808
373 31.341250365713336 0.20542778002107184
374 31.49066000792201 0.2046755785262183
375 31.666038647303175 0.20434654443455846
376 31.368122741018116 0.20496718425526064
377 31.076168296339475 0.20488044894536253
378 31.33378096698265 0.20422040211669282
379 31.79177767830783 0.20449347721935274
380 31.587305434967583 0.20479166042903565
381 32.700874304639825 0.20542566139318028
382 32.23233942218454 0.20542672096212308
383 31.500656210178917 0.2057633364118637
384 31.51096326113794 0.20654737129705594
385 31.220471860791694 0.20654645624540416
386 31.100630973168148 0.20720933692256205
387 30.919176644730168 0.20758330621119023
388 31.292260178532572 0.20794104102439137
389 30.8107888573186 0.20800279773640198
390 30.51268826808607 0.20825819112600244
391 31.106526181674027 0.20847539687951247
392 30.62119649083582 0.2079381677924348
393 31.12047500962115 0.20768161960989348
394 32.37871907993147 0.20742011881700986
395 32.30610178279065 0.2075264995461732
396 31.18865327665365 0.20760459400823686
397 31.622687437699035 0.20762902143301934
398 31.607845919645946 0.20701334613424396
399 31.800546623691673 0.2073789786129702
400 31.328198476767007 0.20722852778294534
401 31.52759790523546 0.2076209202757736
402 31.059078801027923 0.2071061311164042
403 30.945717395640976 0.20695393352365088
404 31.673416223834298 0.2061272994375911
405 31.708713311104198 0.20676091811109362
406 31.752294836904348 0.20639763914775147
407 31.989713932945474 0.20647893597942654
408 31.60035192029352 0.20580169953473473
409 31.32784824652773 0.2063339251399782
410 31.694841680614235 0.20601541618988825
411 31.255177054757347 0.20555815039471356
412 31.05734601620729 0.20537228359897344
413 30.54887386543065 0.2051618554480508
414 32.05614875166824 0.20432456410959396
415 31.45725809990518 0.20457079342589393
416 31.10935350257605 0.20479567320991368
417 30.883661367890234 0.2048837411313558
418 31.012198959047318 0.20517769328965563
419 30.8600908525294 0.20604388883918445
420 30.97804191114426 0.206089416254253
421 31.671192924630923 0.20587771178811776
422 30.993674078562094 0.20546911148621083
423 31.051414085180376 0.20553684904651495
424 30.935208425440727 0.20518328281655532
425 30.994108298268515 0.20610634535073413
426 30.903979760743383 0.20593265175345707
427 31.215926583476183 0.2059680180305781
428 31.13410800823231 0.20627083147654135
429 31.54547778851756 0.20644611503032542
430 31.246076386618284 0.20590460201574634
431 31.668332928822753 0.2046429361176151
432 31.03506455955824 0.20451283556329833
433 31.151407764668214 0.20446138652308465
434 30.656553809949934 0.20491703966379518
435 30.65568421297889 0.20567669676909736
436 31.047822829786984 0.2052841713811433
437 31.093373430362057 0.20502722426731287
438 31.759929933908033 0.20517619463309825
439 30.84840061071249 0.20505634902250736
440 30.52979419646698 0.205231573205529
441 30.71099316082767 0.2051964508208484
442 30.933645446448192 0.2056214714178711
443 30.598114582845398 0.2063794464162881
444 30.810757122450394 0.205432573644166
445 30.10844445846409 0.2048618477395713
446 30.652379178122132 0.2049157847203005
447 30.93713241773181 0.2048034585379551
448 30.716242059621685 0.20354601461621558
449 30.98634022855949 0.2031458303445922
450 31.287880882224076 0.20287489159205033
451 31.377855475416418 0.20219658642620594
452 30.90899274564054 0.20178527743969443
453 30.850242719664198 0.20089965409891333
454 30.714085813510792 0.20031321895527773
455 31.167695268447538 0.20070437714421052
456 30.917645284548 0.20055764435403015
457 31.13810780196082 0.1998400728166755
458 30.8611520529257 0.19952735742164096
459 31.07338796759028 0.199778624437054
460 30.008616302638977 0.19973008980250814
461 30.806739343127898 0.20008402216279852
462 31.087827213384582 0.20015353414382528
463 31.058418340998855 0.19977610716057878
464 31.30852910981546 0.20002170035523195
465 30.808442423396787 0.20024525014938876
466 30.42606906011207 0.20109201612703584
467 30.7297659438249 0.20033569928893943
468 30.5434374747036 0.20088237298598988
469 30.55289098174721 0.20116332335385856
470 30.441749564394765 0.20126236235380665
471 30.081085898216273 0.20122298264833646
472 29.87611858652088 0.20176029564622197
473 30.0379626203941 0.20196821171600784
474 30.583499535475287 0.2018285024447961
475 30.16591572980719 0.20157048340631586
476 30.52329566965202 0.2018069745751594
477 30.228795403793587 0.20217719643139095
478 30.545723239775995 0.20256884176326548
479 30.77537067883157 0.20270338195369664
480 29.777321031406267 0.20263981700196557
481 30.301745947329984 0.20215260228309795
482 30.290619960417274 0.20154779828503067
483 29.7372302319191 0.2015248281755686
484 30.75405325343086 0.200713215314776
485 30.53017202031714 0.1999549412328779
486 30.40083805289394 0.19934955417601255
487 29.90106220865216 0.19953066263271543
488 29.74779074792476 0.19993507087810417
489 29.75577814578255 0.20005590168301537
490 29.98086630776525 0.20081463461967922
491 30.927040072226614 0.20102377493333248
492 30.50051345613184 0.20064295502183416
493 30.059640073287635 0.20093079387136145
494 30.639255262281097 0.20111493438180816
495 30.255258534730253 0.20127270576718723
496 30.2361649184041 0.20192680087092937
497 29.85082920171068 0.20181824709334892
498 29.695379358856748 0.201696653855882
499 29.930290265372363 0.20190151067845727
