0 106.87699158201872 0.2991561608344209
1 113.37512336574144 0.2998434975117019
2 108.57285393966762 0.30033134022130364
3 99.37342705866763 0.29991797674800685
4 99.39927602002888 0.2996578030832264
5 100.39617605921921 0.2988974405940678
6 105.78606511755956 0.2976736560121042
7 98.33298552305982 0.29523265672062365
8 89.77712233587968 0.292736728973089
9 90.46805844999639 0.2913219995611694
10 81.95371760984241 0.2907653457312089
11 85.2425027023689 0.29108792679420953
12 77.403275874789 0.2901090871007615
13 76.99180365924215 0.28881467933150945
14 71.79963116545156 0.2875840177661308
15 70.94982701572948 0.2855937741037808
16 68.77084319009946 0.28514070532662306
17 66.3969226258968 0.2832803494210487
18 72.35912935464283 0.2799651802544419
19 72.5492960314205 0.27803247739392895
20 66.41973037212895 0.2776912381775924
21 61.28821067685212 0.277968115021809
22 60.09360491833211 0.27927501845890873
23 57.96614229741703 0.2779460017290076
24 63.57161571653813 0.27886794017735683
25 56.3757209020756 0.2789485475671311
26 61.517079438335045 0.27951306834439765
27 58.3118567431182 0.2806036349386234
28 57.34771515473935 0.27962953304761456
29 55.52527499079709 0.28062316549809224
30 56.01409538542714 0.27931270713620354
31 62.398954544087744 0.2765201350893181
32 59.572185316958695 0.2750067621242202
33 53.47924240858622 0.2730825389486293
34 56.78427475123571 0.27175372947766413
35 50.5564230023365 0.2723482366975692
36 52.91101059252446 0.27116748524540546
37 49.1018103522695 0.272523843039115
38 48.734157606286985 0.2692609395232453
39 53.87829324914293 0.2696892776394104
40 52.460673081920945 0.26823320664838773
41 48.69453682619505 0.26735757899538554
42 46.61806189360156 0.2669813865718809
43 50.21111927585781 0.2652095344434902
44 42.956196089515416 0.2616602168180592
45 45.02338024234598 0.2615683569539813
46 46.14243704522127 0.2606434191498975
47 44.14689243670989 0.26006542307172625
48 44.47474114108798 0.2606974808806754
49 44.21569792668769 0.26213144120409376
50 43.45098285491487 0.25880171934720225
51 47.77534417564934 0.25786327488035027
52 46.16954409314744 0.2567024876719148
53 40.0407534410972 0.2573883773266828
54 41.86366506456872 0.2553073210287577
55 42.13866399479096 0.2521915542898476
56 42.79810929630467 0.2503199743714968
57 44.49675307656058 0.24980177448769703
58 42.71571032768407 0.2485669928549906
59 44.55307184279718 0.24913332862354964
60 47.16728865818561 0.24802993295148323
61 43.31688801047808 0.2469036730107003
62 45.826695045814574 0.24722989581185487
63 42.35975801275551 0.24672885452726012
64 42.9582903848962 0.2465500524759355
65 42.04396792598659 0.24600304870662126
66 40.483705201433736 0.24608613285762174
67 39.67026367909941 0.24328121609464506
68 39.944378894396294 0.23990931296536733
69 41.45467345362043 0.2398818232211537
70 39.99110608231819 0.24030793845655574
71 42.3762392943853 0.23986606558979995
72 40.87704357867324 0.23989029419888233
73 44.07421169900864 0.2385589586196489
74 41.496979530581555 0.2380156592909969
75 40.24165979406458 0.2371111902150613
76 40.43017480222987 0.23629311731263045
77 40.45476077483216 0.23483379410438368
78 41.0487632476035 0.23382581353088164
79 41.8310902434489 0.23174998995247353
80 40.3303470690499 0.23316746592905138
81 39.554763142318485 0.2306081223211726
82 38.293802080611684 0.22845868145848958
83 38.42991542582778 0.22630714824536646
84 37.753393988719615 0.2249887698631782
85 37.92217446012147 0.2242469921897922
86 38.17508687735308 0.22247997939415412
87 38.501174618829495 0.21949715370880915
88 38.52072460389289 0.21928828366385603
89 35.6672504555801 0.218979427354231
90 38.99542438368769 0.21878443553189997
91 36.042668400178854 0.21769691441692504
92 37.567751027569045 0.21742667051054862
93 35.861112151562395 0.21715409691146612
94 39.666163940931284 0.2168183982532714
95 36.09927457823349 0.2146028056138383
96 34.1034747936921 0.21538761116561597
97 37.28666640906734 0.21484756013890324
98 34.92742865338157 0.2157038567519632
99 36.70236401388744 0.21597755983007794
100 37.85503788117977 0.21558119273829088
101 36.612341256392554 0.2142796085773784
102 36.53587523004725 0.21308813300139298
103 37.38036307690928 0.21286814497925052
104 36.824516528862645 0.21197478672129397
105 36.42536788787056 0.21276011507260276
106 36.18209774298454 0.21194190852058495
107 37.30895554564326 0.20968657274674773
108 36.23063028501504 0.20887387456926007
109 35.75358443226958 0.20846201345547175
110 36.18750330861248 0.20778408661944062
111 35.08949988901945 0.20601826274113152
112 34.93537769778982 0.20636280102122065
113 34.642552545466216 0.20472500629575574
114 35.888604506669736 0.20557133234722988
115 35.11160088161627 0.20482285997129926
116 35.238100012803116 0.2046320257846833
117 36.10067526026273 0.20482306379422113
118 34.81825494470027 0.2058056125019795
119 34.14717436940007 0.20622664961183026
120 34.31643420369602 0.20642192378787816
121 34.16822927388169 0.20496070576781103
122 34.98312843260575 0.20673326426581085
123 33.96361431750306 0.2070482419497827
124 34.4254471986639 0.20815385296328384
125 34.179580356282145 0.208198756639828
126 33.343737974725826 0.2072495382583274
127 32.67760032307266 0.2078605679375609
128 33.1275112028291 0.2072105312454695
129 34.03707010999534 0.20778385270639935
130 33.74634736420285 0.2067363262244499
131 33.570639839618195 0.2064202830112888
132 35.21344075726884 0.20605058126487172
133 34.128986041467265 0.20552310713065666
134 33.10534312280576 0.20306185962762305
135 31.947927792302988 0.20317064305670451
136 32.346936262414204 0.20319410589843834
137 32.38094271312637 0.20401734722841933
138 31.944399586045815 0.20349820146827832
139 33.356499008844956 0.20362548579283432
140 33.63380783512659 0.20375158868859602
141 32.48923020043015 0.2033043753833649
142 33.35695529328787 0.2037481903313557
143 33.02848723215554 0.2034028655206548
144 31.891170881471236 0.20367528684543781
145 33.32456595630637 0.20307192508999536
146 31.894423754784576 0.2031095363386266
147 32.08648842144778 0.20237801225494514
148 31.912660468143727 0.2030203923521584
149 31.982776518752914 0.20236744989306021
150 33.45861166035363 0.20267785930373527
151 34.35970612934884 0.20230178090315334
152 32.68515743168709 0.20115635863006864
153 34.62953099003393 0.20010383049641475
154 33.33054765589377 0.2007656870688476
155 33.18727036212579 0.20140837666934233
156 30.88754678371229 0.20067250605994427
157 31.824427619237547 0.2016390941993195
158 31.089013800853547 0.19990936459385436
159 31.926557182704798 0.1995043443315312
160 32.01656095264091 0.1992725220392018
161 32.58870564422961 0.20000511178278005
162 31.270860138909008 0.19980406556142452
163 31.47319268667389 0.19951308633032663
164 31.9617428503623 0.19969897771973547
165 31.807968228269758 0.19980552054066494
166 31.150180286924915 0.20015102238255786
167 32.03601404719657 0.19869449751243087
168 31.57306305880782 0.19715366034314422
169 32.645995229306976 0.1963149415570944
170 30.886993281884298 0.1964284952092202
171 31.02630023528117 0.1971708696265503
172 30.9867141460974 0.19765735515609384
173 30.503763210483285 0.19818463739260186
174 30.241604260644536 0.1987502369846866
175 30.82803753333671 0.20044787333693934
176 31.26762655729858 0.2014030728735723
177 30.74814917693654 0.2012559781314114
178 30.995709329501018 0.2005486316737283
179 30.553112653513963 0.2001177960260435
180 30.46278729487097 0.19890188781113669
181 31.33848371778419 0.1980223732098004
182 30.563112937258076 0.19660555923687348
183 30.726627732129757 0.19615991587186013
184 30.689022705342044 0.19757883538777032
185 30.469109988660204 0.1975534540906011
186 30.649685689273305 0.19739006643540305
187 31.234505747070678 0.19686960398954226
188 30.307509906343633 0.19720619677207665
189 32.56137599702916 0.1970507967325138
190 30.674326630492292 0.1958040792860064
191 30.495401251072156 0.19575566341011638
192 30.438979027656544 0.19477169490959403
193 31.085278066859914 0.19600777438304343
194 31.07275855804339 0.19509359345306013
195 30.79290264515849 0.19414885199763043
196 31.033989982487512 0.19322935413171627
197 30.977940222824156 0.19338024922262834
198 31.604212658214763 0.1942384425853386
199 30.708571133484824 0.19477121787872498
200 30.627859984009447 0.1947433452326961
201 31.579697411355966 0.1935107375139354
202 31.784799286917384 0.1923264949539334
203 31.404589399730366 0.19192064365662717
204 31.195513674120477 0.19034735779734646
205 31.6159918022774 0.1898210254419361
206 30.414864633899082 0.1902884194575177
207 30.235668074373645 0.1899260004307556
208 30.7739036440261 0.19013341059664104
209 30.469969308027515 0.18910107357587377
210 30.3546732403756 0.1898242885600819
211 30.33814132311596 0.19027242787932774
212 30.09006559927854 0.18975963859041697
213 31.326392606088813 0.18939159520906204
214 30.153480319397552 0.19095236992017087
215 30.826733340631456 0.19163032495474885
216 30.740188181938173 0.19238433376428468
217 30.91501610816855 0.19237315148653625
218 30.247611526245603 0.19226494126193436
219 31.697332561920447 0.1921082851910204
220 32.88420304806174 0.19210613856923542
221 31.246274815130263 0.19094642978092638
222 31.489073852789105 0.1916734910332267
223 29.826235117783803 0.19121369705095173
224 30.783200209636238 0.19162201634116918
225 30.44335262075144 0.19166523208459815
226 30.50969558637541 0.19117478064352236
227 31.384828937378117 0.19041664351829568
228 31.196097093451215 0.19027410214414067
229 30.233250047750737 0.19023001557407107
230 30.96646712762267 0.1899781087863611
231 30.444247666506506 0.19028351310004665
232 30.649329989767296 0.19108033786571568
233 30.799657577650855 0.19173080286374314
234 31.32368627151609 0.19205854206714115
235 32.034428333119365 0.1920228504003937
236 30.874643585671336 0.19090786753203437
237 30.167040445769697 0.1913586908712793
238 30.64155570913374 0.19202744745784198
239 31.254794902215757 0.19308111668565028
240 29.836693320777393 0.19326463773754257
241 30.350635710199224 0.19310807057070833
242 30.44310143219556 0.19398303072892933
243 30.28771008207117 0.19378317947536028
244 30.439953260603808 0.1939959266378309
245 30.624234880564288 0.1935526433638273
246 30.052473864035633 0.19333290058592842
247 31.168216623658967 0.1941414554057417
248 30.6646940183235 0.194728340905844
249 29.855408259912743 0.19444883173585514
250 30.334033480605303 0.194652398664235
251 30.410534934832334 0.19407636218938804
252 30.972817824809695 0.19502214223939296
253 30.55730380395483 0.19447802739441097
254 30.51058206883735 0.19422380306562526
255 30.685587141097795 0.19640662558043606
256 31.199781428859936 0.19557955497819027
257 30.485403863902995 0.19651152063158503
258 31.30852248307989 0.19675527877952118
259 31.65172383533308 0.19641974393765113
260 30.019003584797833 0.19634909395345015
261 30.154031466524316 0.1959730700468559
262 29.47175132248274 0.19500942571536076
263 29.349108865833223 0.19361569605026996
264 30.725098354202842 0.1924450862102747
265 30.336005315049515 0.1918638714628543
266 30.578265187518795 0.1910539316558301
267 30.642177904930037 0.19006453387313993
268 30.529976179186164 0.19023377529539728
269 30.846322669043342 0.18961442961979288
270 30.089580443976477 0.18847427156745303
271 29.69205929314845 0.18877704775121987
272 30.070888124261273 0.1878904505790299
273 30.146266658964574 0.18799711621429038
274 30.602164378918793 0.187343600550815
275 30.7714159332998 0.18564875641769416
276 29.992637514126848 0.1856865662249462
277 30.71654515907079 0.184927690208032
278 31.197059732830834 0.18532429258148594
279 29.972607603479737 0.185964052812677
280 30.571449615631924 0.18546615176934308
281 30.4753015800351 0.1847622634574313
282 30.39996079905099 0.18415866202069242
283 31.038748205969593 0.18473097369999603
284 31.372516711947824 0.18482479435913302
285 30.723097712992036 0.1851571140052952
286 30.070284440057222 0.184368934309459
287 31.690462688952792 0.18401932203071836
288 31.410573983552343 0.18396747632964547
289 30.77415064798351 0.1835098607357523
290 30.60785820045824 0.1831230185644348
291 30.13178478264803 0.18281641929090106
292 31.007050615922374 0.18349381073937399
293 31.183361657186616 0.1832036181019923
294 30.59201558562371 0.18360531914260933
295 30.145311299881694 0.1833480068213947
296 30.351637240336736 0.18315910079650846
297 30.390589392800777 0.18320867940894633
298 29.814611628823876 0.18347141955054178
299 30.463149233660573 0.1833076885575667
300 30.53673885780568 0.18364501136754793
301 30.277169357601704 0.183537581234654
302 30.59991685625485 0.18359474850640942
303 30.203434460340556 0.18231584339161233
304 30.77663556606028 0.18128081930089376
305 30.19394630612806 0.18175916653809598
306 30.033621169191655 0.18116318842738835
307 28.91201978876373 0.18170572300678356
308 29.220623969455747 0.18069973730090647
309 29.210948498264553 0.17964467291930739
310 29.936036865911184 0.18055325820918963
311 29.82980289000367 0.18075738202091296
312 29.853753099662505 0.1800710141705768
313 30.1825732057111 0.17938137553849964
314 29.188309840460597 0.1793710610001458
315 30.074153048693915 0.1791461323128667
316 29.315513447560384 0.17948319677968114
317 29.32421000099135 0.17992459319984322
318 29.31140297622374 0.17972334016043448
319 29.734148440280478 0.18051494207270566
320 30.569864284145858 0.17979985258065104
321 29.39178402072227 0.1800853501772519
322 29.25274122566961 0.17934163554263663
323 29.873699516681768 0.1784800745436449
324 29.434292189805085 0.17803660613017583
325 28.893492333138287 0.1777081326751673
326 29.19395494180457 0.17784467108006974
327 29.936718494102564 0.17827669036835933
328 29.697836625247252 0.1781247750163296
329 29.24255167671299 0.17802044400589068
330 29.619698520157602 0.17915651393246992
331 29.672530421896383 0.17927254145199953
332 29.2126922948089 0.17882142625474162
333 29.900152095541728 0.1789748980768625
334 29.202727009462492 0.17935031714644745
335 29.423918158162316 0.17941873191293078
336 29.795653726217893 0.1795680742008603
337 28.65645652216626 0.1794142671757196
338 29.902471912413674 0.17949859199081333
339 29.721336969325865 0.17951135301677182
340 29.768840411148112 0.1785363002753435
341 29.325012816018045 0.17745104726009142
342 29.118992000544367 0.17784842577925497
343 29.313069033617133 0.17794706569836669
344 29.852027785955663 0.17786452203829264
345 29.862810825520413 0.17747348035342947
346 29.62571408763028 0.17780697917759958
347 30.116821870819514 0.17742288610345025
348 30.525022302386 0.17667523157445894
349 29.588551008963528 0.17670382816510433
350 30.090309661598532 0.1767407050672163
351 29.506191117108035 0.1765620729824302
352 29.836355601602243 0.17721191601806532
353 29.974135960366645 0.17633711615857547
354 29.71336843447559 0.1756788705626591
355 29.705808786477707 0.17545050391249753
356 29.67221013144224 0.17536661712624924
357 29.072307604831465 0.17520660963668286
358 29.147736513418018 0.1743501458071698
359 29.868801526568877 0.17510475734530462
360 30.13685200219389 0.17493919444851957
361 29.927638028592227 0.17470770301714697
362 29.62561365047994 0.17440766957266662
363 29.982236135502028 0.17415605778985407
364 30.025092569718197 0.17415551685254785
365 29.54256208849141 0.17317871063576565
366 29.24036009686023 0.17328611667959182
367 29.60195643510717 0.1736643457876804
368 29.071051575046113 0.17281690590025692
369 29.62999227392912 0.1723730697200465
370 29.455453188932456 0.1728527833943935
371 29.006574673001005 0.17315663700992082
372 29.198577121298378 0.17311022097808637
373 29.49152244023057 0.17321748100329135
374 29.281826845631144 0.17297504391156804
375 29.343778700264963 0.17273189389793656
376 29.387697346771304 0.17356400499908933
377 30.40102697521779 0.17364154149914232
378 29.608508330768103 0.17382353504637893
379 29.132712612393433 0.17397601872641136
380 28.941955357677102 0.17359461913556298
381 29.81429093189056 0.1733262822011976
382 30.176613052615643 0.17401256105863283
383 28.99556525276649 0.1735513743660367
384 29.188510218079532 0.17325639773427123
385 29.538689456414666 0.17376559302275427
386 29.0174960894772 0.17304481750393932
387 29.225917672782693 0.17347903035196244
388 28.86146401661431 0.17294604115877668
389 28.9216856203069 0.173265925136823
390 29.26066321415566 0.173878339648438
391 28.420326392931933 0.174030883898771
392 29.18060576286222 0.17462815297292653
393 28.86086756315982 0.1751610478904978
394 29.17352758901732 0.17490866846720798
395 29.451756736961855 0.17449140006179908
396 28.620661719556892 0.17480500245429445
397 28.834439709892457 0.174921201529891
398 28.736895318141528 0.17544967571264522
399 28.512251391915438 0.17543608526328827
400 28.688016343894336 0.17593235185514366
401 29.997131019497665 0.17607662268340774
402 28.039112585306036 0.1760924408192571
403 28.529080946424013 0.17551704733096818
404 28.88833885867046 0.17565315491463526
405 28.927325599985842 0.17560356683240727
406 29.11898009716105 0.17585438635655307
407 29.092250595455816 0.17598479264290726
408 28.769066754450186 0.17602673610941055
409 28.42854408248474 0.17543017322535345
410 28.69383288749879 0.17597993911076693
411 28.319132625506057 0.17605472779061793
412 28.507470734779485 0.17622349961175623
413 28.65798934567519 0.17577438407718682
414 28.64051625156091 0.17610456369187966
415 29.20754468842307 0.1753938532506127
416 28.760731203467913 0.17595490571973138
417 28.206100849087044 0.1756571434297752
418 29.060603551371344 0.17504269523412094
419 28.416597882547634 0.17471028941141623
420 28.47137393220154 0.17426304091146994
421 29.129459960563324 0.17410657580722655
422 29.204691186469617 0.17355837580509648
423 29.21626752980951 0.17364657838707928
424 28.68823212490164 0.17327401504343823
425 28.912019738559295 0.17299266152280643
426 28.871671194099996 0.1728475478518867
427 28.419730829159477 0.17292793943020257
428 28.047859233406065 0.1726595899056086
429 28.945980582556693 0.17259331543055167
430 29.154213056437133 0.17264218986085803
431 29.140902950572723 0.17270273997373034
432 28.987693597983956 0.17303890000177904
433 28.239689094809727 0.1738875265470067
434 28.28199519262995 0.17372039338511283
435 28.226431545484253 0.17337628062031343
436 28.918751144170926 0.17324922155134417
437 28.44993130228358 0.17285334559767018
438 28.938001041356518 0.17281575230081755
439 28.45684539149697 0.17329736428632314
440 28.66660379293561 0.17304136243472182
441 28.771004516866356 0.17324892416547288
442 28.80825484379784 0.1731545125131312
443 28.630007763719938 0.17320713508711336
444 28.88708191591631 0.17368111101828268
445 28.71766394608268 0.1731415271562202
446 29.449826013420505 0.1740173386263507
447 28.439010296956052 0.1741202341822982
448 28.57000019373225 0.1739773369085261
449 28.30096433839487 0.17421426615260685
450 28.787355781307667 0.17392061074655116
451 28.200821225440244 0.1738564842944655
452 28.30254102389525 0.17449182827960405
453 27.81386241697305 0.17508801199080812
454 27.983243098232297 0.17528511900017954
455 28.15789122625143 0.1750027324713286
456 28.29452217730885 0.17468116425544092
457 28.975699162866334 0.17425515605893463
458 28.02734847417645 0.1744240309435913
459 28.276124777550578 0.17476654700844593
460 28.138464051718575 0.17507691930084093
461 28.20744158382667 0.17561223508963256
462 28.137786694341365 0.17631552354569335
463 28.068190071756817 0.17636848484844755
464 27.668369176112634 0.17621238737548828
465 28.202424459881414 0.17621771072585588
466 27.874085707134768 0.17546798375005
467 28.43439519182365 0.17519564053404504
468 28.182065983493988 0.17474987631962668
469 28.33642114504002 0.17440670177320058
470 28.583160562530587 0.17397404455303764
471 28.693011025283013 0.173698178941869
472 28.046219300958803 0.17381239703004747
473 28.253223647065294 0.173416101680241
474 28.11463755636195 0.1733717788208238
475 28.51476651246646 0.17348140987499142
476 28.6826392822739 0.1737681741261452
477 28.246153162446543 0.17387124472372664
478 28.59961871847662 0.17402984685115375
479 28.412744794702817 0.17427740513646803
480 28.53351248631772 0.1745014164678799
481 28.721274650114076 0.17405439048019947
482 28.34268035769108 0.17420926038529125
483 28.823857995116413 0.17480913463404532
484 28.331464847313704 0.17492341486171478
485 27.968981187444797 0.1744831179210424
486 28.396387242299078 0.17432510177476526
487 28.458709385776224 0.17445561150310765
488 28.608839211372597 0.17402302673797396
489 28.54938055816645 0.17426072972774054
490 28.16162919213496 0.17500527375758068
491 28.102212213956214 0.1750463475024255
492 28.38130224395477 0.17541974163352844
493 27.61486030608609 0.17553201163105006
494 28.19478783639977 0.17545053343244166
495 27.97439516488911 0.17576532850643226
496 27.8783069668526 0.17562146247878338
497 28.108148035380196 0.1755956922975539
498 28.002883474099278 0.1756551597659646
499 28.179633961160157 0.17570520446915017
