0 114.13999980813661 0.3005625538168182
1 114.17219606271277 0.30181283852207025
2 100.41333966436648 0.30281572490065467
3 104.60126069572452 0.30216004600381347
4 100.56789087903792 0.3033563986030651
5 86.22866999050244 0.30289092957383346
6 94.40103081991198 0.30096668560261447
7 89.12742732123431 0.29909585413879947
8 88.64279996797893 0.29839540469441633
9 88.90796368378929 0.29690788493195713
10 79.96295324815449 0.29590246259915615
11 86.53813903582919 0.2948489817118654
12 79.83018391058008 0.2943683043799921
13 79.44210115627956 0.2941075210524655
14 72.39509418803107 0.29516567539038246
15 73.80071236521366 0.2964705811100896
16 70.37887273430545 0.29624390681257395
17 75.28463234198564 0.2969424116979318
18 75.43953580170995 0.294383367662656
19 73.2179575657157 0.29492481246141083
20 70.01736064449338 0.2937560590805848
21 75.54325601059281 0.29423446055134866
22 70.96834565623504 0.2949163571170062
23 67.20012881232566 0.29471726738625453
24 70.85109168316922 0.2922109750908266
25 65.8181026472509 0.2906343970030847
26 66.42391447292374 0.2914227458990406
27 61.439942282218176 0.289866115951164
28 63.94208172543621 0.2886901714195056
29 58.273667119650256 0.2848349371153848
30 59.281590690547226 0.28474114723767213
31 58.76546063726343 0.28205706992651747
32 55.29448719842686 0.27816403751768415
33 61.43315349313123 0.2773495522994174
34 60.946989155484 0.2760995529185209
35 55.15638205990726 0.2746662417697809
36 51.4290145564655 0.2761146041210106
37 53.292530148832114 0.2759651949518724
38 54.35014948977228 0.27616505672072683
39 48.507890120668286 0.27595668728604195
40 49.48002749169762 0.2722123907604079
41 51.2790381996806 0.2716949942750544
42 51.220655243261874 0.27107709821773335
43 46.465426000395496 0.271281041161688
44 48.73806463973479 0.2692488606236342
45 53.528630902549736 0.26971340680425177
46 56.766031030100265 0.26973643754096194
47 52.21631031736908 0.26959389757563224
48 53.366765094232576 0.2695358665041986
49 49.88321997750544 0.26927785555022515
50 51.207555045728 0.2674479315210465
51 47.26716154061721 0.2668620400375936
52 46.20166703371535 0.2683893980789737
53 44.870818950653884 0.2680728130253665
54 45.00936854626036 0.2685853693362327
55 46.292060046386254 0.2661516320380845
56 44.96511194190956 0.2647356960208323
57 42.84227357195128 0.2635279014215736
58 44.22983038054538 0.26448280440303
59 43.38138231225522 0.26383270752594257
60 42.14539610191698 0.26087618856898703
61 42.0164556019394 0.26120365791707195
62 42.581189219842955 0.25958754893790115
63 40.242037254284185 0.2600545917151442
64 41.2089362726845 0.2604968162217134
65 40.14615317606451 0.2590085896775372
66 42.845609328791454 0.25789400518408334
67 39.668497408971845 0.25775692355223817
68 40.73614145909417 0.260433028784074
69 38.7951728778596 0.25967696560347286
70 37.749654590194986 0.25742063046585656
71 36.4578558017609 0.2551207721791176
72 38.84093345107196 0.2565409060555002
73 37.220283446619476 0.2571211500587794
74 38.236777047481226 0.25559305337479904
75 39.473394098556085 0.25666148032972874
76 38.944174756916354 0.2562268083878367
77 38.33735574609457 0.25725586797285793
78 39.24342960676684 0.2570365290557149
79 37.140394003782376 0.25743738524168863
80 37.507363482282784 0.25712399035045913
81 36.4468902568852 0.25439984952247374
82 36.52203908897023 0.2532379624480225
83 35.73148446203063 0.2521511257022389
84 37.76050245056791 0.25303454979114365
85 37.095381619759294 0.25141826876957296
86 37.36432343863274 0.2517740298426809
87 37.272321631283845 0.24990562588492074
88 36.14145965107515 0.2509085517346777
89 36.79810055054724 0.24900260211528305
90 37.88855006702492 0.24984965836078019
91 37.07148824424303 0.2489370697880057
92 35.224529066788435 0.24688143610424498
93 35.21630639804456 0.24694647929136915
94 36.548995487696246 0.24667533063764102
95 36.53552714007418 0.24561827396513766
96 35.804422977348565 0.2447486436220957
97 34.98572679383145 0.24459062159153686
98 35.11395382981484 0.24356985384461524
99 34.44555709442021 0.2410335481826237
100 36.236444486242306 0.24045063831615565
101 36.370586348713445 0.23927108855789617
102 33.4323137688242 0.23880165101157513
103 35.02348281498813 0.2393073893332253
104 34.70169349470957 0.23715078924263788
105 34.94582635201827 0.23697995265856306
106 34.68373706465827 0.23701963945619509
107 35.13683434182127 0.237012190964778
108 33.89124427052392 0.2377851539525265
109 34.848655295805614 0.23711521294253024
110 34.80760530646002 0.2357004774536309
111 33.87762242996432 0.2349297002900789
112 33.68437309735443 0.23331444334596044
113 34.942267261887764 0.2345368927744508
114 33.965849370960086 0.2338147755734865
115 33.89637313887792 0.23371622333414865
116 33.04591630675688 0.23320210246687167
117 33.31612518537514 0.23363098321707476
118 33.67974233242728 0.23312907531209737
119 33.53406089580044 0.23401011032712518
120 34.85238598482246 0.23257907390515953
121 33.210373942162164 0.23100497756584706
122 33.78628484465795 0.23231471053530353
123 33.03196845092509 0.23120695001854227
124 33.95307053021949 0.23099248120758256
125 32.91545566259793 0.22992682734347084
126 32.170943623533624 0.22862456435788656
127 33.25406101543569 0.22858288920516281
128 34.4154980875433 0.22818558351894688
129 34.76837197144985 0.22688333167307617
130 35.58151313428108 0.22653829348251528
131 33.952434491714186 0.22533785852591057
132 34.61012778314229 0.22531215855155895
133 33.44231678872331 0.22550449711849888
134 33.02359975280981 0.22418107923899533
135 33.04921869421014 0.2241887550107928
136 33.471344111518626 0.22479139708207949
137 32.848918944774326 0.22420335134225647
138 33.007621317933214 0.22416635754147415
139 32.643768457005905 0.22219183236584902
140 33.06443096433763 0.22134362757644
141 33.21553551558773 0.21923102452846735
142 33.622381745170756 0.2178297561973277
143 32.65458712721447 0.21849680732613722
144 31.928617073307358 0.21834204826587633
145 31.76554854443916 0.21742774590349132
146 32.36272742732778 0.21625965168445815
147 32.928918209401765 0.21567358737975453
148 32.539352969353594 0.21592464293239952
149 32.08844476673994 0.21439446529892478
150 31.46781488302365 0.21256680924105745
151 30.78157922179267 0.212740975064864
152 31.67673326354268 0.21262939605933687
153 32.95409347680213 0.21302232735072368
154 32.54395793733502 0.21274756294531016
155 31.420850713510987 0.212027805332781
156 31.628867398321724 0.21225389694420152
157 32.73738004370516 0.2108392610463269
158 32.360090034632776 0.21034859566440658
159 33.14702105763972 0.21054185597231223
160 31.925277513467556 0.210373186628691
161 31.88137627910909 0.2102897648398734
162 32.136785895878916 0.20895650545885902
163 32.0803640265614 0.20874487025421465
164 32.49092155858692 0.20748295482399556
165 34.129355608742756 0.20805418560020797
166 32.247183215849965 0.20727876232224451
167 31.336076134964127 0.20871347797454579
168 31.727707318897366 0.20887553344568346
169 31.329091275865075 0.20977748244290728
170 31.91615427387334 0.21046526000763185
171 31.114925056430316 0.20907716461188128
172 32.53374685188243 0.20915389496004058
173 32.48551861202822 0.2081399777248808
174 32.563496537306165 0.20783580982603791
175 31.915901873529293 0.20756257072721054
176 33.782711203792914 0.20584695335661782
177 32.87046081127605 0.2070554099121228
178 31.799341380185048 0.2072048969048785
179 31.821670365171396 0.2075585692521602
180 31.965643479917823 0.2064927201991985
181 31.030108791078234 0.20667723720725464
182 31.13155558362253 0.20567244136544383
183 31.13881618624444 0.20518956188278326
184 32.5225986462935 0.2061891104006235
185 32.09389042776924 0.2057861350676078
186 31.073217171045673 0.20543295042241705
187 30.45347494313473 0.2060358949403939
188 30.752518903277586 0.20474695698337952
189 31.446197683360786 0.20417465837287538
190 31.321826062622968 0.2044998294413305
191 30.632987996435048 0.2047673831891547
192 30.770966111490612 0.20447665489789366
193 31.856425204771053 0.20407983550600362
194 32.1870849218228 0.20392142494883028
195 31.188672288460484 0.20269076456275506
196 31.491255373074814 0.20344752863577567
197 30.833445371175262 0.2034429432943047
198 30.469723963029587 0.20187974370318437
199 31.498144145926787 0.20182516919088092
200 31.103509252002215 0.20278269945093666
201 32.70197524194283 0.2023823091165489
202 31.70407173663343 0.20261019682605766
203 32.18625344875238 0.20161353901301438
204 32.23542644674555 0.2014801423631186
205 31.944327270437306 0.20167453658434487
206 31.427746422126 0.20315119417244587
207 30.936569023677173 0.20119638564254397
208 30.289585575456936 0.20121425541836505
209 30.606786555115697 0.2010548311213969
210 30.30733644463539 0.2003129923806537
211 30.989991295909626 0.200111486918119
212 30.79879519908506 0.1991711364938018
213 30.788406353761637 0.19824841960337944
214 30.924120518663436 0.19796161099071663
215 30.95997685831182 0.1977089700846838
216 31.431042098743582 0.1970473104477485
217 31.4855206929644 0.1960900360521273
218 31.31499273135053 0.19603189049640865
219 31.196317439979403 0.19625443487098929
220 30.789721889678837 0.19636128738006664
221 29.84499737977786 0.19549346210456467
222 30.134224909419515 0.19606367437545438
223 30.069539672997507 0.1964642399198339
224 30.41561880138842 0.19603740423539895
225 30.172297567390622 0.19656110397979284
226 30.922149084855043 0.19674498460284395
227 29.77182446057359 0.19824350940796798
228 30.450544510017295 0.19716631036905152
229 30.128212522361963 0.19742509412478967
230 30.38761921981688 0.19721517540933334
231 29.807265602982685 0.1957294109166086
232 30.443449675491138 0.1954999763723805
233 30.007440873010424 0.19590856012236
234 30.71009487275911 0.1952556190088545
235 30.786553336893384 0.19430628106586512
236 31.166386639303987 0.1931319671580717
237 30.582615270212145 0.19253238927093988
238 30.42160427668598 0.1934237487529585
239 30.158604875957536 0.19322119050743347
240 29.007212734085726 0.1935781482743971
241 30.150468257384738 0.19298570476873037
242 30.118468894781365 0.19270416425256756
243 30.037890847430816 0.19182520052069776
244 29.963616816304267 0.19191647827750913
245 30.618133372200408 0.19102837673010273
246 30.050296902180726 0.19010860090714723
247 30.262176070307042 0.18975461065702517
248 29.92148519370098 0.18870182853370485
249 30.482913640167887 0.18856606562380387
250 29.661887462265753 0.18796287537755174
251 29.993391156900564 0.1879453843844389
252 30.055535108212744 0.18810687147453628
253 30.65383603818406 0.18731290334151562
254 29.850627878618695 0.1874425428344504
255 29.274954128536617 0.18623176559706234
256 29.56944915551368 0.18583503298177773
257 29.4326535509191 0.18554644028122422
258 29.458171318047043 0.18644624635147064
259 29.590520604772106 0.1868907480660985
260 30.11346527344942 0.18730804252618613
261 29.655732382187452 0.18618228962531025
262 30.23850564185412 0.18508347976382256
263 29.18207980142192 0.1858313335443665
264 29.325058804340927 0.18468069463636902
265 29.985076353532357 0.1839999997187829
266 29.560200939617843 0.18452123580317084
267 29.87764109098319 0.18488271918275925
268 29.992634991020434 0.18466145744366677
269 29.957982933695384 0.18543632686874087
270 28.870868515641256 0.186026461592837
271 28.804236330679593 0.18542206941685846
272 29.622636704929022 0.1862229004257799
273 28.90330357374362 0.18577878020586938
274 29.68017824386265 0.18540282593543167
275 29.807608552633287 0.18605649327055648
276 31.553054694536108 0.1869257294509908
277 29.626774631226795 0.18734010201827023
278 29.808368985494184 0.1869938162362547
279 29.062315380490304 0.1864038375478613
280 29.257702403381124 0.18751789388151197
281 29.924884353374228 0.18669798159429996
282 28.92678676253606 0.1866886038069043
283 28.705603248423266 0.18693551681756046
284 29.199503561675215 0.18735415688282964
285 29.540613448747052 0.1874595193442442
286 29.58929777035216 0.18745893513159329
287 29.130751979941152 0.18614441215855973
288 29.457316471511525 0.18531322259301253
289 28.807594413220336 0.18472762789389655
290 29.137231823025672 0.18569269278054593
291 28.979286199077293 0.1849550400654362
292 29.30175878773668 0.18455729607567606
293 29.303898969742324 0.18522659628110713
294 28.94406124960632 0.1845196179077877
295 29.06751465748047 0.185394359487942
296 29.025050662744214 0.18557797742220375
297 28.805333166880352 0.18521387085833738
298 28.646916364757928 0.1852477401656726
299 28.845251975039808 0.18419501863172957
300 29.077302228135082 0.1839416959447766
301 29.413017919314314 0.18352948225299667
302 29.282679458047866 0.18465579286401004
303 29.305725654092356 0.1842040850467045
304 29.520943806756023 0.18378134356844425
305 29.30643073627585 0.18274160795314365
306 29.37540477410803 0.18274409743563938
307 29.64954957569509 0.18318690935002635
308 29.41066993608238 0.1833271560305576
309 29.255652529410177 0.18248698434464308
310 29.06188289977039 0.1820600345707194
311 28.46232519600091 0.1825399166606675
312 28.462513898779836 0.18161785921494475
313 29.050980729977578 0.1812777206369792
314 28.804355027208697 0.18083238255242726
315 29.718832686990645 0.18075077948304166
316 28.775493305858994 0.1806110368429347
317 28.333184790061008 0.18169275612479918
318 28.5852005240068 0.18112832992833897
319 28.819803874406947 0.18160874154991677
320 29.14717788444883 0.18283110426289584
321 28.459380028016046 0.1821352974769359
322 28.860546888356097 0.18297318556512918
323 28.404152809743806 0.1822658219168931
324 29.139752267442198 0.18198543036862092
325 29.03699462427837 0.18219337904322433
326 28.67757467143268 0.1818581484307611
327 28.76889020240958 0.18121211534243695
328 28.79171928721696 0.1813122182136213
329 28.982070303267 0.18054737899139686
330 29.326297127875968 0.1805074372769234
331 28.820961812681983 0.18160104713094458
332 28.91675432841325 0.18240122585711613
333 28.545239278527838 0.18218071149762674
334 29.103156403846754 0.18250170084573059
335 29.1368609205808 0.18241246563710536
336 29.40435839839674 0.18284470963156915
337 29.44123855937424 0.18316526660153742
338 28.867961737732898 0.1828885468121677
339 29.127937202127125 0.18277926043885806
340 29.540302350137935 0.1831046894058712
341 28.955254553913093 0.18239719614411465
342 29.101459225494597 0.18270460905302296
343 29.238767369526684 0.1835336139812123
344 28.74598253830522 0.1832964369021168
345 28.998454991187202 0.1843377023720302
346 28.991939800963927 0.1843473237870339
347 28.445042869415353 0.18468642498589005
348 28.574650404467377 0.18518112689986488
349 28.58599200247005 0.1845675374451333
350 28.724532163240454 0.1843521942571478
351 28.768957983143757 0.18447008573810697
352 28.332111193039765 0.18377669209796946
353 28.52093552453414 0.18440819131854172
354 28.91553038155476 0.184141456975181
355 28.24953567171159 0.1833903612312259
356 28.730477765313537 0.18254769638555735
357 28.731743803673076 0.18145791663429187
358 29.38444835084594 0.1824274818624938
359 28.350444974300533 0.18216213454333793
360 28.29457356665366 0.18275404179652255
361 28.31055570197459 0.182971328676051
362 28.47197295726053 0.18250479106570816
363 28.356572534991578 0.18251088276393715
364 28.503662464966478 0.18178188386224411
365 29.199081961157262 0.18128048240806005
366 28.662015146232715 0.18035963666748114
367 28.96333012577722 0.1799180925446305
368 29.05023644721019 0.18006296490253995
369 28.03865988282153 0.17999376715399215
370 28.429501804762154 0.1798742431861253
371 28.81086449230669 0.17965156049078235
372 28.80150590680549 0.17963744907803184
373 28.45719755018948 0.17931642073934825
374 29.55485526764796 0.1786797357630251
375 28.67177268905509 0.17861400516351197
376 28.453026554892052 0.178317372983087
377 28.928295036512495 0.17899745231502381
378 28.654101793653325 0.17911052632955315
379 28.114206923644655 0.17946761637186212
380 28.526884738949995 0.18001917728573244
381 28.31255831851786 0.18072915561597594
382 28.98877407868907 0.1803928650525005
383 28.90443149611024 0.17985586025085767
384 28.81470503693331 0.17977674867303448
385 29.181496114318584 0.18025511349608858
386 28.632634763956975 0.17998256815820982
387 28.82528015125786 0.17994573137805348
388 28.483607698471495 0.18029080807285638
389 29.077047325712208 0.18052652570869676
390 28.97508547067522 0.18027409818823503
391 28.934206098097444 0.17971406665441822
392 28.55948984867082 0.17895929992682727
393 28.7607938933001 0.1784765929356403
394 28.959920552082487 0.17893318909919778
395 29.35753325406062 0.1779250713142989
396 28.52851916281761 0.17818470303407818
397 28.514857001860285 0.17831875734352498
398 28.228703445698258 0.17870517851760157
399 28.087727902616834 0.17854993451620838
400 28.443519773535414 0.17950796546156364
401 28.47273681841571 0.17920486930601198
402 28.40439246982104 0.17879676391251106
403 28.47092486521116 0.1785986972319691
404 28.09988862403887 0.17809161432370227
405 28.01123726836346 0.17790292028373036
406 28.34511143035409 0.17842595336543585
407 28.327693917497168 0.17945506559927313
408 28.378317074996737 0.1792750061679688
409 28.438061002551002 0.1787524092334679
410 28.443656497265227 0.17919362235649028
411 28.44320681959109 0.17926042650516646
412 28.052849632796576 0.17935308889259896
413 27.94012160351234 0.17965178370705362
414 28.602692137588882 0.18015110238813306
415 28.062015780503472 0.17996417025485598
416 27.796428351989462 0.1800124002184087
417 28.10000275555941 0.18032909327075353
418 28.295014741391785 0.18112903505643022
419 27.42429142910079 0.18125129262750772
420 28.182899303794155 0.1813260131578236
421 28.51618880257751 0.1823581472441731
422 28.090690691498253 0.1825663965901647
423 28.353715776081664 0.1822799388901679
424 28.30349195419527 0.18223405827618425
425 27.782126954556464 0.18178087789382638
426 27.92448521664776 0.18171467985650339
427 28.182708993865194 0.18297867770071577
428 27.597239680299957 0.1829218623502643
429 28.15072925995269 0.18228450878604321
430 28.256247778160883 0.18195373314090943
431 27.692027128179916 0.18126158030804154
432 27.792330565235474 0.1812950234643803
433 27.87155764921991 0.1813203700234729
434 28.100749860642324 0.18085089652637298
435 28.296624033317954 0.18027291676204346
436 27.806961520748512 0.17951698035077016
437 27.674256529906245 0.1789794332397768
438 28.125754084426802 0.17866358925078904
439 27.499483327349097 0.17853887093195428
440 28.085611422677324 0.17842011064694643
441 28.205890274034743 0.1779221813204123
442 28.067213648377727 0.17732664292238956
443 27.67909723317085 0.17735191468854042
444 27.617846885179887 0.17779231188945377
445 28.11992608754955 0.17818991500876125
446 28.331505708809317 0.1777620112082077
447 27.880704460894194 0.17798941204567553
448 27.663792479875944 0.17741546679489992
449 28.23087323277582 0.17780063608790556
450 27.706500159150735 0.177397635405007
451 28.032029666108798 0.17749847684171013
452 28.107209476571597 0.17757203025064708
453 27.83993127549401 0.1772207869301522
454 27.557485059349293 0.17738216774193086
455 28.37892332945388 0.17706638383449946
456 27.834601354977668 0.17756471127130768
457 28.241146742169384 0.17747442881236344
458 27.945828798470057 0.17766165101796613
459 27.89384427160309 0.1779567067664752
460 28.16941791084865 0.17814339551837455
461 28.215159589485673 0.1782781272692444
462 27.81920762277008 0.17788024643032307
463 28.488788289141183 0.17823151729070694
464 28.096242164657504 0.17731120822253077
465 27.628793096551966 0.17655744676055277
466 28.0565603714138 0.17689361708818643
467 27.73242152285099 0.17651620313633173
468 28.147396445051257 0.17618398167086036
469 28.25637079838198 0.17591421470591637
470 28.26710419360989 0.175910378537949
471 27.8678722699784 0.17564136575141678
472 28.016461776938826 0.17598098780495663
473 28.323054722464832 0.1757981882908899
474 28.086894217821786 0.1756209871053737
475 28.400638811894698 0.17603751354750052
476 28.32294682073698 0.1756805186798347
477 27.603527298490597 0.17566241222772136
478 28.36424338875677 0.17563617568871548
479 28.284402870886076 0.17563631679345196
480 28.039483761023725 0.1754457223105906
481 28.212875766232237 0.17566402917582194
482 27.978849373631867 0.17547828415498898
483 27.853883399912032 0.17512496142245407
484 27.697583444687847 0.1750245985762846
485 28.003110983797576 0.17479581033487968
486 27.915071410559054 0.17459467222352568
487 27.900881980905016 0.17446546944416022
488 27.87508738829036 0.17409831557555097
489 27.55719583569877 0.17370274932005414
490 27.53450467405476 0.17377407328292302
491 27.721589064984762 0.1734687845988351
492 27.460845565086487 0.17306782422014455
493 27.804812578904695 0.1728342319336107
494 27.819308891196016 0.17251041113263818
495 27.64835874491463 0.17217365278814448
496 27.95639379751256 0.17264286075631094
497 27.726796074163033 0.17289583651489404
498 27.616165913816275 0.17323430946212962
499 27.784832735905944 0.1735357813050462
