0 108.62057329212173 0.30056255425448897
1 117.83505371948084 0.3013070899150464
2 105.97942272669471 0.30189035291666266
3 106.72099329757006 0.30217968381238974
4 103.78691139358958 0.3023648574966104
5 97.96886901389263 0.30097298754372964
6 92.5665482396311 0.297767017195321
7 88.13188676547898 0.29580351629073626
8 84.03984305313246 0.29583263799075227
9 83.24187276944309 0.29777597096153374
10 77.60932529736863 0.2974504400135407
11 72.96471113890351 0.29704444239331407
12 75.51165210792817 0.30011490781409894
13 73.38273595492419 0.2982912372289232
14 77.24887433669278 0.2956947693952873
15 66.252231070807 0.2951629824068982
16 63.161530131510574 0.29406041157833895
17 64.25628008105144 0.2918488910006003
18 61.31239062347889 0.2904693100247328
19 60.01293022920069 0.2907516691594782
20 58.39251239716313 0.2905904260795802
21 51.71524454639294 0.29019962786043646
22 56.37238927513866 0.28869539320395193
23 54.12796049746916 0.28834015433985577
24 56.41793086892649 0.2884022931385647
25 56.04624891640739 0.2878311696719292
26 50.47922941723479 0.2874956002796815
27 56.25831580788517 0.2832308996895369
28 50.96448470905927 0.28188957375786733
29 49.77608609645257 0.280701603389278
30 49.26281348823571 0.27858595016935817
31 57.37276591185281 0.27646711900307347
32 51.80018402287392 0.27592804494435
33 51.31642297272182 0.2735511461121533
34 51.124426091180794 0.27020147468981076
35 50.12761523160644 0.2703036320282201
36 53.04572330384185 0.2740238264511617
37 54.925191858098145 0.27181147658700566
38 52.897626851836456 0.27119259341248986
39 50.86617615603167 0.2729642499744857
40 54.91144993219792 0.2735351189126387
41 52.748422473632274 0.267942338238026
42 48.29164378088609 0.2675015312669316
43 50.82661202154664 0.2639881026597685
44 48.57357995260887 0.26211130313629044
45 49.81532750387813 0.2603330314160371
46 45.39281933039799 0.2580987851507538
47 49.96072087179298 0.2574998068839809
48 48.75210475667422 0.25795289613893585
49 50.871080863645304 0.259956289262942
50 47.578778274710814 0.25912327337913493
51 50.664913259713714 0.25863071110458064
52 48.046127740042905 0.25865456273632353
53 52.48149213077886 0.2569582156587773
54 47.191579493693865 0.25505753520789265
55 50.046384612106976 0.2539044795371382
56 53.081977199711204 0.2531299458537189
57 50.146161484621956 0.2537899342968624
58 49.450727597864315 0.25247961952949405
59 51.67635017314107 0.2508216802157283
60 48.59828116895973 0.24946272439087203
61 49.17367392457932 0.24682200481943983
62 44.96913783024327 0.24779928895839584
63 44.983587883137574 0.24706523676542705
64 44.89732883504756 0.2472177171438418
65 46.95936827838648 0.24638864499310972
66 47.07420799855839 0.24441891058144397
67 47.37952740264073 0.244848381118329
68 49.03395489207879 0.24466124090800878
69 48.12402323962351 0.24277094979050595
70 50.356425450493994 0.24269075102287882
71 47.49035592693735 0.24456983801793006
72 52.18185654149643 0.24559831784265188
73 49.77622654492252 0.24688932525802967
74 51.807518749649496 0.24696100100723115
75 47.8218686056416 0.2480458064464127
76 50.86362296545103 0.24837113424813984
77 49.992408384099846 0.24730218483328134
78 45.50107050638339 0.24840673868947452
79 46.66506130059864 0.24969442344746526
80 45.05441360922573 0.2491161519004864
81 46.62632268720989 0.25056687044294784
82 44.5090530782539 0.24971973846011586
83 45.23417420819142 0.2503136041916036
84 46.97890811785422 0.2516561548922387
85 44.74916801063348 0.2523173900909988
86 43.042623422333676 0.2494316123945531
87 45.53026367354262 0.2491689745665325
88 40.87248709529338 0.2489733778230648
89 43.46856269792028 0.24849904399493863
90 40.94298338303622 0.2499824963137867
91 41.08491560382919 0.25147810420483857
92 40.42804093176188 0.25020285452422586
93 41.660967892801324 0.2493409932431185
94 39.82676244559164 0.2491798012098728
95 41.31679798221276 0.24988498641101212
96 37.43756810668121 0.25013039505681106
97 40.82787938791091 0.2481202762391664
98 40.926452068750265 0.24749563712110723
99 40.99900152431297 0.24726522306989532
100 38.87003290021565 0.24750234641683846
101 38.73263741825994 0.2457030247143145
102 39.55453848722054 0.2461900085102813
103 39.5872940644949 0.2442805290576886
104 38.437558854638496 0.2425860132429294
105 38.896874464935564 0.2448891415684339
106 40.120321517333394 0.24249608068927234
107 37.87476192042962 0.24131054216454237
108 37.5143166266476 0.2395190298546678
109 39.676410856056094 0.2393709634142729
110 37.36026024925426 0.2363945466077834
111 38.8937365755974 0.23494187001645694
112 38.46712347528738 0.2352450672471428
113 36.64786496755473 0.23509936501883755
114 37.76573013077655 0.23618668270563156
115 39.6720861661644 0.23571919360059082
116 38.53376576096798 0.23551717806708963
117 38.4572320078874 0.2352325887827252
118 39.39990667640322 0.23513407065890993
119 40.67484520067521 0.23483083714064526
120 37.63868366884011 0.2345134511226168
121 38.591429464490005 0.2347675926589224
122 37.437452554872976 0.23416969737789084
123 36.399107966447914 0.23398645943362525
124 37.87722531115591 0.235482463521583
125 35.71597891195281 0.23648817502562502
126 37.150014104606996 0.23589067043571368
127 37.01943045525757 0.23606929086238546
128 34.108527771561384 0.23604261988575695
129 35.63691840557469 0.23510133457540217
130 34.82820238749688 0.2360390379102597
131 35.28565410135289 0.23592473363994315
132 36.039517253286064 0.23506672731174535
133 35.97472182604909 0.23432427324845198
134 36.68070942327171 0.23398780325281457
135 35.91163226393367 0.23225960092710332
136 35.25544610864251 0.23215451409369736
137 35.13331105195198 0.23205346645898572
138 34.303274188689414 0.2323308279816365
139 35.49740208031248 0.23036835658758506
140 35.65126672981544 0.23102119790929607
141 37.55025372976546 0.23070412471027887
142 35.33177561861878 0.2305124656466099
143 35.47678104883183 0.2292292910094159
144 36.01581636770072 0.23034005149182932
145 34.6900257384035 0.23144715186786038
146 36.73167883191555 0.23115098895246763
147 34.320628863334704 0.2306885417011797
148 34.722079758400184 0.23020752566645417
149 34.33230902327933 0.23117828810919036
150 34.42898477347002 0.23192093980746176
151 37.46981338847198 0.2321228691681226
152 36.90543979110781 0.2326716603221546
153 36.39954298565917 0.23175214228368857
154 35.10475724803162 0.23203664599196208
155 35.28240736782635 0.23303940124534495
156 35.17331676894976 0.23264113316081944
157 36.66185723925018 0.23103344392857106
158 34.75459030666612 0.23172388123375995
159 35.74816794817261 0.23184512711864472
160 35.48140831941167 0.23150358530910128
161 33.85571820835696 0.23202201396074615
162 34.44233774450939 0.23330707660069283
163 34.042152372479954 0.232715181420716
164 34.0377226565239 0.23107386866487403
165 33.99305845027861 0.22997710140317937
166 35.88833932324201 0.23015535830171197
167 34.93104956498858 0.2303764759416422
168 34.4874391937409 0.2297395784306129
169 35.25447105373638 0.2287385895881001
170 36.26233168844199 0.22857930627274414
171 33.98021627732302 0.230296468276919
172 33.85614217971258 0.230016654574185
173 35.22274464900043 0.22789728711730917
174 35.17204558852393 0.22833210358473574
175 35.03088558839562 0.22874850271339311
176 33.61274674396244 0.2279301629978816
177 35.06955445729723 0.22770264468130405
178 33.61716573322404 0.22708623691824656
179 33.78761907548669 0.22623349470054185
180 32.38402580501358 0.22678665387406874
181 34.593337457681926 0.22862359827033774
182 32.660489422578735 0.22819146666298737
183 32.993767949600766 0.23031488267033615
184 32.80536745463333 0.22985245606412516
185 33.08203293125558 0.22977855473795197
186 32.55836456227755 0.22911140228445967
187 32.78860682566872 0.23057590218070334
188 32.45566757427601 0.22973646874724474
189 32.01310094414461 0.2300856601517173
190 32.43885311535432 0.22987188591851848
191 33.505267972577464 0.23011402925920055
192 33.00563036142782 0.2289838173241565
193 32.41387789101535 0.22899189815669585
194 33.63806147182957 0.22999859194983738
195 32.950160305976254 0.22971913612707193
196 32.823776413330556 0.2290892012259399
197 31.78276462890892 0.2300792586780498
198 32.611876029022056 0.23042507675439203
199 32.10050642382335 0.230402237504831
200 33.02551200070434 0.2303286559833663
201 33.36995668443022 0.23031763033950772
202 33.08040139373067 0.23104967415826153
203 31.789831036904854 0.23191973422744624
204 33.59286004481089 0.23270045479987544
205 32.20605696159019 0.23243803767972895
206 32.32553956254844 0.23075559485510588
207 32.17944128787071 0.2285408711884247
208 32.773709472455096 0.2288123145443872
209 32.51433584718448 0.22966516094636924
210 32.877436164516595 0.22906351455223006
211 32.39619733647151 0.22844449342196727
212 30.73606928808976 0.22817308014450233
213 31.934879584935857 0.22850729647014068
214 32.45928250705705 0.2273404696663325
215 31.681500256573365 0.22704664237720615
216 32.553723646055566 0.22733886509476928
217 32.417048318906666 0.2269727876381683
218 32.15856062135839 0.22722246011395983
219 31.318603382327883 0.2284796947806532
220 31.65721141468658 0.22891850880215794
221 32.17562915317607 0.22716281314615275
222 32.21764433380155 0.22546528806649788
223 31.311259851066552 0.22548411489279285
224 31.453363281232257 0.22608113712585687
225 30.98781841150732 0.22591458473747292
226 31.759602788615197 0.22704818680109562
227 31.150371949997464 0.2266184518847538
228 32.04976297580747 0.22632487916234342
229 31.72663322860361 0.22532410026791605
230 31.9258479797139 0.22363410501673786
231 31.7680460065296 0.22415326102302227
232 32.135937892901275 0.22458168061573447
233 31.129084322516754 0.22418863648007625
234 31.31601864281081 0.2252293548554715
235 31.10483562852132 0.22616912077828108
236 30.96538649399544 0.2253914560118475
237 31.648360507633452 0.2254766998817432
238 31.359018996603965 0.22641581252575907
239 31.155364724251843 0.22677934286729542
240 31.562427552696285 0.22559559638442153
241 31.385990742673812 0.22383672920031963
242 31.0131464194545 0.22421444670173538
243 31.203386242182557 0.22475919625474927
244 31.330809570969542 0.22235138824044923
245 31.000505743075834 0.2228523336720065
246 31.351439341033476 0.222327883137037
247 31.526952424596825 0.22111964487331584
248 30.946996261193952 0.22017439793651625
249 31.019227174314324 0.22016430528759312
250 30.45738410883522 0.22073081651190965
251 30.072011881908377 0.22021142544773378
252 31.25733160349205 0.2206624667466556
253 30.938404480493542 0.2211143060738884
254 30.922344817180942 0.220818992136917
255 31.721215200406693 0.2204453920108075
256 30.647292596806462 0.22200213939601743
257 31.074495652234674 0.22188208591163838
258 31.269384375531743 0.22210552207413584
259 31.797039381909972 0.22250723706043904
260 31.96707745280804 0.22127683408283771
261 31.752193498529145 0.22124189308575923
262 30.700384312550113 0.22082490130635998
263 31.269193568782637 0.22118792519955588
264 31.361611672555256 0.22190278609435385
265 31.678679051172317 0.22230971859714063
266 31.105497726751466 0.22231114066057078
267 31.12683339082661 0.2240234129941928
268 31.119225127717698 0.2241277759547251
269 30.924085841167063 0.22433244869416158
270 32.494281343919035 0.22517524800399516
271 31.63933410499249 0.2249821633021468
272 30.76244984904833 0.22459114819658055
273 30.738920340541835 0.22310913738412466
274 30.585093885988435 0.222598394344559
275 30.281030264368184 0.22226784648469144
276 30.503138572929384 0.22262894921904142
277 29.822162455306007 0.22247388546525548
278 30.10696797867459 0.2230175855637048
279 30.464830692929826 0.22325816058345227
280 31.439996386254144 0.22374496282441445
281 30.58788266028475 0.22430825854591285
282 30.471893266677007 0.2241981142383174
283 30.416993009473472 0.22430915485604178
284 30.208444926786505 0.22521024265710465
285 30.428041501836173 0.22636951986940768
286 30.21207355058072 0.2265117214200709
287 31.13564977103674 0.22531562009785258
288 29.755986580611648 0.2243239479981796
289 30.54320085675029 0.22429410315092077
290 30.367307717360553 0.22410396041140476
291 30.862885445336577 0.22449610865889502
292 29.97237309246252 0.2249215122013969
293 30.425381162131906 0.22478385916310903
294 30.004418053602265 0.225552566280428
295 30.521476672152893 0.22532637690106525
296 30.140791941048235 0.2243844852702985
297 30.64192895942213 0.2230564536467509
298 30.684905621148197 0.22178790001816473
299 30.081694491555474 0.22104103650347595
300 29.642764045826457 0.22065653700648713
301 29.808361510240125 0.22067850369983377
302 29.936685655674296 0.2207966870050397
303 30.47042454698124 0.21977556927274677
304 29.596664466251248 0.21872495729281669
305 30.64367046123097 0.21934674334631263
306 29.980102841003216 0.21734906245607646
307 30.404397415354083 0.21776213712665035
308 29.510536493958913 0.21846663135608338
309 29.900300294217935 0.2178915716061336
310 30.46391220852543 0.21875015971476294
311 30.12439158347223 0.21947567410613214
312 29.475679720416863 0.21989067643767193
313 30.04593465237815 0.2188885158520014
314 29.546228046305885 0.21880731101402132
315 29.792106754976928 0.21976374792822165
316 29.16702060745581 0.22031862414094763
317 29.98454882835121 0.22108483304398455
318 30.26702901233246 0.22038711724316018
319 29.688804456021842 0.21940904317716722
320 30.06859895259045 0.2189214043392903
321 30.828783455329397 0.21954759925406866
322 30.173358491558666 0.2187864752131122
323 30.272804138468153 0.21955322240550346
324 30.262173196072123 0.21883849921678647
325 30.154833824773043 0.21834390477334895
326 30.038371337705783 0.21918089762796186
327 30.206404245455133 0.21989614355764
328 29.93538495036175 0.2198104697593585
329 29.784885084778914 0.2195245749822851
330 30.44838316160788 0.21958647979899293
331 30.234887258147264 0.21967038673534453
332 30.430097211521883 0.2201918224329106
333 30.4952158207643 0.22071186616521946
334 30.70925831351422 0.22166437438459652
335 31.0256004311896 0.22165977266546052
336 30.098255816449416 0.2210145327171724
337 30.04667701749903 0.2211113321508853
338 29.942510450578087 0.22207905426462873
339 29.785859685932206 0.22208770437230108
340 30.275234208105964 0.2230911650948293
341 30.18192446197189 0.222092920713962
342 30.157974600638425 0.22213907432451396
343 30.35727307756164 0.22281856648391032
344 29.940947954928465 0.22126992656967528
345 30.338387298323603 0.22183990475274262
346 29.996496510234785 0.22019128400495083
347 30.1680884078294 0.21956975159898953
348 29.490988668055003 0.21975013568931437
349 30.45787514913868 0.22101946345169307
350 29.867666863273662 0.2218001108166852
351 30.32954070183017 0.22167779468244594
352 31.017716482397304 0.2218874474582544
353 29.343700911185984 0.2223614274804302
354 30.122328429069828 0.2216834399063341
355 29.948500016412122 0.22040876853830807
356 29.90412406693857 0.2204986788640381
357 30.34394814013016 0.2209817478920902
358 30.40203570800611 0.22070916065895893
359 30.33318860738101 0.2213117737479874
360 29.996250555110006 0.22171793605464404
361 29.88446103444835 0.2217723014302934
362 30.040038730406444 0.22233692712731098
363 30.61986083262417 0.22346076660734507
364 29.760188161903564 0.22324772543606844
365 29.776440192018782 0.22260424566480075
366 30.34315208445335 0.22363457126562072
367 30.15702824303019 0.22353410038010893
368 29.583939543892285 0.22314058803056583
369 30.209969897847287 0.22346644969150964
370 29.727609084683188 0.22376991045384054
371 30.126246368054986 0.22323488857033413
372 30.084567769541323 0.2243968191615117
373 30.025187071197735 0.22494957254582928
374 30.020779882057113 0.22505683499622023
375 30.024810649239313 0.2252417867099659
376 29.81673677304167 0.22537546946268242
377 29.94271432255998 0.22475455481140957
378 30.035999521026994 0.22322773182446973
379 30.376355881988417 0.2232260281499019
380 30.484584390292927 0.22352202374451732
381 29.782173764032095 0.2242266424919335
382 29.50101808063395 0.22417649898318778
383 29.515309123468455 0.22494170897914653
384 29.59610983961187 0.2255487441701014
385 29.944187346111164 0.22574715510487042
386 29.822667513793615 0.22624717490435028
387 29.74126254896158 0.22500046685317457
388 29.481061719279303 0.2250522104075107
389 30.234322173147472 0.22501052700635227
390 29.70485004845049 0.22405707695079932
391 29.443397776335974 0.22357890034812136
392 29.6897403063565 0.22327321660230193
393 29.368939485048493 0.22273349375533738
394 29.371466766853338 0.22262159490046796
395 29.130288777953965 0.22252324155064207
396 29.647851446799912 0.2230430727716104
397 29.3958988539641 0.22262533056931497
398 29.877487150596686 0.22104969027772267
399 29.831459888756395 0.220153886812449
400 29.678291432511937 0.2193710251594906
401 29.78967519513099 0.21873542906042132
402 29.69512788775947 0.21929141726070442
403 29.557420294136836 0.21814332583577398
404 29.89832348794607 0.21752877157975023
405 30.06733075314694 0.21681937090391612
406 29.798541975678233 0.21763338043854089
407 29.746920402208907 0.2180252332975662
408 30.088985892836618 0.2185266459637778
409 29.937541325532546 0.21751366578205156
410 29.605831662366544 0.2177469874761314
411 29.36863842017504 0.21724272017803914
412 29.349854095376458 0.21694499506955744
413 29.03551891471529 0.21670210947693844
414 29.401587669432082 0.21721457897207877
415 29.639710133101918 0.21641407158944806
416 29.38609150495652 0.2164994530999926
417 29.02669692455312 0.21617018766536245
418 29.15528398820043 0.21632043771068332
419 29.273563057331398 0.21546400988603312
420 29.60771559761976 0.21525510456945782
421 28.78136637782594 0.215964304619232
422 28.885417325156745 0.21633826023612115
423 29.128989556955617 0.21654915798460184
424 29.53777043002735 0.2165077988039034
425 28.96229668868945 0.21634659386457286
426 29.545135159583936 0.216224663194991
427 29.39719650743786 0.21633152476309947
428 30.40388247435756 0.2165432227755777
429 29.25793647596449 0.21616828353799392
430 29.041846348236664 0.2163592920514469
431 29.88404916565382 0.21695748439518672
432 29.26585729718782 0.21665634893375044
433 29.66229064077093 0.21753381615721237
434 29.436507171679214 0.21774802311134525
435 29.137262910117368 0.2176108649889272
436 29.424708386844813 0.21830856237869978
437 28.83587143994607 0.21793987709382204
438 29.33788840737371 0.21834421648273503
439 29.915366682812646 0.2176613342832022
440 29.168961163446163 0.21739711229600575
441 29.20529910051801 0.2174523256932016
442 28.547517288585954 0.21750958630773032
443 29.263485378734583 0.21782972180179883
444 29.53073368364852 0.21847574091177957
445 28.92061036963202 0.21818455601100709
446 28.9484784972653 0.21805853751392393
447 28.84270603827448 0.21880999731136308
448 29.340237601529402 0.21916378165381292
449 28.947782839423873 0.21828820285098946
450 28.873108170668992 0.21784513586974544
451 29.931955777657663 0.218372755312173
452 29.63050306929638 0.21735511811782035
453 29.456207025061076 0.2175673701300566
454 29.522387018559094 0.21668580074656507
455 29.122902210511644 0.2160881673079019
456 29.490164552751754 0.21692320396164944
457 29.12169175743456 0.21627767907504644
458 28.89133774241919 0.21594504573746823
459 29.13428842104931 0.2157442636427159
460 28.56423428371533 0.21519001248756664
461 29.017935848825427 0.21577639655792
462 28.90866054194187 0.21614965987799392
463 28.95184783070907 0.21617580399430666
464 28.9377203220462 0.21599459693863934
465 28.956270836280115 0.216117414300571
466 29.66101933032722 0.21597377036892992
467 28.92862395706396 0.21568077987413878
468 29.052416785857027 0.21546043393895656
469 28.874383159928037 0.21595775181553858
470 29.601778812691805 0.21623466718278025
471 28.488036649522606 0.21666862249387117
472 28.370958781337134 0.21659562026516485
473 28.372378608772777 0.21723341948163424
474 28.89102154909621 0.21649042936633958
475 28.742848121690194 0.21633579977005649
476 28.219681060843847 0.21642733911530002
477 28.277964404064605 0.2157004095479144
478 28.249043595353807 0.21620329651580975
479 29.2771386815405 0.21641165479355207
480 28.761688992416808 0.2161481460671705
481 28.7680790916003 0.2170661786670842
482 28.587308936365403 0.2158493445205929
483 28.525067792457655 0.21581006371486047
484 28.13390493048595 0.2155874556742281
485 28.649479061632505 0.21537358792423208
486 28.591430907129624 0.21611680457722215
487 28.2622692406039 0.2159679522255867
488 28.6298710621873 0.21659161524614257
489 28.329908578413566 0.21647288517622362
490 28.37683805591427 0.21683947101496268
491 28.297613278029246 0.21701690183615507
492 28.225684353872452 0.21678882733264473
493 28.554316250389473 0.21734536541605723
494 28.69767413066593 0.21784089062656187
495 29.308761855770378 0.21933684546356294
496 29.30060925421488 0.21927890052587792
497 28.740972500236154 0.21903257847623134
498 28.88570561093232 0.21953994926953033
499 28.5861215853643 0.21866703761224823
