0 109.82549972032695 0.30009375469594596
1 115.77838147068252 0.30061647352546145
2 114.46800287841415 0.30217308407227805
3 105.10810094925243 0.3022233661577489
4 97.63672680690703 0.301576978179468
5 96.09744844901795 0.30141173204484534
6 97.88154103020571 0.30143163883349855
7 94.44718266081833 0.30219974219641904
8 91.81469076554923 0.30247076359198827
9 82.741219059844 0.3018835151728712
10 82.39167576251694 0.30052406653713654
11 84.9255214497762 0.30084030297117414
12 76.48110122389957 0.2993752424608114
13 78.61565757818175 0.29688289250632965
14 70.32961463507067 0.29391141746872834
15 63.92559122948808 0.2919494330958093
16 68.45195536780255 0.2938142914388751
17 65.55054296405488 0.2916612766102134
18 67.10291905169919 0.2902681866676014
19 60.77859756897636 0.2909461340789566
20 60.320259485472555 0.29229700585279383
21 63.227349684564 0.292162641436039
22 61.018176751186196 0.2949109755695322
23 61.95709803851223 0.29570982139524055
24 57.621224615825 0.29591891965317096
25 62.50719894240086 0.2945446803811171
26 57.61472560517336 0.29293469570611214
27 55.00604594797879 0.29066692620116474
28 58.48948088258578 0.2881278308982358
29 55.67127672463997 0.28829751371458856
30 57.721494510524536 0.28826333561682155
31 55.51933596440513 0.28469165805058433
32 54.599509553644175 0.28436304520797334
33 49.9287470556897 0.2843380215073797
34 47.659389488895386 0.28310911250789306
35 47.5282956235733 0.28291040102074855
36 47.54699289290717 0.2811288218282477
37 52.76050018161817 0.28054443543762964
38 49.10924172212197 0.27827260135017134
39 48.18400562032194 0.27868852765621727
40 46.69172548341541 0.2783516152086801
41 46.96350743753272 0.27806207001974587
42 50.33026004365364 0.27640857827391946
43 45.65456902042219 0.27624127835839296
44 43.987266206411356 0.2733242262604582
45 45.03879132394047 0.2732034954629522
46 47.4130976124066 0.27522824883962477
47 46.434025139234485 0.2740762000591652
48 42.43245337865901 0.27274488283791143
49 39.298647702255764 0.2711763544927463
50 42.36216040712388 0.2722380324171439
51 40.52810913993763 0.26749859982129304
52 41.96399724783113 0.2654872327535553
53 43.35040243327168 0.2624878718297898
54 42.25269344619448 0.2591786710569722
55 40.8721013382156 0.2576266809490508
56 44.29733912302179 0.2557582737586759
57 39.53167722329686 0.2538733170743746
58 41.61657070716237 0.2534654981814202
59 39.53826701024467 0.25284987542172455
60 38.54473404261964 0.251144233794961
61 41.80609996311619 0.2523339240403137
62 41.67950146528014 0.25077649890506376
63 40.38383261153088 0.25109478290036963
64 40.29713189998611 0.25051391891281627
65 41.75682317302099 0.24821319832655767
66 41.025691012135404 0.24852629029437823
67 40.20531012480657 0.2473482938538044
68 38.25176654794187 0.24607353752962458
69 37.40570216551406 0.24470774561183095
70 37.513425418417015 0.24494616590785045
71 36.08273274115274 0.24351954124953923
72 34.71121874594085 0.2433565197103967
73 36.99728207732997 0.24263862838322256
74 34.814561009852284 0.2413293804369198
75 38.51059444167814 0.24222422646432204
76 36.843536546672915 0.24197342551456757
77 36.950978014013984 0.24207822514416996
78 36.74791614644222 0.24333506447298273
79 35.880928907255985 0.24395742576859783
80 37.44442328300566 0.24245291494096957
81 38.00664932383022 0.2422157818759861
82 38.872323000355514 0.24325417267968708
83 35.90517098754023 0.2413707301017213
84 37.45466449124835 0.24075381958091188
85 36.414924014707815 0.2397949138634774
86 36.08782481676403 0.23909089334074532
87 36.33114886780794 0.23951620906296567
88 36.3626418814776 0.23964785865426932
89 35.966521331936775 0.2381801181027702
90 36.1270127543972 0.2387190993144679
91 35.49337071247024 0.23983006803088103
92 33.878023759690024 0.23992828457512042
93 35.82170076688998 0.23895425979289964
94 35.718045408790076 0.2392723408649612
95 33.45974023985731 0.23884435553589067
96 34.01165532176974 0.2382779532630476
97 36.31363334897971 0.23491315188645026
98 34.43602623823418 0.2343456316881656
99 33.77468815029417 0.23418334586439146
100 35.53088712632929 0.2336374247068442
101 33.75624104334358 0.23570120781176804
102 35.79106433443456 0.23617455073776764
103 35.1047865536015 0.23671503880132316
104 36.04829449091038 0.23738123369897166
105 35.7703627845091 0.23530039596176763
106 33.81944242048798 0.23353923791437056
107 34.587055486965795 0.23184011594876253
108 31.815092239346413 0.2304439404937706
109 32.25192296300893 0.2307196555601223
110 32.74934850783718 0.2313236922920603
111 34.02910676615714 0.2311324255839308
112 33.72842704158785 0.23194536186352913
113 33.16646456831535 0.23161264654628502
114 34.94262340413022 0.2319476031827573
115 34.46562060101816 0.23059729615350646
116 33.07411302994019 0.2291195614064064
117 33.15076027906354 0.22993990218001228
118 34.514417423605664 0.229788834673167
119 32.379637483659394 0.22835444885725506
120 34.17033037788911 0.2263112343222585
121 32.68158699234601 0.2249074294534268
122 32.52600127364182 0.22428526275142405
123 33.11723006579189 0.22368005188863857
124 34.5005573283641 0.2218629524254879
125 34.32852890208497 0.22160855549866287
126 33.27867742603884 0.2224961968849545
127 33.00162184964284 0.22196760035117313
128 33.525227480178074 0.22114029048205205
129 33.431785972441375 0.22005441336653134
130 32.245142422146316 0.2193712098989539
131 32.58482107213034 0.21880493976014825
132 32.47599331353506 0.21776764619044883
133 32.09935825037934 0.21652816335652206
134 31.640727352583223 0.21662520114450967
135 31.623402662270564 0.21700511020470525
136 31.35296578889627 0.2176031215649995
137 31.26019325394906 0.21667528546679263
138 32.78181939764367 0.21634904924826526
139 32.748289491109276 0.21599968381368173
140 31.864207629598603 0.21588727790702342
141 31.72103780888559 0.21500215108937026
142 30.667282035114965 0.21574973325443522
143 31.693310967673504 0.21449123070410633
144 33.479462432908875 0.21386241846155288
145 31.099570572756832 0.21449688095010847
146 30.455139404623694 0.21244663761552793
147 29.978379585188513 0.21125201023622778
148 32.02614181635689 0.2106705923855008
149 31.45259772816589 0.20931987746368727
150 31.86861272827055 0.20870605978374765
151 30.446044364422626 0.207922613878597
152 30.849016996417326 0.20817453730587085
153 31.70285589241714 0.20664080755535916
154 31.537083561208537 0.20709585393329735
155 31.125891275433204 0.20521844711014736
156 30.501403377404156 0.20508664494390283
157 30.205480457997908 0.20603935402450324
158 30.545590385830334 0.2064495258395973
159 30.928221462673346 0.20538905964353069
160 30.698264727106704 0.20503554612646666
161 30.359679574601202 0.20553591807807434
162 29.559760512949037 0.20484534668643836
163 30.279459517886167 0.20525297536118456
164 30.947338193092186 0.20547245612909326
165 29.7186047581404 0.2061719601728813
166 29.528184216298726 0.20830737438704197
167 30.473208090123464 0.2083145968496615
168 30.524067395731013 0.20898650127113058
169 30.787272466314683 0.20875866235646226
170 30.473271149271543 0.20756422678512831
171 30.712884654046242 0.20723224877816981
172 31.56189556278217 0.206679514530129
173 31.249232056519 0.20798225317582378
174 32.566299413696214 0.2069143807786503
175 30.80788311066913 0.20645971385253728
176 31.69112139820409 0.20632575148673746
177 30.254318257387744 0.20638407716519924
178 29.61834176338462 0.20628737373250136
179 30.076470634946283 0.20700229258840616
180 30.10009480894481 0.20834132987403117
181 29.916955731541222 0.20850623286862388
182 29.32235533115837 0.20750642600846944
183 29.90306615731864 0.20658321295573048
184 29.85108337023718 0.20670214844514254
185 29.83029716678558 0.20840907221678937
186 30.158581324807635 0.20782582523794546
187 29.7062747572064 0.20715045018834877
188 30.213895098843498 0.20751368444126736
189 30.170335846660493 0.20727961099135603
190 29.29770883375121 0.20614126061331342
191 29.27538056673423 0.20609972616425462
192 30.172785524567466 0.20527503126924404
193 29.620642460521893 0.20569964743163846
194 29.467933547059317 0.20682079396187325
195 28.96738842736432 0.2086195558544599
196 31.179267253606845 0.2081898245156232
197 28.8592617278728 0.20956113219969977
198 29.62894787116818 0.20969535551718144
199 29.309291638309862 0.2094041248557649
200 28.772968061354 0.20859411088519078
201 30.628306873562302 0.20889316270392078
202 29.823054046753064 0.20858271740859502
203 29.456183705037834 0.20687606132289615
204 29.054473337049522 0.2068894083598428
205 29.562411860076807 0.2065313752492901
206 30.125414164167925 0.2069440292332239
207 30.002689297890853 0.20633205668213575
208 28.84888295432311 0.20748780610647644
209 28.25206425854891 0.20757699888018735
210 29.663211462465046 0.2071027804664649
211 28.401534904169072 0.20795495227971816
212 28.30828640475285 0.2092546522486931
213 28.971711080599995 0.20865184607786422
214 28.672416666426482 0.20927024000076674
215 28.40414373760669 0.20831501980151187
216 29.101854762121548 0.20818776589615182
217 28.58436230313349 0.2079087066294183
218 28.577909318683645 0.20811993901321024
219 28.739617663591517 0.20818108257453247
220 30.086710998613093 0.20799049743899722
221 29.703036536829554 0.20779234393890755
222 28.367966678934962 0.20888303174735498
223 29.142713598789086 0.20899322069411386
224 29.010534526450655 0.2085172082361113
225 29.043024662206236 0.20859710872124607
226 28.619718212957135 0.20897283562127136
227 28.976750328833404 0.20916819427537092
228 29.022650274553342 0.21013620730781923
229 29.193203030623103 0.2105982914633815
230 29.08185865017534 0.21144943541091443
231 28.156637896583398 0.21142676615279613
232 28.15161354377062 0.2116957516784723
233 29.903781318666574 0.21050180800480653
234 28.69877575936003 0.20848710488380226
235 28.677493641520343 0.20854902421357582
236 28.779189000833895 0.2071614472104121
237 29.199620062392505 0.20660996680986488
238 29.213324603894307 0.20485572720353473
239 28.786245130189258 0.2048292697267784
240 29.503390476953143 0.20439276999780476
241 29.084576218147824 0.20505986606208304
242 29.50960933028488 0.20526927132060047
243 28.88338329274621 0.20500059784786093
244 29.15623336672975 0.20389045946560494
245 29.03939084455054 0.20410685754304847
246 28.75288803031181 0.20361852430245375
247 29.90342463413122 0.20514987952936967
248 28.589908411508596 0.20486624275597762
249 28.88113912367495 0.20643194681480206
250 29.01314671954473 0.2063276338257698
251 28.53188061258907 0.20667084072687736
252 28.55778968776675 0.20647843145927122
253 28.413940191947596 0.20636776251462854
254 28.87656426026883 0.20679866703847807
255 29.09389891290587 0.20665256359248052
256 28.789819862541755 0.2057725404890999
257 29.368428502879972 0.20457413367390787
258 28.570560894114386 0.20403456443864856
259 28.17649310602598 0.20507647623164263
260 28.187714752132763 0.20469410297724844
261 28.632448956078797 0.2038885899519484
262 28.882551673716087 0.2024258542640842
263 28.519880871551372 0.203768763637142
264 28.39991606196009 0.20258341898976995
265 28.364073773458717 0.20266176094457025
266 27.993772013387016 0.20122922675985375
267 28.421504288346433 0.2014516059650796
268 28.542303761021458 0.20225941978539042
269 28.813640575017782 0.20028128708593726
270 28.870476483104895 0.20175372209103795
271 29.01809237845704 0.2020510216270266
272 29.082675550087068 0.20135198346310168
273 28.71093618308596 0.2009054228035427
274 28.808127625725547 0.19932086462597057
275 28.161474577199897 0.20080591639430445
276 27.88314502451348 0.2014653910887841
277 28.182354871227112 0.2016517125422993
278 28.11217661010175 0.20058679813945388
279 27.966938829342922 0.19972573589269535
280 28.2520251622439 0.1994706642642405
281 28.387015898914065 0.1982778503677847
282 27.69863903154603 0.19824517864031158
283 28.17964812570992 0.19823674762279508
284 28.132160303069234 0.19815222108420696
285 28.059226939168234 0.1977770464356333
286 28.083991750306716 0.19834270093499518
287 28.264400371333224 0.19856043654988262
288 28.279459594846927 0.1989179985479845
289 28.049234822128962 0.20067401815002142
290 28.5124796837014 0.20200077438972616
291 27.9624848237669 0.20119054622481472
292 27.78459560544112 0.19931049273570656
293 28.33501320171964 0.2006062406332454
294 28.28316125397925 0.20059615172602197
295 28.22142596001141 0.20030237144802365
296 28.03097543391395 0.19980450165785912
297 28.87154110819316 0.19993411267921224
298 28.49932746500675 0.1993173457122974
299 28.213188789197567 0.199041727461475
300 27.927761564151105 0.19789116641574986
301 28.686508585157174 0.19937524186981226
302 29.14813883811385 0.1996461276865761
303 28.83608938382826 0.19911063548198984
304 27.891498388477704 0.19847178092155007
305 27.99233773458843 0.19788441069771437
306 28.52793335537349 0.1980845415318898
307 27.91936312277894 0.19756012873753379
308 28.348670258401903 0.19738133186836807
309 28.190176810425122 0.1971856288430518
310 28.681445977726582 0.19702169148608353
311 28.133577193872128 0.19660614943622734
312 27.64796993897962 0.1965400882051457
313 28.320254442771343 0.1951735182999399
314 28.36730123527122 0.19371402639070945
315 28.01539647380732 0.19496188131985506
316 28.4740662037903 0.1944924640653538
317 28.368477593299424 0.19422988427791857
318 28.07455474489459 0.19472881716014076
319 28.39177791643966 0.19410220273101195
320 29.05624787526832 0.1945122889046765
321 27.764804182881573 0.1940754089867023
322 27.505409492004965 0.19443691144314457
323 28.516368977945795 0.19445158753672265
324 27.877307006370096 0.19398595582123782
325 28.069414348055336 0.19338296022436027
326 27.614453147530433 0.19346284341182432
327 27.540728019055624 0.1934328608200165
328 27.596893849933135 0.19282420798471844
329 28.04653398830847 0.19253944545598453
330 27.25528760967447 0.19266231887128052
331 27.467543981399558 0.19182887298028606
332 27.698295481033767 0.19122523398086008
333 27.632947743561434 0.19143694079269835
334 27.528564541971946 0.19207101047129801
335 27.941203214000303 0.1919349453289121
336 28.835560306297868 0.1919772450864707
337 27.77101949997114 0.19249312662751641
338 27.276581694774354 0.19231110189568545
339 27.697506248667203 0.19075050792105422
340 27.70113941849131 0.191444687131297
341 27.710150144589498 0.19154994780409887
342 27.16902910389046 0.1916537602981905
343 26.75949919756022 0.1923490994669852
344 27.750034227910312 0.1922621831086151
345 27.735862329162366 0.1920064512465541
346 27.70775209198482 0.1922928170625359
347 27.101077564125465 0.19229272370462983
348 27.424690772316687 0.19087973508682285
349 27.848393012809773 0.1903505038215
350 27.513555382211706 0.19097226683362178
351 27.825750755290002 0.19172213709266317
352 27.427625088196862 0.1915593596845033
353 27.433431570046228 0.19015706861631762
354 27.17206171766187 0.18964197045515827
355 27.472428635086004 0.1888222601999243
356 27.06392583227229 0.18876540702973418
357 27.01897872732011 0.1882541793525017
358 27.491974591790523 0.18814763092158793
359 27.64133647029673 0.18861683620212089
360 27.63961950406263 0.18862489900552037
361 27.69464871194402 0.1885942060860014
362 27.51677391302996 0.18789728942889364
363 27.517866194958792 0.18756406314824728
364 27.61494826276184 0.18688326141596243
365 27.74545274017727 0.18738980355556156
366 27.45747602431677 0.187718519208155
367 27.41554626885247 0.18842875898722636
368 27.246787746931318 0.1882851815208121
369 27.81483376707188 0.18887554653260372
370 27.70631433456151 0.18874811807675965
371 27.032627123037674 0.1884581850699402
372 27.210167032970375 0.1882630134638111
373 26.68002155715476 0.1885480939024582
374 27.4171494846889 0.1885065122328434
375 27.711315875709438 0.18870910238348804
376 27.669839270236672 0.1896846286711444
377 27.461549805412673 0.1901511092010991
378 26.905395486396994 0.1906366047856415
379 27.419078728139002 0.1902276200573266
380 27.029039726066284 0.19008931008250354
381 27.54363593098666 0.19007723179713384
382 27.525849642593244 0.18947268598689396
383 27.58667404372911 0.18921705271519965
384 27.43076729920496 0.18946408412321838
385 27.450598126481523 0.18865326084139322
386 26.8840792887405 0.18961487143117947
387 27.28311156008457 0.18921189603905172
388 27.42485635977487 0.18977085693696996
389 26.81854720859999 0.18975634933545119
390 27.099881967579297 0.18960976542839306
391 27.527633610455112 0.1884823284166516
392 27.46212396691174 0.18840594123732626
393 27.370702563692276 0.18791097443673274
394 27.315312484333468 0.1870983442436125
395 27.49744538043609 0.18614018000248037
396 27.174222081505746 0.1854351810348708
397 27.67613338821609 0.18463669933847035
398 27.36027890789087 0.18421417075606195
399 27.430485685246563 0.18371193311970324
400 27.050891100319376 0.1835447228925421
401 27.164226206068772 0.18371131882598513
402 26.74386725789071 0.1835127495548586
403 26.807087987610988 0.18273651640829236
404 27.278343928691584 0.18287595940071874
405 26.904933890251954 0.1837369383000611
406 26.975014161746756 0.18328370475027692
407 26.959511574790582 0.18474781991087652
408 26.84090823922992 0.18460957808552694
409 26.675316705175753 0.18482600081804676
410 26.716126159426945 0.18572786353903034
411 26.892225636175674 0.18679904970408132
412 27.318936294373156 0.18725456512316507
413 26.95203428287659 0.18694064800073926
414 27.604736838584493 0.18622234492615167
415 27.64120434158255 0.18645128763265043
416 27.267758489231042 0.18658946372592347
417 27.400694518283508 0.18668896339628083
418 27.6581602136106 0.18580097042799895
419 27.594084114059683 0.18572503018282993
420 26.983411200733173 0.185134405676837
421 27.783951394382257 0.18495269466617767
422 28.16755089411636 0.18492693847459474
423 27.754107424713332 0.1840476376360893
424 27.511172096434045 0.1838610723093543
425 27.61258608311065 0.18400558949869003
426 28.117877849982772 0.18443932990951414
427 27.8274594153242 0.183177176296198
428 27.742426751440142 0.183141784187718
429 27.6602753202426 0.18249549103582385
430 27.575635828721282 0.1823523343748148
431 27.39493496870314 0.18220055880922012
432 27.33916084048919 0.18119054809746507
433 27.86068396058557 0.18092010630012442
434 27.177308332393252 0.18017113218122152
435 27.152732235812767 0.17987429018679993
436 27.19937750400418 0.17939409235675985
437 27.42423951851788 0.17953048127790194
438 27.246553227998586 0.17899769015112854
439 27.066780696829376 0.17913397155940694
440 27.39407935590913 0.17916102567185577
441 27.07300765853634 0.1782662832275634
442 26.870175496781357 0.17841193039951309
443 27.212804527048576 0.17780373296436328
444 27.109170779848018 0.17732483415944914
445 27.065533493210076 0.17787885209471246
446 26.63834373676955 0.1776792214239116
447 26.573413813707127 0.17796983201474412
448 27.010197300181062 0.17863908983616947
449 26.802177870205075 0.17777573546455303
450 26.94795289488981 0.17726571077405462
451 27.055330879451066 0.17714156684359608
452 26.918876273121064 0.17693638792255298
453 26.93077221565794 0.17664860085002942
454 27.09836662619813 0.17666210588979792
455 27.542875120728006 0.1761133991349737
456 27.22061162994651 0.17592931499002393
457 27.36938594831529 0.17511763163932567
458 26.735104604202824 0.17504657578062757
459 26.99980992017594 0.17465266227485643
460 26.579507682830382 0.17497047319854067
461 26.967522492808325 0.17497462276997355
462 26.91966605398489 0.17513542617639222
463 27.048981723134048 0.1752807073179015
464 27.031097592339293 0.17507146053888886
465 26.814705767346467 0.1751082459865907
466 26.58398440486247 0.1745647780025816
467 27.076362249843463 0.1746488379922367
468 26.63784047393652 0.17502296754196803
469 26.7845678320296 0.17408171378781256
470 26.569857378409097 0.17389271846263257
471 26.95586569679499 0.17397079302769355
472 27.020556051545924 0.17446789550119754
473 26.682532787722376 0.1743150042883795
474 26.732658322157263 0.17478659384810233
475 26.40119043709955 0.17417376357915837
476 26.850961539594323 0.17391305172847746
477 26.923146699672625 0.17371418872108127
478 26.5454266195125 0.17301987634929347
479 26.412038764485573 0.17309523767383894
480 26.620098586976223 0.17239068293741688
481 26.54585825625543 0.17215697469879854
482 26.556671653350556 0.17175701201262014
483 27.004274865944506 0.17156991850188505
484 26.993187592662935 0.17132124767186763
485 26.636485426080966 0.17098728446717507
486 26.93837138855313 0.17055652776126004
487 26.45846676107086 0.17059251359481095
488 26.952657684465017 0.17076913656315026
489 26.633285881045403 0.17063058136655215
490 27.26837398629095 0.17050572001300957
491 27.026833085071807 0.17023781689098674
492 26.858483789866256 0.16998533683472714
493 26.92981013545067 0.1697432274497086
494 26.750927264157088 0.1699089722405521
495 26.50475052611346 0.16984130362298924
496 26.64241340226196 0.16996802036301573
497 26.573520156878953 0.17093230692122044
498 26.342904917137652 0.17089925325678657
499 26.24503006407778 0.17127432999720957
