0 107.46416625889105 0.2997812476998219
1 119.91798114654367 0.3011992456504146
2 114.43924626291141 0.30232627687325947
3 96.4478896839559 0.3029274066817038
4 89.95892383196401 0.30357016733719117
5 107.16961672987605 0.3044261487866446
6 90.925876028662 0.3049058774373055
7 92.57764033648111 0.3066652843869814
8 88.93448350076983 0.3074831192590884
9 92.9055250783632 0.30677147832530643
10 92.63508003473035 0.3054944292457829
11 80.24938094160363 0.3039003878923045
12 81.6454489202738 0.3030455256001124
13 83.55216872426058 0.29881517422585036
14 77.44974266626141 0.2984144000332415
15 75.92686949343941 0.2968022018329333
16 71.3057610480079 0.2963438958637397
17 68.01759220168142 0.2945699841123527
18 64.84862160672688 0.29251502771965915
19 64.13312192254557 0.2915323894432802
20 64.77708087223405 0.29036194545439004
21 63.658690373915704 0.287112823043403
22 57.317377354177665 0.2836579558158078
23 62.563634551597445 0.2808914289913161
24 57.734487053905596 0.27828547135976467
25 60.91351416711824 0.27787609394282015
26 55.880875587901215 0.27829123836948877
27 54.188771343852096 0.27769626738310454
28 57.75784369081815 0.27606189275805154
29 56.15238035696544 0.2754913156101288
30 54.57997678290627 0.2733655389222123
31 57.42833628886777 0.27173051232377043
32 50.00757833846491 0.27247276970111695
33 49.64644068268932 0.2708353151161334
34 49.122022642869 0.26948554127127716
35 49.39103469211244 0.2692443773440323
36 49.47806679475602 0.27019174634539594
37 46.11188148672083 0.26979407889098556
38 45.740111885230775 0.26805111668510356
39 43.38123944497469 0.26689020916879475
40 46.70453031599736 0.2669848331602244
41 44.57439034324912 0.2670670310547705
42 45.41967664657296 0.26523246685500995
43 46.807734582411825 0.2624922667344542
44 46.727372805567526 0.26043154819267295
45 47.266385464852384 0.25938403391763315
46 50.19972001819453 0.2581646304452472
47 46.55025849646764 0.25767525274389463
48 48.25257450418499 0.25836939754820437
49 46.05763442177765 0.2567245000052449
50 44.59649370890786 0.2539787303488901
51 41.737618076898826 0.25144884750133495
52 43.2465832831904 0.2506071097811792
53 42.74329362976252 0.25003159999366753
54 40.682250580093864 0.25151315384633216
55 39.66428365548656 0.24981084729831946
56 38.75322734607576 0.2506092270606742
57 39.43990526543361 0.2501209635453196
58 41.72472287045062 0.24867019279966304
59 39.38229682715988 0.24688744079140865
60 39.70365173364417 0.24508812378723774
61 38.19688063208831 0.24347742136106856
62 38.88831992207825 0.24359863918091032
63 39.72853200513197 0.24258686213739447
64 36.491054703735486 0.24281558846404597
65 37.90760501175001 0.24145651486941197
66 37.79767615063944 0.23887845447166756
67 38.11850966750491 0.2397729639372653
68 37.018218544579305 0.24004641419763506
69 37.578220995679516 0.23957612722069
70 36.478054050480864 0.23951609871700966
71 38.12523307482143 0.23926473460207562
72 35.90626176886222 0.23949432689027716
73 37.622862042577594 0.23895814872384044
74 36.44124403429174 0.23822019869069075
75 36.661288667314736 0.2376152811190333
76 36.077046667430764 0.23779733231824818
77 36.48717280263194 0.23664771865441103
78 36.4521398540531 0.23698266920105304
79 39.41770659572846 0.2363739848291937
80 36.92294425493161 0.2359837212837116
81 36.98359713057229 0.2351377366581032
82 37.11258795216035 0.23413202282593906
83 37.06064384450142 0.23331244536767137
84 35.03929293991935 0.23368384333155837
85 36.525336711322076 0.23403923171375976
86 35.14541070293221 0.23323643862059518
87 34.50881858409638 0.23275538817642635
88 34.634575111719045 0.23179501829237026
89 34.68328043229941 0.23051097050432948
90 33.323140795989396 0.22911091183215673
91 33.61999834748181 0.23061659693497147
92 32.792424073796354 0.22944257535441825
93 33.786661929163685 0.23041403493584486
94 35.04331553788393 0.22896478048660115
95 34.90737697745016 0.2295054056303968
96 35.343289581724456 0.2279592844166853
97 34.46035639495817 0.22751574432813096
98 33.34408271478863 0.22855786684202184
99 32.20581442727153 0.23007697980192288
100 33.355073655603924 0.2295814654258749
101 33.783854466037 0.229995718474271
102 33.411774086880854 0.23056969779289085
103 33.996351745951976 0.23005568582845068
104 34.78614328729222 0.23112279963347393
105 33.61519946958886 0.2298861339535774
106 32.423930229262865 0.2300643498148378
107 32.4438957922922 0.2307283010634202
108 34.126133286945674 0.22763642434476292
109 33.04569479958576 0.22901993700138287
110 32.75299229461867 0.23070397290425118
111 32.384590000703554 0.23000191175285867
112 31.28937647283982 0.2293851205341353
113 32.316289315779414 0.2293024191198365
114 32.640032042734 0.22954685263898322
115 32.13723317043526 0.23009929269971183
116 31.5118963392435 0.22969441379448866
117 33.15758555480692 0.22963256720451697
118 31.525748571185105 0.23028232994430028
119 31.59441085048257 0.22908513497473174
120 31.901146189351586 0.2290288874422326
121 33.6327167660594 0.2300685709927893
122 33.22527136773341 0.22784797665945447
123 33.308041499647686 0.22856029254848612
124 32.86090810283262 0.2278334289368723
125 32.33309484984199 0.22699373378751306
126 32.96501608694412 0.22463727325706154
127 33.062468318366875 0.226037237352668
128 31.91802901846677 0.22586116887456129
129 33.414708750892785 0.22525693186244278
130 32.261179204858585 0.2250798813534044
131 32.840067742038414 0.2247597653768716
132 32.10530860399749 0.22469164542461373
133 32.648969372069715 0.22426824277765708
134 32.56272041222405 0.22299643648748566
135 32.12038721297799 0.2229546576310749
136 31.490358933154912 0.22304813749608324
137 31.82755558200073 0.22198440778377027
138 31.887382811878847 0.22249287386553795
139 31.43865621592341 0.22255239348183364
140 31.813453366487597 0.22198628276417484
141 31.8756152570562 0.22255024846280005
142 31.3395750007338 0.22273191836129427
143 31.04284790494294 0.2237294259096488
144 31.06522632551826 0.2229147877037859
145 30.807336088429054 0.22195031193386439
146 30.23540490081004 0.22346829001265478
147 31.978374681977506 0.22357979605882003
148 30.259871106569392 0.22525090876113896
149 31.865015364772844 0.22551880670734378
150 30.56223111489109 0.2242925265805764
151 31.28755659630037 0.2253326161566337
152 31.48831221840151 0.22426150938526423
153 30.55988665036785 0.22529241207092207
154 30.412567108991155 0.22437048849714572
155 30.44479408686391 0.2233645519918935
156 30.149459660616326 0.22341798912918528
157 30.29191683464599 0.2247484443494494
158 29.480832140085752 0.2228210433160628
159 30.353628708709344 0.22434115206647506
160 29.888787233793046 0.22276866354395994
161 30.48614531287555 0.22282647393408603
162 29.858379762615428 0.22350735992462933
163 31.7273149555742 0.22198547308254024
164 30.383683370367308 0.2213127831103535
165 30.765732843528315 0.21985788473181253
166 29.69259033494325 0.21966794459656058
167 29.300010135302912 0.22000824383864823
168 29.332457385398232 0.22035286659955267
169 30.219873268731874 0.2194156532212137
170 29.359308179079143 0.21938265414822763
171 29.670715471336727 0.22007959571126046
172 29.667122757544874 0.21964738424921956
173 30.06418451661133 0.22006891655705618
174 29.950475248005837 0.21907339755622393
175 30.15303329494901 0.2198145880250908
176 30.093008851329103 0.21987848271583035
177 28.772749526342295 0.21919818469124394
178 30.241067040208794 0.22044857059049425
179 29.949746720063647 0.22050989943869057
180 29.049702122482692 0.22039323665275856
181 29.668382446441008 0.21895967894621907
182 29.325939281513214 0.21852925605135542
183 28.77338277728918 0.2182218413978898
184 29.32204699925253 0.21848170417225823
185 29.3548489618859 0.21853173498079692
186 29.44590455024943 0.21656119897557127
187 29.05866948053752 0.2173596500640315
188 29.512980083998784 0.21742501152418434
189 29.541336504199922 0.21694612316684017
190 29.858281278776595 0.21782767416016968
191 30.139969509903707 0.21694417906716723
192 29.881140956075086 0.2168731938033627
193 29.8862776004794 0.21640308509137873
194 29.310994607526773 0.21583515555453495
195 29.968214031124475 0.21551911360963474
196 29.837110450273705 0.21593644509464846
197 29.580616607644515 0.21593744223887149
198 29.86552746738424 0.2166605858591867
199 30.447662760089788 0.2162162868952188
200 30.16631704217437 0.21645274279450002
201 30.256180407769314 0.21702983097162398
202 29.626774725009952 0.21828483309662441
203 29.709217411739683 0.2183147158832127
204 28.817586559333556 0.21854106454007827
205 28.752921539749842 0.2183088856375177
206 29.387416615015276 0.2181873984664505
207 29.51357184888463 0.21734890625783918
208 28.646440736501212 0.21567615681435606
209 28.96873621974313 0.2160901485111931
210 28.45762703092965 0.21609197697894322
211 29.566869977155065 0.2157991515850568
212 28.674830557946592 0.21505876518472233
213 29.32522708755646 0.21449737134064797
214 29.157137311225412 0.21394172699185743
215 28.76968141880199 0.21303675731433244
216 28.693721403090823 0.21244741734612368
217 29.79699371762917 0.21212680215694224
218 28.91440020079947 0.21176744160449
219 29.030702415708504 0.21171556090520868
220 28.90258089496731 0.21119121650579578
221 29.1543018713006 0.2112311995323517
222 29.26990089496507 0.21064417282730483
223 29.986017979888352 0.20896363490462225
224 29.074030254490907 0.2082947827390884
225 29.87207849740537 0.20816592519698948
226 29.230749207494963 0.20742381870447432
227 29.483359771748376 0.20607045921817035
228 30.13835784833817 0.2067561569699163
229 30.37752747000531 0.20766937279513886
230 31.22947247408981 0.20781939378650846
231 29.772805938197152 0.2081884125300625
232 30.23444068568775 0.20839914287952177
233 30.021788666150886 0.20822911037605585
234 30.771706176288884 0.2098973258514636
235 30.52790595397134 0.2092484774529889
236 29.79124245742424 0.2079573671467647
237 30.546440390146827 0.20761485580860295
238 30.275627713316688 0.20785367150342096
239 29.67347289373688 0.20811410812974493
240 30.023537747575357 0.20821086161153676
241 29.564107242474428 0.2087842286352831
242 29.070867373846443 0.20870997262753263
243 29.83046814475716 0.20771265030128627
244 29.11411088787682 0.20702315313860162
245 29.41622249010795 0.20671237206592993
246 29.29470728175712 0.20666183316202988
247 29.31735561060794 0.20619944496197096
248 28.864240090656615 0.2059501401586782
249 29.73724707281958 0.20577120031210314
250 29.204633188039793 0.2057015847167384
251 29.00704730273517 0.20447693193182256
252 29.709301963255278 0.20303960395749457
253 29.327932542479854 0.20188409076917055
254 29.321273752321332 0.2008978498013931
255 29.33352334015254 0.1995230678161458
256 29.855833784160943 0.19899231501622164
257 29.19535515388857 0.19901656408986143
258 29.25935025262361 0.19890983939945808
259 29.085532568032583 0.19819376143951836
260 29.68888985225962 0.1987607458562661
261 29.042964279810718 0.1984247485491395
262 28.678576691547683 0.197695408022348
263 29.368330525441596 0.19679323523706357
264 28.554668535215153 0.19797988183982917
265 28.497841423784347 0.19780573256592335
266 28.41858080787393 0.19690097377901475
267 28.67898886812755 0.19720870474801133
268 28.469181835819718 0.1960910881126546
269 28.1672596669519 0.19560847830761138
270 28.714860200898627 0.19486604127431484
271 28.08324351059808 0.19538852505146387
272 28.27100931798057 0.19582379887970178
273 27.7499343190911 0.19642428030527648
274 28.400078799663575 0.19758867547172673
275 28.19636412104223 0.19708365225998623
276 28.18255054367449 0.19731671698274003
277 28.098948930071998 0.19699701294008176
278 28.263640529899106 0.19682024353849567
279 28.002600332361105 0.1963417913772696
280 28.057401003890295 0.19525284151842504
281 28.271104665980047 0.19517548473200563
282 28.702147940193804 0.1950623701369396
283 28.5380214810421 0.1952479078642703
284 28.90351066292762 0.19542250154596244
285 29.41225756075997 0.19609713288111183
286 28.979371661603054 0.19594116502533843
287 29.66929474725862 0.19514617890551225
288 29.17857355041333 0.1947277663025794
289 29.613983437374035 0.19561970635988746
290 29.871541799412853 0.19511992892659177
291 29.437562759668804 0.1943917565803741
292 29.55638826395254 0.1946863882570952
293 29.449088047710426 0.1949635442511127
294 29.53212310063359 0.1951611529761582
295 28.923338074231772 0.19547856402312525
296 28.865115144352757 0.19421317206445443
297 28.878147948337784 0.1946501921157272
298 28.692223362554934 0.1940370855921624
299 28.878306362377117 0.19467506153903627
300 28.64486337890751 0.19395558440968386
301 28.395993414642696 0.19436151501024992
302 28.656690517340458 0.1938552238508935
303 28.165103763001824 0.1940101650228502
304 28.23182823516362 0.19543971865490894
305 28.383463814753352 0.19581421526782597
306 27.783434965859676 0.19682848272526854
307 28.462700277566462 0.19715666125191236
308 28.1471218146488 0.19781140574485342
309 28.21116082966811 0.19746724194396292
310 28.322155712920512 0.19685653015487195
311 28.703036586233665 0.19674615885076882
312 28.4679946947257 0.1955760484301847
313 28.615606834152835 0.19525358298694254
314 28.486963285325867 0.19437080248854002
315 27.95378919032266 0.1948110314964654
316 28.477482631320047 0.19569153594076064
317 28.0811284859659 0.195682320412238
318 28.77057642575851 0.19603226239463467
319 29.070267900006563 0.19693646645574944
320 28.906012017991717 0.19578060317917456
321 28.692729754755852 0.19519203877353966
322 28.316874017665846 0.1946818888359064
323 28.384291857954832 0.19473757352751572
324 28.04176956945638 0.19397221986595917
325 28.049413737737364 0.19370774155171744
326 28.632422269669 0.19413565993397444
327 28.70883402196621 0.1937600003123797
328 28.58638260753552 0.19412510098813027
329 28.459372656694157 0.19402988662964735
330 27.820124691215973 0.19497549389794902
331 28.28965161136709 0.19430398774130844
332 28.18658528580797 0.19395565187952393
333 28.165784293806603 0.1945652262091017
334 27.990615371508696 0.1954225547010072
335 27.743408043923473 0.19548373193152577
336 27.605973158822117 0.1951137198343397
337 28.55804083600852 0.19433785962507968
338 28.528147874234868 0.1956545482702917
339 28.213446960529946 0.1949904900340417
340 28.382141207498414 0.19511217247874604
341 28.655848208975243 0.19460120089291522
342 28.49653423173796 0.1941835680234457
343 27.794206377662135 0.19346732696564875
344 28.38540696769152 0.19239607786414603
345 28.387502354475252 0.19219110417396026
346 28.18915313006973 0.1909781055666612
347 28.16574355785651 0.19098943473352967
348 27.552420172869965 0.1909973340463833
349 28.028078582067266 0.19166224437771975
350 27.97132109529989 0.1904953200788444
351 27.866778466282724 0.19049554176168423
352 28.454405829274037 0.19057914045611826
353 28.391357027560503 0.19103747183982253
354 27.957212434525744 0.19038056415423799
355 27.646239125289284 0.1894826171890688
356 28.397486177863346 0.18883052632706745
357 27.93032869263579 0.188702424190766
358 28.478381448556654 0.18882798173384238
359 28.144587052079537 0.18958469488665267
360 28.11163551096139 0.18953909594044838
361 28.080998853776137 0.18848227323784625
362 28.11213008064884 0.1888198031573569
363 28.22198151490519 0.18822915729424614
364 28.297267768035955 0.18865665729218795
365 28.182613479921933 0.18896735081882374
366 27.973394285673116 0.18953511498055084
367 27.434628388505864 0.18924503658664904
368 27.961631989363354 0.18843078214655073
369 27.96365561791433 0.1889237509720703
370 27.92716902826602 0.18855555015730183
371 27.94930968175998 0.18824364831582222
372 28.277902524704274 0.18801827487689735
373 27.51384655020189 0.18743851163869532
374 27.772850535121947 0.1873752218436977
375 28.52962059703379 0.1868403527632109
376 27.78028938176115 0.186602161246222
377 27.624885669399696 0.18664101560745694
378 27.542330128615724 0.18683485719444892
379 27.105585250268675 0.18612858363319043
380 27.361360353401984 0.18685838653435907
381 27.63166989478885 0.1869695644748881
382 27.64981711664579 0.1864993486009684
383 27.185565924304907 0.18646816369045105
384 27.451790646357473 0.18787615753489337
385 27.342803528472867 0.18756902161913938
386 27.003724970898617 0.18678326908742537
387 27.81339252575669 0.18553380340660577
388 27.734217063328863 0.1855169065060406
389 27.763491827608252 0.18460144895941277
390 27.508098919038765 0.18434884036129173
391 27.540361786247843 0.1842474256361081
392 27.373177046142878 0.1836078425687598
393 27.37882250547452 0.1837631986195318
394 27.054304313654775 0.18387093602521518
395 27.224977721610056 0.18406877457432724
396 27.376179620108203 0.18304790765684967
397 27.00949833446577 0.18320777043566575
398 26.96043752047086 0.1830945137427441
399 27.27873018351496 0.1829310682996997
400 27.165187052921215 0.18256708858632642
401 27.012917617750784 0.18277391191133807
402 27.260753210206495 0.1827845342708415
403 26.49193973251589 0.18313474910851846
404 27.203150193221163 0.18292614021325182
405 27.179565434197997 0.18281515768323445
406 27.510334488065908 0.18324255308353635
407 27.25443180841112 0.18291532778325584
408 27.174115017258508 0.18311378824152946
409 27.44885088272477 0.18381281223328325
410 27.380748205258868 0.18395193407204438
411 27.746339482396095 0.1831359041116847
412 27.266038361829008 0.1835013806091823
413 27.3462000044863 0.1831491364127952
414 27.622792549558476 0.18276520217133677
415 27.554594276325464 0.1819635608872311
416 26.923691664121158 0.18326938168285842
417 27.438982601049567 0.18334661999677823
418 27.516540710729494 0.184083784247692
419 26.998901595416463 0.1840287277805264
420 27.40221730999597 0.18324403151235483
421 27.3157919286148 0.18335364730463008
422 27.26503009631321 0.18311680527452603
423 27.24019011045218 0.1831634890214954
424 27.34712453261166 0.18280060569166126
425 28.017009040345833 0.18324227835227644
426 27.283490856218897 0.18295037776929812
427 27.346306803990032 0.18339749001608588
428 27.462854592044614 0.18304138191960115
429 27.067849632809818 0.1824759973103234
430 26.848195371886355 0.18245944683178517
431 26.81968414365307 0.1814640567639235
432 27.315287455010274 0.18161556149567704
433 27.333723441842302 0.18101467658589024
434 27.101072871160625 0.18112853726419495
435 27.612557144010836 0.18107724161284025
436 27.207521228101534 0.18113705182961426
437 27.451150786114635 0.18136607469404198
438 27.334932911845556 0.18106628127540683
439 27.428257491285898 0.18073301940393685
440 27.225942825050524 0.1810083112717975
441 27.14325408643721 0.18055353503735427
442 26.959893547826532 0.1799247185961724
443 26.396516211863286 0.1803571680430994
444 26.996634776624973 0.18029278528833415
445 26.859247428687354 0.1809494346596808
446 26.531940577993353 0.18120665620630214
447 26.940747582972048 0.1805592858889321
448 27.071782798937257 0.1806670753238231
449 26.842047326952695 0.18090041895447392
450 27.026316199629417 0.18074196506187226
451 26.922202432318123 0.18140478271959903
452 26.281412279537832 0.1815755776984669
453 26.369752399230215 0.18167941697532286
454 26.7241803125904 0.18169970270005367
455 26.63673486866471 0.18023968733251258
456 26.62968853164155 0.18000582823999647
457 26.58136612985246 0.1800134260059424
458 26.985991836320245 0.17903349328279947
459 27.54301204603003 0.17901415254439804
460 27.023400043643186 0.17901201008923906
461 26.915821687905805 0.1787105855316756
462 27.068588927102688 0.17910201837294978
463 26.512959507456994 0.17879256390541245
464 27.091345407392428 0.17854002867986032
465 26.861039453255763 0.1784750894667093
466 26.99625025096482 0.17828350605264953
467 26.916745498998072 0.17805172538542482
468 26.702184948427195 0.1776722478983337
469 26.755568501570085 0.177220726962753
470 26.853566196101163 0.17694413582054344
471 27.043630990394227 0.17703117018525863
472 26.896010333550997 0.17626622417677548
473 27.045374441992763 0.17680378962783397
474 26.640008038361323 0.17629610548336952
475 26.938834543569662 0.17619808906867276
476 27.104156931253115 0.17642211353596382
477 26.93700096254519 0.17595018453453024
478 26.58427983718485 0.17563939077803412
479 26.835895398142206 0.17535017292518376
480 27.006060152741277 0.1743917683220355
481 26.545006108309543 0.17437397902554505
482 26.629742295581178 0.17393176046423445
483 26.965127524905043 0.17422915474066192
484 26.494466194933835 0.174319228507447
485 26.8049658566566 0.17463180766236175
486 26.610287207348474 0.17485064582507057
487 26.53603379764009 0.1750232153530584
488 26.791460049869052 0.17505413979253323
489 27.187146597487434 0.1750902107053336
490 27.362830132221085 0.17487326399106493
491 26.977552684919488 0.1739460188588475
492 27.277404889737834 0.17393645162761362
493 26.73354379345819 0.17429285523846305
494 27.109659670879836 0.17409903006748575
495 27.266812489584773 0.17409859634547287
496 26.944881254170376 0.17331309005126513
497 26.751512330814947 0.1737682241623295
498 26.519351893371457 0.17364994100235268
499 27.341486588205328 0.17353683143979026
