0 118.380802080192 0.29806241166550146
1 113.79186695802777 0.29725866328896916
2 110.87173278468906 0.2980001233916749
3 119.81180390358568 0.2979539014620333
4 110.86361757242727 0.2980549715479999
5 101.22406571960897 0.2971775156526866
6 93.19359451953777 0.2963710817047045
7 94.88690304912221 0.29552861192044283
8 90.54034172270448 0.2943271394532796
9 83.28121910600638 0.2918629227481258
10 92.92496299686798 0.2903756596829501
11 81.64149584684463 0.2895909034966564
12 81.02007641854205 0.2877906627597702
13 81.82407499373159 0.28600946272449307
14 79.13401743207228 0.28630929553284473
15 78.8021083262228 0.2859771700650641
16 72.44788495243245 0.2862788259780619
17 75.51044490346649 0.28448359634399434
18 73.93001262283977 0.2819925044284904
19 80.47662636197973 0.2828857121696445
20 69.67144723196182 0.27865314269089464
21 70.74814734654412 0.2768536169219573
22 70.04014965931079 0.2737763597149494
23 69.62029326081412 0.2709011595795836
24 69.63730599405426 0.2706639675193234
25 69.95290386487059 0.2687088305916422
26 68.9894578239599 0.2679856654751445
27 67.13140356200927 0.268927359735815
28 69.65998591143571 0.26894603185552474
29 68.0090312879612 0.2686546355308311
30 63.951772443085275 0.2690822137750383
31 71.4157495120496 0.26790642996658937
32 66.27146357665345 0.2657660314338553
33 68.19481350329207 0.26616864149375713
34 67.45548959766306 0.26449961424973994
35 65.49834427482433 0.262041588359798
36 69.95620904353085 0.2608132912470807
37 61.951043029057715 0.2570613407874258
38 60.749155480631245 0.2556095541774795
39 60.38513686674258 0.2528315205529386
40 64.47682955845238 0.25349048313206307
41 64.64659794606253 0.2530794568302439
42 63.50952747409886 0.254415318652432
43 66.51055586249834 0.2536519869091098
44 61.98817431095266 0.25536891048339944
45 59.04458247154534 0.25458699010829017
46 54.52220530319989 0.2531238061815034
47 54.89211481742028 0.2522337998484317
48 56.1930008875259 0.24972902508817327
49 57.41721806432628 0.250248170533672
50 51.42103649906295 0.24918170538069587
51 54.65157818139737 0.24932508738088252
52 50.87027421748907 0.24716968057957536
53 47.54491731071357 0.2464544656389184
54 49.8081741572745 0.24460226734201107
55 51.95267290519232 0.2443536704209129
56 51.24273337958728 0.2452455432129189
57 48.71837849307599 0.2462739089155098
58 51.351742732157945 0.2445262777193288
59 45.86008188237975 0.2445312840266413
60 48.83368974210141 0.24430614944061513
61 46.68152932195281 0.2443574794884575
62 46.649226310336616 0.2454659608020976
63 49.16440320907226 0.2460045285804762
64 52.13087180661425 0.24462891759976121
65 47.228031129599444 0.24511626216053228
66 47.97925114421976 0.24676687818248544
67 52.395387249773556 0.24586645555074813
68 44.849949191732335 0.24598349438715564
69 45.68401837245146 0.24587591375354453
70 44.298341144266075 0.24619293880310966
71 41.6711959429681 0.24687691849503632
72 44.685777232025714 0.2452109911783812
73 45.47541426285693 0.24568120423968112
74 42.50933515305441 0.24432365445814874
75 42.10457933581668 0.24257187577658348
76 42.71290366294589 0.24211902657208095
77 41.04068280035092 0.24212634635954022
78 41.497315851854594 0.24070552377141233
79 43.302093077640784 0.24051193232312648
80 40.63898764828778 0.23939486919103836
81 42.34303082236272 0.2382852488640832
82 42.00089331511885 0.23773965932443417
83 42.48339914908314 0.23438457954776337
84 42.89264478703617 0.232002695481181
85 42.45757993967787 0.23317206688150569
86 40.84685190027505 0.2326723751056069
87 39.70638281546336 0.23204559277330405
88 38.761146563546696 0.23159705835489375
89 38.32636144622985 0.23159690743511985
90 38.966074685400386 0.23093933523839408
91 37.76610162513657 0.22862549116193212
92 36.37851167188322 0.2285784710925509
93 37.082127914210744 0.22953312771000187
94 37.10260609502216 0.228922894893305
95 36.49631236349102 0.22679969643101602
96 36.81354957733622 0.22720367026652633
97 36.04272715429248 0.22797238411830514
98 35.73058755233717 0.2280797340130215
99 35.67586159174188 0.22736058535727902
100 36.62589217458443 0.2257959549243458
101 36.898077506072966 0.22557912264159108
102 35.80431729579254 0.22557979128005168
103 35.28602049395861 0.22561338628086555
104 34.995857039107804 0.2262091679921073
105 35.155638780640295 0.22547329630439872
106 33.687611543005794 0.2257120393260298
107 34.39745723023201 0.22570803327575947
108 35.2802659732413 0.22554347033812572
109 34.60010787290888 0.22624312624835982
110 32.95236351041315 0.2276176996512463
111 34.671095911745255 0.22783745117548684
112 34.39487788081741 0.22475912050667257
113 32.24364265262892 0.2247145847769186
114 33.15813532123417 0.2236660464479483
115 34.89537853590062 0.22528512451618857
116 33.22337422112744 0.22482600680013545
117 34.20608058995337 0.22265300749663441
118 33.843475110627 0.22208453555694582
119 33.66361065373438 0.2216825684937828
120 34.349717388482844 0.22126998185885008
121 32.87472341677494 0.2193146840454264
122 31.76667141759173 0.21858702901581017
123 32.67695093740804 0.21954324297004027
124 32.091164744350486 0.22105272004525803
125 32.374724115387394 0.22001366128290603
126 32.93177926303934 0.2188171684086279
127 31.438125649223757 0.21828899737618843
128 30.816652251090503 0.21839683307069055
129 31.286469251997037 0.21659849585346777
130 31.896728901831953 0.21741678202396972
131 32.27744509749516 0.217244766847548
132 32.04267939544831 0.21809331535708254
133 31.752942469950817 0.21686092756078498
134 32.42834651401567 0.2162083364818507
135 31.6179992551003 0.21578201326007998
136 32.107006094432634 0.21544462239626938
137 33.383031944272496 0.2152527938895827
138 32.00480667541765 0.21560177285903745
139 33.448838472892646 0.21504988859856852
140 31.16920767937526 0.21567854162444947
141 30.799374322543333 0.2171963416322915
142 30.461357705040527 0.21649620175491616
143 31.199010094883683 0.21488462894244664
144 31.693421559261452 0.21493465132914533
145 31.051435125342856 0.21459067738826876
146 32.11799199394791 0.2132847586045381
147 32.24106069713959 0.2131753501983914
148 33.53929577126921 0.21232717803187096
149 32.992620034844094 0.21166905100601618
150 31.736784980919385 0.20969941264042183
151 32.45364074746951 0.2092854526505387
152 32.985380741693845 0.2097744849848715
153 32.647320263316644 0.2086991086585955
154 32.729499130937576 0.20923614215860864
155 34.196869015160004 0.209185733174145
156 32.84660827010826 0.20842485459566196
157 32.465400068682655 0.20837578857217287
158 31.847088965233702 0.21019920931251504
159 31.91634350025494 0.21184530238325103
160 31.83923310087638 0.21191322584418174
161 32.344393273522435 0.21240681136909187
162 32.86067355524716 0.21307776080936755
163 32.62283198549734 0.21279844762942082
164 33.58855371774239 0.21301306869616063
165 32.946482279516026 0.21218206068201342
166 33.37090573419429 0.2111451269701278
167 33.27238676918731 0.2097753805972409
168 32.67111348204578 0.20860376141133705
169 31.573444003337663 0.20822417012337344
170 32.31250939483452 0.2076003088742625
171 32.08205592769011 0.2080113425819837
172 31.643615284124273 0.2082397304301671
173 31.919416403795378 0.20873943257436853
174 31.714430227728425 0.2092764595650259
175 31.932432570531954 0.20979485132276476
176 31.94501506918933 0.20757088679365202
177 31.926198887274133 0.2074002182847828
178 31.730016089891677 0.20641111918096178
179 32.07320585515591 0.20694033230560738
180 32.498769464022594 0.20767525325828198
181 31.91405433434855 0.2070393711526378
182 32.22228140836236 0.2067332975591636
183 30.303658787570257 0.20500437583011813
184 30.774991377722664 0.20520641053238975
185 29.151785972249492 0.20357675131681843
186 30.449454086997218 0.2029303455563777
187 30.18854967595591 0.20355004011885924
188 29.976152415825865 0.2047069215378905
189 30.436036621582076 0.20533124225422764
190 29.330747159553113 0.20420479271196246
191 30.527060870266055 0.20386804876183484
192 29.936805561182958 0.2028735420161064
193 29.80418488824639 0.20342153841030144
194 29.30469394221545 0.20333019948407385
195 29.43642058185533 0.20291305268680793
196 30.175254233636373 0.20369955712623464
197 30.90944847738102 0.203501749244114
198 30.785350438598872 0.2050536068048716
199 30.637155776355275 0.20492248391473153
200 31.070964070363974 0.2039535963588737
201 31.50461880146267 0.20238722447167137
202 29.77268138647505 0.20284092455349978
203 31.18166150838771 0.20336175884706828
204 30.702375591095958 0.20372030767038551
205 30.648149936676838 0.20198356652495855
206 32.02336065669339 0.20185924609155811
207 31.014064317497276 0.20105334191383986
208 31.905823811574134 0.20065012597992485
209 30.956078936456294 0.20054789260897846
210 31.934878462617245 0.1995674377582287
211 30.87758413936307 0.19935958129352446
212 30.364874012093203 0.19981569177345623
213 29.983753362543013 0.19954151105742768
214 30.777823407222524 0.19959573677637646
215 30.766455608719205 0.19913394417240948
216 30.754141284620953 0.19885534243676903
217 30.51660789193305 0.19781057296513482
218 30.137300023390054 0.19812115109552564
219 30.121976287967367 0.1991611551696931
220 30.162870538315346 0.19903956093927397
221 29.627747414517337 0.1997684721784551
222 29.580807424238785 0.1987722743885302
223 30.402534605185124 0.1997860085229283
224 29.028665463693343 0.20052517154480978
225 28.9625402524563 0.2008038447953255
226 29.247781185732173 0.1997754322875779
227 29.54085996165901 0.20006682215647112
228 29.46844611967525 0.19951858338047868
229 30.621536957485624 0.19872968509609426
230 30.207092977661706 0.19891122912633818
231 30.4067798000914 0.1976298410296927
232 29.943117041736006 0.19652497279276146
233 29.698640071452346 0.19758269459841116
234 29.96361323667974 0.19743732485057297
235 29.329894261430113 0.19615487579499055
236 29.910536180415512 0.19626221412465683
237 29.813776354724702 0.1955218278261636
238 29.44051150690536 0.1947713623839005
239 29.18330934115467 0.19291800046213367
240 30.70106736281631 0.19380577757630846
241 29.881637447783902 0.19585467346719385
242 30.2268661099195 0.19600948548775965
243 29.945437784124312 0.1958606221223167
244 28.709454832117178 0.19547478116654218
245 29.664961319221344 0.19584757751528958
246 29.13202396450297 0.195863619511227
247 29.279111039478074 0.19608982283391993
248 29.487330116105625 0.19594881004985673
249 29.82520065885914 0.19480257038435822
250 29.060135007819518 0.19450555899950542
251 29.197758338619956 0.19505239968422447
252 29.02117062507252 0.19421037956407364
253 28.904304504960642 0.19348862149372206
254 29.444140487135382 0.19257206794445095
255 30.245812863110636 0.19321685406297387
256 29.758102110895905 0.19307350726591874
257 30.194767861773943 0.19393408578053406
258 29.94084328228337 0.19364457456352632
259 30.172182986550496 0.19358396578292045
260 29.925134565688506 0.1942224203387192
261 29.60761995081194 0.19394667048382255
262 29.075216774686552 0.19447215212348654
263 28.962873729799334 0.1948182018125415
264 29.247718102191417 0.19441295102170972
265 29.227956038642176 0.19381707528848283
266 29.2929395002309 0.19451268066206084
267 29.41179871576096 0.1943794040605875
268 30.319217019880078 0.19403279691146133
269 29.18949964307764 0.19519147007260038
270 28.822191184499566 0.1965626451911925
271 28.632086238430055 0.1960780522459901
272 28.54388973971043 0.19505226471505957
273 28.792448543772114 0.19536870568349715
274 28.122592746088515 0.1953572750100244
275 28.357847239854 0.19489841236837577
276 28.849159262412023 0.1948616394395106
277 28.730818573351662 0.19479996018681875
278 29.1776163185541 0.19440620619077562
279 28.56878164812138 0.19581839909459206
280 28.408595184584527 0.19635039518667816
281 28.258631721420464 0.19487061529256924
282 28.269832182528216 0.19391154889065573
283 28.183136358542964 0.194503146846978
284 28.582824381789504 0.19407009574045234
285 28.03410544474451 0.19321294447136292
286 28.624604545116533 0.19301933232244686
287 28.656801261784295 0.19322537930760467
288 29.068515473800247 0.19377179435721792
289 28.713547814290422 0.1948644909065175
290 29.51056525171405 0.1944972517665081
291 28.779046828254938 0.1945184170814922
292 29.473974719250343 0.19510749390311377
293 28.39743097133065 0.19456442905353458
294 28.78215659963036 0.19476570302909524
295 28.761588873521923 0.19482971767585808
296 28.895690187274724 0.19486289431069417
297 28.667598300555685 0.1952634532381334
298 28.632002295321488 0.19406821406223737
299 28.557154188178163 0.19484479793539286
300 29.310963683630213 0.19550146030704574
301 29.88616764555077 0.19491314521197708
302 28.6764975407266 0.19446247519386586
303 28.65585771277371 0.19351966082252184
304 28.58686794775856 0.19222540496676666
305 28.778932505892882 0.19301313042077503
306 28.985068502688968 0.19372941207589892
307 28.99263065081354 0.19287240487485388
308 28.661333759287828 0.1937258323537373
309 28.276566992895066 0.19263668871635656
310 28.034064895172236 0.1928852202261625
311 29.284133218721536 0.1927046257920716
312 29.493613740187975 0.1930664859866225
313 28.657990746194777 0.19204502475165178
314 28.422344671883536 0.19232161782769186
315 28.36792699982039 0.19127195318304438
316 28.014668999826547 0.19149879454946206
317 28.23203361528975 0.19041916299572684
318 28.28134659653269 0.19111370837572905
319 28.859913514152918 0.19095545853318843
320 28.201467328343938 0.19063947860397987
321 27.849423317081868 0.1903581021871009
322 28.22271983061713 0.1907204235425645
323 28.602790284078498 0.18972129490029688
324 27.671230473636186 0.18808541073620152
325 28.54697432180417 0.18899315903380287
326 28.23245434441168 0.1887893915813511
327 28.35744262512698 0.1868874140794464
328 27.818879771623298 0.18633733878121891
329 28.476375183331662 0.1858073601579647
330 27.498498669367894 0.18507297921079602
331 28.46113933490232 0.18465321663058423
332 28.12554690381807 0.18358205420545812
333 27.983506216435252 0.1837120860490623
334 28.69919000877001 0.18343383927379453
335 28.41260732237334 0.18308846675552584
336 28.71674600887549 0.18289659662351365
337 28.49182738572594 0.18253396603018998
338 28.901625266036095 0.1828900130682188
339 28.928314290038468 0.18402711115648085
340 29.18302835395155 0.18303754757756174
341 28.227255044150816 0.18275523896952395
342 28.372889805273303 0.18233579468067732
343 28.002730200809953 0.18118520616010933
344 28.35387404432265 0.18092528293356
345 28.114507925723437 0.18088567191812613
346 28.62630034942854 0.18043539184855586
347 28.63661492410529 0.1796825795765482
348 28.26321879344176 0.1789450602785249
349 28.20677698900436 0.17900412770306082
350 28.08204816044711 0.17823976644327666
351 28.144692962931664 0.1785119533987812
352 27.953144457088598 0.17769518634449696
353 27.594742369104445 0.1777367797942403
354 28.226506993389815 0.17799756682125398
355 27.919301279531744 0.17785018530439625
356 28.36648503977965 0.1779619627806155
357 28.059015994447158 0.1778354562134338
358 28.47478079707672 0.17798769303825565
359 28.04451840087237 0.1777524159359197
360 28.323581558205348 0.17745675291092955
361 28.462874231284246 0.17744843933615673
362 28.260193964216374 0.1779409348440709
363 28.252193664913214 0.17722755632012407
364 28.11495026958445 0.1768231798098797
365 28.758736823789818 0.17588189633324527
366 27.97658982470396 0.1763249150586115
367 28.372872652865496 0.1766383926337336
368 27.923887379353708 0.17753957245764698
369 28.168183306197285 0.17689380522287748
370 28.63999507511794 0.17702451654533413
371 28.34791107110911 0.1781147365072643
372 28.046314045688923 0.1768990971062082
373 27.815667099599793 0.17780255189274585
374 28.136622307482916 0.17828763967930908
375 28.610222942942755 0.17828749735806745
376 28.496001274005245 0.1781152955633425
377 28.130429433402583 0.17845183129550937
378 28.269971982846478 0.1782458998879083
379 28.270712266472213 0.17865362965375176
380 28.272518586956203 0.17884057673779355
381 28.387841306535844 0.1782493097223913
382 28.104483165240847 0.17845085571949518
383 28.32056116104784 0.1782044799394442
384 28.340601657471417 0.1783003935915084
385 28.51755516079899 0.1785978002418885
386 28.475476240999676 0.17907648855573943
387 28.154092774484777 0.1792578546243182
388 28.577428613664644 0.1788040019386344
389 28.47643233020901 0.17911106611047609
390 28.629534237828203 0.1797140028571146
391 28.63007174632103 0.17946096136110878
392 28.483149001809817 0.17976038622482204
393 28.31026610083262 0.17947870410810488
394 28.58489394592295 0.179881012308393
395 28.603821068032357 0.1788272105022595
396 28.760912267806233 0.1787688233354737
397 28.345991885037584 0.17908633359085702
398 28.344103204169947 0.17908664322527454
399 28.31483840017336 0.17921962442833875
400 28.030195630379907 0.17939484827197458
401 27.73697180842194 0.17985558310788866
402 27.7985388589148 0.17996167015383135
403 27.774797457362002 0.17986225159788216
404 28.423454922443195 0.18027149925785824
405 27.60445513526095 0.1803178021693724
406 28.31530446063268 0.18037900276812435
407 28.49130310032649 0.1806407982595806
408 28.070169967235366 0.18117046782069682
409 28.429366556784572 0.1800225466328199
410 27.896760659263286 0.17958413353301536
411 27.87260393254926 0.17956487988800687
412 27.71588523876327 0.17974408411060086
413 28.0120404486008 0.18027719091103664
414 27.59092548119213 0.17972939700003812
415 27.4922516338961 0.17849871496737926
416 27.520406691565828 0.17858553719044812
417 27.546556321035656 0.17895490003665313
418 27.90101030482557 0.17829619649333883
419 27.795903605156273 0.17803013916954033
420 27.580540818989814 0.17695794792719075
421 27.97511626234293 0.1771415401747011
422 27.481170754264156 0.17698682503209454
423 27.134672165395166 0.17721514251355772
424 27.82694100683649 0.17643333024524277
425 27.621704008182533 0.17638828914068486
426 27.735934849675306 0.17715792198234484
427 27.603274827381206 0.17675021886182662
428 27.581917455896793 0.176492224962564
429 27.58400236053309 0.1763038670940251
430 27.67669415500699 0.17617831068821718
431 27.54828466130771 0.1765374878340249
432 27.693920372185644 0.1766458397801108
433 27.205685000262037 0.1765583141343344
434 27.76123415808428 0.17697721812357517
435 27.483607025571143 0.17767494574417067
436 27.899282582991106 0.17735910274396116
437 27.804594804300827 0.1770859601694231
438 27.73233687390813 0.17664755633939708
439 27.868082874904395 0.17605230358556534
440 27.924646209034464 0.17587461776963145
441 27.661499766155266 0.17586748615103087
442 27.762593409788384 0.17603174976325453
443 28.024005635999764 0.176455139083319
444 27.833086273684337 0.1757130545296238
445 28.149479202823507 0.17576166086098677
446 28.127156825771518 0.17577873356717374
447 27.585201055676336 0.17595640091547615
448 27.898386860968706 0.1761781589379184
449 27.84571490484693 0.17598506841721437
450 27.941272885522643 0.17554490182580873
451 27.71340136825422 0.17601045966983786
452 27.530954445645396 0.17557740628424015
453 27.86796661432654 0.17513748169164486
454 27.713015418388274 0.17495062990392762
455 28.074074350280732 0.17500838678477568
456 27.66927792241748 0.17524104710627345
457 27.614653483263844 0.17556543952013934
458 27.411113514836835 0.17545537366066535
459 27.37336289148208 0.17523472445753133
460 27.81620139332665 0.17556746814146937
461 27.434851288460116 0.17522851788012303
462 27.537189930488417 0.17560111623671673
463 27.695553607201937 0.17526035286461736
464 27.484336007363694 0.17476845130411042
465 27.57415397319331 0.17482234886500012
466 28.03438351958623 0.1752242339606859
467 27.570990279952515 0.17625690108114414
468 27.296169763638876 0.17662184428551084
469 26.881656401472473 0.17754030983531544
470 27.010392335273288 0.1776618077256565
471 27.32944853738138 0.17817688901824905
472 27.038154431817887 0.1781535982301288
473 27.103234819743715 0.1783438764677637
474 26.92575686112906 0.1781477269463747
475 27.01974146095929 0.17734317160985943
476 27.19918369046232 0.1779295992427721
477 27.11665132404431 0.17841721752787432
478 27.40916917753467 0.17828871404608773
479 27.61074714852822 0.1786616112494619
480 27.389028584891925 0.17841243689707056
481 27.213816651358535 0.17760450781169546
482 27.360818028430877 0.17739102145559485
483 26.948061812846944 0.17652883220239116
484 27.42253506621537 0.17676182830779594
485 26.97839903333678 0.17635251646381458
486 26.96626206880968 0.1766625253246474
487 27.083575318158907 0.17680806121203305
488 27.011024987490647 0.17654608770182256
489 27.297628256015166 0.17655261054680824
490 26.86429894465458 0.1762110397635086
491 27.06450465763715 0.1762765236071782
492 26.457334158068882 0.1761340643575363
493 26.661158643998593 0.17605689215748618
494 26.967821256045788 0.17683691173105157
495 27.217565722102275 0.17623531924082422
496 27.407052507806817 0.17597161819148102
497 26.782455390304513 0.17607319375576633
498 26.629643551805827 0.17566123467594452
499 27.35619820396663 0.1759333170766234
