0 105.62283661627212 0.3004062875129556
1 95.30251827944284 0.29917920480964627
2 96.3831861633435 0.29924759429560077
3 88.13394850938016 0.2988269621486455
4 88.74916839540144 0.29877084870813814
5 96.45464697778188 0.2985889285279393
6 86.86808011577163 0.29817835422698963
7 78.25678247110845 0.30057343364100814
8 81.01930908583 0.3033745525878363
9 77.33034637210436 0.3057163847167928
10 82.68108458169502 0.3061380494785657
11 77.63627871570857 0.30824858304949027
12 78.2760599177986 0.3072844424844871
13 67.21772605773192 0.3080105715264274
14 78.85289613939885 0.3061405097824525
15 75.08595581248406 0.30460391082453636
16 77.93252111469019 0.303086791393169
17 71.70354517345675 0.3011418462325838
18 82.2559124313236 0.29960790242128343
19 69.21109496500729 0.29960423004671394
20 67.56923411063136 0.2973513267285852
21 63.67192357748078 0.2981145074946026
22 62.455552520356434 0.29673501386318496
23 58.860072150680665 0.29493208554816913
24 62.41632917531169 0.29419879123384024
25 57.47740459074661 0.295389014985282
26 63.77710867487523 0.29696343731422387
27 58.43554614767283 0.29497232022081593
28 57.21194214950806 0.2930989022581974
29 58.418546687092686 0.29172421210581717
30 55.14712152536224 0.29089390721784064
31 58.28389423575054 0.2921891079120765
32 59.62656835010556 0.2932002659158046
33 59.89303987253773 0.29004281156500006
34 54.44003106764089 0.289458641563145
35 57.048094190124075 0.28976599425590704
36 60.46843628525201 0.28576430272552383
37 61.145359009294076 0.2854724571206423
38 60.71062454017681 0.2851588292083149
39 56.3337022831859 0.28506591895324984
40 52.63847857475214 0.28317126593026415
41 57.75147406183502 0.2779391665018227
42 57.28418138956995 0.27487817399502495
43 50.20065515046303 0.2740750330974386
44 52.99167387624152 0.2727525030801821
45 51.67451577871246 0.27011553195429766
46 51.05838322108224 0.2702988977571873
47 50.81878983827313 0.26935761378323825
48 52.35291235931189 0.27027038616995197
49 49.2478582011066 0.2674145048318238
50 52.371979794602005 0.26592751580416535
51 47.89891180785438 0.26384957886760124
52 50.08829992936447 0.26414633435104456
53 47.45516634163721 0.26357860460434357
54 47.49948475594347 0.26333145006277303
55 50.83745440662288 0.26291547716575087
56 50.780291452694485 0.26209730047972646
57 49.30189213680522 0.25972484405881424
58 46.626040128639616 0.25697196037524256
59 44.93797860015415 0.2569288157040276
60 45.69623642821635 0.2562927878178616
61 40.88077039198136 0.25505777800126533
62 44.15892325018797 0.2551238939023535
63 45.58454203821678 0.25830564577596843
64 42.646692934239304 0.25509960425633765
65 42.05037681702687 0.2539994989960695
66 39.49772286077331 0.2539149307846124
67 41.61359247208436 0.25080960693376003
68 42.44605484110687 0.2473632719295736
69 40.045244436565056 0.24816472671162507
70 39.746027826818974 0.24892754369555048
71 40.21096660587313 0.24924840139536567
72 36.79609795787197 0.24960081598811534
73 35.93095180315298 0.24660604661171637
74 40.07434430597824 0.24554255003124056
75 39.21915330620372 0.24439451805215415
76 36.9655702517514 0.24370981498971878
77 37.871569739567455 0.2429102517587111
78 39.965981703795634 0.24352798320300675
79 41.26414633209466 0.24200585741767533
80 39.40645520050846 0.24177568119384976
81 37.368711699893424 0.24062027136602215
82 37.931502591983865 0.24001643206619327
83 39.73171688369452 0.23933134167795242
84 36.590693694659016 0.23969432936629054
85 37.913586511389425 0.2384830966025239
86 37.53129591042821 0.2353240617104957
87 38.51908604299298 0.2351417193095063
88 41.62414701526596 0.23416656369083552
89 37.169883189112284 0.23345013162878844
90 39.08770040320013 0.23503783877810613
91 38.986045842604554 0.23397652749814993
92 37.15456797969624 0.2334354828225553
93 36.9511723297566 0.2331721511904629
94 37.702262915079075 0.23112897877559221
95 34.642943787479325 0.23202763238965152
96 34.07614285725113 0.23259331227558358
97 36.05228981607674 0.2326776133796714
98 34.79852509909193 0.23197703459462796
99 35.18199629941853 0.23330599799841797
100 35.45343058167123 0.23171893516481337
101 35.76816923570068 0.23016398039635663
102 34.74512203059136 0.23164164823938171
103 34.569830686975365 0.23211052266074225
104 35.01801189878056 0.23257028582496095
105 38.717860332243255 0.23043590373328873
106 34.60539517829244 0.229761236677107
107 35.932319123950926 0.22871118999742898
108 34.34115629987471 0.22739139615129833
109 35.963560838763186 0.2265233953378497
110 33.862744104697654 0.22769759145187826
111 33.53218650948726 0.2282147664284627
112 36.50655326578526 0.22768342797314034
113 34.79273550672309 0.22779762780507198
114 34.44013289172213 0.22828952612165185
115 35.38020862220601 0.2298304244535616
116 34.793113527805644 0.23175684496097015
117 34.82814737164668 0.23148251321634059
118 34.757805474582035 0.23006385809832186
119 34.55487317567757 0.22947574941817894
120 36.229122853835705 0.23006532125471926
121 34.798321264812174 0.22936592742406203
122 34.541338457571555 0.22954286460884796
123 34.57177300815536 0.22961428715589682
124 36.08978853128238 0.2278984965826958
125 36.00352064764165 0.22714186833660333
126 34.576954826251196 0.22775379646351
127 33.333964761613714 0.22500104736314763
128 34.00205670182851 0.2249957507060141
129 33.870079044425225 0.2252119643449814
130 34.442543832734245 0.22441256523197387
131 35.14371447061841 0.2250797609788094
132 33.86101369436095 0.22514597475713805
133 33.782534752027644 0.2236876003997462
134 35.23081685251154 0.22341851911079572
135 33.903713957580976 0.22347374038001164
136 33.68491433320543 0.2234731645132988
137 33.47498640143311 0.22298789436218125
138 33.59425110014992 0.22257531658430238
139 32.32673538663645 0.22294041956314156
140 34.196483237187735 0.22328971070923154
141 33.53222348986033 0.22207612683206188
142 34.67167903452853 0.2217389975426348
143 34.39842396809423 0.22228063960169667
144 33.404313229147824 0.22371992622158351
145 33.73467113674198 0.22341150921100464
146 33.79330005567758 0.22284370345404136
147 33.22679620819298 0.22296293591199035
148 33.79994554732142 0.2230567452019365
149 33.47424973265059 0.22286934769933012
150 33.00261250437636 0.2246692740743973
151 32.4317234200268 0.22359253232834805
152 32.53720730144876 0.22382817245512074
153 32.30597521062702 0.22273426476088
154 32.428722365019894 0.2210544238710267
155 34.22132666657659 0.22009289219815953
156 31.739949141018183 0.21927955896125742
157 31.28967904456949 0.21885609657505975
158 33.12213406065855 0.21827888786628877
159 33.48607158546125 0.21819478970047904
160 32.342215521530875 0.21925760871160568
161 33.47956435438774 0.21769396195383228
162 33.74996008488131 0.2169575084799028
163 33.32023682381022 0.2165914501460112
164 35.017373852903724 0.21553009673223192
165 34.39840859380669 0.21586045153275055
166 34.23463477450376 0.21532221650633468
167 33.41039628232434 0.21606188192331066
168 33.50866830806515 0.21602166592724215
169 35.40203931861292 0.21472421756896262
170 33.39662048733413 0.21535558694891646
171 33.419448539906284 0.21403250861127007
172 33.5483012570475 0.21478907939604527
173 33.396391546281095 0.21468165427221164
174 33.46409797614011 0.2134166241768912
175 33.10239892355422 0.21306789257599665
176 33.692334517350076 0.21470046190088668
177 32.69695658386461 0.21284124521202286
178 31.893130253292384 0.2121452316653667
179 32.014341572221355 0.21176521468450407
180 32.536519675966105 0.21125428705851165
181 33.41666523272272 0.21186058743332067
182 32.94062949372609 0.2123222550053631
183 31.781485968335872 0.2126625468118093
184 31.40661368675703 0.21182854550842714
185 31.449681185691954 0.21152086910351656
186 31.99521230257931 0.21215695600034626
187 31.190645775267576 0.21244280303051358
188 31.97782382372366 0.21188983474265055
189 31.743427585391743 0.21231960045551326
190 31.289433179496672 0.2127011134165755
191 31.412208319119905 0.21359526964905387
192 31.53750867073156 0.2133761364451829
193 32.63092990313073 0.21371263139453245
194 32.751959562390866 0.2131025038272397
195 31.815289765926767 0.2126966433231535
196 32.433247897266064 0.21361193071185924
197 32.8889923843315 0.21338607316260402
198 31.916378632661257 0.21442126338415846
199 32.82407903518948 0.2133196474234436
200 32.71878160489754 0.213261631870684
201 32.34688369779468 0.21342521021882963
202 33.87623870786683 0.21337652566376875
203 33.00099860345911 0.21279652707312505
204 31.34956685714763 0.21273571267163494
205 31.929137969764092 0.2116301437148922
206 31.260167495492347 0.21146695427537368
207 31.951207527538106 0.21171806653817696
208 31.12587329484564 0.21164018092239437
209 30.815540401860275 0.2125974179274852
210 30.16968218441791 0.21417788219452535
211 30.40318365195197 0.21555507242312036
212 32.09862246590999 0.21615803594905988
213 30.588434113778156 0.21507433073356785
214 30.816407471541304 0.21505802484521166
215 30.586334260860692 0.21415970505716111
216 30.850475236454386 0.21406390553246193
217 31.34142298941733 0.21564310355538127
218 30.25824123525689 0.2146989125978618
219 31.870788084510664 0.2131483814855234
220 30.356429690726785 0.21363283588312587
221 29.815855879121795 0.21280431883248294
222 30.595750894615563 0.21291436873115335
223 30.26849862179934 0.21313375323191255
224 29.45102045761815 0.2132044723692302
225 29.18612661452625 0.2129144414248142
226 29.872292590359862 0.21247503332478632
227 30.480053169567114 0.21105893177099522
228 29.65672943309573 0.21123086865303883
229 29.84291948118058 0.21238127119133612
230 30.056933250677034 0.21304563401625376
231 30.45305309596653 0.21346403491489854
232 30.66788422333498 0.21435135707397787
233 30.575277921997937 0.2143731344612305
234 30.24364160518551 0.21462249242449027
235 31.35784273662326 0.21328773660296893
236 30.69968897373048 0.21326523945913176
237 30.37333067877598 0.2131483742261496
238 30.235392415985753 0.21193675741257567
239 31.187136765774348 0.21189433827944845
240 30.716895007162265 0.2123695538502052
241 30.12439187398187 0.2094687245639586
242 30.69054496456593 0.2095654471855407
243 31.60536908200007 0.20915029431318014
244 31.461588125671447 0.20767467542432796
245 30.537541209507292 0.2059138228591136
246 29.809008512968497 0.20444077384216416
247 29.484141390198097 0.20399375040682452
248 29.326269543974966 0.20379458635496914
249 29.560767275960153 0.203654937751928
250 30.752326042543753 0.20326760922967993
251 29.968428705886836 0.20308256540636974
252 30.6800472926155 0.202588361865327
253 29.458770896581846 0.20169833345367646
254 29.53389233308414 0.20254542203419956
255 30.08333026598159 0.2013172339043142
256 30.45036723218438 0.2007874790422636
257 29.864775694106733 0.19954534489436324
258 29.850386657398683 0.1989301775656073
259 29.025979020008364 0.19958480839438866
260 29.85478798092931 0.19982649381289053
261 29.632112271754746 0.19956338188294157
262 30.028964141828737 0.19915221389883783
263 30.510956912055207 0.19985307082995388
264 29.781123230887786 0.1986409771887345
265 28.944528441051396 0.19768986447386797
266 28.905976910835285 0.19771827435791264
267 28.949830266056438 0.19713413167778304
268 29.357807900552196 0.19693490658256083
269 29.507969842095598 0.1959978538499406
270 29.853272743576586 0.19625126519597483
271 29.237712574687695 0.19636403356184587
272 29.249560287334376 0.19652382654162667
273 29.37041270074817 0.19806096087816516
274 29.384237725328504 0.1966700517709472
275 29.250669718552526 0.19669077940021143
276 29.096606439998247 0.1965720747123819
277 29.007405978255882 0.19617475602751197
278 29.460954728314356 0.19566047727784167
279 29.45196261344791 0.19543836119794647
280 28.836881951946143 0.19505106209369105
281 29.030728174921958 0.19418988582561938
282 28.564851763262432 0.19325053053424332
283 28.740064888417603 0.19387319878598266
284 28.903875728270883 0.19391054199233126
285 28.27764692906971 0.19299924451485928
286 28.73388912715562 0.1926976031972516
287 28.417072860981825 0.19303184202176757
288 28.65289520501136 0.19257675002183228
289 28.971505596963482 0.19347169552789545
290 28.614905571143908 0.19251787377753438
291 29.192644130731818 0.19252961777711985
292 28.31115438949942 0.1926059469981006
293 28.536724765929332 0.1922100539832696
294 29.063547729038802 0.19366667773703194
295 28.876715509131294 0.19288433562726603
296 28.701587534474818 0.19324291486595854
297 27.791139741127566 0.19288849746021985
298 28.67884160596141 0.1912117913540464
299 28.03208814326575 0.19033753286303443
300 28.36148705420461 0.18993502194375053
301 28.244036086321927 0.18940872245715804
302 29.483848513478748 0.18934541676534153
303 29.478433788271992 0.18904373964590312
304 28.412612508548627 0.18934148434240158
305 28.41494540077617 0.19001074704879461
306 28.203208568545566 0.1899025519627581
307 28.29295092659025 0.1903968451583756
308 28.10437823339037 0.19092318011047452
309 28.85756715051248 0.19009334353628468
310 29.022954867889226 0.18993067156843116
311 28.677868586686223 0.18853257256167444
312 28.902510443632373 0.1883991458992507
313 28.357967524111768 0.18863477909292803
314 28.024087581822258 0.18945066817785716
315 28.423942382336328 0.18943877934990683
316 27.870532744682773 0.1903868887817625
317 28.25944909995855 0.19030144675745617
318 28.537430331466854 0.1895981674457993
319 28.885152311975446 0.19070835262863936
320 28.9565324639136 0.18940259405769122
321 29.054835785818725 0.18964797371462863
322 28.703513201794085 0.18946267848798629
323 29.573698908227783 0.18970411774945925
324 28.63060045488175 0.18846629640569687
325 28.766681541812957 0.18836194964076816
326 28.57721992122168 0.18866395658407853
327 28.388159590389126 0.18914529781437506
328 28.504041034487337 0.18930004871567796
329 28.73370038302597 0.18973407855005986
330 28.437282102172723 0.1900107352292242
331 28.829161786877982 0.18974778875206935
332 28.74133109814006 0.18969880316219725
333 28.675712046427588 0.1898619571926564
334 28.971093394578237 0.1915935941546587
335 28.50486623480461 0.19139480667773376
336 28.69884816448966 0.19108352127570438
337 28.87710296680143 0.19047665737815786
338 28.392794496256613 0.19023391347616778
339 28.341692016526224 0.1896910463008001
340 28.17271608273721 0.18984849129023565
341 28.38887292133755 0.1897821547938828
342 28.7075923676775 0.1892863637850295
343 27.587043593455945 0.18924166540725948
344 27.819526922738234 0.18871363922462794
345 28.170406191210247 0.18907294480555636
346 27.88022683889748 0.18909166878093464
347 28.060409275553745 0.18923287574966488
348 28.407750022519302 0.18950784742296659
349 27.914533434563218 0.18882421573091798
350 28.442308204102943 0.18845708172400977
351 28.01444200372663 0.18842117736130906
352 28.057948811181426 0.18833851645481703
353 28.389028762010597 0.18866457995187957
354 28.106701444570092 0.18777726465537034
355 28.075093305030975 0.1871457140116415
356 28.198469272599873 0.18773346868719173
357 27.935212073982967 0.1889387551062869
358 28.618743154140724 0.18947652947065088
359 27.847441037078397 0.1892767580688782
360 28.72009345622843 0.18919334634885168
361 28.24985342163434 0.1894533676946841
362 28.401185828936647 0.1895378774835557
363 28.39339874849562 0.189619723324396
364 28.208156899591167 0.1897091900937994
365 27.953212135618976 0.19001496297764375
366 27.827409599150194 0.19023298116130485
367 28.254366578962077 0.1896686327255983
368 27.99751506424721 0.19020351251276646
369 27.59692225350444 0.1901436557012303
370 27.75846968663524 0.18962797861926273
371 28.172456135167764 0.18951578989525975
372 27.42306131131231 0.1899325495101798
373 27.881067450201584 0.18988007339292787
374 27.914345912744796 0.19042139684241258
375 28.008286070604235 0.19047516722360233
376 28.164998427086932 0.18963899411596674
377 27.9638035455408 0.19001854929189102
378 27.80705673538274 0.1904679779433364
379 28.110719541464924 0.18995442888640643
380 27.826770347995755 0.1893272942253975
381 27.569770090456444 0.18912560229404204
382 27.64525396360528 0.18925842869337406
383 27.577305227087464 0.19067368879769905
384 27.53692294595156 0.19028780042371393
385 27.3229890802837 0.18935543737729632
386 27.70190268737295 0.189428111862371
387 28.050959179745625 0.1902688771195382
388 27.596214373443058 0.19130179585733154
389 27.81967116967963 0.19053319516038672
390 27.33372909633563 0.19027668210343615
391 27.36193335011403 0.19045845042319834
392 27.93913726291393 0.19008013089534137
393 27.47199984807442 0.19111377307684743
394 27.852760551671103 0.19135921912222645
395 28.18443585516419 0.19041760325790277
396 28.180517551477127 0.19058589155171987
397 28.126709378724694 0.19088833432018457
398 27.83057779658811 0.19138014885720867
399 27.409662240871338 0.19202390922005122
400 27.873005594591138 0.19174152358378627
401 27.561869408118433 0.19096093404622594
402 28.254312446680615 0.19093574931266813
403 27.335267199387417 0.19018810102240205
404 27.429169732025287 0.19059290912199656
405 26.753099003266314 0.1903032178655859
406 27.79207295907616 0.19064496957823515
407 27.28378563627379 0.19032160678653595
408 27.156732828871117 0.18961483077476501
409 27.70398054006516 0.18998730638609496
410 28.136829065823918 0.19020501919987445
411 27.604553087122454 0.1903333224163862
412 27.957805921984484 0.19058847130503054
413 27.915686483230623 0.19084821615449868
414 27.252414910782903 0.19125373366454446
415 27.04573149458757 0.19097174511642379
416 27.064240682409284 0.19013280399668764
417 27.562919260322005 0.18962028352457846
418 27.312361823835168 0.18919360507140567
419 27.428963058409778 0.18850169439056297
420 27.418043615975343 0.18906738403302015
421 27.536695617022012 0.18940434544350138
422 27.308466456600634 0.18960606287136839
423 27.53122539320381 0.18960567336361947
424 27.78666956295342 0.19028757358718051
425 28.155168708470807 0.18971184403091298
426 27.771937381452297 0.19001553890837472
427 27.422610074706007 0.189869360297826
428 28.001085289378757 0.18955246678479165
429 26.76843862654959 0.19014610913965305
430 26.796295981297384 0.19037582385823745
431 26.829140353183014 0.19022567881933203
432 27.042644304234194 0.18980404986207422
433 27.14273466329112 0.18937611598665652
434 27.31957760155992 0.18963865266379373
435 27.21331554987964 0.19005959241992318
436 27.334009760149335 0.18984915355793872
437 27.10534576200292 0.19026189946202351
438 27.011769122214012 0.19003401648428597
439 26.833689484810797 0.19020861039169365
440 26.947480185939728 0.1898277837948764
441 26.748734035351887 0.18899645859709055
442 26.58348762128623 0.1881371070354413
443 26.888637941974075 0.18719636287311317
444 26.59192534242419 0.18683208073738752
445 27.235870878623217 0.18690614255457297
446 27.266420077588553 0.1855828995517327
447 27.4095607775085 0.18556694268053456
448 27.16027215200726 0.18632119378543247
449 27.18744557960304 0.18561959966132846
450 27.292536536148816 0.18517737482717803
451 26.967320175204172 0.18482914792166738
452 27.29426679346374 0.18465713314566654
453 27.3307341413375 0.1849317629477886
454 27.920211118842516 0.18483131469552574
455 27.655237486231197 0.18574180998854364
456 27.501939126286217 0.18541871450357975
457 27.555915072314203 0.18541878372271267
458 27.263779746404815 0.18548060092800042
459 27.43194709958953 0.1855939533562878
460 26.678296884451047 0.1852057906490996
461 26.830221484988904 0.18450629337967248
462 26.73499832480636 0.1843708266584285
463 27.41172437406349 0.18478946595414783
464 27.242722121948916 0.18504993315558627
465 26.79068272457154 0.1849109539312558
466 27.076352317902515 0.18490323340733084
467 26.700956605657034 0.1856458638026457
468 27.118856642062106 0.18582840000058234
469 27.42697150345647 0.18560557800679275
470 27.419116515493748 0.1858744059214328
471 27.769578863747974 0.1863807668997729
472 27.34250768761667 0.1856770888150072
473 27.492131297968974 0.18629369726549502
474 27.246567162156364 0.18702966471690466
475 27.278871116671247 0.1872936411202489
476 27.003938312179848 0.1866932590996014
477 26.592729357078223 0.18620409918691397
478 27.043928485180277 0.1864872347161596
479 26.67416500962885 0.18631668331140805
480 26.747203833909154 0.18664586878384015
481 27.113705939223955 0.18688501779146546
482 27.24533713507207 0.18669941355576933
483 27.167829807053188 0.1866732042596285
484 26.72209141171875 0.1865258148971259
485 27.397770698395668 0.18622646866649697
486 27.144924840311436 0.18624027394290132
487 26.73974416234089 0.1864676455796361
488 27.095827180843074 0.18720925169904143
489 26.637442587882646 0.18737991415967872
490 27.088528473424 0.1876224096683883
491 27.561743549929 0.1872145240447168
492 27.561581619619318 0.1871383777585821
493 27.211063972225844 0.18734595972373072
494 27.062610599122998 0.1873452983532893
495 26.986213591001523 0.18701981199661785
496 27.220715021000373 0.18736600615720186
497 27.038877767684895 0.18652944075019695
498 26.708248543134566 0.186579623135918
499 26.84794794591649 0.18622042104600892
