0 141.3334859629074 0.299624956745471
1 137.19689053858568 0.30013462173619754
2 120.56393845538096 0.2998833245019234
3 107.97624184425358 0.29957778188466744
4 117.8756422485545 0.2994102739817704
5 96.7554970796001 0.29966890320341094
6 114.53612138223237 0.30013642136054125
7 101.2805131081091 0.2996920650478579
8 95.92571423102751 0.2998892404447224
9 86.2210490191757 0.2997316447467212
10 84.69110739692452 0.299231902245394
11 79.26608636640233 0.30021670927807687
12 79.84916670019774 0.2992879321927951
13 65.59157372701515 0.3001391959815718
14 94.27313685762385 0.2990447268563755
15 73.42774694388757 0.2982680477403538
16 61.177739738650786 0.2978894345055813
17 63.30685306634453 0.2969505604846984
18 57.63514755588204 0.29668387611447605
19 59.27163806696857 0.29540662679668356
20 57.3849082841342 0.2948439665743042
21 62.397696979419536 0.29505276195288627
22 52.27079297155558 0.29519899394192
23 49.40319831174915 0.2948522705437815
24 48.953821767300525 0.29313106437109987
25 42.89280196978788 0.2940621989751449
26 47.6413413550828 0.29311624848877277
27 46.013945622000854 0.29149310982787197
28 47.2276436452377 0.2910718367304335
29 39.994844424969585 0.29108992967119623
30 45.553862223688796 0.2895639688376199
31 36.501340199858035 0.28927814340552577
32 35.54178198983019 0.28941993761889034
33 41.04231834684401 0.28974460594221024
34 36.764912498882154 0.2895943406408465
35 35.042355146761814 0.2891670494808468
36 40.004794056204055 0.2895091817565087
37 37.52202146224229 0.2892650377944832
38 39.68121847795709 0.28955716612431054
39 42.67567601970809 0.28932236669289974
40 38.95314098710088 0.2898795275861526
41 39.21368931830472 0.2882049677678911
42 37.20133898345423 0.28777363222679536
43 37.11155271754498 0.2881885706901542
44 34.56429764818844 0.2893838532342532
45 33.96618934056099 0.2882796009482634
46 42.99135603705521 0.2874475132366761
47 34.71094993206871 0.2870474707653539
48 34.84064991800754 0.2861641493959292
49 36.079553954004844 0.28686718525220706
50 37.06553203980101 0.28678749921295665
51 31.308701201508214 0.2854432545692225
52 32.09435193760212 0.28629000923929016
53 28.330669330865412 0.2858667403943202
54 34.88578271546577 0.28554433181193556
55 31.604117134801776 0.28448697327449457
56 30.880073141884502 0.2843395817644911
57 34.475762311610836 0.284456027147663
58 29.199652870221435 0.28561506078631343
59 28.85926083192755 0.2846031206388739
60 28.225691517456426 0.2841075755356475
61 29.830862841153618 0.28453118209019107
62 31.137462384265387 0.2841693973931747
63 33.75528754083676 0.28344548472607456
64 28.55384474398635 0.2835661541558167
65 30.465942572626474 0.2847137099044948
66 30.99806815124282 0.2843573673291993
67 28.672442194596094 0.28389246382080274
68 27.246251130344767 0.2840190038122859
69 29.811189849175605 0.2834556836155762
70 25.806810749886502 0.28344456934957707
71 21.382201992320695 0.28373600843625923
72 25.12490292947757 0.2838288745586064
73 27.31410976456472 0.2840860661900229
74 25.85247390629531 0.2838483501132634
75 24.240541083075634 0.2824655876149824
76 25.46681371592849 0.2827075794905625
77 28.99113246796003 0.28308960994053733
78 26.957402346641853 0.2834573675765549
79 26.202148812986174 0.2828573756607575
80 21.709471365698505 0.2825847581533021
81 22.90313783162003 0.2816939409817439
82 24.060643129904324 0.2813540153131555
83 21.16213136108645 0.279965922407769
84 22.76624302896637 0.2792836632360119
85 24.293703063785735 0.2786649221760124
86 23.84765119281211 0.2771233720959007
87 22.5466362483249 0.2755189967412694
88 22.469893716053903 0.27694450277503857
89 21.03943828653309 0.2765996104306479
90 20.7082319968704 0.2763696389743135
91 21.546333023879228 0.2760514450757014
92 22.226547332717935 0.2754411200701147
93 21.908831938423702 0.2747883671616
94 22.49807358119669 0.27588363279433165
95 21.027758239699097 0.27532407142724763
96 21.57455751017183 0.27513715931711397
97 20.96121758397845 0.2747093173226857
98 21.69406652661217 0.27470653466022615
99 21.344921965617345 0.27439385702970803
100 21.513436883403276 0.27392715099452797
101 21.421563717196378 0.2735548621377386
102 21.869665895543505 0.27337213311412456
103 22.396491055906804 0.2724607745658356
104 17.733942771877345 0.27259340312216146
105 20.58631294449473 0.2716146223853418
106 16.704220247940505 0.2711137620567574
107 17.325131989135684 0.27161019769728284
108 15.58502544306791 0.270861876590446
109 17.9463348973852 0.2707360072028321
110 18.04497473812929 0.27068196181406196
111 18.143392024903847 0.2709706671264787
112 18.842434272817194 0.27019961187328617
113 16.5773843637877 0.26958507577364843
114 15.594558082970721 0.2689679447885079
115 17.08256555564357 0.2681697390378143
116 19.06364589945747 0.26723058548644396
117 18.61045062813269 0.26812058595786503
118 18.570920010927345 0.2685122173619258
119 17.453609405486787 0.2684448523457163
120 17.971160744661542 0.2674692654274952
121 17.98704921391583 0.2671561166505342
122 16.899060532908486 0.26692533443630917
123 15.691090184133557 0.26664002185387486
124 17.563927974626502 0.26736437251351125
125 15.29755478875627 0.2669265710429691
126 14.005428569121774 0.2671556261163471
127 15.74075692962537 0.2671329397557818
128 14.750012734705876 0.2669512282152488
129 16.909917933405126 0.2666026659367255
130 16.502847945068236 0.2671163403977987
131 15.951994222538724 0.26669453567860346
132 13.328896898771227 0.2671722534373962
133 16.68252183072463 0.2670203753327556
134 15.889894637936614 0.26769624508672
135 17.12768165747695 0.2679265323947703
136 15.799081331354383 0.2688964612348448
137 13.924259084162976 0.2696026489531583
138 13.804284424727012 0.2690831134474065
139 16.431368620366886 0.26910018060138335
140 13.65930678191071 0.26904396881504605
141 16.476863423694954 0.269292613298666
142 16.25611891767833 0.2691518661968569
143 16.913861230530706 0.2692893833296672
144 19.13039854104187 0.26840582352068904
145 14.05333050424759 0.26775804681913373
146 15.371912905432549 0.26743372560344114
147 16.047004340649565 0.26670066287391614
148 13.826041817895364 0.26672254376154275
149 14.085399625564596 0.26645818825672035
150 13.105676723305633 0.2663382858501166
151 14.036309436454921 0.2658962509262728
152 13.613068544151844 0.26598977796298423
153 13.272836180262743 0.2665392647726328
154 13.122459267456776 0.2663924334923405
155 13.84129911567318 0.2670192261392283
156 14.861774349682815 0.26698502303462407
157 15.452384267264144 0.2676650446912967
158 14.344277596441872 0.26720187381167554
159 13.008083918758526 0.2658512004654164
160 13.64623448295552 0.26540428611962535
161 15.563328423612884 0.26549064363648395
162 12.082939321681389 0.2660656153251305
163 14.675753413594393 0.2657814198855828
164 15.212300445961757 0.265607283946572
165 13.633274881303514 0.2655951270031384
166 16.350191169071493 0.26533510327722626
167 15.056256638625772 0.26510032875699374
168 14.413583502241067 0.2656175133413701
169 12.417098040467458 0.26596635458082996
170 15.37042334613613 0.26607807995990146
171 15.326940181139642 0.2656070407554018
172 13.881077070466574 0.26493649757234206
173 12.972195828676679 0.26456193386634197
174 15.084746543333374 0.26516328143275575
175 12.697089666783484 0.26526723272661873
176 12.872592446836432 0.2652891147969358
177 13.76439835336748 0.26462643326235163
178 11.7507432322771 0.26451681669483734
179 11.909525769298726 0.2651620684212984
180 14.274949264817701 0.2643723782220879
181 11.657143546788202 0.26417690824162404
182 13.213817462979623 0.2647722054525117
183 12.761174829636264 0.26517629039311386
184 12.794582783275944 0.26450113333243724
185 13.488679143735276 0.2637891340374445
186 13.491924815573773 0.2639644552399724
187 13.336119321622817 0.26423416519347964
188 13.800306750911313 0.2642335912189869
189 11.926357458967363 0.2637745563808362
190 13.233781314595184 0.26305223848898174
191 12.911845810702209 0.26258172803033736
192 14.495360803128676 0.26275085488063404
193 13.590826297120127 0.2629528846104546
194 12.698672896424343 0.2634327704129657
195 13.360856502417667 0.26406628310672353
196 12.986706821150603 0.2643220902018732
197 15.544630097521145 0.2646979142150023
198 15.57988215919164 0.2645285767196493
199 12.55492946830357 0.26432291531048446
200 12.744582749294498 0.2645309040166277
201 13.418757178927471 0.2654640179767021
202 13.827475605891163 0.265606250009252
203 14.996826493840047 0.2658989572785277
204 12.814772261138728 0.26608934726182554
205 12.423275420822396 0.265702819278053
206 13.338202451439185 0.2657888213339099
207 14.64096815051479 0.2653989580857599
208 13.450024998730601 0.26562331746782614
209 13.531464252034542 0.2658167366978175
210 15.024904020332325 0.26545702268189364
211 14.452696422245836 0.26508259109385257
212 12.198460107930417 0.26502142402868406
213 12.362943920401452 0.26531620388082183
214 13.42157730816539 0.26498337602538796
215 12.227857759909137 0.26436359867558745
216 12.385230302067836 0.26422416185393677
217 13.27111448987353 0.2641653646903639
218 13.680076309704125 0.2645517243504084
219 12.343498970357544 0.2644390385079055
220 13.311000146280971 0.2645602053916627
221 14.666939120891474 0.2640024080232031
222 14.240225287637298 0.2637545366242485
223 13.027775257093866 0.26323999456256925
224 12.38983008781457 0.26314585263464924
225 12.605083304784465 0.2636466824335613
226 13.04750197918808 0.2638931590886076
227 13.76005887022767 0.2633899724729895
228 12.463421034609205 0.26346960071234565
229 13.911362521300006 0.2641365706277394
230 12.677273965798681 0.263907738010476
231 13.436708010075536 0.26386414091593974
232 12.99900532004598 0.26316291797073127
233 12.956505565775828 0.26282721908788603
234 13.882386581161857 0.26317930462328337
235 12.487980718447158 0.26342651615836105
236 12.337351270451702 0.2637496710967854
237 13.791080058244784 0.2629876769392702
238 15.005673655395585 0.2632053033356488
239 15.505118131945611 0.26376026606236086
240 13.23128253027863 0.2632803903884692
241 11.783128004673141 0.2626456196918628
242 11.720009751621761 0.26244158033271736
243 10.820194378761677 0.2620936439583141
244 13.210465204423903 0.2623358630762658
245 12.58850883746261 0.262429830771743
246 12.504625970364808 0.26245583905873665
247 12.563294154713864 0.26222849199175774
248 12.025672034106567 0.26176907156956813
249 12.056898643764628 0.26197921609628266
250 11.338956845185418 0.26166615112896396
251 13.11133910754822 0.26149309347826993
252 13.627086096792109 0.26114237649058397
253 13.183425489928622 0.26057130725375605
254 12.124033223382924 0.26012202405088186
255 12.264300487540057 0.25955078783338975
256 13.251132641095726 0.25933656395714866
257 12.700105638067164 0.2595802595760629
258 12.05529816059928 0.2596904882857399
259 12.253397077694249 0.25963683824088984
260 13.32645085490028 0.2595464927661453
261 13.062610461229294 0.2594400254033426
262 10.729103971557851 0.2596149383650656
263 12.361506106776668 0.25996996550011225
264 13.640153964605766 0.2609678109550507
265 12.551665995683267 0.2606691492862548
266 11.505039749409496 0.2606546696168896
267 11.566983101847152 0.2604057805755405
268 10.561850279865169 0.25967527544179364
269 13.18848534802147 0.2601311640181048
270 11.260278750158683 0.25950580327151546
271 13.002738429843106 0.259478208694281
272 10.836579483912264 0.25998789838880737
273 12.638122285890162 0.25994813248330517
274 10.5994404154922 0.25992476727670827
275 13.106536382463005 0.2608736512054548
276 11.622601872148225 0.261009335473102
277 10.708884071336698 0.26094327992979527
278 13.06263593254884 0.2609371645805186
279 11.607481072632254 0.2607781425175258
280 10.639003289670411 0.2609979704971301
281 13.142573690641258 0.2605811046135593
282 12.100246803622468 0.2603308491659298
283 11.456170857122462 0.25964177620204354
284 10.198470573811344 0.25990209280100185
285 12.80829560770372 0.26009008371367165
286 12.007953083537362 0.26027345923880063
287 11.4630988669829 0.26042576026710157
288 10.769040615941229 0.2608597010426827
289 11.921489832977478 0.2607677286069638
290 10.410023783771766 0.2609533986087384
291 10.27883463592607 0.260868788759188
292 10.368038141017244 0.2605526951623665
293 11.679001506982395 0.26065825662019204
294 11.564785706317162 0.2604159598052258
295 10.830473825457755 0.26063718111313655
296 10.57671825586848 0.2602128912471855
297 10.689550112474642 0.260267770109229
298 11.628432737137366 0.2603620230591413
299 10.494755631265502 0.2607137376254378
300 11.763632193502893 0.26061714694971855
301 10.986146812346023 0.2599805385857357
302 11.213353138189145 0.2603819328659281
303 10.871033707914643 0.2599285335549551
304 10.467426579825174 0.26029854286422005
305 12.709030173410369 0.26035831881144855
306 11.06929391451502 0.2599637693210466
307 11.974317137803018 0.26008202031617805
308 10.284739423569128 0.260000520292361
309 10.738670205904924 0.2596218011901898
310 11.588854608475554 0.25926269648038724
311 11.555957769855224 0.2588672445792046
312 11.943185597252162 0.2587056724569368
313 11.583222836653226 0.2585222358355938
314 11.535352799622554 0.2585761113547232
315 11.927647536744757 0.25854116714281283
316 11.987157423147814 0.2588758785932864
317 11.694525522848405 0.25897642465133924
318 11.834846005610629 0.25911296112571497
319 12.415819548682887 0.25863380605760544
320 13.380103464806288 0.2589266588652093
321 10.681358394153104 0.25839116600268247
322 11.228327922868807 0.25829192464405765
323 11.548658657302056 0.2585268006103955
324 11.615908842153862 0.2590291747187946
325 10.661721539623969 0.2595098474510076
326 10.688808312356752 0.2595914056201493
327 11.961392371689875 0.2594554050481232
328 12.01136363312226 0.25976322479407465
329 12.77303013703839 0.25969827066712836
330 11.040720550952814 0.2596045701013864
331 10.500340085845163 0.2598805561674335
332 12.6425680103211 0.2598254692438431
333 11.744806829509017 0.2597659832006212
334 10.746556147822282 0.2597480093272013
335 11.815307415179786 0.2599958032011183
336 11.64792117328567 0.25934659820774947
337 10.999744137612302 0.2586082074225778
338 11.320619785549841 0.2584678936198858
339 10.392571406003501 0.25837560044295943
340 11.133128392990503 0.2585299381431578
341 11.215752183841879 0.25900718354928703
342 10.032644548063411 0.25883464096877656
343 10.949248812865331 0.2585686150225954
344 12.390392867634798 0.2591375257184311
345 11.365018894460889 0.25914639505007114
346 11.233313947851304 0.259421735451316
347 12.736371443874862 0.25939821051529105
348 11.026414880349844 0.259327326791497
349 11.912331675272998 0.25885203305215326
350 11.05690975453238 0.2591021811418625
351 11.188592107830253 0.2592038684505092
352 11.061769399872126 0.25937995912665446
353 11.189386451802232 0.25971487924439635
354 10.662395764172096 0.2594681994774032
355 9.615140803305092 0.26003697860174596
356 12.475241510056868 0.25986218783780796
357 12.013029452236266 0.259942114966307
358 12.307166824769329 0.26003970489113887
359 12.384311417786964 0.2599925158183615
360 10.617426607210199 0.26052603091812293
361 9.391749460054301 0.2606232935380361
362 9.628951061455144 0.26042659081192404
363 11.140047276154647 0.26087826180371126
364 12.60093113609433 0.261032310944531
365 10.547891321610509 0.2609375757423184
366 11.18368696779035 0.2601832338264936
367 10.460000879078798 0.25987257380329865
368 10.937774501621762 0.26046832468320885
369 10.451966178956585 0.26031164999294276
370 12.067201111769357 0.25980091739241956
371 11.726273466015982 0.2603482134928549
372 11.252300011103813 0.26063698069684627
373 11.734909590906703 0.26019216530154216
374 12.422913233367046 0.25992927326247184
375 12.325119423156714 0.2603221670946836
376 10.193549467112856 0.26018483639277884
377 11.598831486680737 0.2603133661655776
378 10.741460527298809 0.26006758182160017
379 10.966760272191387 0.25995923372496194
380 9.671856628134137 0.2594265134511425
381 10.003780594935169 0.2591346563811531
382 11.576568691083285 0.2593291766882013
383 10.12485522842433 0.25949763684547245
384 10.024220288613686 0.25982315913483944
385 11.097649436972219 0.25935326556880733
386 10.407665805401454 0.25918720548030527
387 9.73220408289949 0.2589796994949202
388 9.547510574598368 0.2596881980319283
389 10.936431618552266 0.25951764879475553
390 9.838595107715054 0.2595231194391842
391 9.593039628430045 0.2592768724898347
392 10.590364492351242 0.2590759838088152
393 10.34931836501542 0.25916936981040445
394 9.61769770968548 0.25942618941940765
395 11.024506136653395 0.25933488706193103
396 11.8256783022333 0.25925530251970264
397 9.817863706559454 0.2589480154246262
398 11.290318092880263 0.2587751566925048
399 9.573045804875505 0.25842850936798967
400 10.991835559465695 0.2586032797152759
401 10.550810365211916 0.25850923835695633
402 10.710132432026816 0.25834648906949215
403 9.828525550624224 0.25803078855919015
404 11.518791987410843 0.2579673280690185
405 11.078786130351384 0.25795606231308266
406 10.296033354123956 0.25763247180427296
407 9.098449323556357 0.25761225802875415
408 10.584428044244309 0.2579974519108607
409 9.916747742034143 0.257829857084273
410 10.727799091016909 0.25762089297655416
411 11.906728052437282 0.25734316047907463
412 10.488835223809376 0.2574674511048955
413 12.263474183370814 0.25766512245248857
414 9.088069212368785 0.2576366641355814
415 10.466415493966558 0.2575082480844199
416 11.461195023870326 0.2573671561180831
417 9.086636045417332 0.25720455207550014
418 11.025264411256131 0.25783474767382436
419 9.765848019367418 0.2581343306884209
420 11.415331072370776 0.2583549445026774
421 10.72709225689351 0.25788318747920386
422 11.35480517730519 0.25816699455064035
423 9.97043052251832 0.2581115182664304
424 9.806878492850338 0.2578538910992105
425 10.39497051622265 0.2577392066210515
426 11.363385387325007 0.25777660727832313
427 11.587699265382485 0.2577802233225262
428 11.9634496670229 0.25762219478392523
429 11.09554418346432 0.25746192384116645
430 10.433612633835201 0.2575647096539799
431 8.874160173515746 0.2570813958401489
432 10.728844950670341 0.2570175624809736
433 9.636253461539663 0.25717629281955023
434 9.765707105849252 0.25723772741740997
435 10.9365038790473 0.2572583567260213
436 11.999234163197189 0.25646710689633473
437 11.816936513795744 0.25640603842814813
438 11.111511176190351 0.25625734223825675
439 10.446853808830959 0.2557573268060598
440 11.227884718033048 0.25533751528224985
441 10.414113517403138 0.2550109011671011
442 11.257964224290387 0.25508350346985315
443 9.283682605356725 0.2551147507214763
444 9.18447014254491 0.25551271563007294
445 10.804097255423308 0.2556622065385768
446 9.90371353583076 0.25524909084270603
447 9.80498712573784 0.25503210796874637
448 10.292949210590912 0.2552464471090299
449 10.364749491207583 0.2545995475554668
450 12.910151833010685 0.25464059469157074
451 10.34225041435273 0.254755794719233
452 10.829435450308488 0.25553867478029607
453 9.02456679939592 0.25535829850666464
454 11.492745949914966 0.2545857264757698
455 10.663537649564146 0.25468691380371816
456 10.854537967454508 0.2545230732787621
457 10.087694932085194 0.25450365046484436
458 10.60299098700511 0.2544684767600935
459 9.740972609289255 0.2542499870492156
460 11.302301326484656 0.2540443168457752
461 10.076128174939836 0.25402167456792163
462 10.754215903497386 0.25381023251422863
463 10.110183448119631 0.2543463545253326
464 9.63933661500705 0.2543548854305347
465 9.664276055883274 0.25381104947460337
466 10.05416613068422 0.2539507907452541
467 11.085914284996015 0.25337652300485264
468 9.897050796175968 0.2531936150186727
469 9.753836400661505 0.25314325559157763
470 9.973938998665648 0.2533603873511423
471 11.699350580306074 0.2534432095939209
472 9.094789661810491 0.25357382278402674
473 9.402253854613797 0.2533410867833407
474 9.837511191280806 0.25319364942389894
475 9.821724684690077 0.25322722845134654
476 10.500218536310161 0.2532284015302014
477 9.981100306376465 0.2535620486320829
478 10.280715679702585 0.25397906959755356
479 9.286453255667006 0.2541178394055858
480 9.768198166389379 0.2537543315412116
481 10.333137298674671 0.2535782733506122
482 10.021389826098897 0.25399559570884844
483 10.195266663028491 0.25374917754341425
484 10.249202183984096 0.25385535194242015
485 10.875183088937248 0.25362575451397956
486 10.19178338669117 0.2536225806315801
487 10.144829037081372 0.253483797916432
488 10.039330247681267 0.253458135480283
489 10.281552314741482 0.2535081991362799
490 10.206868418899415 0.2534849205740975
491 9.116473292962255 0.25352540630760556
492 10.46226069217759 0.2533648794049305
493 9.579900361978119 0.2535226032126831
494 10.630028781714458 0.2532982098088503
495 8.971203856111671 0.25316509688280275
496 10.95562452541948 0.25311102267607644
497 10.41275019315668 0.253518404290296
498 10.40855494321847 0.25374420197950687
499 9.29616228498298 0.25347332334604533
