0 48.71721029066292 0.2996249567037748
1 48.953250074075555 0.29932902463678007
2 52.10437582896748 0.2991711702873736
3 57.35671421421566 0.2992761737639811
4 55.54150024041732 0.2996103124628402
5 59.70250800902487 0.2982115074502662
6 59.886131671715276 0.29627868314020894
7 48.215224005599666 0.2946090433525277
8 44.69371175668573 0.2949264481645109
9 47.019849941780166 0.29421013604253843
10 43.96345327262323 0.2917354834484655
11 41.40381377453339 0.28795947570590513
12 35.386645274503806 0.28341597313550043
13 38.58894859206542 0.28091829358114234
14 34.43448257705275 0.27958219114737365
15 35.891496544961505 0.27985740907453577
16 36.11949601198528 0.2765187130875559
17 36.39265569284265 0.2752431367791152
18 30.345994858425115 0.27595527911715106
19 35.463911755457204 0.27609463049505156
20 31.162207088096885 0.277368669875125
21 27.89075752807573 0.27756218455798654
22 26.870827581301754 0.2791938007326285
23 34.734301033941804 0.2747263374835886
24 23.42097238386105 0.2715134840412513
25 23.33576572219608 0.2722270585864395
26 27.6036546495937 0.2735637071589153
27 28.381572307410522 0.27238791389191713
28 29.2820433503624 0.26730604637871164
29 25.555054053250934 0.268343017777354
30 32.194361696465265 0.26677221595441997
31 24.916881408659286 0.26662764045315024
32 23.240698346757192 0.26477665488835805
33 23.73477277695733 0.2651938837263662
34 25.077005388485265 0.26369348447720825
35 25.78582673545499 0.26093814776318425
36 31.92595044730859 0.256929851467963
37 27.376300119752244 0.2521679396234359
38 24.5542219757342 0.25109318596572794
39 24.528398721791596 0.2491758477190038
40 20.626308183270623 0.2492199387215616
41 20.736594928370444 0.24791190387056958
42 18.167233448904405 0.24664159826810103
43 20.67525951160804 0.24825289807979448
44 17.38733880613869 0.2463269792210346
45 20.48783497861922 0.24682440766105715
46 21.591113557928026 0.2444336333116622
47 17.37734638853677 0.24260274085814013
48 17.99977353272383 0.24128147189169905
49 17.77534709928569 0.24005359513237257
50 19.33925700481159 0.2405521261768602
51 19.754031945878914 0.24070946220207987
52 18.176740029025183 0.2396208487975827
53 19.438980484349955 0.23838468964487383
54 18.25651345204264 0.23800235482300489
55 18.465693996464385 0.23867535084574787
56 16.155487111433988 0.23652172794220208
57 16.453045370008468 0.23723652537231618
58 17.753055544258757 0.23621182436363042
59 14.475543438238155 0.23619121291889514
60 17.376185409663055 0.23559951354585582
61 15.695102680858046 0.23608892993197558
62 16.517587935451427 0.23600789468131464
63 16.29746915315024 0.2364743758110924
64 15.612730642046994 0.23704871578752287
65 14.49489336639515 0.2352853704002699
66 16.086914181863367 0.23448235898614148
67 13.844848141244753 0.2327143324797125
68 13.995827760844234 0.2310287468128174
69 15.70983423626843 0.23048587456161088
70 15.476555002157268 0.22986401755705774
71 14.430892617654898 0.22737319493818461
72 16.12703094086376 0.22540007927712616
73 15.062187530206149 0.22565049758675595
74 14.422396202265352 0.22489143841503725
75 13.46961998278488 0.22296792264322027
76 13.907904566072652 0.22215919218559965
77 13.6458747830447 0.22300418902324537
78 13.59570639646591 0.220387064682838
79 16.013529836778073 0.2194805917247061
80 13.59840460155079 0.21865780716767969
81 12.532182554499236 0.21758705062801761
82 12.153043866458297 0.21648003315862163
83 13.809860506252983 0.21395240704384055
84 15.535365243297864 0.21203315234851416
85 13.212535212234663 0.21249179808106386
86 13.569082698415293 0.211449322175712
87 13.343835426927253 0.21068831375052452
88 13.621414803574819 0.20812773020404496
89 13.543996472455593 0.20891386025588196
90 13.700378947033386 0.20970157451788593
91 13.288331062516697 0.2100405543517386
92 14.021524015605772 0.20966610549520628
93 12.455818177722993 0.20903935427393416
94 12.679246734693477 0.20929605632080758
95 14.530327387535891 0.21036851830855455
96 13.479744160782012 0.20874675263446538
97 12.57887200361834 0.20687263432643266
98 13.030684582956809 0.20628723769787136
99 12.52832091331544 0.2067539155243776
100 13.658567017666115 0.20834789977292015
101 11.750346259519633 0.2061823243223948
102 13.615249895005313 0.20562012577354483
103 11.704011885123975 0.2053771581388062
104 12.020850551545642 0.2056487414511229
105 13.712957059135837 0.20593211735528702
106 12.893662234496905 0.20470534727764234
107 12.669152226025187 0.20483312297420123
108 11.59605712111362 0.20390837589366503
109 13.199475765119349 0.20417261893891755
110 13.39886840664374 0.20405171757862364
111 11.729076719474223 0.20484580361118807
112 11.923120836885158 0.20518118059645127
113 11.606717264187488 0.20464230923984547
114 11.969994023069678 0.20574565798825165
115 12.920719778160688 0.20645515069517617
116 12.316898910922825 0.20576939415652748
117 11.809607774041325 0.205651426891342
118 12.271849373463748 0.20544444490395963
119 10.74478794033261 0.20652111734055434
120 10.758053652798312 0.20675598814738208
121 11.63193455120092 0.20717640744533453
122 10.441757261580253 0.20676885063681927
123 10.575541165903907 0.2069380527693784
124 11.381380509007137 0.2067208452135574
125 11.003809677284876 0.20739453023548007
126 11.880065387346193 0.2073875241567389
127 11.011156968806041 0.2076447712922904
128 10.526802402035532 0.20944066688715066
129 10.73242855108488 0.20961968529749095
130 10.318611264268064 0.2099805489736765
131 10.506622354053484 0.20943818875651063
132 10.508160211004842 0.21024503238232825
133 9.627331471721709 0.21026477318388337
134 11.637256409466072 0.2100434521703934
135 10.412897947855074 0.21145654507723452
136 10.161478650349263 0.2125532994774603
137 10.762819999206297 0.21227643052218306
138 10.26283047931469 0.21286967759466102
139 10.928365490519539 0.21335497503683673
140 11.087754961796357 0.21293727949858052
141 10.510972296725944 0.21298867996860513
142 10.38996443337146 0.2108061187016678
143 10.799489371005214 0.21272887211038624
144 10.75398957295316 0.21206782773850505
145 11.199491882858023 0.21219894745154724
146 11.237285020796826 0.21135266960738483
147 10.065507079740051 0.21147725674420723
148 9.710705852491085 0.21094701033695876
149 10.568168252448373 0.20974364892409322
150 9.868987588190219 0.2097305661182025
151 10.327532666936472 0.20839120232398875
152 9.058354899459147 0.20769440184114943
153 12.412000072327867 0.2072759755820874
154 9.504380268711145 0.20655514252997476
155 10.415134075084792 0.2081855391747902
156 10.399139303433383 0.20871335518163314
157 10.599980116725142 0.20938370315218835
158 9.677957829184791 0.20932049293752986
159 10.416216787779915 0.20757819706076253
160 9.461747300063259 0.20797781242593416
161 11.06899199848934 0.2078178165491029
162 9.44458356298848 0.20773618108793115
163 10.649553965678395 0.20641415367022167
164 9.6900311679145 0.2070353255713203
165 9.916659190341143 0.20694837620239562
166 10.65864521246699 0.20833933898949097
167 9.726326799964877 0.20887318325544268
168 8.865901495725192 0.21096801993914135
169 10.736266466328328 0.21035407969677467
170 10.523888019263405 0.21048258117504423
171 10.428230482679044 0.2103967151206625
172 10.263802102210985 0.20951934560889515
173 9.490901674942286 0.2087347707910343
174 10.10852313428325 0.2074699547505969
175 11.232332277550377 0.20810344410615667
176 10.210540349825528 0.2075791796752073
177 9.158469664056385 0.2082572117589879
178 9.915128715428452 0.20849465921466717
179 9.721386253346946 0.20971298756121826
180 9.86044064733407 0.2094915946654714
181 9.161022337468395 0.20899207810848588
182 9.871994102000837 0.20934808439025313
183 10.260025608970484 0.20998238261775137
184 10.839792154113917 0.20895528377681338
185 9.947043180819033 0.20886283914987214
186 12.2723991386061 0.2084626827802766
187 10.239808673467493 0.20881236251951885
188 10.722073698799136 0.20898846681621105
189 9.392240649783385 0.2084893987445248
190 9.315209067690539 0.20786746503186782
191 10.390252530708594 0.20826482452360326
192 10.15522440275797 0.20866996720279532
193 10.35482075792034 0.20823760284244872
194 11.050148832531907 0.2072444869118126
195 10.667034921051574 0.20705933121810385
196 11.111338744523737 0.20688389174794505
197 10.238544312229738 0.2063391975598974
198 10.488852584385462 0.20713349939511347
199 9.828931666009831 0.2070170384495709
200 9.751020501629949 0.20633305244322764
201 10.897774663589022 0.20580537962064704
202 9.394206115019697 0.20649599993784248
203 9.539236279944035 0.2050314599735975
204 9.810819375053832 0.20382891792756674
205 9.513528993219344 0.20305587106318748
206 10.262720715918672 0.20196121900516065
207 9.204305641272594 0.20238373496171944
208 9.554539230646864 0.20199302575277567
209 8.722079700833826 0.20224218117925008
210 9.09990325565579 0.20035825158963885
211 9.294137993798788 0.19952534643864137
212 9.941747329068383 0.1984278616078982
213 9.704263868311912 0.19734483685256807
214 9.779595953587116 0.19655952721228265
215 8.998465954716313 0.19691037155174027
216 10.54705636664469 0.196925032026791
217 9.381592065236646 0.19685813559418106
218 9.121932824583016 0.19651336015828655
219 8.827491860294145 0.19627961094447366
220 9.174079912107882 0.19462042123998127
221 8.367633030218165 0.19509226050095899
222 9.767907744412778 0.19476530993882823
223 8.780369099380904 0.19397724094847066
224 8.808086020673368 0.1932751425886118
225 9.235505377947597 0.19322365223046925
226 7.962609281228706 0.19292364443144694
227 8.698905289311142 0.1931821516260662
228 8.56200320530699 0.19331038409252232
229 9.195591194215456 0.19344931661457862
230 9.062714935289701 0.19430109496373507
231 9.600835822978054 0.19393634461752507
232 9.109228349404432 0.19349521329596983
233 8.170423693195744 0.19312843883796693
234 8.865229447866156 0.19350561568122945
235 9.789863167859593 0.1934590319510859
236 8.557994090206314 0.19275574855741404
237 8.923892700203485 0.1938948519570942
238 9.360366641283967 0.19427993975323302
239 10.133348136139045 0.19379154619756397
240 8.899674051611996 0.1925137133655561
241 9.04757511006996 0.19300411146880006
242 9.454308282845531 0.1937229807852415
243 9.008369282362228 0.19362096299424358
244 9.677970949108749 0.1940382847862154
245 9.341580833611676 0.19351520996200522
246 9.919852022654169 0.19277861339297206
247 9.626643200332914 0.19234711560278553
248 9.969435761010457 0.19191810853284408
249 9.279932501583202 0.19060851468844955
250 8.42933041213318 0.19064006041571738
251 8.736506430565488 0.19109849323731612
252 7.802598989576692 0.19204895086493248
253 8.23670130476601 0.19041126401918387
254 7.836935025778303 0.18900838443766085
255 8.556333676496497 0.19000015079676866
256 7.825096713370228 0.190512889924898
257 8.489748618965386 0.19078922965618741
258 9.609751997223043 0.19071424586616614
259 8.275944800048045 0.19072566695057383
260 9.068140900613859 0.19110983335445533
261 8.380096068181327 0.19046596731669677
262 8.43588487549404 0.19052413691846
263 8.469738500249587 0.19050731775780153
264 9.231000906412856 0.19029541605412215
265 7.668888072575673 0.19084843770516505
266 9.329414879527446 0.19112917333293186
267 9.052086513356542 0.19100518742675687
268 8.732851375753052 0.19031422903728412
269 9.278151238392264 0.18973352550105682
270 8.917657052189744 0.18952688855761712
271 8.49997826750721 0.18943121160813103
272 8.67386021947566 0.1895890181909556
273 7.574554322042789 0.1895283404689787
274 8.27748172946646 0.18971339520624544
275 8.257833225131783 0.19007710021936808
276 7.812951732131841 0.1907014653813562
277 7.471336755585201 0.1905357678756582
278 8.096957945685629 0.1902083354802441
279 8.064103148533322 0.19037920248628434
280 9.192732843703261 0.18994235688487401
281 8.832416986475604 0.19027511731805316
282 8.72931890115629 0.19020829638772282
283 9.018469517457447 0.19043115931685892
284 8.869859094317487 0.19088899168653053
285 6.923005523241972 0.190832067867432
286 9.125078056149176 0.19084969823883804
287 8.187378716203991 0.1898623086159327
288 8.29484743247618 0.19051971647243868
289 8.254521216844804 0.19081179376342447
290 7.528168662140908 0.1908959930884879
291 8.828362806259877 0.19027773170616746
292 8.563703616593742 0.19066311180141748
293 8.630005101637334 0.1910206064630687
294 8.589580306520464 0.19116712292910107
295 8.925470061627372 0.18997474615555868
296 7.878132281625355 0.19036584050777675
297 8.382679102313897 0.19019697431024943
298 8.265697344649556 0.1908608351193418
299 7.997807103643327 0.19080966080790848
300 8.614011359451682 0.1911056644405512
301 8.324562677280941 0.19161049807237698
302 7.510156190589193 0.19203733741971885
303 7.990581703342107 0.19187182617731624
304 8.078628329304015 0.1925353753758655
305 8.102600312285713 0.19339568640954694
306 7.194898838690828 0.19329457843673784
307 8.751516631266469 0.1937537949831031
308 8.495808760438194 0.19315192910783655
309 8.091241757300535 0.19388913918189635
310 7.714349249407977 0.1932910256310819
311 7.460993898273807 0.19302710315275107
312 8.121923976852635 0.19391432174031156
313 7.722642289156061 0.19456734747847448
314 7.209168333059127 0.19425997053719657
315 7.117350257999949 0.19324875652202475
316 7.62655312206056 0.19425779787804373
317 7.982971829206732 0.19497481148520976
318 7.962779633601225 0.19423203557013888
319 7.914104466474098 0.19363651545675528
320 8.157288780923626 0.19319159954915832
321 7.845568071581518 0.19234786172021404
322 8.648783556328134 0.193181929024958
323 8.541052749261626 0.19240900509557637
324 8.198574513676661 0.19162635219273327
325 8.520088912126024 0.1918756423712594
326 7.426406722840257 0.19064948673405605
327 7.913541045678047 0.19014652225607306
328 7.955913207667045 0.1897233193243055
329 7.3996083149133955 0.18900694613037347
330 7.732145811691243 0.18846639838435378
331 7.228818119953656 0.18834768338228272
332 7.590446041902267 0.18894851160807744
333 8.23032566440588 0.18902173155241342
334 7.817351370277616 0.18914817092966704
335 7.664252576766744 0.1885197688433395
336 8.790382193273444 0.18778508532756436
337 8.221423400384278 0.18817695713727667
338 7.613735026374259 0.1897843638428419
339 7.41334083861118 0.1913543579364271
340 7.235718149411148 0.19111306612461773
341 7.187767420253106 0.19051211837011373
342 7.415191191314997 0.19023362896037796
343 7.44770016379489 0.19040431644125508
344 8.205321054640292 0.19013746900910033
345 7.672245023107365 0.18982772661803157
346 7.13136184138148 0.18968576720709382
347 7.702223222138802 0.1900423545171018
348 6.942180446548795 0.1905542376153814
349 7.216059187743338 0.190356660861459
350 6.874276901024 0.1906033331230217
351 7.543300294355701 0.19134454806877801
352 7.853821867880741 0.190707736985717
353 7.654200454377804 0.19032784676437706
354 6.37642461503105 0.19000141720954902
355 7.857800417595197 0.18967133954774043
356 7.144163593936016 0.18958378165799297
357 6.584415442202686 0.19005384784087886
358 7.011891431182134 0.1899341452500359
359 6.654719605372177 0.18993953681316655
360 7.79614464323014 0.18898047862548775
361 6.529952700592473 0.1884532164699493
362 7.734934136694477 0.18883642616356347
363 7.120951472014607 0.1895173471560269
364 7.1528708714540485 0.1901206230186007
365 7.419119796695718 0.19031655094183184
366 7.457923055254212 0.1898499721363056
367 7.866149857816689 0.19065757504637637
368 7.1948214434207145 0.1908951252505197
369 7.58615939821195 0.19124785729771335
370 6.911637152653006 0.19122995038383409
371 7.051840240458973 0.19108049148424447
372 6.310606020591099 0.19128995799086024
373 6.877208894705528 0.191855499934205
374 6.856426124454355 0.1927664133427949
375 7.847691172841123 0.1928518915201487
376 7.099787006976518 0.19273729114965113
377 7.003673229257573 0.19327033399189944
378 7.192910664910054 0.1923247241776674
379 7.162190136021778 0.19233368691228206
380 7.739155403077642 0.19246697690954584
381 6.709228446371801 0.19234754355022457
382 6.89805756290149 0.19242945498767813
383 7.414046195560173 0.19198630020044116
384 7.078362206806405 0.1921037418674283
385 7.723234469560354 0.19220307218908117
386 6.982309090368597 0.19250830156585033
387 7.281610527712754 0.1925890895438426
388 6.655650442122948 0.19194027626313515
389 7.749298151195781 0.19141763753258734
390 7.1787146168602955 0.19101189630537677
391 7.372591078925099 0.1905777635553482
392 7.911568568188372 0.1908701975255183
393 8.233099908831425 0.19052173971301226
394 7.597306078858453 0.19129256119790797
395 6.419830574572283 0.1921219528318474
396 6.973484997157197 0.19180874169720252
397 7.017678923173699 0.1916111083542682
398 7.608975852001391 0.1915781456425313
399 7.13324043022469 0.19002860504608562
400 6.925902988216862 0.18970785358082645
401 7.321726468493923 0.19018803782498664
402 6.871930130474395 0.1910162742262501
403 6.7239758920693 0.1913349679346313
404 6.3997453885946545 0.19128258274964738
405 6.976163468055384 0.19125532693932967
406 6.757909661763678 0.19147325331058232
407 6.891332525535573 0.1921533941035952
408 7.376289142199108 0.19135812700361332
409 6.8502016648658355 0.19139264431273975
410 6.795716348399553 0.191900156155644
411 7.659322247835187 0.19199415615571977
412 6.7007210580522205 0.19196446068633885
413 6.597777363594764 0.19210907757388354
414 7.445367613431736 0.1929869815173649
415 7.204260993801719 0.19324711354080196
416 6.992560128358683 0.19261696138168294
417 6.942300923893644 0.19213702314502656
418 7.69243503915216 0.1917383022767635
419 7.194484968155555 0.19050223964150306
420 6.009573377144987 0.19018890717466566
421 6.522087371582584 0.1907968216047566
422 6.125231131231513 0.1900223489159115
423 6.497045145224909 0.19004298154953003
424 6.379313044304714 0.19056106230292755
425 6.975718740260305 0.19030084636548314
426 6.853734873417312 0.19066342377020432
427 6.560974566928222 0.1905599349733702
428 6.480677045666899 0.19112072630068508
429 6.802485047587842 0.19098941075836548
430 6.650350129659254 0.19135849913546407
431 6.664086205769307 0.19105326900465588
432 7.2051768858579 0.19007583581691478
433 7.552366272944514 0.19013320655070373
434 7.985349667213899 0.19000421762567718
435 7.64131954802431 0.19067228384693805
436 7.2311660597780225 0.19041776501272156
437 7.65179549891131 0.18996899019040367
438 6.824874344562103 0.18951197867422143
439 7.128623029559206 0.1894355529051791
440 6.635158973664567 0.18924856669760928
441 7.563154550551145 0.18983829876525116
442 7.188510250441659 0.18999729424062398
443 6.76729326024916 0.1902858497824946
444 6.88889067816776 0.18998853721118494
445 7.004443286299065 0.18994773234141862
446 6.184353992566239 0.1892520531837243
447 7.139265450228679 0.19007728062454
448 6.33324085769601 0.1900955104253529
449 6.185369394505997 0.18963968473433987
450 6.998379175521543 0.18976215377909714
451 6.95714358543084 0.19030265644731303
452 6.393084866361274 0.1902447591085604
453 7.141475690985892 0.1902188607932933
454 6.2778634408558265 0.19032916405395936
455 8.294490056270348 0.1906896160930903
456 6.953422205176726 0.1906567314328557
457 6.643314068551088 0.19133405363022046
458 7.353784362136711 0.19179565718831978
459 6.489771964952064 0.1911287814558448
460 6.384691402590702 0.19079147183204156
461 6.670171929474871 0.19071398017309849
462 6.1486993417467755 0.1907914763552749
463 6.702069347452413 0.19085123944819715
464 6.297177830838651 0.1905669245911131
465 6.541942285410879 0.19054819373299617
466 6.487364783320784 0.19142608623167978
467 6.481193926983323 0.19108944391515023
468 6.307710251665836 0.19154897168842747
469 6.7424663456481495 0.1919904692520932
470 6.129465702032737 0.19221152747751402
471 6.6611122413827575 0.1925647283420527
472 7.163413767617216 0.19233711247522864
473 6.010153474407909 0.19133282469551285
474 6.186497644852624 0.1911771302097519
475 7.130263734234035 0.19095653216679623
476 6.432129408379895 0.19020080943145867
477 6.215018650093786 0.18973380205138826
478 6.718676393173823 0.18944414038152335
479 6.684569084778795 0.18924857082798752
480 6.737911884231009 0.18923937305270289
481 6.68953786441106 0.1900639947634938
482 6.711729478991912 0.1890458006757336
483 7.372365378272464 0.18918420873272787
484 6.639502797631769 0.1896930985202254
485 6.398124954638135 0.19007599471492984
486 6.403366319731619 0.19056169195106823
487 7.081570842286402 0.1891098707363645
488 6.994789781715396 0.18918346227733104
489 7.702450892446878 0.18877862072974883
490 6.736855896441836 0.18923640156634694
491 6.657406092137418 0.18972321288320462
492 5.9809726768772355 0.19049191119010542
493 6.689692618835471 0.190809701718186
494 7.247166216042178 0.19121477288105293
495 7.0064269137953925 0.1908316419754159
496 6.331932527828767 0.19138621387708224
497 6.366414550929219 0.191788167445191
498 6.434078815376818 0.1918071612616641
499 6.890376879086432 0.19144299186507122
