0 110.758187762246 0.29899995962364984
1 102.50077575021564 0.2992236772841703
2 104.41431965484645 0.3011276406699928
3 103.69164607986946 0.3010138786367972
4 91.49477956829855 0.30053454185586576
5 95.66544706379865 0.2992630840287451
6 99.00440297505135 0.2978966748534363
7 89.43509027135006 0.2957455580928224
8 84.3215076746106 0.2939739450568969
9 83.8911122328399 0.2924514777611213
10 79.7870235212277 0.2920310242430329
11 74.00371933876828 0.29418926742655316
12 70.6249008569736 0.29319044478046247
13 74.3678013007353 0.2915367786124976
14 70.5384574305067 0.29148424512568194
15 70.00147787594048 0.2880853467794966
16 65.29036816877957 0.2897150248501544
17 72.73748651540299 0.286967089104189
18 66.23013325328894 0.28363532255267065
19 70.89675671618608 0.2779304050430485
20 75.57311287549612 0.27380156179901105
21 67.71826980066413 0.27306449333854016
22 63.08811081507797 0.2717227359708522
23 61.97075931635251 0.2711474574205726
24 63.51384512212387 0.2699764800667871
25 57.908115843383044 0.27146112290379604
26 58.13492493764639 0.27211659774208136
27 58.47677996558272 0.2724031037435735
28 56.59698132586732 0.2683133483197134
29 56.571071266346486 0.2672185817726506
30 56.97637725186035 0.26833022699154374
31 59.3477837425677 0.26776205554632576
32 57.10751957417706 0.26660238736981234
33 60.44135701601436 0.26489004337159877
34 60.39326971264747 0.26250360588755567
35 54.39115447127217 0.2600088293410207
36 55.64512630959306 0.25713232923520285
37 51.78634477559596 0.2539873294315442
38 52.93420599523992 0.2513692944136632
39 49.31571270565657 0.250121131917669
40 50.129359521333726 0.24832218253151836
41 51.09016695024876 0.2492730047888795
42 51.92322029461454 0.2485750641174671
43 51.56523704671071 0.2496134563145385
44 48.64964742227426 0.24633739217132175
45 46.513052350221734 0.24415301242265752
46 46.87173271543817 0.24196045663684926
47 45.65785018540238 0.23932881387867697
48 46.08161811176976 0.23854133677866515
49 46.15761587258838 0.2365525189396682
50 43.40213870884204 0.23472152889709608
51 47.701219335971686 0.23404284014563306
52 44.411647804011565 0.2317030002762072
53 45.310477703078575 0.22994601343318424
54 47.14899724288921 0.22993980585386323
55 44.692784767049886 0.23032507029315163
56 45.81760618723569 0.23099107424820575
57 46.67234517863581 0.2300780330772817
58 46.05620006398591 0.22845784683216794
59 45.12226375501416 0.22805957287520692
60 43.43804909175829 0.22729504113430318
61 42.76644661145775 0.2273996706823783
62 40.00258276444748 0.22564812879044427
63 43.417535871371086 0.22518515480342813
64 39.944250779758406 0.22477002299283613
65 39.92905016380614 0.2232367576644286
66 38.60760817845576 0.22150856414473696
67 38.47588122840443 0.2196857898908566
68 37.82917360527988 0.21956457291470113
69 38.25810841727596 0.21846774078182288
70 37.04472596924547 0.21835909703501755
71 38.45898723044917 0.21836715888450028
72 39.458035285541435 0.2176191892494732
73 39.09765041577805 0.2180229681866921
74 37.69716571565846 0.21616904789705407
75 38.66870764394268 0.2157461067511636
76 39.53117621973672 0.21448318411422163
77 37.89279432947714 0.21365026837280313
78 36.685397854803625 0.21202425769471567
79 39.213007359709806 0.211425365554317
80 37.58917691063187 0.2092419463077876
81 37.49924766925116 0.21037462232021484
82 37.13863247591411 0.2099318490154181
83 36.59085174977238 0.20993645400594688
84 38.54052360084101 0.2109664000462238
85 38.457644658607435 0.21114354222636111
86 39.241113536953556 0.21071551052918847
87 37.184187687733825 0.20989514436562587
88 37.08125737687851 0.20964479123719004
89 38.727584184360296 0.2088878568265414
90 39.46931901961783 0.20896480319036545
91 36.903391445725475 0.20783233552100713
92 37.30325387919571 0.2083457342722325
93 38.880434206170705 0.21015169762985828
94 37.92229098174174 0.2102186604746493
95 39.67343549085028 0.21045814298126375
96 38.511530429847156 0.20959353009221685
97 37.40552467673692 0.20856242581453585
98 38.59427612533225 0.20690445149395117
99 40.919176805493834 0.2065034232486956
100 36.62548974468562 0.2055908688825591
101 38.923169173492454 0.20531272052424232
102 40.05154409150776 0.20392893567001477
103 35.73025306359735 0.20309413662125286
104 35.10061541185769 0.20276042081156756
105 35.97724024208071 0.2022756180190032
106 36.590417461441305 0.2021485211490254
107 35.05295801100735 0.20140129641967533
108 37.423483761934 0.20095793948118792
109 35.70421105193872 0.20050704552883838
110 36.87228520025644 0.1988899796173573
111 34.95489656760667 0.1988925280686442
112 35.31466908765168 0.19868064746111816
113 35.930282103325084 0.19805690484006275
114 34.566021547334415 0.19840590596758934
115 34.079501655806524 0.19654818313270536
116 34.58087632439917 0.197200977786447
117 34.610581241066996 0.19825709021993165
118 34.94027656188909 0.1976097461705307
119 36.46536213232582 0.1985260882952462
120 35.77624933062164 0.19892115889786136
121 35.46200829442855 0.19827179165515244
122 33.9694374666456 0.19670879574369785
123 34.375223874579135 0.19723091572322074
124 34.52509225076605 0.19515576061969528
125 33.091650355470364 0.19625073191324025
126 32.77527011197284 0.19549080116493234
127 34.94204777834307 0.19525970616115
128 32.80660140700702 0.1961223144336279
129 33.20482817421235 0.196083077896163
130 33.010801281212935 0.19466520284276767
131 34.16355623956713 0.19373645862442035
132 33.3953367662441 0.19249311578069375
133 34.51485363086021 0.19202079662064198
134 34.85795624229819 0.19201274817630365
135 33.99311602430909 0.19333319895572967
136 33.997388003415246 0.19439852713403613
137 32.66949802959204 0.1936623596893016
138 32.70515600332161 0.19300661789021908
139 31.716785927459917 0.19436516611955615
140 32.67731538624916 0.1931151179955164
141 32.835307288253816 0.192474041032739
142 32.87401837965205 0.1918927816315864
143 32.418398594937884 0.19174758381688836
144 34.256426661282205 0.19233088333377127
145 33.69399583916558 0.19309031135821872
146 33.35078263028757 0.19400598890656232
147 33.73012211054394 0.19492599993840318
148 33.422450558695715 0.19530441102768262
149 33.37685058866006 0.1947226302094375
150 32.34478850024896 0.1951037585294857
151 31.873691653086983 0.19442312390534863
152 33.02299590620848 0.19563491942476238
153 32.04348848737445 0.19386383441226593
154 32.6478979416253 0.1932009418140205
155 33.79242484734283 0.19260790922979598
156 32.943127287840596 0.1927262707854346
157 32.93353097613357 0.19259840997051225
158 32.5183768689462 0.19195678295715782
159 32.098341484032204 0.19259996641558583
160 31.921826933330387 0.1914057688120693
161 32.95607038842033 0.1915684522072343
162 33.564530173259676 0.19159675101486942
163 33.60166513973699 0.1912891425001657
164 33.97376019711177 0.1923699084427309
165 33.36928163507379 0.1941098211788946
166 32.89032346043393 0.19294564493700803
167 31.762602980901168 0.19321107408280203
168 32.307862868141484 0.19298495832964227
169 31.60485588042096 0.19304887403759807
170 31.598598794635098 0.1929861807281259
171 32.864500140197634 0.19117830200537086
172 31.90487455984801 0.1902434879412073
173 32.27128827091647 0.19007480126508183
174 33.759448864637704 0.18982951926382272
175 31.953270489251935 0.18984839616316998
176 31.98610123734221 0.18839451224236278
177 31.24292271939438 0.18796025988145018
178 31.568819574170348 0.18771348608858052
179 31.930385757531678 0.1861436197046654
180 31.764699062713095 0.18575354416785758
181 31.670588110736666 0.18414689436335993
182 31.300033651702527 0.18498689319589254
183 31.192619699366045 0.183849690872262
184 30.55027440253191 0.1833709897679462
185 30.598979390800082 0.18320961568077035
186 30.371933446050576 0.18373096060913396
187 30.405748655207624 0.1825566058282261
188 29.973370587743943 0.18158139737913337
189 31.244449824629115 0.18164654761241958
190 31.140919746608795 0.18133467018068208
191 30.11753204555953 0.18118439042758902
192 30.007346912455603 0.18127997438798804
193 30.210019008443986 0.18168722179869212
194 30.38400515414016 0.18165253611725474
195 29.628993662997885 0.18110145000895303
196 30.150480851916008 0.18150822766593763
197 29.581226007188697 0.1816293270778279
198 30.40605151322717 0.18111358920376028
199 30.41133662508812 0.18119850591413256
200 29.765640862365096 0.18112086613192735
201 30.900889158768337 0.18012954068923612
202 31.604066069983073 0.18156159809098923
203 31.666610365083187 0.18150045354018762
204 31.7631393374528 0.1808365775418581
205 30.35125829145663 0.1817085081694195
206 30.875063055305752 0.18177878037040304
207 30.82446416238766 0.18143596810241758
208 29.88895349454727 0.18073570762189703
209 30.08941317286217 0.18087000771228143
210 30.65982688568427 0.18087806104346513
211 30.12160433615142 0.18152274679654798
212 30.495611627067518 0.18082243917840857
213 30.86848698416302 0.18073177628482298
214 31.660132819066185 0.17987744353451066
215 31.232112715167027 0.18009857051583789
216 30.138408376495104 0.17873045822824593
217 30.197568576383482 0.1786242164743179
218 30.617748043828044 0.17805543519827705
219 30.560590418405724 0.17755505685149373
220 30.16923099457093 0.17702055676475373
221 31.182800521422166 0.17688397464666514
222 31.401461571815474 0.17721592657239374
223 30.2731381337141 0.17588202370725348
224 31.093045222464546 0.176700224895872
225 30.852180456253322 0.17566661468300956
226 30.874706058130176 0.1756976920160087
227 30.01679276472542 0.17609602073352026
228 30.3967026448801 0.17546034115124312
229 30.022468176330754 0.17559732304591877
230 30.756191824175037 0.17583475934193885
231 30.375740344143132 0.17653434699306722
232 30.15397378022192 0.1758107727388658
233 30.410629013262213 0.17481988394757728
234 30.055845268653037 0.1741766290493457
235 30.315939681578136 0.17412017200974095
236 29.991085379098905 0.17323748090359095
237 30.431977878555813 0.17241127174947304
238 31.37901639612054 0.1726510590756608
239 30.861078246248265 0.1731528770212908
240 30.47189324860735 0.1731286951391584
241 30.46790928810765 0.17209345291341113
242 31.857910987125685 0.17148132880870345
243 31.220668898848476 0.1719710107450507
244 30.433945934059444 0.171287285286046
245 30.957132070023576 0.17133924358000294
246 31.798931692146965 0.17120043764033274
247 31.202772039915338 0.170936661287994
248 30.771594019409125 0.16975398037220135
249 31.322057048838833 0.17027676895484065
250 32.353375328959615 0.16999519222294876
251 30.641958912858854 0.1701095611327095
252 30.516021779751256 0.16957230276223967
253 30.1845883484975 0.16826400640413364
254 29.360410164278637 0.16763308545065383
255 29.659387325281863 0.16761145392249668
256 30.27019190932604 0.16764594241530686
257 30.575981742114585 0.16723715701229844
258 30.83209453027983 0.1675556996328029
259 31.22050868888781 0.16707933315917792
260 30.72458351267354 0.16745884711099357
261 31.322399676349228 0.1666158771702723
262 31.16718007029022 0.16656918645969745
263 30.98391677827732 0.1654615730162513
264 30.76681972501337 0.1650842768542291
265 30.693293336571763 0.16459711628971993
266 30.948412070633637 0.1640866950198229
267 30.660934668563605 0.16477181343317596
268 30.48306284530311 0.16504166479562363
269 30.747415262752895 0.16546185712459696
270 29.963880620610997 0.16525427584865784
271 30.256264422502298 0.1658309369638135
272 30.493292611298557 0.16546517399895186
273 30.842448473435503 0.1646084285126068
274 30.670064335458754 0.16491370830592875
275 30.067813127679173 0.16388544562057655
276 30.586305570095 0.16338848829978184
277 30.143064979676275 0.16364012611212533
278 30.420854128643263 0.16415560587265485
279 30.4095931975681 0.16358342232181333
280 30.672775088766386 0.16303279444926755
281 30.155682432056487 0.16301327062414725
282 30.529955415822684 0.16215197815051866
283 30.404150314203598 0.16254241716450624
284 30.927019289348976 0.16266961988510983
285 30.544236758434486 0.16321704051856453
286 31.10187043729733 0.16333987165874575
287 30.414089628836 0.16351884760959334
288 31.005424006974458 0.16361008604114402
289 30.650168039741736 0.16303159979436366
290 30.557076217608454 0.16251804791825994
291 30.25717570816434 0.16272683988533962
292 29.772887048901296 0.16287538939617072
293 29.94960613525453 0.162227592621461
294 30.328621859923537 0.16165615537694322
295 30.66645549668543 0.1616998840448104
296 30.63888269429146 0.1620633323166009
297 30.367604035631665 0.16188263798427935
298 30.274964376814154 0.16215628265203028
299 29.99712542490515 0.16191738542102113
300 30.047901906406373 0.1614289027324515
301 30.239568244349 0.16198295942275232
302 30.291181490518447 0.1620628473843739
303 31.784666139030698 0.16176613425050027
304 30.103162127539782 0.16086351826077863
305 29.88963062666985 0.16116461197501217
306 30.134357622159897 0.16115910016672166
307 30.219582574429854 0.1611113676402136
308 30.612187097886018 0.16115663069351469
309 30.428663100998854 0.16183403278699757
310 30.254995031051077 0.16226303259953392
311 29.74022898641259 0.16247673695593767
312 30.473401877627786 0.16241528916326495
313 29.613566729556588 0.16235791922760168
314 29.766412666099413 0.16237390982858899
315 29.500684329684297 0.16186387255318396
316 30.13514516007797 0.1604315175228658
317 30.190840011146065 0.16038065977911029
318 31.835651089804454 0.16016175249933287
319 30.138497869161554 0.1595194550649004
320 29.52903447551757 0.159893485879073
321 30.15893201363022 0.15951996816967526
322 29.35677793706786 0.15928336032666976
323 29.505826306200902 0.1594349435644616
324 29.266413225002445 0.15916037277486167
325 29.24766520074552 0.15968405776953465
326 30.22242496899468 0.15974116691735082
327 30.250726210060932 0.16004314998191535
328 30.108959906686202 0.15846697601150458
329 29.762092756228817 0.15925600503475124
330 29.39524886302148 0.15941751418807507
331 29.207429353476364 0.15852871516680184
332 29.22779017566378 0.15820250977367106
333 29.25919826421746 0.15844311690250795
334 29.742341962077173 0.15758806247286372
335 29.535537746663106 0.15720701911377902
336 30.20523922312408 0.15657819816378515
337 29.086978630229037 0.15625604053317968
338 28.99776686315642 0.15651893590304447
339 29.387371478643765 0.1567749014136611
340 29.00048078561138 0.15711536553441802
341 28.2960572707644 0.15736695998487735
342 28.385299643494825 0.15755588843441448
343 28.725795318656253 0.1574331634164384
344 28.991409690484193 0.15712352967419593
345 28.557594494829793 0.1573953517198289
346 28.981382018637937 0.15770648838229714
347 28.68562868268347 0.15777409559013875
348 28.550474812138546 0.1580803497820659
349 28.686314195997006 0.15792385181809013
350 28.568464617311697 0.15751985283968653
351 28.328194217093646 0.15792420630851767
352 28.052201872658586 0.15777372221083905
353 27.952772368631152 0.15702814992511546
354 28.448250513766435 0.15630371196771384
355 28.357090371315252 0.15676291993070124
356 27.780566612686165 0.15658980044318616
357 28.898419772847394 0.15682934443511884
358 28.975736692278005 0.1568810189148426
359 28.54772241699332 0.15668454615735108
360 28.56024704418182 0.15723157021739523
361 28.64352432381733 0.15721800795753346
362 28.612100821114023 0.15733532980119092
363 29.842277090570438 0.15730733465367436
364 29.402218144158255 0.15763765552210804
365 29.756553718802884 0.15749184991995227
366 29.98990574446607 0.1570662462711593
367 29.477486507703933 0.15714101108213743
368 29.272294349852473 0.15673226266825113
369 29.170823773710193 0.15693493015756502
370 29.223235947515036 0.1573834468056727
371 29.32507436725166 0.1568720938007068
372 29.69225740181971 0.15642771446587114
373 29.610503180625166 0.15636219807892143
374 29.13205659603461 0.15673234344454848
375 29.557149260747153 0.15734528359859468
376 29.075746253108804 0.1569737641365262
377 29.603019358788977 0.15732166502226091
378 29.197656748047216 0.1578086110648342
379 29.198990668185523 0.15777410243006837
380 28.921728010065216 0.15760939607012367
381 28.621462787822182 0.15682162142156028
382 28.662952289954184 0.15647180494016058
383 28.278809717185144 0.15663126492700893
384 28.410539762578253 0.15749378761240737
385 28.224059383600306 0.15832381824837585
386 28.76189541309206 0.1578040800816918
387 28.540594005825312 0.15770374227536757
388 28.029801832139423 0.15725197140606229
389 28.15498535892298 0.1574599538066886
390 28.65377851608865 0.15748537409256894
391 28.736941326080526 0.15801769369882282
392 28.10466413595704 0.15747894594055217
393 28.29200836674414 0.15590149654785113
394 28.509995045563784 0.15566953566679367
395 29.076705865699026 0.1559717466037151
396 28.341893776966153 0.15581886397839384
397 28.2028872601203 0.15637573871997013
398 28.228603637080628 0.15654367707416014
399 28.136140576856512 0.15645385722750957
400 28.35461573972168 0.1557460663142231
401 28.02833046028009 0.15589066334186044
402 27.78013632328441 0.15585226825355533
403 27.62823174722161 0.15548281009342083
404 27.586200486551967 0.15574917333543123
405 27.93133298855213 0.15616928373306885
406 27.745314265792906 0.1557997359603903
407 28.098781993843517 0.15674015284486217
408 27.509976249115375 0.15626418483819304
409 27.76195808199612 0.15708416730584648
410 27.885692788436927 0.157127516721398
411 27.54541510100548 0.1571291322778046
412 27.610322986346944 0.15730126570904865
413 27.971467889232535 0.1581926349864677
414 28.288441331470867 0.15765727288922124
415 28.50371650496637 0.15804307397178707
416 27.371212478832305 0.15749679395616634
417 27.753882931485535 0.15780732958715263
418 27.86727468691272 0.15654580020368744
419 27.8683398966497 0.15599221620798256
420 27.73221302690586 0.1559795090473085
421 27.83485422850391 0.1564548442448431
422 27.97774804685733 0.15597214037897653
423 27.909904696466274 0.15538539668154525
424 28.57559898615971 0.1553195875815602
425 28.3644509383432 0.1551227394735036
426 28.24380361902127 0.15556318123447485
427 28.66765568933186 0.15580400531903932
428 28.867256445206063 0.155143523654311
429 28.745053638392463 0.15438961409167115
430 28.218176153495563 0.1542134851605523
431 28.880475479733548 0.15403798398256258
432 28.762772647778647 0.15328529425559748
433 28.131842894220323 0.15267493166376792
434 28.178922981858143 0.15311891562883628
435 27.936626730916796 0.15344640264818246
436 28.82097437703114 0.1540295317876813
437 28.551095193554808 0.15420447450868532
438 28.16198183114922 0.15433110578998013
439 28.6554801156501 0.15449086915989146
440 28.52938487439755 0.15461414075578303
441 28.63466942313284 0.15489470917106907
442 28.603000491474788 0.154615974779363
443 27.902318943847213 0.15484660784195634
444 28.07411040499948 0.15487726379024838
445 28.16929336055324 0.15496713712546387
446 27.434364358123084 0.15509246976164062
447 27.777619965822204 0.15469238951854422
448 27.54286762264251 0.15464471487785228
449 27.776881086625426 0.15383581508042007
450 27.638230349615988 0.15353825131930154
451 27.79007148052827 0.15354148082709285
452 28.478867776053463 0.15349333315970165
453 28.55272914251578 0.15337451903868551
454 28.07207325828904 0.153092565500996
455 27.72991766950708 0.15382667191772292
456 27.618024305084592 0.1539140366380987
457 27.493066836290428 0.15412208643009334
458 27.89204482378404 0.15434276157344876
459 27.905582020891508 0.15407790279773056
460 27.783779314561258 0.15375825403867616
461 28.333869881394193 0.15408548754240106
462 28.05557558469868 0.15494258135746755
463 27.99063634425263 0.15498708092749824
464 27.98576586182159 0.15429954143440996
465 28.432404644605676 0.15478475011425435
466 27.77126050838557 0.15492515458609576
467 27.502490765835525 0.15509208150037798
468 27.66988754419704 0.1548126847642871
469 28.243112380221685 0.15462155388111137
470 27.791131259788568 0.15447823173049582
471 28.085308399661674 0.1543898521268919
472 28.155427206604436 0.15430797489624182
473 27.60450248269406 0.1537500506746156
474 28.016654460834662 0.1537653360749777
475 28.217017857391667 0.1547740378360138
476 28.94491706348174 0.1549634065607299
477 28.810955628682223 0.15423874600498386
478 28.241978827327756 0.15420147790137348
479 27.74986362747285 0.15379358429079526
480 28.266730992593367 0.15400588510274102
481 27.786682758524016 0.15426963442534364
482 28.22163123097916 0.15445085524622462
483 28.093835638745063 0.15446781925026762
484 28.371353704307683 0.1553247251482875
485 27.29028787854579 0.15500092617817457
486 27.62619077017184 0.15486606672170652
487 27.72092509656627 0.154412904223958
488 28.177140885529088 0.15452260494183356
489 28.12266046982335 0.1542276316335172
490 27.973335897115078 0.15406020245716417
491 27.94146934529936 0.15406304982857397
492 27.957529004504803 0.15395306997921362
493 27.952109756159004 0.1541394221078918
494 28.266906072156427 0.15438904326065764
495 27.94129104688076 0.15511637970268913
496 27.37713138363516 0.15537012189462318
497 27.564626735821058 0.15502244434855184
498 27.416944796769194 0.15489079547820117
499 27.613114670940135 0.15443834233667444
