0 116.88641938952122 0.3000937583802578
1 122.66821215693071 0.3006788220725974
2 109.44061269354398 0.30063413989810545
3 112.22325007827872 0.2996314577803219
4 115.37843598748157 0.29923745950255415
5 109.03066206996064 0.3000416254025056
6 108.38316866239656 0.29939581970761875
7 99.74193912677325 0.2982393477874781
8 103.62232937499456 0.29876814114276584
9 101.02614651344882 0.2981378425064291
10 88.99825570510907 0.2991075521466378
11 94.91145238662554 0.29676756058746206
12 91.60093513765035 0.2966629491232085
13 91.2754991944623 0.2969505997771208
14 86.40338810667774 0.2982759337118838
15 90.74262752175305 0.295934165644602
16 90.59363889825721 0.2932312835875759
17 86.2697887892604 0.29079488963263195
18 91.81847633565496 0.2894665657605051
19 84.91541228711355 0.28996269598240754
20 77.44007078253858 0.29089479134571244
21 82.0341882088131 0.29211980306397084
22 78.11120716062965 0.29015529045041855
23 76.23298605183183 0.2898778198098864
24 65.96777207011675 0.2885517433090025
25 74.05488947445403 0.28910554460652826
26 72.23793355425124 0.2872006906717212
27 79.47250356105982 0.286885979260371
28 78.2811183442995 0.2865625111993946
29 75.09631246982312 0.28467782774969097
30 74.89132150527402 0.2821421496579881
31 71.54786911362832 0.28153955556203286
32 68.57573170605073 0.281434393904114
33 65.25440143151687 0.28036178496764036
34 71.95909786327218 0.28117858801100826
35 64.72618594096204 0.27717678462175693
36 64.15240400333991 0.2753103738115609
37 63.47331843603281 0.27234776505258224
38 69.44386554389672 0.2723431490318217
39 61.210739950024774 0.27269286525754705
40 56.274233002518415 0.2730026543613264
41 68.65988018182281 0.2737232027174376
42 62.180501369267034 0.27524497260589537
43 55.54306015500018 0.27720221714172016
44 60.48758499998771 0.27650664212584564
45 61.897022997155844 0.27899142044134323
46 54.38906169921695 0.2793973683602224
47 51.980397421416626 0.27905782089010106
48 54.86893851474744 0.27944295284263787
49 50.51878332642356 0.2809387317317469
50 53.17874194445318 0.27906664214804383
51 56.105598128923376 0.27824182732689995
52 53.05833332737185 0.277777345116047
53 51.59504066207266 0.2767943901916611
54 52.90816519410981 0.27643921358943696
55 59.799200541532905 0.27657735020815294
56 61.97123685778932 0.27730885497465796
57 55.11344406481636 0.27840392491396454
58 52.28357317650115 0.27866963089748015
59 60.258227905813285 0.2794980410453138
60 55.14423663994387 0.28161942307865057
61 57.836115566098115 0.28139381175477274
62 54.098557510276805 0.27917205163193
63 59.679577363849376 0.27879787190743915
64 57.100368231008616 0.2768711015306467
65 62.87902821530655 0.27613948424916895
66 57.33752783702286 0.2765617537439107
67 51.94820660823984 0.2774364796719793
68 53.12284459654632 0.27773278676635205
69 53.536067609295806 0.27800511625176166
70 56.17104563720413 0.27850033744665764
71 53.40490521255373 0.2755730204982381
72 51.12340305522552 0.27248764902709505
73 53.835118063059426 0.27322933480175354
74 57.67094587450484 0.2746346374904416
75 54.51345111097732 0.27487541893821515
76 56.5195837023186 0.274803260705817
77 47.80672899713114 0.27375451668308914
78 51.365516882245494 0.27172972164846604
79 48.24071275095665 0.2683250013935636
80 50.9944005484352 0.2688177587964111
81 46.53881244240952 0.27105703722691704
82 45.94900319157274 0.2700037827735246
83 49.22874821175296 0.27097002155500877
84 53.014737374748364 0.271787523431775
85 44.85457675144177 0.2708015223421419
86 48.59224271765744 0.270926281249777
87 46.68423218794131 0.2706065634064641
88 44.68852344796525 0.27035377240246755
89 45.85383693758018 0.2701050841807295
90 51.121848086177366 0.2711444231435014
91 44.83553338640179 0.2704884475812031
92 51.489823855006264 0.26996709827780635
93 43.25701239744865 0.2698184281165327
94 47.45868441408837 0.2680432997495367
95 42.29940285899433 0.2702009692149145
96 52.39392459980523 0.27092207536821084
97 44.462507523064765 0.2705428777335324
98 43.234281534699846 0.26993152679412014
99 47.98778549487403 0.26855713150685073
100 45.53517016068089 0.2681034077086398
101 45.17315038212169 0.2677814937325265
102 44.0784654239236 0.2663962199378486
103 41.032386976536415 0.26887168372802867
104 47.097405202398285 0.2703137435839886
105 39.64821994492942 0.26984078772031156
106 47.49510461886641 0.2699520862555312
107 46.26725974681018 0.268608716592235
108 44.321518420458176 0.2669347360640078
109 45.80823413502126 0.26606082466907915
110 43.00968310891682 0.26582391286962254
111 41.01699700634538 0.2661153806780654
112 39.43016656670839 0.26596743535836737
113 41.127637629998986 0.26526052822610385
114 43.906237198549036 0.26698634233084945
115 46.494628986859865 0.26586852355494917
116 43.63515603694444 0.2655000707500713
117 46.79184645212914 0.2643026900393168
118 44.245774464358895 0.2651427523560074
119 48.302838803590134 0.26542733119834105
120 41.05519985518258 0.2661937898387621
121 40.320846266456805 0.2661861550024375
122 45.72135478118528 0.26432187839143534
123 48.28724141261676 0.2657849185410947
124 45.7095816536723 0.2666551461289416
125 46.953441600793596 0.2696473635026141
126 50.78734160865051 0.2685472102423821
127 40.69774763000063 0.26888675490931424
128 42.84772067944955 0.26938622846575916
129 45.45668622125999 0.2700616606428008
130 41.063039651781 0.267558606957248
131 40.53277289939085 0.2687770220508561
132 42.55792747828502 0.2679370637632282
133 42.137887743163844 0.26641622929910397
134 40.298085713658814 0.267240109205672
135 41.92625266485298 0.2658225128103636
136 46.92446176340876 0.26558393434272665
137 43.16357682350931 0.2619418635095371
138 40.71600533718595 0.2625468371505147
139 37.26124306387223 0.26243919321840026
140 41.37801573244138 0.2624359438204816
141 42.885393434133164 0.26211363680779093
142 44.74429351633833 0.262936939996097
143 40.44234453953191 0.2618046457798243
144 40.68709382202469 0.2607780884798986
145 43.782648534772875 0.2595457846537861
146 43.49199630135912 0.2610380951772388
147 40.50691019445769 0.259864688805913
148 45.63060789706484 0.2580795131233289
149 39.640294951822604 0.25770105179889424
150 41.56412733780844 0.25778474455055783
151 36.95923660210393 0.2576965053823429
152 43.09555695942963 0.25742946930944144
153 42.69247338527401 0.2591152855516879
154 37.76518873754394 0.2592204655567408
155 33.78280838140722 0.26068326388419516
156 39.23031365756722 0.26009854073781086
157 38.45911178865143 0.25987399848979886
158 35.72963486379429 0.259331126080184
159 43.65883759646006 0.26021974022073185
160 42.44829745864948 0.2604105944224164
161 39.061232206862854 0.2614574840246273
162 45.06840695509052 0.2609962705035986
163 42.07066763344939 0.2596422028805499
164 44.41222457390442 0.2585039740065713
165 44.48830632987266 0.25971188971651155
166 45.41420468687873 0.25853227215465485
167 46.102501651435375 0.2577474107623834
168 40.699061475904145 0.2579503956310471
169 42.046996835390146 0.2575493211973809
170 39.49107638529937 0.25812056857558113
171 45.18918344374167 0.2572695350227798
172 44.56910971057036 0.2565555729773617
173 49.14498685345316 0.2574341821150246
174 42.92581881040152 0.2575551041183132
175 38.904640099502885 0.2562329674299137
176 42.7833064239822 0.2568222559726859
177 38.67494562078601 0.2566654222541356
178 35.79667288447325 0.25639028859251645
179 43.069586215953976 0.25730602958958576
180 39.80931491032524 0.2577262713259352
181 37.65817858776141 0.25799646349640876
182 37.739143389453005 0.2584971990710319
183 37.16530402430199 0.25728650259056446
184 41.05734654704379 0.2563730022036609
185 36.79767585854915 0.25646723832628987
186 40.55527027286473 0.25638554860211965
187 39.333169395666566 0.2585591825674612
188 39.30752541829523 0.2590508572209613
189 36.76684588694917 0.2590437141978646
190 41.62183586893099 0.2606873652505445
191 32.47370860185238 0.26192865976677443
192 42.29356990406916 0.2617179043071146
193 36.34903865235292 0.2609723475380669
194 41.40891706404864 0.2608175078768689
195 37.327852554689755 0.2588887932661325
196 34.76217603901139 0.25970966642596144
197 31.338110029144048 0.2591711332780135
198 39.959835705876316 0.25865595599060537
199 46.59606339220748 0.2592617670019715
200 39.33507296117526 0.2623176150470558
201 35.26345572785159 0.2636712370389565
202 41.03700759156199 0.2629844014675098
203 39.3141946060376 0.26267082358973864
204 41.61359809373707 0.2617946028696932
205 35.27207244642291 0.2621967901847832
206 39.776913164064354 0.26122410957635644
207 38.130430497237754 0.2599743427682288
208 39.28767412742113 0.2591809326039675
209 34.85613887723747 0.2619472734390081
210 37.743835237897954 0.2615880021652497
211 37.60258970419797 0.2603055485676769
212 31.743799906862243 0.2602259505444055
213 37.1327064646089 0.26054940030888557
214 34.05318809488577 0.2605902227525564
215 29.670904170103938 0.26024596799266647
216 37.23836561140308 0.2611949699554974
217 32.77880894884979 0.26164215388491957
218 36.706156107315365 0.26026837154309074
219 36.46107390152903 0.2605087061717905
220 36.20109019910609 0.26018443912989814
221 37.7845684719138 0.26104875710425357
222 38.44883118572285 0.26063383389358624
223 36.98583071508389 0.2604696171395929
224 39.417959370079814 0.26068008353204747
225 38.80579471800216 0.2605392288898664
226 36.44424620831731 0.26169301481055585
227 39.38675974210928 0.26172598851574547
228 33.66835154170654 0.26096761403048857
229 41.27221474565933 0.26148060447040167
230 43.38289376590146 0.26124110742431456
231 39.50316705158747 0.2608793230079087
232 38.96655156321272 0.2616735969088934
233 41.336498229053966 0.26258076779523515
234 40.683480519969706 0.2647399793422633
235 44.21698603630074 0.2642920900446601
236 38.53623400495621 0.26507585707966
237 37.41225738412506 0.2637025897112197
238 40.789372517388436 0.26377615313079633
239 41.35008088348533 0.2650049012151034
240 44.05210131819975 0.264641135307301
241 42.53504957301702 0.265309891864238
242 44.84189758096372 0.26587900368799794
243 39.981995642213604 0.26465128489346995
244 39.72429247778146 0.26482247836643064
245 40.577498086928784 0.2648753569848163
246 43.06456704301716 0.26469221162091533
247 40.2416552881534 0.26534176872942766
248 43.55947393134508 0.26452155330943045
249 39.142031880575914 0.2640302390209072
250 43.02890947734747 0.2640665431530593
251 39.321815255125166 0.26395321741854944
252 39.33373269593217 0.2630258403576993
253 44.658378419520254 0.262886402777798
254 39.26151836408784 0.263522866090695
255 39.285691240412575 0.2634464260195834
256 38.420444562276785 0.26269224257641977
257 38.56033055754526 0.26267422290291065
258 35.2751968640883 0.2629952258134299
259 40.9247923891749 0.2633070466887428
260 38.657752465217925 0.26355052845477256
261 36.08601519666126 0.26243794088616434
262 35.16957027978975 0.26336579480032557
263 36.89091340127028 0.2637162803747201
264 37.48350689241794 0.263739512517043
265 35.683729112630374 0.2644074291985195
266 40.875065750009185 0.26358380436626866
267 40.19693306646541 0.2633492263694537
268 38.49463007652425 0.2627951560152009
269 36.91800428639894 0.26367338722071826
270 38.68988966064025 0.26174036128498274
271 35.291528212902975 0.26089316604481744
272 36.314291612686574 0.2605214423832121
273 37.433687848744555 0.25985590309075957
274 36.51692609085124 0.26003140629714316
275 36.36289087659057 0.2595768700663254
276 42.62317555572527 0.259677344037654
277 35.63548592539139 0.2615982140956015
278 36.375495805989345 0.26308202750792725
279 34.42781532728772 0.26303172753929943
280 34.19597282541292 0.26174559923310603
281 40.917037196750975 0.2614756279190511
282 39.127961758549674 0.26167935545255555
283 36.10198022800034 0.26234706628890403
284 40.377351510500276 0.2626815194914231
285 33.392461535829426 0.26183441876601465
286 33.44426092541377 0.26231498027677397
287 33.52138213519589 0.2617554944892307
288 34.32508315712488 0.26371369653089344
289 34.41967651462105 0.2646466531206908
290 35.67180380427756 0.26548407180036815
291 36.855531153384305 0.2641626201152047
292 27.52313836186037 0.2653292190111634
293 34.04840093896384 0.2656437747504817
294 37.64334571868599 0.2657591527831719
295 33.794963638838226 0.2644970218437804
296 34.207523580028294 0.26542806483598796
297 31.444017398190606 0.26454594578688956
298 37.70931630799761 0.26406662708974243
299 36.214687265994456 0.264235205744247
300 33.227147620429996 0.26274622832712874
301 40.33647757152104 0.2632574403426749
302 35.71341293889707 0.2631942656193213
303 39.13749570167913 0.2625577552535923
304 36.39171117899933 0.2622177862160969
305 41.68921660063302 0.2618884872436217
306 38.049408063096976 0.2627519990195121
307 37.747519694752526 0.2632579375225493
308 42.2225902589588 0.2634074491757925
309 40.76663393364229 0.2636584268645461
310 40.07540703432352 0.2641010384416729
311 35.46823414946062 0.2653053920693642
312 35.44845576867192 0.2654495478662737
313 37.737983475871246 0.2646451643304995
314 37.16199830201935 0.2660051610989748
315 37.52329039313224 0.26670345524605166
316 34.798170288221115 0.26670952679471366
317 35.63476422110342 0.2667149411348466
318 33.149450516646354 0.26789555651466485
319 32.57651656715368 0.26810364660350944
320 36.37684590336531 0.26767330665153266
321 36.883719923265666 0.267285266328848
322 35.955371045681346 0.2681361670070699
323 39.59406395194736 0.2678553110916436
324 36.49925452770646 0.26851189168580786
325 34.76307924359669 0.2685346037843079
326 37.61327242944873 0.2688198069772337
327 34.75726071243659 0.26946819100116004
328 40.64707223129514 0.2693356822566322
329 38.90488155514528 0.27090693811860644
330 36.93224445035032 0.27039714422381206
331 40.131108766542376 0.2690647718903088
332 37.512613211802666 0.26888809505650507
333 39.79253019150505 0.26849064858893074
334 33.92266735734006 0.26874190938674425
335 39.29332413408658 0.26820926543172363
336 37.04930197243779 0.26736943418318593
337 33.481153042603225 0.2677674516320708
338 40.800716883570516 0.26852177945651706
339 37.08275610980823 0.26816325809263186
340 41.47740724889877 0.2679012139037526
341 41.49749985790635 0.26781076394004266
342 38.234693706392136 0.26773391887152737
343 37.227665728935 0.2678703666502207
344 36.676555793407175 0.2666498913177842
345 35.433920421452896 0.26862418134342736
346 38.61741486205574 0.26774581801220665
347 41.873238359821954 0.26765652564073805
348 36.30340487549624 0.2669963625462461
349 37.87997478976668 0.26695348418937753
350 37.88185559884923 0.2678031876152194
351 34.46645182765439 0.2679231165790901
352 35.67753416712516 0.2670524858149969
353 36.185434663468186 0.26692667152250976
354 34.076619075219625 0.26557633681356213
355 33.16598763047084 0.26679058473238826
356 35.38463468862265 0.26546950646962325
357 38.17562922810159 0.26451347442882417
358 31.128196697270518 0.2647514304246877
359 36.07309683147931 0.2639402142976583
360 34.532343706258956 0.2643977222554606
361 34.11090042105596 0.2642808597463156
362 35.13758237902897 0.26375758687883316
363 36.73084325318764 0.2637798105813596
364 37.81018417063368 0.26164135314817377
365 38.23725809857744 0.26231832089162616
366 36.412154963394165 0.2611471215243333
367 41.24409443584738 0.2608215219749287
368 33.86447726170081 0.25932185692503434
369 32.88614462539991 0.2596428691254224
370 35.338900452720694 0.2599784703401295
371 32.57818755181249 0.25977624536498795
372 38.468963631913724 0.25936068246552596
373 33.61217981448928 0.2583631193055583
374 33.19950158321504 0.2592457276948053
375 33.78800156546846 0.258191151867237
376 35.545106730980805 0.2576533869634765
377 32.904487615321955 0.2585918928116813
378 34.671375346801184 0.2580836380542945
379 39.917188982869305 0.25826500442741873
380 38.855430212450244 0.25924015864418676
381 33.962271229756254 0.25912806705135
382 35.91648743970817 0.258498842004569
383 40.810247283243996 0.2582610764330042
384 36.948302772057886 0.2589082562059673
385 30.48763930619462 0.2585524051891975
386 33.12394313294348 0.25825583534096846
387 38.23635334504259 0.2582314401718159
388 35.5949320786021 0.2575498880172036
389 37.53733989634827 0.2584422595581966
390 32.83932773260091 0.2588042522220834
391 36.53763916024563 0.25939190420271313
392 36.1669884903308 0.2588070188319047
393 29.547552551144193 0.2594136374798662
394 35.13707965292162 0.2596913551554483
395 35.45077764961064 0.2602063453367585
396 33.94192886687719 0.26003333178208893
397 36.37782697681921 0.2592504529215283
398 33.09381048371279 0.2591465659807041
399 34.513466400919 0.2588301950253772
400 34.170770055059464 0.25925049874866946
401 34.259212614451116 0.2598163254135574
402 37.4376672768999 0.25920132813859703
403 32.21564082945839 0.2586301227602415
404 33.267376189217416 0.25857500957224383
405 30.766985413258368 0.2586793229205287
406 32.860034993111235 0.2581872360135168
407 33.46007932475997 0.2583713330715158
408 29.53816653602538 0.258632307663831
409 31.5431567629862 0.25916363240215795
410 36.31467454963345 0.25865399914700077
411 36.10732990403606 0.2581976949725474
412 30.65080874722944 0.2582347258326771
413 31.57161760565551 0.2579939634368548
414 32.9013974392943 0.25885381102382743
415 34.610092481015485 0.2580424714835058
416 35.916436029946674 0.2575284205105603
417 32.16204944862618 0.25597432907635054
418 35.27414363603366 0.2560833951609444
419 35.24791377774912 0.2566427318023165
420 34.263472276084244 0.25645324652705814
421 27.532448574803688 0.2572066542772289
422 30.46880154584675 0.25768532829428814
423 34.634287952688 0.2584272234311591
424 34.92585751594393 0.258863125181966
425 34.546655746920486 0.2586912417132962
426 31.368752552453966 0.259429784719188
427 31.033684971954116 0.25951461154862865
428 31.413058765264232 0.25958039589986254
429 28.721731976893395 0.260197879943072
430 30.490664753084538 0.25934370646686994
431 35.89449113760321 0.2596170108818106
432 37.30089305262246 0.25954353582051404
433 32.67685330841829 0.25965333951520125
434 38.56473998398457 0.2593979255896579
435 33.32712795007076 0.2599339816582858
436 34.58556859941635 0.2605792949525865
437 32.32917875941683 0.2597273773687139
438 33.80440279042682 0.2604484569067409
439 34.588023087378275 0.2610376547071835
440 30.70977510153753 0.26127087792400294
441 32.047740133552935 0.26066278558449385
442 35.42741853937289 0.26019796214799346
443 31.850528100791635 0.2605952816294573
444 36.93742534770091 0.2618217767883692
445 35.38106234797503 0.26203431802725324
446 32.02794343344847 0.2634636465797083
447 30.98058425312781 0.263494924019793
448 30.530190176199596 0.2630383876974557
449 27.938397727113216 0.261447148037307
450 30.836452902137808 0.2609798465570004
451 38.10728776708642 0.261911645600806
452 36.92302847462025 0.26267364158506346
453 31.580877221373218 0.26188308504842417
454 38.19858008461081 0.2618457810174337
455 31.7805885676678 0.2630561546083263
456 33.78319632062238 0.2629537710379845
457 28.769389092661825 0.26387199722019083
458 32.25871910142605 0.26379279539829753
459 35.942039314567054 0.26410034758734435
460 28.87683704735857 0.26421116045893017
461 33.62749366445692 0.2634914357924474
462 32.68719223511012 0.26371318679551514
463 30.013577401343532 0.2639625751746811
464 33.75834590996348 0.26332107381683995
465 34.050980959451906 0.26393354698004307
466 32.82063556305148 0.2642807744622186
467 30.53409683064754 0.26365858762414773
468 33.112928961344195 0.2630959710215688
469 34.51214960991399 0.2637388213655568
470 36.44404779663596 0.26410542953720456
471 37.95040327486366 0.2651004291020576
472 36.41747521351923 0.264993007606412
473 33.82688906415984 0.26509925855194855
474 31.602481995483934 0.2643356877235552
475 32.75174015777904 0.2642277278266529
476 37.856879450453164 0.2635938546964663
477 32.265548861759044 0.2633948269428941
478 35.010980056190135 0.2629127690182121
479 31.823464740530266 0.26256200966829474
480 33.86449688446018 0.26277093430994997
481 30.05495200586118 0.26352552711793004
482 31.664735336499334 0.2626988840850973
483 34.66177801228227 0.26302496216665894
484 31.749607955888003 0.26286856265419284
485 31.637421371740672 0.26340264384776796
486 30.880910540562006 0.26363836511469724
487 35.38044688687101 0.263537417232649
488 33.43829355954838 0.2631351734712989
489 33.63038426017843 0.2630247337272798
490 34.30794910910657 0.263590913913286
491 29.63821095015269 0.2641350138047993
492 31.52748330369146 0.26413850682491363
493 31.59264083731631 0.2637176056226872
494 35.013784888142226 0.2640601547002
495 29.31866358676315 0.2641200351666517
496 34.47854712821419 0.2644391556972807
497 32.111754417474344 0.2645813864394786
498 38.922516261136195 0.26481057171951367
499 34.200879743476946 0.26520109832944233
