0 235.99559257756235 0.29837482602321297
1 227.36848037203802 0.2975293182494791
2 225.67665989406566 0.29651179014959994
3 198.14474767561458 0.2955035721023272
4 224.540337936588 0.29516672224900115
5 207.43170216631313 0.29494585191965034
6 200.35624347781416 0.29471394281679275
7 181.191866930449 0.29445382834999045
8 195.0390187904096 0.2940582207003231
9 186.1877543032876 0.29372145468806093
10 175.12018209972226 0.29321999984903074
11 188.2614107612754 0.29278312103975
12 188.9078177781588 0.2923035679805879
13 161.72140131599377 0.29185262471125023
14 150.87731814838105 0.2915071084755723
15 176.55320826798896 0.29113325898389636
16 164.1414477656876 0.29078376212183704
17 166.77513075384667 0.2905779604815088
18 164.77540876439983 0.290277884377629
19 140.76690793263924 0.28990688862026076
20 137.81281550255054 0.2895783016138095
21 139.23682276330976 0.2891340392863893
22 146.66504258287665 0.28871964845673465
23 142.51617859268472 0.2884534572255296
24 136.47788936430277 0.2881402995958055
25 131.36987875849078 0.2877392670847488
26 139.38549218022382 0.28740056415207144
27 133.35365712659637 0.287152218616235
28 142.04837728409086 0.28685121616248294
29 138.1222305072448 0.28651702463992185
30 139.02057669018765 0.2861790550280796
31 127.09464558375834 0.2858656011499375
32 132.73156758225707 0.2856766499917994
33 126.33993082547758 0.2855232580084706
34 126.04674154133698 0.2854198624768242
35 123.05440071056549 0.2853328751956066
36 124.87131332225553 0.2850631856505783
37 137.56811944510596 0.2848507497103159
38 124.56885723689783 0.2846132027830097
39 118.42411302555368 0.2846413714907789
40 124.56681302950815 0.2846158872128944
41 129.97540972818734 0.2845991700685198
42 117.74815758478042 0.28450090467745254
43 126.20040892698324 0.2844184918741901
44 111.84703881872119 0.28450874019254535
45 121.29051647642612 0.2844658773591899
46 118.47250053724423 0.2843799182179996
47 125.73732415919216 0.2843057814145857
48 113.31536233353691 0.2841979173846283
49 123.49742297101281 0.2840537839319881
50 111.51819357342328 0.28384515288291023
51 110.71049942718633 0.2836203805986766
52 116.24787763273815 0.2833332936656466
53 120.12749253447905 0.2830061290036907
54 111.08714989152892 0.2826406654871303
55 111.79423806967179 0.2823669089669852
56 118.62205996921872 0.28211154244900233
57 108.1336920031288 0.2818472652619165
58 103.4491769754742 0.28154282405474473
59 112.58541528551748 0.2813349301999572
60 113.87168660165071 0.2811152721398338
61 109.39585208048794 0.2808015251821066
62 116.02712485063357 0.28063724172249854
63 109.43717416433071 0.280411811507183
64 116.00972716582464 0.2802017100458174
65 118.36063832230863 0.2799037118325877
66 105.35857168438672 0.27968235980559614
67 117.99327970274656 0.27942489730161846
68 105.37244425127346 0.2792235800757396
69 109.10782622643814 0.2790470883784112
70 110.45898133603839 0.27893828366033685
71 103.74650627631763 0.2787207758647357
72 106.34889480420969 0.27850947165577083
73 104.7594373092973 0.2783192254542432
74 103.91555500194929 0.27804911273525973
75 111.10871174822961 0.27784917114198465
76 108.16722447539811 0.27759606928942593
77 109.25936527322364 0.27736036157484295
78 104.90164339387854 0.277112777309217
79 106.79641621672633 0.27692762413418476
80 111.55775827324769 0.27678497488387255
81 101.92420182620285 0.27659921857075037
82 103.67668058880795 0.2763420658762293
83 102.22727541879398 0.276141163915065
84 94.26429589491383 0.2760050640327352
85 102.58978407524863 0.2758667713259861
86 102.08858985393697 0.2757744267657832
87 108.89669889699314 0.2755643763894077
88 101.73958767146155 0.2753613755955701
89 100.78600147297848 0.2752174026196346
90 100.75876498659306 0.274967997521597
91 101.48041247339806 0.27467132317652526
92 98.95886833267053 0.27427255137862977
93 101.8357194597866 0.27398473079903424
94 99.9112049507768 0.27378376597630205
95 97.47933386397649 0.2736437279482555
96 95.0044217119665 0.27357697805234393
97 100.90777042537084 0.2735321408024076
98 90.96816519285716 0.27346603793642926
99 97.93579841459652 0.27333938093678367
100 99.23434181701947 0.2731417358035224
101 98.29864550119328 0.27297447038627537
102 104.73368912771897 0.27280730968921424
103 97.2456368709127 0.27277558581134415
104 95.37539369658828 0.27268951908054045
105 91.77802994931892 0.27244342792419846
106 99.47833716339699 0.2721017692394668
107 99.59480056682887 0.2718809594055598
108 91.38299946548645 0.2717020998149204
109 88.63494412420454 0.27158009892606305
110 91.07789349513979 0.2713214389075423
111 92.73918065408785 0.27108870989142736
112 91.26536134952268 0.2708807327272626
113 89.53289444300763 0.27074148074175686
114 88.67701806614181 0.27058705641674136
115 89.55322532525861 0.2703466242857262
116 84.6067317027003 0.2701419226548201
117 90.02290963627797 0.2699400829414107
118 87.37590341515212 0.2697924248500733
119 91.13678653435827 0.2695620794431235
120 85.50516954982851 0.2693841782825735
121 88.36695477490039 0.2691752115311438
122 91.96974113625694 0.2688609341679121
123 87.56467734039282 0.2685262087202945
124 87.93498377352319 0.2682281740071164
125 90.96972851896125 0.26785955436473885
126 85.34455859978723 0.2675501219075877
127 90.39706759510511 0.2671130852642889
128 84.43162618742008 0.26663442019447015
129 85.06278303568453 0.266184530971393
130 78.04067175394965 0.2657030591871905
131 88.55570445778602 0.265254745967011
132 84.8946953170439 0.264859992569438
133 91.63290699246046 0.26448048616417313
134 79.50120710792746 0.264064022788154
135 84.00620323600094 0.2636041913387069
136 85.56002744867175 0.263139035379228
137 81.26064261186936 0.2626709068526257
138 81.1800143358321 0.2622154948500712
139 84.25154682142806 0.2618063558199761
140 85.7812226718728 0.26139773865767163
141 88.3438992702234 0.2611089210890547
142 83.14814567194514 0.26087224826377703
143 84.61372489767959 0.2605996776003166
144 79.33817500101011 0.2603474970262327
145 80.7328583917724 0.26010693700672927
146 83.5796543170555 0.25993418550520436
147 79.7143754566483 0.2598199595598346
148 80.08841145788632 0.25968446043178484
149 79.50313050405873 0.25956914046098234
150 69.43154267503449 0.2593901387140019
151 69.75244461966435 0.2592860277003493
152 71.95533411427904 0.2591544499064605
153 73.12561149612893 0.2590648178465927
154 71.83484771561518 0.25889101023773925
155 73.25741407291045 0.2587827853569137
156 70.8958991576132 0.25872341461353104
157 69.57490017490403 0.25857219963539474
158 68.88803995120222 0.2583384825975995
159 66.25343235374494 0.2581410473260015
160 68.34983837933342 0.2579106237000642
161 63.802176807242674 0.2577415146321093
162 60.83801486499138 0.2575599703010845
163 70.44819626094898 0.25728400400212886
164 67.87684400749816 0.2570978079596289
165 74.57686845377108 0.2570242418870901
166 66.7668199939465 0.25696455001924484
167 62.266161482879475 0.2569269933729215
168 69.91145326902753 0.256845517807498
169 58.48689925291808 0.25671604683266075
170 65.77803656539554 0.25663453576383277
171 62.190704292665835 0.2565860783873862
172 61.107718983587034 0.2566194986895447
173 62.25522968418333 0.256660994104867
174 53.91612168479918 0.25667224773000225
175 57.24202654984026 0.25657405806242567
176 61.14776165073836 0.25651351271165823
177 54.16527981475183 0.256429472716092
178 55.87642870801595 0.256278564366041
179 61.47372046994492 0.25615185822234454
180 55.21892216678964 0.2559480752277308
181 56.61173684997905 0.25576709727482455
182 54.633108699527085 0.25566605447025026
183 59.84795241095223 0.2556274313162301
184 54.958640193926215 0.25561607792019053
185 60.659679484080996 0.25554289476504666
186 57.24767398377617 0.2554503784291788
187 56.83391511119223 0.2553396844341151
188 51.72153691272293 0.25515887556935085
189 49.88337200444535 0.2549608875651559
190 51.20333754738205 0.25487510816812003
191 50.119391464228556 0.25484121186462433
192 53.39321506743364 0.2547772594679167
193 49.810568180751794 0.2547672197101007
194 50.35433102075989 0.2547339203864765
195 55.75831083210116 0.2546875769942552
196 45.694068260510406 0.2545873330572361
197 41.01135127116672 0.2545397569534051
198 45.49466962444153 0.25446784243844883
199 49.19127074053797 0.25445391098775877
200 41.79178289519567 0.2545201199298989
201 45.061647400083444 0.254570926207255
202 45.0707180868675 0.2545913605018353
203 42.64388472072776 0.2546707504564219
204 42.92289940480654 0.2547185782796915
205 42.43076679186544 0.2547943195335243
206 41.42013103981155 0.25488796739905695
207 39.58578352342018 0.25495522633167494
208 41.607878738507 0.2550278544879749
209 41.301917886383464 0.25514841745132905
210 43.55074274774235 0.25527509291816747
211 43.454912705908654 0.2552648587959674
212 41.07762971812905 0.25531861720552723
213 37.62983357096846 0.25542017201668993
214 41.114636225557156 0.2555247731522584
215 36.10258744992687 0.2555848069577736
216 41.92529171497013 0.2556316258072752
217 45.77636587560791 0.2556685455438912
218 38.36752118630049 0.25577775972385314
219 39.48756535643957 0.25592549846483753
220 38.967380535868 0.2558921705958889
221 39.068691328959666 0.25586433178024776
222 44.55271843188407 0.25585955966696255
223 36.10430026555555 0.25579444554434055
224 37.96274821173145 0.2556004805467913
225 37.53873261155593 0.2554501221467242
226 37.5218594846549 0.2553182542906514
227 34.17577815727665 0.2550749460177327
228 38.70221100182808 0.25488041700641
229 34.89522519539867 0.2548686215741655
230 39.32145977857888 0.25476735444833826
231 38.12448234454824 0.2546502087235149
232 36.38748823618552 0.2544959359439612
233 33.607630736704955 0.25431834715016743
234 35.101281529810144 0.2543340226929644
235 36.641446143486704 0.254299522167875
236 36.677497700429456 0.2543114102160468
237 41.64865780342372 0.25439496349525476
238 35.51208409609082 0.25453100419356184
239 35.254129558653176 0.25471672580543275
240 35.327472275117536 0.2548934801372994
241 31.757723503292574 0.25500639116305507
242 38.352443698263755 0.25514234292991483
243 33.32718690678401 0.25528174183848207
244 35.56087735047179 0.25529489957074064
245 33.355844303004965 0.2552202135568749
246 31.535390058073347 0.2551326660231558
247 36.91422337180404 0.2549065001000588
248 35.14813502685883 0.2547245903701603
249 32.5256192247257 0.254568693361698
250 35.59270044182084 0.2543121329319363
251 37.98273518625649 0.2540251298898791
252 32.58684291322981 0.2537717940899918
253 37.046873371491756 0.25345027907258016
254 35.93916480542623 0.25314623935827546
255 36.54525606659737 0.25290528229008197
256 33.34968284869421 0.25259336609523286
257 33.92544709922053 0.25230994474553914
258 31.01898549638394 0.2520648995684078
259 32.466145466846754 0.25192281008326034
260 30.245009694381274 0.2517125457838946
261 32.08472236460052 0.2514358598119153
262 33.03678969481834 0.2511839184003327
263 30.800643427988994 0.25092823360179434
264 35.275459253641664 0.25065686366312107
265 32.31280516621945 0.2504434826500104
266 28.42883382766459 0.2502355711852146
267 28.293327805134588 0.25006082565345883
268 38.12196038478 0.24985955310105226
269 30.121560065274416 0.24971037514091443
270 32.424102959793096 0.24949645146950894
271 30.269482912578646 0.24923395395847725
272 30.690678455626504 0.24905038470428362
273 32.509431772484014 0.2487711916664758
274 32.69113670264348 0.24849326368046873
275 32.17675508707738 0.24825024223519346
276 31.767603295217352 0.24804988919687002
277 32.438982106479024 0.2478514413230785
278 28.366765535010664 0.2477295949649436
279 30.800171028978315 0.2475586992285473
280 31.729441667229363 0.2474222344919376
281 35.02286422105182 0.24729140834447447
282 32.179287153872174 0.2471527060761298
283 32.15974579578953 0.24705137000672206
284 28.22585906173557 0.24698641292600243
285 27.969138534313288 0.2469173747481026
286 31.515645998041304 0.24684731328733647
287 33.81846225259275 0.24672345548489014
288 30.262431040750098 0.24659770352645616
289 31.664201740766536 0.24649690888253514
290 29.59543976074113 0.2464232065788244
291 29.1515100819403 0.24631462886392597
292 32.318959509589966 0.24609327384099997
293 31.710550921971198 0.24584152376923296
294 32.02159982800502 0.24555396447722785
295 29.900202823025097 0.24529627074615637
296 31.294833911915934 0.24499977735329526
297 26.053857520425204 0.244740630094931
298 26.187219177136434 0.24447309232325784
299 30.113278992264632 0.24420275183401743
300 29.274386998440843 0.2438723030869234
301 31.09410580166871 0.24353868918655106
302 34.07545996407673 0.24328880323132115
303 34.01492144050637 0.24313122734239812
304 35.70929045705141 0.2430510439465463
305 28.453509436073183 0.24292876912582176
306 35.97871275105169 0.24281158083746682
307 28.16932258362398 0.24268281728198626
308 32.51404831672086 0.24267258737925043
309 32.78514701861947 0.24269432092988605
310 36.605400044569365 0.24271747480720707
311 30.019830450020187 0.24275177361640687
312 37.16621611641531 0.24274668292717996
313 25.299412661814053 0.24268407894704366
314 41.26769310028791 0.24266808856708932
315 35.70088514720864 0.24272645153569208
316 37.31287788876419 0.24270368426739075
317 28.76686429289865 0.24268911707573837
318 34.1886283217664 0.2426173820269014
319 34.4446533356784 0.24249364537541798
320 32.33792265330739 0.24248350092229265
321 30.047097326195882 0.24249234610869763
322 28.59370751331887 0.2424714323875324
323 30.489005670108973 0.24233700089153198
324 30.892506399726585 0.24212385601289763
325 34.880149114568795 0.2419144852856591
326 28.907254597661357 0.24163056314245046
327 27.664458588095748 0.24125480735000007
328 27.101556612859987 0.24096986246211402
329 36.79799353831485 0.24071253420702451
330 29.0693748944448 0.2404198926591825
331 30.536083823897393 0.24016786116896527
332 33.49544023832963 0.23976852430417753
333 33.64159158936653 0.23946127403961934
334 28.483022734625578 0.2392794632591039
335 28.224658674142745 0.23909763647719395
336 26.774791251823032 0.23894043362350859
337 32.28453080141806 0.23881899842331308
338 30.877140878746346 0.23874347898092318
339 32.29635448154609 0.2386583649907533
340 27.73847516790159 0.23855143673206455
341 31.711652539713526 0.2383384491602266
342 25.411889219199153 0.23807989696519338
343 30.39890729036133 0.23782453265080428
344 24.84035091937529 0.23761601120099277
345 25.105198649315938 0.2372866410615199
346 29.67090011691033 0.23695332696532914
347 25.31776278656512 0.23665588843424654
348 29.043007406075134 0.23632508286564313
349 28.648906876720563 0.2360443144047121
350 23.57688927831403 0.2357617515906778
351 30.368830573138318 0.2354855308542583
352 28.858887854506296 0.23531162867675112
353 24.80169109858725 0.23514495685123557
354 26.76834761012162 0.23498273599481934
355 28.32635346946114 0.23481932436999495
356 25.977483091024265 0.2345926364316279
357 28.922073924525378 0.23437967080396274
358 28.744367593135102 0.23420706629118274
359 26.125200151690844 0.23409399070663559
360 27.960513429205086 0.2339443367245889
361 22.6151447196034 0.23390188067889164
362 27.164306567927753 0.2338445463342945
363 26.16832198529419 0.23381031394509885
364 24.227315033016673 0.23371569886921603
365 23.948228025564188 0.23368007572116703
366 26.80318759938378 0.23362775871300157
367 27.78801385392584 0.23360831000685345
368 22.113670891039323 0.233556870045364
369 23.483621511926795 0.2335049521334993
370 24.431559774445287 0.23356281200197335
371 23.593469354507313 0.23356867938046733
372 24.571471156503762 0.23349218243571354
373 22.195653402815974 0.2333692888803963
374 25.591731096565887 0.23321226093623246
375 28.154237186899394 0.23310765010684384
376 27.149246210156406 0.2329877884756791
377 25.606534449114662 0.23286771390445757
378 25.510279905575032 0.23275672084537682
379 29.986111649250734 0.23264647588942503
380 26.997021281027195 0.23256328094451517
381 26.12703416870444 0.23254709369722706
382 29.377336505297563 0.23250454420373975
383 23.583124830317367 0.23249291104003614
384 26.24706652975743 0.23249439746244419
385 25.300092014302905 0.23247726854490325
386 22.920659764931365 0.23240527680318493
387 27.52458711756296 0.23231440568046544
388 26.824483005593475 0.23232415140283236
389 27.72695435570644 0.23235042625873523
390 28.876008727930383 0.23237063657247417
391 26.37742201804918 0.23232303924570605
392 21.63097032391117 0.23224190403752143
393 29.217753278692797 0.232048503373928
394 28.10992651119856 0.23177246426647355
395 26.413107956543783 0.2314526731898647
396 28.30843629402589 0.2311368105276903
397 28.035134446940134 0.23082813569886348
398 25.929320579079786 0.23051357836483488
399 26.518836560874874 0.2301807146924452
400 27.040019287440476 0.22989577519707863
401 25.85004257775157 0.22962006378315078
402 27.530408216618326 0.2294167616166074
403 28.112222782394333 0.22924679264270373
404 23.75071723966756 0.22908849511228432
405 24.068199644145846 0.2289821879780971
406 22.879921839424913 0.2289186130876808
407 25.02017216485924 0.22885652284575642
408 26.212654139906896 0.22887007936356085
409 23.902046748651102 0.22894039664030308
410 30.531959096709294 0.22901189864614743
411 26.013140115803775 0.22904390943966427
412 22.588591826596666 0.22908088767459925
413 28.760059248435258 0.22915024727389735
414 26.844934535375987 0.22914104399768065
415 27.376848437455962 0.22913822485988378
416 27.82683390216411 0.2290374642373981
417 27.288108908653303 0.22894575506438172
418 30.208539766370187 0.22892273638968194
419 28.005765600644224 0.2289065259879155
420 25.25822676481543 0.22890863239121517
421 25.60946899954824 0.2289473395219479
422 27.273085302540572 0.22894841313199366
423 26.177034445329674 0.228989595652435
424 26.288646470180044 0.22901316657592619
425 27.96275240716058 0.22895383439026862
426 25.086073825539504 0.2288753004205847
427 23.1290524729158 0.22878163643323493
428 26.435920746291927 0.228672169502531
429 25.598538332831044 0.228514668589662
430 28.134603917784812 0.22840022939992335
431 26.664046618372662 0.22833141715264826
432 27.626337058927575 0.22833171717265174
433 29.410823021799082 0.22831147691945167
434 27.61249934870894 0.22831000772648036
435 28.45114873908345 0.2283320564144534
436 26.186987178907494 0.22835608625194234
437 26.44484158946799 0.22835072688603072
438 23.933584071406173 0.22833791013729732
439 28.096552647832702 0.2284120186059241
440 21.489505534459585 0.2284782804482882
441 25.63744403873411 0.22853254605811094
442 25.283569639907327 0.2285977568433638
443 22.829765487058197 0.22867790476664776
444 27.91634157221329 0.22868042971427682
445 22.87244225053225 0.22866641456132494
446 25.24634484563632 0.2286924633889793
447 25.91670921346017 0.2287003732929261
448 24.554345863101783 0.2287283319365955
449 24.772947638004464 0.22875010015353126
450 28.553595890509385 0.22877106046160392
451 26.842016944545747 0.2288605116179944
452 28.68630617182998 0.2289354860660561
453 24.137252204685065 0.228957628479193
454 26.107029629273722 0.22896379730610436
455 24.503972451547746 0.22901211458013815
456 28.489659471029313 0.22908968821389109
457 27.569142836032665 0.22918711867286845
458 25.87908008724913 0.22930376467967103
459 28.353659390955414 0.2293910774633522
460 28.677861330552773 0.22933376942126193
461 27.07906493161326 0.22931773131015776
462 27.708682761607434 0.22939006519269287
463 24.629056300914705 0.22947150444884964
464 27.704786434026197 0.2295741802432475
465 25.926195277033123 0.22968174857108306
466 22.171548731153642 0.22979129572905557
467 24.367447644088386 0.22986698595228372
468 31.956166920913986 0.22996127513055406
469 28.796915930145914 0.22996246136403156
470 28.58484331927376 0.22990444409771782
471 27.300284202033897 0.22985935014990347
472 27.36735922365129 0.22981381790845734
473 26.68815233819999 0.2297587686319078
474 25.998852173421284 0.2295907691192176
475 25.613279227203222 0.2294069361864175
476 25.55103926061906 0.22925184056739534
477 22.182941518436298 0.229107054681297
478 27.050379005601364 0.22888337512446752
479 27.73351728303413 0.22864432361141987
480 28.749670878375237 0.2284115433012659
481 25.178378439605318 0.22819232596501327
482 27.0855224420514 0.22804714242927396
483 25.72963137874418 0.22790946497766326
484 21.694667647798152 0.22780506675900056
485 22.967298602822964 0.22767218080022192
486 28.80052706960842 0.22755507511524628
487 23.917162509722317 0.22742118856617824
488 22.58909630971382 0.22731770759094935
489 21.81589176747533 0.22728210261163403
490 27.70547950985359 0.22718268971282307
491 23.97171386633554 0.2271635667469821
492 27.059930588795503 0.22710848516000612
493 26.41606604770378 0.22704041013286588
494 27.27582321843247 0.22695741861048488
495 28.337223369218364 0.22685557599310688
496 24.72062106355026 0.2267541092509512
497 27.613744244805794 0.22662007422847494
498 26.40732387549823 0.22656358646329589
499 28.50498047035772 0.2265458704526845
500 29.098850684677984 0.22646506000280556
501 22.708373117799873 0.22633926192579998
502 22.182478001476614 0.22619119903249044
503 24.530644456705478 0.2261566851948478
504 22.656379448187387 0.22617971217563437
505 27.12882457206453 0.22621181205543683
506 23.738191020312293 0.22622155867296276
507 26.580644942290824 0.22623201984305838
508 24.296352467790534 0.22623566708385398
509 26.84605524752795 0.2261864643628834
510 20.276889955588974 0.2261659656147373
511 24.751135180725893 0.22615748176424325
512 24.274665314572736 0.2262799590915321
513 31.330316358606446 0.22640878261925654
514 23.26481756417091 0.22644826310029487
515 22.921290493296638 0.22639815269534447
516 23.5941594113224 0.22631490109265906
517 19.471385358754837 0.22622938179562166
518 23.929270444282633 0.2261965943060824
519 25.859701219117884 0.22610058501266841
520 24.84113788602527 0.22604457051256435
521 24.404125888586776 0.22591950507240002
522 24.28925195828274 0.22579511658405402
523 23.534633711186657 0.22568952177901566
524 29.458660134419077 0.2255983910942879
525 27.780126794767572 0.2255481587055196
526 32.195634698051016 0.2254900478772616
527 23.272038883475823 0.22549531956052418
528 22.99768957295164 0.22554867239343088
529 26.042248158088928 0.22555255425722984
530 26.082836796988744 0.225523342041009
531 25.57887340801737 0.22551139593213643
532 25.395616110138633 0.22550639950147422
533 27.431823406119417 0.22555001280094358
534 24.483707407759905 0.22562882049583133
535 22.628076033489453 0.22568512338181365
536 25.0962900324515 0.2258037305203989
537 26.86215284613724 0.2259357432448201
538 21.74785885299989 0.22607705101126174
539 28.630028929695612 0.22615264123876258
540 27.501524318851285 0.22626599380400023
541 25.48824519301343 0.22630770846540402
542 27.80285711795528 0.22632154484252517
543 27.186370172883542 0.22632146229195757
544 26.976929864572302 0.2262762541229082
545 25.575025885931375 0.22615011963577136
546 25.4874164536657 0.2260258305158028
547 25.68835381796183 0.22587795021503773
548 28.80166384744969 0.22570457043540468
549 24.479423063566998 0.22552917616759136
550 22.441582199725758 0.22538920838060453
551 27.965852014130036 0.2252830364827696
552 28.865818818720825 0.2252068645289359
553 26.302701608384496 0.22511473302163085
554 23.081419955888745 0.2250468086565225
555 23.74875435997403 0.2250334154506888
556 25.73666158774264 0.22503326300259544
557 27.429990830700334 0.22503142988755256
558 26.89721771965517 0.2250789901956511
559 21.157416309784992 0.22512686409080931
560 20.69069692221855 0.22522274080475838
561 27.082810250559255 0.2253055223889839
562 30.674066572471286 0.225432496579959
563 21.70530998401488 0.22556215322720255
564 24.018417930342537 0.22573419348414037
565 25.852149449677782 0.22590030114322723
566 19.063405789007216 0.22608655049638107
567 23.978334153160333 0.22632153456999324
568 24.757970497546893 0.22649659310495873
569 27.083215205619936 0.22666311903138558
570 24.108800730328056 0.22682987567219767
571 23.355830206173593 0.2269922917661942
572 27.35726734478063 0.22712355631523698
573 25.454828506689765 0.22724584614331456
574 23.030764331091213 0.2272889530822765
575 25.437145754172455 0.22735075611839148
576 25.92887473621685 0.22741953260481615
577 26.027502096854633 0.22742127186653063
578 22.606100380303708 0.2274721944938245
579 23.339071566883774 0.22750226730329973
580 23.169734468982128 0.22753995384420853
581 23.916210940803694 0.22749567792270683
582 22.3861577304102 0.22744409951356018
583 26.137002816130078 0.22743400440597358
584 27.625232477646076 0.22743592896409062
585 22.892871345321893 0.22736325654127923
586 29.031489445444876 0.22728770627558736
587 23.400352097758976 0.2272357301660778
588 26.27687485156352 0.2271940098081764
589 27.307402569421733 0.22716984961027495
590 25.843007679057667 0.22715427349021614
591 23.29540990617206 0.22719878316619727
592 29.059816393776675 0.22728599482061515
593 24.406932039777367 0.2274063871303865
594 24.327519504757667 0.22761559734403167
595 26.322571803823706 0.22779619269322682
596 27.309840017839036 0.22791823896194038
597 25.426347158463756 0.2280641922211415
598 25.429352304335055 0.2282484831941666
599 29.563111255167705 0.2284669567913733
600 26.353685353022787 0.22865382311667967
601 29.872045514428926 0.22881482034452905
602 24.829556739416564 0.22886363202288004
603 26.323552042158944 0.2289678264437828
604 24.00521228486291 0.2289792618435552
605 26.284786954770773 0.2289320106177022
606 25.75865089521421 0.22891612524440064
607 25.199295272320352 0.22891349068822872
608 24.309977692556735 0.22891418855165369
609 24.520057747346502 0.22889685766526538
610 26.462670992404874 0.22895251027528551
611 24.84293980293045 0.22894958207523675
612 24.548764914876354 0.22891211646227586
613 27.50305423378208 0.22884058244952277
614 21.765540646048812 0.22879072817410828
615 22.475466636959574 0.22872408551815168
616 21.55470233281401 0.22877257008969268
617 34.567682299482286 0.22880114753216105
618 18.743546103260954 0.22886703578049591
619 27.655180177145354 0.2288770225141731
620 29.216869641578178 0.22888415666382333
621 26.794094688881437 0.228873264223872
622 25.76052469127125 0.2288504064173947
623 27.522176098861586 0.228760894748836
624 25.19572871408332 0.22873250192183647
625 26.932359523815276 0.22870890825620482
626 28.795413303140016 0.22871060182943062
627 27.13009031275225 0.22876700522148077
628 28.675036171326614 0.22880565034770126
629 29.82317458998203 0.22868675049362022
630 26.569504052480617 0.22852012764678334
631 26.74033702771492 0.22832236588085766
632 26.605719248934022 0.22816135047079342
633 25.089579880786296 0.22805564333284378
634 24.46869615470466 0.2279151722268864
635 25.218891345498086 0.22777966086000714
636 27.43797079840818 0.2276745739050338
637 27.428145351724986 0.22758496913907167
638 26.28281266419215 0.22750269411556026
639 24.21397966178633 0.22742216394408996
640 23.535659419954833 0.2273105215587307
641 20.569811817072846 0.22718241405848852
642 21.863814573947874 0.2269055721838875
643 21.86161333152416 0.22666602221549348
644 22.32962141197033 0.22647644668730874
645 25.17037986764652 0.22630374375454942
646 23.290904487901404 0.22613190191304688
647 26.09623336899093 0.2259568572563212
648 24.30285699990941 0.2257504599214765
649 23.948780634124024 0.22559064703351342
650 29.16038007311666 0.22546202251184533
651 24.384953355017917 0.2253600594922925
652 22.749646374666646 0.22535481426798354
653 30.375093285578377 0.22533332666513162
654 29.904443875548388 0.22528357332555182
655 25.580406207806732 0.22525059403675396
656 31.375910038025182 0.22523892266358514
657 29.247406092217226 0.22524258570678232
658 24.692548455427307 0.22529633034806448
659 25.376503069906803 0.2252994750493713
660 22.138318515835763 0.22531876180887633
661 24.56694767319182 0.22528926510737582
662 21.774093294257405 0.22531630517696347
663 23.807228619053298 0.2253315027904357
664 22.17472877372121 0.2253483014623238
665 23.90385557625224 0.22541416047263352
666 22.4879275577512 0.22544874181851982
667 27.864234685606668 0.2254141324843523
668 23.001742580492618 0.22529603913189922
669 20.661842039727276 0.22519665199947125
670 20.1375067159654 0.22504695844575165
671 23.512438604127308 0.2248288470318336
672 23.53561199084522 0.22466417744101433
673 24.81791878785795 0.2244943961009788
674 21.448289762698508 0.22433345689602338
675 21.402044574164385 0.22423403650978765
676 25.136676813058095 0.22412641002126402
677 24.282095720074025 0.22401817354217346
678 24.084282196511626 0.22392108912377542
679 21.946466890311484 0.22380638543299033
680 23.15017449417129 0.22372793563092638
681 20.835390613897637 0.22365580544022703
682 28.4113592049746 0.22360263510218062
683 23.168565391486712 0.22356608457850255
684 19.129118477445907 0.22355422937093214
685 18.638439164898763 0.22351401212937994
686 28.232286225018257 0.22342283009006172
687 17.320510503603753 0.22329519239632956
688 20.313536853946744 0.2232455474935544
689 32.40783819118222 0.2231802840001782
690 42.53178736036155 0.22308386369896147
691 28.52050966739564 0.22303209812735492
692 35.64473593190573 0.2229516949656314
693 28.00702328795978 0.2228555417742939
694 22.649588887061824 0.22276772997884253
695 29.06606481405727 0.22273242766982948
696 23.599228453605615 0.22268892285885267
697 29.300486755341407 0.2226250118183204
698 28.088916240913946 0.22249772345671812
699 28.045557621416677 0.2223384159963037
700 22.346226302636232 0.2221823950604871
701 35.603333789442885 0.22199021670401706
702 30.232096684399774 0.22178779683901204
703 28.06918807572375 0.22161006174221495
704 27.503177504991616 0.22145949357085035
705 28.057275906979598 0.22133931205888122
706 24.637216534595986 0.22116733207981154
707 30.207147295526223 0.2209651884112651
708 28.76199560072412 0.2207787360906425
709 30.576183922797867 0.22060434245447047
710 28.57865662089299 0.22047430489411024
711 21.1719689487431 0.22030723489642304
712 24.858873254222473 0.22016051495928257
713 24.551516674352733 0.2200544278810567
714 26.098021855260935 0.2199625294508778
715 26.7999485160143 0.21991147172566125
716 27.88972637243868 0.21983036813248594
717 23.9592600330851 0.2197708522555573
718 25.265885414353342 0.21971709917900487
719 23.931845214585383 0.21959463572485113
720 24.7958854607665 0.21950090879649944
721 26.547575591904103 0.21939691476261705
722 22.642825999047368 0.21935240577356255
723 26.807210530475594 0.21934717015885555
724 23.174209181515657 0.21938372786870283
725 25.536623900193923 0.21942631165673968
726 26.898073723536505 0.21950649741249859
727 27.09937447234701 0.2195871568760479
728 30.962792890440653 0.2196393214321679
729 21.63781963240838 0.2197064279145887
730 28.846983910869938 0.21974121853498307
731 26.05471058553931 0.2197725628806105
732 21.088935540678634 0.21981165921932544
733 21.432386627473537 0.2198684874768844
734 23.708104762725192 0.2198746078746657
735 28.85246436894319 0.21991614213621555
736 22.25020642411533 0.21995097712708822
737 22.52022715457681 0.21994987078977543
738 21.84162514989088 0.21993047415223102
739 27.944574311508724 0.21992126062666695
740 31.826309237849102 0.21988764066772826
741 21.94596965123661 0.21984475428734063
742 25.215575215527025 0.219824368338728
743 22.3357435691357 0.21977081354420588
744 24.154828240316917 0.21965242000296145
745 22.565571207808816 0.21951277332738095
746 20.25956079245415 0.21938820585950325
747 22.042245536107234 0.219322069057323
748 21.996206737373168 0.21926472174027403
749 22.83159683711896 0.21922361837225687
750 19.53119858428849 0.21917304886654168
751 22.254415318811738 0.2191586603378767
752 24.30851417854297 0.21915081157021132
753 21.5543356536475 0.21917870674235695
754 22.951751884426876 0.21919615518524335
755 24.971377432346124 0.21920375356499744
756 22.39650644630093 0.2191996908900895
757 24.414223662364257 0.21919153754608453
758 19.129541951823448 0.21919031749437434
759 26.39630344465133 0.21918276790829458
760 20.555352976849115 0.2191763183232803
761 20.95866369646259 0.21915233496627198
762 20.475923149392536 0.21912578491071252
763 21.99022833440071 0.21914292302641467
764 18.059806815480623 0.21916007908869695
765 20.513489189774702 0.21908707796762228
766 23.28828173176162 0.21902272886281518
767 23.618166919903828 0.21898263406823992
768 20.05217007527996 0.21888977649746977
769 24.927618396375735 0.21885001734112128
770 23.754285922411363 0.21881697771729822
771 23.365022422003264 0.21878860437243985
772 23.298017205656706 0.21876696471669085
773 23.37509392983039 0.21871681957322356
774 22.622571376626595 0.21863829776592733
775 25.941317638280978 0.21853380202876363
776 23.655028890414428 0.21843425860002688
777 21.04876657165657 0.21834640582693554
778 21.661950905100753 0.2182763129188403
779 21.519879243940316 0.2182582338539177
780 24.32242281421916 0.2182041840209031
781 24.163895369230556 0.21815297947111864
782 26.44418345876599 0.2181400037758651
783 24.940474942057683 0.21809560056596436
784 20.893396131620612 0.2180922635570949
785 29.887152120723684 0.2181066414676378
786 23.147664986407314 0.21806787908855138
787 20.480412814488965 0.2180325944688144
788 23.544917985021904 0.2179889727046281
789 21.305602592269334 0.21792667563212462
790 22.910712049549144 0.21789347452644262
791 25.675532520757912 0.21785211065443347
792 27.717157590217194 0.21778103568043786
793 23.978311031632614 0.21767282871146376
794 23.31348348068247 0.2175735467487533
795 20.72823758556709 0.21748387165937064
796 25.690714208805066 0.21740742158691653
797 21.051417093679014 0.21730787838730323
798 22.576722665872268 0.21719732268178701
799 29.603247583149304 0.2171173430773301
800 21.56022043884444 0.21704676957981328
801 25.044976609625667 0.21702004094261373
802 27.27864957325891 0.2170150832325699
803 27.7070487815557 0.21702228487916508
804 26.782562975200346 0.21702318510720095
805 23.67550027233362 0.2169973493728424
806 21.34832003953322 0.21699878303710352
807 26.536421691846336 0.21699676078233007
808 18.003043158704294 0.2170239042440428
809 26.826408533118858 0.21694025865463287
810 20.90283504506391 0.21687616287183373
811 17.715790418772325 0.21685825147040608
812 20.841457559137293 0.21682868327976848
813 22.682463131426797 0.2167958683217527
814 19.82831445392332 0.21678415369760695
815 18.172625966434225 0.21678450811356598
816 19.75219440384737 0.2168141481180268
817 22.14023283136892 0.21686021123767799
818 20.44131569826134 0.21689597779901235
819 19.92777157644271 0.21692617428149666
820 21.11851265558405 0.21700002478230374
821 20.50026335374362 0.21706770640999118
822 21.353329168415883 0.21715207934973532
823 20.82490024741542 0.21720522954007362
824 15.728751695978815 0.21728226150414706
825 21.56896290650651 0.21735899060654482
826 17.60982535819757 0.2174342832386492
827 20.942456206758 0.21752907312721873
828 21.25115993918742 0.2176161797115472
829 21.78286908632738 0.21768602066033152
830 22.42822271770788 0.21773741250179843
831 24.307921129472078 0.2178016670205755
832 24.21243516071309 0.21784833364305048
833 22.919194097544448 0.21787691784429422
834 23.261961032959736 0.21791764001915762
835 17.576215119052648 0.21793089302733107
836 26.553855837526662 0.21791779872210926
837 19.125218106975222 0.21791689533844713
838 25.748800254713643 0.2179336206270482
839 19.079740686088485 0.21792468688853553
840 21.394624204362813 0.21793191402495468
841 21.375622573680914 0.21795388423855525
842 18.453748706740058 0.21797996772273545
843 22.358986643580245 0.2180252774497138
844 29.944412899467842 0.2180624545137407
845 27.175800465111173 0.2180766506568345
846 23.0219873322556 0.21803529516144562
847 23.167095802118737 0.21803320411207405
848 17.90223053787261 0.21802563538617425
849 23.396605064607037 0.21803904923301387
850 20.79433605143692 0.21810039202636258
851 25.838448160478393 0.2181080274116959
852 25.428948607916496 0.21812594532555388
853 21.6768607209301 0.21818071407886505
854 21.761377043402227 0.21822432417449936
855 25.33105070448695 0.2182018698373512
856 18.879745346064475 0.218180319044703
857 20.538993704060438 0.21817439007791783
858 19.216899150114678 0.21817496793321653
859 19.8203173315419 0.21815265456748165
860 24.857470642804483 0.21812098649045375
861 16.917182622452074 0.2181432919612675
862 19.83702689331118 0.2181515355539728
863 22.893794780852538 0.21816349344580735
864 20.101264154821855 0.2182011958740151
865 20.18600039806349 0.21821397207152135
866 21.95804980436997 0.21817051498863504
867 20.7876441679683 0.2181019901171696
868 23.14197209553641 0.218060919590465
869 19.08726931075465 0.21804000504322593
870 22.271196883495406 0.21798184589251215
871 20.941605435925794 0.2178898955276618
872 20.48767985620335 0.21782890885171427
873 19.77362427636139 0.21779579504444424
874 20.183237040187052 0.21780530373342746
875 18.850275914757596 0.2178683379225248
876 16.90127784225612 0.21784642235698215
877 19.14772003547875 0.21780382539397514
878 18.63392894975811 0.21774320467310923
879 22.038682147110435 0.21766102815631272
880 20.136219654126194 0.21759916685102418
881 21.2516488409346 0.21754638081195984
882 18.177734181222604 0.21749258691726045
883 20.283866609338087 0.21747090553348034
884 21.122453981672013 0.21744432085517554
885 21.99296077088936 0.21741435575132184
886 22.206294278332336 0.21737316475708024
887 23.810824615532574 0.21734998662928448
888 21.483372649742137 0.21735866055366357
889 22.098928718509505 0.21732866073912074
890 17.52313730877329 0.21727668283949053
891 21.001171733143465 0.21722182246264718
892 20.915584370362225 0.21716503040967053
893 21.938173807936238 0.21713206221998335
894 26.142704290856877 0.21707364626766415
895 19.938954749849334 0.21703070790912835
896 18.388334032765723 0.21701369592389574
897 24.48723551753485 0.21700819149686865
898 22.21746309636997 0.21702201167151833
899 22.777652566505814 0.21701094468638493
900 17.71568118404137 0.2169787547971428
901 23.179228352038727 0.21692335512438463
902 24.315439811957525 0.21686123115986447
903 22.12264870992723 0.2167853285601454
904 24.468548750918202 0.2166933169407026
905 24.109478677416806 0.216581115759492
906 20.120188142303878 0.2165009099857282
907 21.480861642838633 0.21643766780299797
908 20.77848847039187 0.21636364874325217
909 20.190669837342575 0.2162709883783107
910 22.506666148072462 0.21620600991920944
911 24.766873451805232 0.21612867476566566
912 21.212672908153472 0.21606678157487558
913 22.06110089040663 0.21602271160543732
914 25.81511487149616 0.21599231754375517
915 19.559178932480222 0.21593805299968896
916 19.698133007213407 0.2159228463783868
917 23.224034986109643 0.2159260193178488
918 20.344478097169635 0.2159666282076681
919 22.213323490237606 0.21597977899153234
920 22.142705876329067 0.21603394299031345
921 21.399419656216033 0.2161108314246448
922 19.52875250547661 0.21622402476485816
923 17.20427377381285 0.21629423359081554
924 20.50147117402416 0.21637593919663123
925 22.351968816082547 0.21647768648881507
926 20.62075008619702 0.21657627956039738
927 22.204081805086837 0.21666163613970876
928 21.474698342456552 0.21679174826498548
929 23.821919508423488 0.21690020068453006
930 24.118665528161003 0.21699229157842326
931 18.83065516651637 0.21708686850703765
932 24.95447473834005 0.2171824599871932
933 20.109479185115987 0.2172434942118999
934 18.350338235854295 0.217319212654956
935 23.347661878521635 0.2173853963728365
936 21.0493570891538 0.21744416203818365
937 19.066028160823763 0.21748409187169812
938 23.060042113564357 0.217522874407955
939 24.3154531661112 0.21760218461575379
940 21.546133443587294 0.21766387849898972
941 21.76148071738777 0.21772694118844851
942 25.89910685467703 0.2177768200259785
943 24.035509750368213 0.21781517798084493
944 19.990136945419465 0.2178537542751263
945 18.476834337787416 0.21788219093882602
946 21.3668987515575 0.21787503250951104
947 22.38742559388684 0.21780514045159258
948 22.926092962624224 0.21772334980345054
949 27.031517548092793 0.21764737244412902
950 25.1713157729453 0.21760451946554138
951 22.00353285541685 0.21756676351258744
952 22.375119497445326 0.21755063236347197
953 19.6546179749185 0.2175259309971654
954 21.752748295364192 0.21751393311751688
955 23.1925116564962 0.21750988866209542
956 18.802105817538376 0.21750134898873974
957 26.424576583983637 0.21749519779863477
958 21.409416414910414 0.21752240791957564
959 23.832267481291233 0.21751328436413223
960 17.78656425528564 0.21751107763508645
961 25.225851693484252 0.21751177434112787
962 23.064178151573614 0.21750367006981206
963 22.204893745684743 0.2174601610753092
964 21.016610564252122 0.21741498628196368
965 22.853379542189053 0.21733163160821636
966 21.00741293500888 0.21726077305089328
967 22.415635575169073 0.21718764590988102
968 18.82581266589844 0.21713813015860464
969 17.694673676498695 0.21708032908750743
970 21.58228774694456 0.21696283289125484
971 21.8370074383951 0.21687153349206553
972 20.226193219329065 0.21678878057462445
973 20.222407951627872 0.21670151571349397
974 24.224925741977252 0.21664893267648863
975 20.635239161392832 0.21662795801426746
976 21.019221444797438 0.2166144563524144
977 24.784283850880378 0.2166251846987203
978 21.376987205136533 0.21666099858024923
979 19.60885908529574 0.21668387952407028
980 20.778782603488505 0.21666536056966512
981 17.700722849642695 0.21666277838542303
982 22.345561722268577 0.21665502197580877
983 20.254274679903638 0.21668838432915102
984 17.865694159845056 0.21675366417816255
985 17.541624303999647 0.2167934787415464
986 19.401993647218422 0.21681397494486876
987 17.396296034301567 0.21689398366386806
988 23.081139090347463 0.21693484826452777
989 18.72423105259432 0.21695058902685385
990 20.908327745010077 0.21695285351078267
991 24.16550938732717 0.21693611683095884
992 18.317593080204723 0.21694777931639356
993 20.55238818096698 0.21694632117775559
994 24.015334569992525 0.21692523042305178
995 21.450087349902894 0.2168873458891024
996 19.72789409898479 0.21688234587050484
997 25.66816608450373 0.2168696136663918
998 20.75635355521598 0.2168696306707677
999 20.123486597685755 0.21686224572289756
