0 697.1218356555942 0.29906423648672753
1 723.8492181425868 0.2983484253156378
2 720.5300709829326 0.29800194503290683
3 751.3506144684363 0.29772895771823044
4 709.1569144618006 0.29731854804518426
5 662.7492050729568 0.29675997348803623
6 669.6715418666231 0.2964226330534022
7 546.0866739538196 0.2962013775914396
8 582.5567814168193 0.29594512134111567
9 602.3650731495914 0.29569720117613263
10 531.2517845734312 0.2954981276612713
11 486.9670788731265 0.2951724670735879
12 459.1132968908473 0.2949681652565546
13 404.94605510954744 0.29477727554674443
14 418.6714489780918 0.2945089687521637
15 403.2850305426053 0.2941883936440896
16 373.7182680626381 0.29387635087568803
17 350.32992346855065 0.293775981335381
18 323.94999870403467 0.2937778979518108
19 279.90790996941394 0.293813695734895
20 278.1980324083746 0.2937614980502227
21 295.58608651076975 0.2937767120040016
22 248.79792019167428 0.2936909995938956
23 264.39332228260434 0.29371224627721176
24 265.929826676244 0.29360907400429836
25 235.65999036707257 0.2934825016595681
26 221.3124122087139 0.29319001064795464
27 227.53042481047027 0.29270968638224565
28 213.00309497810707 0.2923363541174048
29 223.9608965713088 0.2918584691404126
30 222.53749173448847 0.29138873985231273
31 212.39153200467848 0.2910147688556936
32 208.56934708262526 0.29059222617903213
33 205.195116385089 0.2902165393412913
34 176.24004936954694 0.2898970184836863
35 183.3031455237723 0.2895332891000635
36 170.81646797095573 0.289093323790185
37 178.61265716594 0.2885420736091501
38 174.64548452582636 0.2881336535381256
39 172.91081749162078 0.2877401680520633
40 157.1579965655523 0.2874333577916855
41 162.0391505970005 0.2871176369322352
42 180.31193438355416 0.2867719156853924
43 150.92879940414304 0.286500776836321
44 152.8474921929806 0.28634666471553993
45 148.76097558248514 0.2862455220408817
46 142.25226254148208 0.2861453997101865
47 140.0185381155056 0.28596508086068967
48 148.10547111474014 0.28572648920521465
49 135.37455359156365 0.2855147054594604
50 129.84441835253566 0.2853557907080551
51 143.52166623364639 0.28522108301533433
52 138.728259699201 0.28522528859149554
53 121.02336488877746 0.28508984843893154
54 126.59838599062914 0.28498581662318323
55 127.63749525223756 0.2850056453105656
56 113.34510729244715 0.2849179774138105
57 113.50838391996425 0.2846560250890709
58 113.37736156766232 0.28441028765917953
59 123.62897879472702 0.28412506315805736
60 115.38605351643974 0.28379385422016773
61 112.65120832510587 0.2834811087450233
62 115.55567398124981 0.2832184164604174
63 108.20645873090899 0.28298883538879555
64 99.91327293092198 0.28272952495667597
65 100.86953360501448 0.28243201713728616
66 106.53687756213459 0.2822818531225772
67 110.10662778082417 0.28205489882157075
68 88.79384664469315 0.28177636807805473
69 93.74674493936288 0.2815644592537265
70 92.54844946011055 0.2814210319492249
71 78.74003363313798 0.28125701904362244
72 74.33551388653062 0.28112499060537366
73 80.86877044670595 0.28103646920849124
74 70.70853540988483 0.28089350531782875
75 84.72331852057195 0.2805961068089311
76 74.49029513209575 0.2803288546964093
77 79.69416460685711 0.2799590533518518
78 79.46261727677569 0.2796396794344747
79 82.42766726511059 0.2793789042954692
80 78.61703793125548 0.27913643015959205
81 80.97625959173735 0.27895405668492634
82 81.4667290595846 0.2786156067561577
83 76.90483993432031 0.2782542263289141
84 77.02756207432859 0.27795656014103287
85 81.26758424809441 0.2776319419597579
86 79.58053597473818 0.2772980524384777
87 80.94655152103843 0.27694162888621715
88 76.48280974105371 0.2767430282164513
89 70.39526185868709 0.27640138313302187
90 75.78011815744328 0.2760505939797865
91 73.30099285096273 0.2757949590521331
92 79.70023211919815 0.2756111112602977
93 78.56307695630079 0.27549433704806797
94 68.3543435456494 0.2753908392525473
95 69.72331451495921 0.2752672442994371
96 78.82887706922108 0.27517004444503007
97 75.04337260635037 0.27500999178091523
98 77.12593847290259 0.2747036896188933
99 71.6052718373246 0.27447079370201544
100 71.70798689083837 0.2742531593448745
101 76.41397596296349 0.2740366609036924
102 78.01275386882114 0.2738867739113444
103 69.061430946644 0.2737614013310815
104 71.62607941588392 0.2736569048485808
105 65.54759922757431 0.27352577496372693
106 62.612011768950325 0.2733785160123311
107 67.74505024549788 0.2732007018862056
108 74.58014902280642 0.2731789173996397
109 56.93227044607856 0.2732188991804317
110 63.347697720868794 0.27321026784806096
111 59.33699367947493 0.27315268534983944
112 60.008134389033 0.2730022217902298
113 62.368179115921436 0.27285700092352255
114 75.74399997107685 0.2726384905840364
115 53.70580233220484 0.2723432152683374
116 56.54572763666697 0.271980726196491
117 61.18885452164116 0.27161782541223334
118 62.116519530926034 0.27112923431599323
119 62.24749021023153 0.27062239266439353
120 58.68852729197965 0.27019256972995503
121 62.25057313605089 0.2699226007493699
122 78.77089267725732 0.26965026440290757
123 56.5301112589426 0.26954540417345635
124 57.502940011264855 0.2693820538772629
125 52.81847171752554 0.2691936725387124
126 63.698786447285116 0.2691261499681435
127 52.07767415176946 0.26895457526153255
128 56.21046930006513 0.26866474572218685
129 54.23526656528027 0.26838066628141355
130 47.51529691182536 0.26805756881517867
131 47.56471846090506 0.26766813436318976
132 52.77405845648143 0.2673864199809503
133 47.553872149474756 0.2671925726826691
134 49.97115202858902 0.2670640957512149
135 43.91724876062486 0.26687508335181914
136 56.00925069099755 0.2666676578154054
137 41.47740362508128 0.2664813819503702
138 49.268056361808334 0.26635470760369495
139 44.72784423985918 0.26621382328872073
140 54.66863463016464 0.2661428724292573
141 44.01143343263345 0.26612909222798115
142 44.36494466859165 0.2660483791889015
143 40.98493415897523 0.26600976707422147
144 43.541225142984516 0.26597253180726677
145 36.69783211190114 0.2660094308668821
146 43.48386505124532 0.26604695919685045
147 40.11616628781062 0.26604965717043244
148 51.38001918373932 0.26597081765995495
149 48.142852130309436 0.2658058382121658
150 49.93313771240838 0.2655639198098038
151 44.264985603426595 0.2652207556214314
152 53.06910247898057 0.2648767673422504
153 36.44947232353594 0.26457664495155525
154 44.237094961280356 0.26434168214377174
155 48.001413749371764 0.26423712830858453
156 46.11726875598149 0.26416460587029555
157 49.27873852233566 0.2640865504030304
158 47.72526256449238 0.26404114677057205
159 43.9638869033452 0.26390109316192156
160 45.75486828372328 0.26367127008776053
161 41.26550440831785 0.2635201233124405
162 45.11867881501183 0.2634516554170282
163 43.51075937616384 0.26337265011995514
164 41.63145519723973 0.26317393057608307
165 40.86610976209009 0.26314541852861556
166 43.91173997896743 0.2630474479705604
167 35.72895333044915 0.26290083433852585
168 36.31369486816958 0.2628158286604702
169 38.5727005553679 0.26265794137712933
170 42.8478336712304 0.26234223951074503
171 39.640287105636496 0.2620026937747208
172 38.44577605747341 0.26162157187213814
173 35.82374300026339 0.26122413485057566
174 32.72914374809382 0.26089597219691524
175 32.90602965600161 0.2606012426866788
176 44.52532999163765 0.2602442291717468
177 36.01763430851555 0.25975756484563717
178 37.073544157891284 0.25926294984217346
179 42.08104106818219 0.25889879766131185
180 33.092906833474274 0.25849951633959567
181 35.24977341591968 0.2580375669901819
182 27.773556068335665 0.257626795253765
183 30.03842675613827 0.257315458504439
184 33.078535103153115 0.25702789002722065
185 31.2612337043102 0.2567973829058904
186 41.5061661337526 0.2565281545546298
187 38.65340962699507 0.2563351830631809
188 40.81166979715307 0.25613264000166575
189 32.28888661012299 0.2560491824060362
190 32.120617435359215 0.2559300427507327
191 28.003407625549357 0.2558784579255431
192 32.832304921401345 0.25578789907172467
193 33.30803907481173 0.2556514356475859
194 33.70626303556439 0.25547010228312866
195 32.19229888934559 0.25533257135588566
196 35.16037225277182 0.25518163693415796
197 27.259191123905378 0.2549425258551643
198 36.102407527887735 0.2547216487392989
199 30.38597503314931 0.2545157425759004
200 28.68174815662423 0.25416409696060516
201 32.38308315005411 0.25379998315431124
202 29.840606265845153 0.25347634025458915
203 30.875336432837045 0.2531231951799996
204 29.149131060173225 0.25281209111115377
205 30.55184405967885 0.2524747900837308
206 26.964192022551707 0.2521138840226575
207 33.10350945856424 0.25172840732569124
208 21.72894300497181 0.25137945985612226
209 25.15011001922916 0.25104469799474444
210 29.037279186157036 0.25075310470496315
211 30.688018628538188 0.2504735664230315
212 27.68348344882507 0.25020695924718017
213 27.550085933046184 0.25004506830466916
214 22.89234219340517 0.24988824207552235
215 24.24458719012282 0.24975098593192907
216 30.762480415438276 0.2496065483460597
217 31.47661565721831 0.24947721229420153
218 24.56046283407337 0.24938520140754528
219 24.969491392006955 0.24933851407531482
220 18.993074883797902 0.2492675516572648
221 21.996299317241252 0.24915563498888857
222 18.747503650608767 0.24900655870305186
223 33.60155985654336 0.24884706134610754
224 22.363954067894163 0.2486153418406691
225 22.80902620378206 0.24844689147541948
226 25.170441605180415 0.2484082757490645
227 22.24089761328004 0.24835910340931078
228 23.886793304660074 0.24832408491891672
229 23.742554257690472 0.24824375735007673
230 24.042068009895424 0.24812481385225602
231 19.580899620764992 0.24799878321178895
232 17.274915271183264 0.24798251086462145
233 29.46912537130365 0.24803548121835822
234 19.475589569833375 0.2481092728112672
235 27.636921420802295 0.248087551763225
236 23.833344835786406 0.24817232597899788
237 33.20544549833889 0.24817905575864513
238 24.53950418171761 0.24814415873712975
239 24.94617880099736 0.2481108652094995
240 28.777893300903372 0.24806176028397112
241 25.647803569630256 0.24807624235450515
242 20.699766569203753 0.24806240126613852
243 25.79376369690977 0.24796254695936304
244 23.916108861409665 0.24792959093349665
245 22.44338132016108 0.2478491040530098
246 18.798118558852764 0.24777157711782863
247 26.040155770634822 0.24764103899010362
248 25.127238644709017 0.24758812334195363
249 23.839531784003647 0.24754089599947235
250 30.608685432651626 0.2474055352517655
251 21.983382748126303 0.2472952913692707
252 22.552595765492676 0.24706222977245293
253 24.572864474166245 0.2468416684147578
254 20.77441804430418 0.2466765095592486
255 24.92693723440574 0.2465467122342605
256 20.731914532131643 0.24637472531237153
257 17.016211539692435 0.24621329831100547
258 19.475631147522787 0.24603519585017217
259 22.343841397980448 0.24587055687255877
260 14.751785740240223 0.2457967318020156
261 18.99936990439875 0.24569864930133575
262 26.756538657154188 0.24558351954539895
263 19.243286232256704 0.2453852890146415
264 19.93795092262799 0.24525427932700744
265 17.124325415291654 0.24515992133792386
266 19.885171957104944 0.2450871464595763
267 15.816849097620327 0.24506796447454202
268 24.54986671242467 0.24504622706721937
269 23.426516563109253 0.24500471420685907
270 15.448538387748123 0.24480045731201805
271 19.139164052970255 0.24455269554097167
272 21.31980539611306 0.24425499834266953
273 16.16060454566028 0.24381432644708698
274 17.819462523613414 0.24343446910523897
275 18.158994899386983 0.24295472120186667
276 20.795704302784657 0.2424305357981418
277 16.982580332599504 0.24208406694786028
278 23.391912604640083 0.2416123848525229
279 28.446110639299192 0.2411664036022734
280 17.41281162460408 0.2408049656859005
281 17.10736292888203 0.24057713313046195
282 20.05958805091142 0.2403695521932792
283 21.018200935153295 0.24022011946660557
284 20.681039954150034 0.24014284043046083
285 17.943572349908443 0.24018908976169506
286 20.650414802254822 0.2401933282108943
287 20.72646375577372 0.24018950853099427
288 17.83926438474755 0.24014332329765548
289 22.973692440236515 0.24012351228686973
290 23.741739952339593 0.24006686814776287
291 20.18471997036733 0.2399702973922523
292 20.53011544261264 0.2399383686523605
293 16.76896554511484 0.2398850488094765
294 18.686135917468974 0.2398278415987624
295 24.565905732454898 0.23978249884477223
296 20.81747055996336 0.2398397145163445
297 16.37447164797969 0.23982028315593745
298 21.108979464682008 0.23980306163623988
299 21.017165206430338 0.23976634458046775
300 18.88125568207374 0.2397876506533948
301 23.554721050297125 0.239938781563966
302 15.248206089959787 0.23996032519435234
303 20.31844244856173 0.23999114552918072
304 17.675796833378577 0.2399537520054158
305 16.10969715130799 0.23984490821954124
306 20.112537772426908 0.23968527116965324
307 17.765527628452613 0.23945917375678025
308 23.328975297075928 0.2392929022629927
309 21.9363449872042 0.23923287605654595
310 21.75710141686666 0.23930964619873227
311 22.11999825849861 0.2394084584810164
312 22.011692861532584 0.23955848207887434
313 20.52355222025397 0.23971148811520318
314 21.075993350049046 0.23983507306283544
315 24.489339693816095 0.23992906941260822
316 17.592746965705658 0.23994769061627128
317 13.505182151215177 0.24000465119163802
318 17.581411992056484 0.24015154068033956
319 14.3404281211269 0.24025209315972337
320 18.762298936141157 0.2401933659524689
321 16.783427520813824 0.240196322194695
322 20.068122143571628 0.24029291662997349
323 16.221545928268114 0.2403582103870829
324 14.61396047531083 0.2405236184061617
325 19.86021116387385 0.2407319365257912
326 20.084612683083762 0.2408888378661951
327 17.323803881883762 0.24117508059306147
328 22.360839037718815 0.24155564057185006
329 18.922875438843505 0.2419138023864458
330 21.12447728987099 0.2421805016331094
331 17.26772520117862 0.24245217251995663
332 16.40613298352276 0.24274944923161468
333 19.104247303750455 0.24287056687575956
334 21.636554620564247 0.24293778902594457
335 20.47479821445242 0.24297400731741145
336 20.928958082837493 0.24275286056334938
337 16.903256424069372 0.24245948036384965
338 25.282128059498348 0.24225185644050537
339 17.902436942353738 0.24217943573038087
340 24.246669381475908 0.2420417607805033
341 26.088370975403095 0.2418373023595611
342 26.905633132915145 0.2417108185538237
343 20.074631166126572 0.2416260886832109
344 19.784491955171745 0.24151304148697136
345 19.093396309014697 0.24139937269247974
346 20.178835367094432 0.2413109748564331
347 18.025830560567424 0.24110781631384476
348 25.262634759544383 0.24101692996749774
349 15.916885767169315 0.24084464030190594
350 14.432868768599313 0.24058962282424878
351 18.97286151510004 0.24025823182896294
352 16.736831725989767 0.24005151867120034
353 20.14962378138093 0.23976228902354307
354 17.938872818768953 0.23930686172410645
355 18.585198266449087 0.2389854510651323
356 14.672678878930485 0.23872353620153086
357 18.597430140631815 0.23846399318820133
358 14.963875534030738 0.23823093329127853
359 11.741549790909623 0.2380195642853073
360 17.028074579414707 0.2378066448316102
361 14.414267931635514 0.23757098082190134
362 14.953982066564684 0.23736243418570788
363 19.80561134267548 0.23712153276325804
364 15.392543665866896 0.23697026531407553
365 19.65384708321662 0.23676664680136894
366 16.35518833449981 0.23653961144242072
367 12.070670855983494 0.23631239208035687
368 15.867368274896979 0.2360305442412387
369 15.615215814117775 0.2357904965800979
370 13.95249789889037 0.23528742347190934
371 13.509855740987753 0.23487189738486625
372 16.6550914143307 0.2345245567733637
373 16.036059701666296 0.23420070826505515
374 17.71756315438691 0.23386934986781985
375 13.79580281476822 0.2336200327575768
376 17.54491161909548 0.23342518253512534
377 13.092946252036988 0.23308707951171684
378 16.633965313637233 0.2327398721228073
379 15.926182423064756 0.23235010138537338
380 13.966053991082735 0.23203149392169553
381 14.187711700422502 0.23173146984174695
382 15.671358127284151 0.23152715863837012
383 15.167557414530151 0.23129032901680724
384 17.62338835678496 0.23104606042284703
385 14.463242604655598 0.2308914427429061
386 10.693157176473278 0.2307283861806297
387 14.748781493385954 0.23062241519413937
388 20.171187097138834 0.23052624194648444
389 17.20526448216862 0.23038391037088818
390 25.143957490382697 0.2303408502450254
391 19.505724524960435 0.2303501525867208
392 20.389130525252572 0.2303544076949848
393 24.866620123755037 0.23034535048088925
394 21.32381985900375 0.23025624535930178
395 20.493568124113246 0.23020572425674596
396 19.89804252901032 0.2301641905256846
397 25.205172328193186 0.23004474645560427
398 22.442223591964513 0.22999331416184796
399 22.00577530785389 0.22994762637699603
400 20.151219612264075 0.22990108405098109
401 19.158869218276553 0.2299028128643183
402 19.65267957379753 0.229893930293619
403 25.537818491263685 0.22986346450284595
404 15.716159258233743 0.2298514116590299
405 18.23638331811511 0.22982911085586202
406 23.031578452823524 0.22980773976456728
407 24.716383807540446 0.2298060690854501
408 23.33246455404481 0.22979714072618748
409 18.656987472336994 0.22978918771570625
410 18.63563754606372 0.22979663326954206
411 16.0750955534253 0.22980767359110132
412 14.411377336150144 0.22989209662871346
413 19.629488686572998 0.229909242054871
414 18.20124703187104 0.2297977038672633
415 20.903653925563383 0.22970396748970695
416 18.31835672720299 0.22952881470551298
417 17.28579527732962 0.22935808852983366
418 17.75602468671605 0.2292323534083316
419 21.989458541202183 0.22907795637170844
420 19.684183457641957 0.22893672935601955
421 17.282597246144476 0.22879654966527854
422 18.157156454999324 0.22865949803787064
423 19.70534563266738 0.2284863024060804
424 15.210784166005045 0.22826228038648474
425 15.773592134466817 0.22810988038290408
426 17.31582700983353 0.22801752419953478
427 13.680057173008464 0.22790658811491074
428 16.43605096654297 0.22781120974070007
429 17.694608733452974 0.22767444715443955
430 16.229549989103315 0.2274466896408193
431 21.354566991191156 0.22728725327418794
432 18.282847680601964 0.2271994111483772
433 17.42172083973536 0.22698919249165594
434 16.993768409369164 0.22667187514989784
435 19.559738398779608 0.22633362404723634
436 18.29394470698055 0.22609537936235938
437 19.270644912586533 0.22586741258960172
438 17.840119284031857 0.2256231287638247
439 17.267469675739427 0.2254029849137341
440 15.841308728225112 0.22519688161151746
441 19.00469331962828 0.22492400858978268
442 20.997320042420075 0.22472327589222987
443 18.1854136781531 0.2245241541068742
444 19.526155355002523 0.22436185583291837
445 16.437924498381765 0.22420658773606816
446 16.960804400898716 0.22407590370067543
447 14.139148040794808 0.22397954209331172
448 19.703102785279185 0.22391250587215847
449 17.71212365283784 0.22384783852525617
450 16.08307680387702 0.2237981267425042
451 15.622359662074555 0.22375180306970271
452 15.651139606322943 0.22375169528110142
453 22.3339727460292 0.22371139912284604
454 14.361976413390682 0.2236849511753726
455 19.71580823192894 0.22372880931300337
456 19.341616799588913 0.22380526599744058
457 20.866065123003445 0.22376411573982039
458 18.418219082196686 0.2237179223582292
459 23.800095532858325 0.22367994697120913
460 31.705003945104423 0.22371890537934747
461 22.661958470562826 0.223766056181622
462 20.494124406297004 0.2237507946707597
463 23.06740508441553 0.22375146038106405
464 16.80051093390754 0.22366058748646492
465 21.611469014536958 0.22359823400446338
466 21.021699970264102 0.22349808745242508
467 18.907491619690838 0.22341613718509443
468 21.380837703740525 0.22337707816251545
469 18.376816296112022 0.2233677131109942
470 18.92217752541851 0.22331631766654633
471 17.00351481932511 0.22332267341443449
472 17.877001627251516 0.2232788330245196
473 18.30725417972407 0.2231710250539775
474 23.309591300570947 0.22307005578493994
475 13.766266559351063 0.22303972642891523
476 19.873685204971675 0.2229454619837543
477 16.195053733045114 0.222856840356964
478 21.856704559346717 0.22272899554171188
479 16.573831029031666 0.22257833014149359
480 20.40730051688312 0.22244830741431137
481 17.99017012108844 0.22230627031161265
482 15.328997415091031 0.22218209281994952
483 10.419372223124071 0.22204815576185538
484 20.5891711570775 0.2219469987387403
485 18.5996043075774 0.22177516043134124
486 14.238270139672338 0.22156969062107298
487 18.17848378999048 0.22140148472760057
488 15.955237110624864 0.22123770250640093
489 18.12458977196538 0.22115101527795977
490 17.972228198178115 0.22111503776242675
491 18.9156040903089 0.22112830098724684
492 26.03365985551681 0.22107743030222107
493 26.464330204840717 0.2210556290816473
494 18.616674129954873 0.22107250440937423
495 20.9678435793723 0.2211116610343849
496 19.645271581593832 0.2211871353890875
497 27.005988851631127 0.2212663118924648
498 20.521250722272637 0.22135261839205822
499 30.131798727567137 0.22142278246844987
500 26.755661804968348 0.2214552409613014
501 38.40113632838723 0.22145222273132456
502 19.086419878524985 0.22142774717698546
503 18.420749383653096 0.22144945493765988
504 25.77052677185884 0.22147426567394554
505 18.04495510011827 0.2214607602361894
506 15.106109062318332 0.22144317532286933
507 17.997196352720557 0.22138177301190692
508 18.0771327912073 0.22131030341889246
509 17.33075192459215 0.2211936016945541
510 17.358950848286668 0.22109710531574328
511 21.852522830449324 0.2210272788289163
512 17.812947579991484 0.2210031217645244
513 16.812797537837397 0.22099562872374803
514 14.273077182459684 0.22105390113709145
515 16.45191424592599 0.22110069778411315
516 21.00372368191504 0.2211056805559624
517 15.790406153751615 0.2210941372816706
518 20.167909767794562 0.2210977620265435
519 18.013413678377233 0.22115424653448
520 23.308848463634156 0.221158825747977
521 20.067719055990924 0.22120937871105686
522 20.619894835912724 0.22121928342373637
523 19.252733071436257 0.22122093966606235
524 19.30396662861595 0.22117123896062835
525 19.546412724729436 0.22102573207038553
526 17.743288667865748 0.220839660727868
527 20.472717052596963 0.22062529046671636
528 14.50871284928933 0.22046957152646182
529 19.774892283553243 0.220271097122102
530 17.915174230582455 0.22010196434337106
531 15.491808861364017 0.21995009298631776
532 19.565465366253463 0.2198644785427575
533 21.408396839601608 0.21973379255172754
534 13.84517626347593 0.2196596269648389
535 20.905357904009733 0.21954089782925093
536 22.48549242936391 0.21941523748147748
537 22.402398542863576 0.21936416187243324
538 20.517130506537175 0.2192553323356552
539 21.487280212205455 0.21918298442357542
540 18.768258348795225 0.21914309819036532
541 18.450740058671503 0.2190734812427093
542 16.27061081454505 0.21899463674683464
543 16.60782999298768 0.21897047234197084
544 20.19613600404156 0.21897576823725426
545 11.9267112670224 0.21897459572189107
546 16.55566268637329 0.21913196935735924
547 17.308094104066512 0.2192341561639228
548 21.57775980207769 0.21927203555506697
549 17.3032401718124 0.21935441602783284
550 17.27310839219383 0.21935972594652794
551 17.645461983099423 0.2193337458456729
552 17.68413318553401 0.21931971225073843
553 16.971546006303775 0.21926308856308468
554 19.565788557390817 0.2192256226329769
555 18.187787373157327 0.21929927147424075
556 20.993279298691313 0.2193984822000291
557 17.9658708102599 0.21950339781016195
558 16.634003972143823 0.2196420602522913
559 23.164618362631977 0.21973513554228513
560 18.966669709619815 0.2198870272120218
561 21.23003899690664 0.21998551880218534
562 17.197963514146508 0.22012388425329074
563 19.10195195217555 0.2202855108671449
564 13.971845512445519 0.22053795631579842
565 16.377782881378984 0.22072880061809852
566 14.048980770787288 0.22086765400858752
567 15.266914396845959 0.2209824089388667
568 13.782909335002884 0.22105944852112133
569 18.813998509991972 0.22112602381516
570 13.492648365052325 0.22112804441636022
571 14.975740884722494 0.22113233678550756
572 20.6255783484231 0.22113439994865483
573 13.892220278970255 0.221136398971702
574 10.069293514602515 0.22111183599788492
575 14.30162686908345 0.22115238151207095
576 12.099303068132087 0.2212701550286927
577 16.27076341678486 0.22137759311655658
578 11.497559533756014 0.22147522276430315
579 14.233472320816151 0.22160407214039052
580 17.37634180636125 0.2216958684444219
581 14.653012083857607 0.22178557625270368
582 16.32075818128523 0.22187977277535265
583 15.57521610446824 0.2219193466615005
584 20.267175772131147 0.22200550553845663
585 13.11096999122012 0.22204401861801457
586 17.056145018823393 0.2220756731230149
587 14.26866654758332 0.22212700976892003
588 17.647114161830775 0.22214473186544248
589 16.352115265599615 0.2221504068940122
590 25.671501290757917 0.22222019572932653
591 15.092241355540217 0.22227515876544948
592 17.288327529796724 0.22234465530554595
593 15.720057111192453 0.22245774787149103
594 14.367011634578887 0.222485697460082
595 15.802893431084193 0.22257275394705103
596 15.534776721339638 0.2226803559236963
597 19.10601088493512 0.22273622747695826
598 20.69886395884177 0.22270233754443
599 13.588396012444246 0.2227243072192796
600 16.796533040735596 0.22269303980397923
601 16.469853429575743 0.22257663093617058
602 18.546866861619147 0.22240040836992137
603 12.802132978837676 0.2222888583503698
604 18.074395597729442 0.22212351491663238
605 20.27477734261784 0.22209857033903507
606 14.681407839098256 0.2219545929556548
607 22.668140577664364 0.22180403554413008
608 16.904768934092967 0.22162227578897056
609 20.016441329420022 0.2215233015949831
610 18.43001986788301 0.22134697752884672
611 11.621913913412241 0.22111734455553175
612 16.632580680024198 0.22089212677848594
613 12.102867583425638 0.22073118102059502
614 13.386428430862544 0.22059964179773878
615 17.299333628855546 0.2205000519867315
616 12.807196365136438 0.2203454547557052
617 14.423783956608817 0.22022326146211105
618 17.77260424685246 0.22005414794441905
619 15.158999180325306 0.21985758629195462
620 13.29428888692101 0.2196806608219586
621 19.891647920203162 0.2195396648079806
622 13.290331850803048 0.21946939560613585
623 13.812586178749726 0.21940942685212203
624 19.28457340235574 0.21929006576828058
625 15.100771749643153 0.21920009498923734
626 12.144306887389241 0.2192001767253105
627 20.14923113144701 0.21918235349827203
628 12.38016802048898 0.2191348567185404
629 18.786495548013754 0.21910010654459205
630 13.975379329926731 0.2189076999728694
631 13.187433687540898 0.21882117840395274
632 13.916685033237659 0.21881908437080108
633 13.77743275400653 0.21883635727041548
634 11.3655178202482 0.21878896056136787
635 18.147407060429792 0.21889991297987668
636 17.999882486437578 0.21906530414649816
637 12.300767658229287 0.21931384610413002
638 16.073042822302067 0.21946994641702938
639 29.234096710082376 0.21955064482351555
640 15.31879280862227 0.21965891099468793
641 24.020378349058028 0.21980826499870304
642 18.869739549779716 0.21991643954682785
643 15.929230198749956 0.21997366022528836
644 24.29749467471911 0.22003723545142984
645 17.321714304073424 0.22012587787692547
646 15.247334929763355 0.22020019778760774
647 15.925432594624514 0.22036544069933867
648 13.709276208544225 0.2205033713774435
649 18.810890075019124 0.22064361293516543
650 14.936682982662049 0.22073783735156233
651 15.656025296764987 0.2208729263163704
652 13.208203624038838 0.22097090124841942
653 15.170570211080705 0.22096733127398632
654 22.556894661085778 0.22098204255999332
655 13.834323399764987 0.22088368801679464
656 16.199603672302654 0.2207615301064461
657 15.854126637783665 0.22074198281639593
658 11.906609068596541 0.22065734623357322
659 14.83391838670601 0.22048133288137137
660 19.15055097718061 0.2204310971485027
661 15.883724257625033 0.22025081720964199
662 16.31631709515147 0.2201169739180861
663 20.59745042060583 0.220007770458432
664 19.04628388042225 0.21979827055578866
665 10.340459814002815 0.21961133340254158
666 16.799002993893247 0.21941964397667924
667 16.410737492095052 0.21925539960900364
668 22.151308447728745 0.21899307011217853
669 16.02196559644482 0.2186991889030991
670 10.91179026152814 0.21839844074333173
671 12.496663427677005 0.21807730644711545
672 16.515595036441905 0.21777959028291605
673 12.896156913108662 0.21747074970334848
674 12.97811385052611 0.21717571024268797
675 15.327914981226343 0.21679623267969717
676 14.160826284616155 0.21646839704625173
677 16.492669534690755 0.21613251183897447
678 11.738154378098674 0.21583783571325427
679 16.532224586837252 0.21552396084543468
680 13.272648562010136 0.21522640391223732
681 19.000776122563966 0.21502092679021084
682 13.20412081519222 0.2148637715663705
683 13.73665154175944 0.2146123664173777
684 16.523334588529718 0.21449033891096705
685 13.175738122110484 0.21436726177582818
686 8.75848132259713 0.21421510843090372
687 8.515966235064614 0.21411973069100562
688 11.909167992668111 0.21409002732424262
689 11.198552340844492 0.2140353346010796
690 6.8622251886637535 0.21394890634649832
691 10.394360850177268 0.21386306620124307
692 11.636726230806829 0.2138113677458659
693 8.397591362845892 0.21379173196177717
694 10.513327962982604 0.21375233736472432
695 9.046624378580049 0.21369970091015666
696 11.487750747387405 0.21358660356793346
697 8.795994132844758 0.21335903022238029
698 11.972767885229928 0.21318268533532517
699 8.445077395975986 0.21304588360373258
700 14.019098383716164 0.21295018424228218
701 8.8084040589127 0.21280691522461676
702 9.516426821723385 0.21268544489115776
703 8.072471344677831 0.21264233100627672
704 12.090981672234633 0.21260959902901852
705 14.073222735727963 0.2126348547579478
706 12.200062026304042 0.21260012879267642
707 8.978822855148053 0.2125252834727872
708 11.097849826902666 0.2124465392628813
709 9.351361015490987 0.21238813376980442
710 7.0876437667956615 0.21234441994440054
711 13.806917797397116 0.21232807075403667
712 6.779948179187858 0.21232139171617206
713 12.702031771053731 0.2123868747839708
714 10.033153823725588 0.21248423785703777
715 12.11625117207419 0.21256398239785246
716 11.470928278954377 0.21261208575648624
717 8.091325839162469 0.2126724300355938
718 13.991182437492201 0.2127700687157806
719 11.20385677642296 0.2128958887795664
720 13.161063669414952 0.21298056073000798
721 7.864819189288067 0.2130377425146625
722 11.994037742056703 0.2130221187719836
723 13.143094694152078 0.2130157308565554
724 14.495796359009955 0.21304379015482852
725 10.174598949953825 0.21310092111695092
726 9.79620885166888 0.2130842923126802
727 11.413823738441916 0.2129934637985873
728 11.643076380447132 0.21285489753090014
729 9.852638813024992 0.2126773016000563
730 10.276270586894839 0.21247364833195162
731 12.475688233662714 0.21230290414290498
732 9.494199006184525 0.21220648610591028
733 17.669116081927417 0.21213213702343534
734 16.663945881678163 0.2120850434445003
735 12.97562656923193 0.21203417791412593
736 16.63806555184519 0.21196102074872963
737 14.333957786551515 0.2119890821279161
738 13.297995596276726 0.21198688808430957
739 17.17431621297575 0.21196635864257493
740 14.564795896121186 0.21190666713601095
741 13.234567047571595 0.21198736008679275
742 15.734889299807927 0.21216841799891722
743 16.56631833596164 0.21240215029528817
744 16.00230253089825 0.21260869400783045
745 12.615755117918503 0.2127509439112246
746 16.66797050605797 0.21285593701442315
747 20.85861012093611 0.21303671554764975
748 13.143094668970875 0.21314746117315256
749 18.359959798955053 0.21314362034212075
750 15.977592597057528 0.21313543277947558
751 15.687085074826587 0.21316125299996996
752 16.76837439508732 0.21323020520113714
753 13.480413715178422 0.21324379284238829
754 16.952098941765776 0.21324258688937456
755 19.12386752901558 0.21329091437734696
756 13.133002581266297 0.2133280776696583
757 16.821901925302015 0.21332283779353056
758 12.524868670412353 0.21329842536380098
759 20.64316707027838 0.21325554979401415
760 12.476212629789508 0.21318218364126432
761 13.07393293025062 0.21301725909374547
762 9.637250853759012 0.21289638540964018
763 18.409194864470802 0.2128328337832797
764 11.815796934437767 0.21280896788348574
765 11.57478739568272 0.2128085739146045
766 10.954380032654056 0.21276986866785977
767 10.735737728711795 0.21274167433953423
768 11.75778933312042 0.21276539139544803
769 9.360172480235427 0.21281372621399836
770 14.20633903354515 0.21282206200764672
771 15.66578622475914 0.21274721668034613
772 13.988622426196729 0.2126737411337387
773 22.595926767733427 0.21255383698398972
774 15.367709157608449 0.2124272238209021
775 8.990989500842339 0.21219552263223482
776 12.866830485665101 0.2119232750533682
777 16.602598163485247 0.21166076661487623
778 11.456470614904232 0.21150232635890173
779 14.973519966644808 0.21128123206985175
780 17.71562273921252 0.2110549307572707
781 13.232792953727635 0.21089587130275494
782 12.202623568387258 0.21067911796026767
783 9.981788961361687 0.21050969561597116
784 11.659728972739419 0.21034641764992545
785 11.089686075339229 0.2101490999592416
786 11.260516233332185 0.20993226147858726
787 11.562379171826613 0.20981748225118024
788 9.435648394887515 0.20973693827548648
789 10.604259375262961 0.20960894490427287
790 13.107201915125806 0.2094168259007298
791 5.763351383474058 0.20919493306846018
792 13.2387909949572 0.20907967424170756
793 11.831636269297839 0.20901459816450949
794 10.195568305356897 0.20886622497484222
795 13.079695448933906 0.20874726084258158
796 12.963238410400045 0.20862558662673425
797 11.444326259068784 0.20851278253767824
798 10.699690126508582 0.20834163526602623
799 10.901271683133002 0.20819225463862318
800 13.99221585721433 0.2080339960320689
801 8.996480462089014 0.2078527539138002
802 7.54429140344155 0.20776447290907568
803 11.091852560544442 0.20762337508816936
804 9.830990371802592 0.20751182290986342
805 8.869904990615655 0.20739627009242578
806 9.282231366808636 0.20728246994463223
807 10.846109518374922 0.20715491828557062
808 11.239903341821046 0.20706728194021212
809 10.000932137834056 0.20701839012098944
810 8.708814441488716 0.2070201172420686
811 10.36630682129287 0.20699185028941275
812 8.67634567599254 0.20693871408333459
813 7.834011704023349 0.20684969052029017
814 7.644239759403705 0.20675241721026208
815 10.100384086312141 0.2066799034622678
816 13.376749094888623 0.20648912587155763
817 8.530969446993586 0.2062267931558999
818 9.067298885064655 0.20596500902409434
819 9.50325946896615 0.20576357356582806
820 14.157570851979774 0.2055295186087477
821 9.422132144269836 0.20530126326065348
822 11.750902878923672 0.20512040665857695
823 11.84053883773441 0.20496491645051065
824 10.497201288665735 0.20482803395457994
825 10.004797458441747 0.20474792024809865
826 9.426796772070645 0.20465107069874514
827 7.57973028166891 0.20462930035505483
828 9.223177549601582 0.20458817879171554
829 12.22846027925732 0.2045571573959775
830 9.666142384218903 0.20451793394733286
831 8.627248136010527 0.20442420243297418
832 10.721547688776727 0.2042298226580849
833 11.930196887963499 0.20402794078946432
834 10.878587001297781 0.2038629946413265
835 12.935436446509957 0.20376213104815755
836 10.480103399684928 0.2037268469349416
837 14.536449384677335 0.20365767015906547
838 20.529031283071777 0.20363343331163922
839 8.731352035752968 0.20363415184420564
840 10.531726486132085 0.2036066691615025
841 13.03578831442293 0.20363826903947765
842 12.9151890753356 0.20362531804117184
843 7.366559720457756 0.20363455439852535
844 8.816490636981086 0.2036518382638686
845 11.50348742954626 0.2036436741913695
846 9.979120666032797 0.2036092930134825
847 17.031321881650356 0.20352678188079495
848 12.83018456056705 0.20341617254712702
849 11.56487637580112 0.20330620772369193
850 13.450102284063544 0.2031710302348452
851 12.640685673865775 0.20298532479923526
852 14.573255804458192 0.20283881383452537
853 14.360208198075505 0.20264735208053106
854 11.005437806701925 0.20251874917613888
855 11.350106059638577 0.2024541593836817
856 9.76918090617659 0.2023895871000422
857 10.191953901088407 0.2023495120943217
858 16.252173245291818 0.202340945912934
859 12.739179102569103 0.2023022278941319
860 13.609573843440002 0.20228427922382616
861 8.55908473083403 0.20233450409372652
862 10.497419158742154 0.20237497470878235
863 11.92166066467684 0.20237814986204442
864 14.068256370988518 0.20249971178681703
865 8.994219731382685 0.20262947933259465
866 13.760776104604016 0.20278408626242786
867 8.654911287335919 0.20292421727935456
868 14.379462030562404 0.20301679374359188
869 10.189513056990434 0.20313781180137766
870 13.209925992018421 0.203280107838221
871 6.7202351067367925 0.20340834040881006
872 10.664835467731326 0.2035245000987558
873 18.75416958743462 0.20364855327147616
874 14.04385299722032 0.20376867776416976
875 9.454729374612155 0.20386388126939825
876 9.034205633667401 0.20396473388900374
877 8.840696101004669 0.20406821222743526
878 14.644383206580848 0.204194025221889
879 10.946205675648947 0.204258851945932
880 15.31192774286231 0.20437321479001366
881 10.0399674096963 0.20450980673832617
882 10.643523603462 0.20461714285528174
883 11.714859366410522 0.20468140029463336
884 13.285900885782148 0.20472375976499058
885 12.010583573002428 0.20480014197185495
886 11.670543914410281 0.20492137096964752
887 13.49185868170803 0.20502777663381555
888 13.323344670880548 0.20508711873208085
889 18.055040078171157 0.20511062578443595
890 13.664296191048297 0.20513602469936906
891 15.099047501266302 0.20516742665492316
892 13.939760439412192 0.20520165393492226
893 15.792329662632966 0.20527955362465186
894 14.475337577132962 0.20537648680440113
895 14.749532041224597 0.20551236239712428
896 14.414751696156767 0.2055778431087201
897 12.125463687275072 0.20562149759890944
898 11.446364570511689 0.20562302374486477
899 11.118386658511055 0.20571720438966
900 13.897655132439947 0.20578595042741238
901 16.080336179373717 0.20582762132111695
902 12.203304001546506 0.20588220586241726
903 13.782126702103113 0.2060426682472957
904 11.952887943706173 0.2063094069101661
905 17.1802310837676 0.2064933044804771
906 13.70164794269082 0.206715315045437
907 13.11539759622649 0.20692048791769985
908 12.223951153365661 0.20707686310054904
909 12.327399895605609 0.2072067549723061
910 13.803976247065906 0.2073361191111895
911 9.150201059323724 0.20744769091051687
912 9.748450945122098 0.20759244077698924
913 12.16227201332908 0.20768443512224882
914 13.563997108795302 0.2077223893631114
915 10.089708508851995 0.20766347564073845
916 14.069130580199507 0.20770451530113213
917 18.67294813051475 0.2077486439851501
918 11.619633500361829 0.20774385329426864
919 7.770243434911652 0.2077362941245903
920 12.55970238260155 0.20780637576381494
921 9.383096157497057 0.20792004070894976
922 10.762110826520864 0.20807925883249292
923 8.647737194704856 0.20817022576864222
924 9.431342647911002 0.20824546019434625
925 11.405575496206197 0.20830868136759786
926 12.256895015454692 0.20837737672408527
927 9.665373958670536 0.20846176329780888
928 12.14370873722344 0.20851239475335384
929 10.126007959933435 0.2086279689279758
930 12.164900305908333 0.20883392943431045
931 9.49020355459868 0.20903789982480014
932 8.33617396437641 0.2092658479566486
933 13.204805839440088 0.20958596399666538
934 13.31198018113265 0.20992732710829898
935 12.758146037460113 0.2102303572395516
936 12.606155038344042 0.21054500547085664
937 11.575789122767858 0.21081968208550114
938 17.506516736488987 0.21116760628397732
939 12.62048192946904 0.21151363508992885
940 12.346400879502617 0.21178529386681924
941 13.63419701448645 0.21202701324271817
942 14.555318578756474 0.21229121504230725
943 12.55196648500612 0.21258042856974238
944 11.920868944736224 0.212809818475849
945 11.307712034965906 0.21303995160783792
946 13.289093629847784 0.21319746890990174
947 14.708023767623736 0.21320801228327085
948 10.586386564596788 0.2132153991518947
949 12.451660841699816 0.2132892517052019
950 14.648085007877292 0.21344715163807504
951 12.175192830387687 0.2135967289905855
952 12.594216805224427 0.21363441421756865
953 14.888126879438175 0.21357441785587905
954 14.379823888228636 0.21348736015764694
955 14.827239555615595 0.21329139364964197
956 10.995282021310993 0.21299247284447326
957 13.643160852847096 0.21273385912456091
958 13.469339173226508 0.21250386084674922
959 15.018647415612646 0.21235427917643362
960 8.3502931654053 0.2121663974931696
961 15.534509766631253 0.21192500069724068
962 11.848680942219515 0.21176865755051072
963 9.689828989616831 0.21155971389795677
964 12.831933036130904 0.21136233880440325
965 17.224865515548956 0.21125889248273813
966 12.969290022728963 0.21118794613315636
967 14.607105592593411 0.2110480819035454
968 16.87353609701476 0.21077065200657932
969 17.69099247770447 0.21057116234701995
970 18.533405730331552 0.21041830402572242
971 13.956889352107112 0.2102953663257058
972 15.783443120162108 0.2102484067090668
973 15.010699493613727 0.21021330263470642
974 13.718012753574678 0.21015723553827279
975 16.099267119138617 0.21013455257283797
976 10.376062000408979 0.21001082443012753
977 13.517968444772121 0.20991998470617518
978 12.793338980308484 0.20984262700056022
979 18.928200688934588 0.20976067632445378
980 12.867937074643478 0.20963173708534621
981 11.532051198661422 0.20955103413020018
982 14.957293016976926 0.2093456581976887
983 11.689631021975616 0.20911685642555233
984 16.596774897607965 0.20893035635843546
985 11.90647031303975 0.2087776419459987
986 15.499481394758124 0.20861551623047692
987 12.47947220622991 0.2084922539440272
988 16.433649790504823 0.20838070992729305
989 12.422885053409122 0.20830408345662932
990 12.629130745643083 0.20826750270531805
991 13.904969909641181 0.2082129463056523
992 15.262842170926195 0.20818356622825335
993 15.369627549551554 0.2082763898907662
994 12.76111531392485 0.20844384672647479
995 13.784244645031073 0.20849740802166258
996 15.016064002305903 0.20860925220092
997 14.8682273058599 0.20860640842797507
998 14.79351979292591 0.2086958002306712
999 15.997406349303137 0.20875454995035256
