0 738.3356691292531 0.2986230152256174
1 638.6984444861062 0.29800387280671325
2 598.6465769697895 0.2974522724964648
3 600.6107891449071 0.29724159513385606
4 574.2483296300671 0.29675808184449953
5 530.9703973929261 0.29634258518045997
6 493.57855107823525 0.2960529034790702
7 533.2148839154912 0.2957537522847119
8 419.38031149336405 0.2955681811738684
9 425.9215397721604 0.2951430215189757
10 443.9586766014883 0.29495483303369685
11 401.0515706625858 0.29474386401049973
12 410.5820034474917 0.29451846376418056
13 347.6811706479117 0.29428206809165086
14 379.1693655446103 0.29408155429559696
15 337.78537073771173 0.2937961129552497
16 328.8196533942438 0.2936103508586563
17 324.54468469223093 0.2934339030620535
18 288.82424392546136 0.29316028339837935
19 282.26674076679706 0.2928047872839067
20 296.90018628053633 0.292389453840026
21 271.30648246790565 0.2920714354013385
22 271.93971900195174 0.2919042596013299
23 244.25909884224936 0.29178081161100805
24 247.26510352336874 0.29165058634502405
25 247.5700869014026 0.29141186463723573
26 251.34371480576095 0.29120893959669075
27 231.20875147532263 0.2910259082806725
28 220.94788615788804 0.2906992484429563
29 223.1808256168971 0.29035732754648674
30 198.591109105834 0.2899855030632133
31 202.84891680156807 0.2896184027024943
32 200.8722039629484 0.28925529742610406
33 182.0782710973183 0.2889995820165301
34 179.55268155053665 0.28884556875740763
35 168.92219458151482 0.28876702311061947
36 164.45925857566593 0.2886920639953418
37 166.20298144240198 0.28864298851204917
38 158.16218730353725 0.28855156030498935
39 144.02164782406504 0.2885258599196833
40 149.2967721354804 0.2885893817518716
41 165.15138743797036 0.2886641208557848
42 148.15385216420555 0.28881923011097416
43 156.71543187876614 0.28875803952290074
44 140.0074667594119 0.28883375734652483
45 144.657849173841 0.28885473107247106
46 147.6493977122587 0.28895101053583566
47 131.52249619252936 0.28912264316681624
48 150.3292966279129 0.2892668557291415
49 136.83282670591043 0.28939478332337504
50 130.20190228968397 0.2894337443678539
51 123.54188850162922 0.2894248153799927
52 117.53387410928624 0.28932515035468587
53 117.58667230393809 0.28909917573068306
54 123.44461825523018 0.2889599009794426
55 131.2532197530706 0.2889698521378404
56 108.03072499238738 0.28893172091640446
57 113.0194442473724 0.2889147313299326
58 107.4662684841304 0.28888740732948526
59 110.18313331520197 0.2887750103740383
60 112.73833480175972 0.2887219520771995
61 101.74788968073915 0.2887556132952019
62 104.93805530956402 0.2887917554465039
63 97.60797130294637 0.28880189226617264
64 109.55799706341162 0.28884380211660854
65 97.6040696336878 0.2887981897164847
66 99.95123232974481 0.2887391685613657
67 87.24198543887694 0.2887032625728465
68 98.01399317014526 0.2886479730043185
69 86.85687854471709 0.2885825233200854
70 93.21997083579198 0.28870487580539916
71 86.77330123088396 0.28875709998811083
72 87.55107693671654 0.2886772536061132
73 102.53878752772303 0.2885860804579523
74 87.75738537364408 0.28849415195605127
75 87.0017093551112 0.28839781076592996
76 83.19960391552095 0.28834868532335767
77 79.59610366385171 0.2882686632982174
78 79.4333741336479 0.2882180755523108
79 85.77564489075854 0.2880948513527882
80 84.07362169544601 0.28808686674897804
81 81.66752449149311 0.28809044789646754
82 86.74498053136956 0.2880633023952736
83 83.09171931815135 0.288132732540995
84 75.2466859256991 0.288231348821411
85 66.78788206877466 0.28831796818249783
86 74.25390168274714 0.28840770339690946
87 73.30965699077603 0.28845598363239766
88 57.003734255237916 0.28846329567077467
89 68.25172953145635 0.2883631197786841
90 71.43693672292511 0.28827768824923666
91 65.86837588890019 0.2880191865731817
92 65.65852370114239 0.2876268038404942
93 64.47771949480476 0.2871882861394853
94 67.51622633083934 0.2868392608120051
95 52.739974744257665 0.28635756006469854
96 61.85796040354175 0.28597656346441735
97 71.45844522907437 0.2856130272971821
98 62.99556421391655 0.28518576895035824
99 58.96937232824214 0.28465276254129906
100 61.236831801961685 0.28418806797452145
101 63.9294014143549 0.2837274583414404
102 59.702379811193964 0.2832907406827571
103 64.43557847710625 0.2828227801298267
104 63.688366752675314 0.2823069468253954
105 70.03893657726721 0.28177727137900627
106 59.28692980262727 0.2813177188981213
107 62.96933205318534 0.28075139912494657
108 60.14307717285955 0.28009845099323133
109 57.00235101608135 0.2795423946525188
110 60.003628135572214 0.2790950017294887
111 63.10856972045376 0.2786224475732859
112 65.53910561754886 0.2780852235102075
113 56.07325975959303 0.27755784010095436
114 56.78911796775974 0.27699555005810944
115 60.807676740864736 0.2765108016071079
116 55.81619257301591 0.27598097398891336
117 50.580133781763514 0.2755072130888508
118 53.986813536916216 0.2749985601893095
119 54.478176247714885 0.27456676048472345
120 52.7562698965794 0.27415521658884817
121 47.15166002029086 0.2737834105113186
122 44.98488923794643 0.27346187990596404
123 55.42860484068531 0.27313184922528805
124 53.267561015182515 0.27289141784421544
125 43.947270232796754 0.2726908343494205
126 49.9374164182633 0.272437812005071
127 49.67715005134802 0.2721697481283701
128 50.158992193904965 0.27195393892151254
129 55.339074746003845 0.27178179606743946
130 54.16108535291822 0.2716445655496564
131 49.698662427107024 0.27144764685350753
132 53.66034747867501 0.2711963220014752
133 48.24504773134024 0.2709782945722557
134 55.96118992648627 0.2708443969032229
135 50.844565075229404 0.27067332486160467
136 42.58695121152881 0.27060776745813636
137 50.824242323301505 0.27063723719091565
138 47.25933655055198 0.2707026405125936
139 43.233120050841336 0.27066830374959533
140 43.332698865934695 0.2706102351430498
141 50.570762233623014 0.27059858700255235
142 44.78639154108211 0.2706178460789661
143 52.989927848578915 0.27057817623195596
144 51.210190221890144 0.2705890086008515
145 48.44600723567133 0.27058287962104005
146 43.422887711290244 0.2704805983854406
147 44.231381553463216 0.27025383012247667
148 42.96711116963153 0.26996876115028595
149 45.71168266168745 0.2696990512221457
150 36.15804143706479 0.2693426516113459
151 41.40784442085538 0.2690296646246673
152 41.96845996974066 0.2687054359841314
153 34.94941388081479 0.2684637114584029
154 40.63880168633567 0.2682076870867213
155 46.186273358789144 0.267979635000651
156 39.71371837617528 0.26776404833028766
157 35.88845616314807 0.26753267714630247
158 39.411381614314394 0.2673088077273707
159 40.4769395814934 0.26708217010580826
160 45.75009901087972 0.2668907371339378
161 49.77458349073879 0.2666031238547625
162 36.60275926621545 0.26640378042732954
163 38.116669146484185 0.26627278464294
164 38.34551744235279 0.26610582206119304
165 40.846065510633295 0.26587771618148226
166 36.27924263714835 0.2656294804890061
167 35.645744447841146 0.26538298024718404
168 40.52638281684489 0.2651288698358745
169 38.75767035167512 0.26484098593726696
170 44.25520317333878 0.264617518495998
171 43.51821640741904 0.26434650279493194
172 40.14705663697932 0.26405214707123614
173 32.52416487811003 0.2638828361412816
174 41.59247102671566 0.26366042195713496
175 41.905306542548 0.2634128291675606
176 45.106714475411906 0.26320907326041326
177 46.060385457037164 0.2630165548660816
178 44.53268489878734 0.2628629347538427
179 36.80654095143527 0.2626547994528252
180 45.0377227600879 0.2625936749520204
181 33.34002756936643 0.26266308542994943
182 35.58287462973416 0.2626500356284591
183 31.300202903995206 0.2627362972939904
184 41.0980990900803 0.26284046671891254
185 28.270939495941597 0.2629029738754701
186 29.233941652190538 0.263053497932977
187 33.67155310535315 0.26333187557402543
188 29.355166639775664 0.2634105762545757
189 28.855006389547768 0.2634361043175156
190 28.86513633268146 0.26351962797516687
191 34.94545809197573 0.2635954826303505
192 33.92078597557445 0.26364241963408114
193 33.80728081881734 0.26358013265428254
194 38.795588199472945 0.2634911928542813
195 35.765422645779665 0.263475545595927
196 34.28440391700132 0.26333297788625376
197 36.793440681524345 0.2632275861860652
198 31.737127991549187 0.2631374623227936
199 42.22103570392261 0.2630164556101866
200 40.85620995356293 0.2629993220606353
201 35.76469557502682 0.2630666011564803
202 41.30105837833821 0.2632346818513948
203 35.536444297931226 0.26333891814867266
204 37.926559774224415 0.2634229059160736
205 38.66165852739037 0.26342179043238834
206 33.1430965673992 0.2633884950811715
207 35.458429486233634 0.26334651684671573
208 36.914911591754674 0.2634254816610728
209 31.50091864747874 0.2635542837150014
210 33.279030576295284 0.263560271038733
211 30.843755202184667 0.263446523542163
212 23.57163393127638 0.2633155894272681
213 31.562264880093224 0.2632080914695993
214 27.665385757393537 0.26316080204735137
215 30.291073014030694 0.26303012896840633
216 24.71704930096838 0.2629634465950501
217 29.61284617711161 0.26292090858962813
218 26.46433173974529 0.26286938312655644
219 26.01268545478525 0.26275641904806546
220 25.844092655865115 0.2626340598002794
221 28.78848081846278 0.26249123576686023
222 27.216511621152904 0.2622746990740918
223 28.188328200593638 0.26202411271541903
224 26.279026438428428 0.26169637855737915
225 35.41442268218542 0.2614507963471359
226 30.739414700669926 0.2611833530865537
227 33.37630853997746 0.2610112974172785
228 33.900594517322475 0.26082202527704756
229 38.40863433126463 0.260547636739841
230 33.23533440281748 0.2602652627039534
231 32.95822766038103 0.2598918853006813
232 40.37182998372185 0.25957623594797546
233 36.45832415794015 0.2592779007898408
234 32.08362688106473 0.25893934989813405
235 37.03088724148742 0.2585655076516504
236 36.25280683171616 0.2583359684215548
237 33.79391951645134 0.2581554408869325
238 29.073570109080123 0.2579647624277664
239 36.65356175908878 0.25775438242591675
240 26.48181177779706 0.2575455171857478
241 30.879637840465676 0.25728830234498884
242 27.97711407692023 0.2570235298123192
243 26.141498984385358 0.25682105583228393
244 28.550781266382806 0.2565400563086858
245 29.542713401259412 0.2562195582925594
246 26.43840651975391 0.25578860085926075
247 32.790990533873 0.25551422019952447
248 28.637770159608518 0.2552864203168704
249 36.20135637870517 0.2550778261676874
250 28.82111140217537 0.2548820736666351
251 29.55268567259387 0.25466371278800937
252 25.930060355145486 0.25449633609699335
253 24.0852202881589 0.25446640696044276
254 27.889164969758234 0.254455239192082
255 29.00431342937306 0.2543831108495995
256 25.12398183801737 0.2541543684310068
257 27.201182895168223 0.2539715613643633
258 26.49004221601414 0.2537849477621378
259 33.76720517250226 0.25358618464936045
260 34.726913128004554 0.2533637622102435
261 31.149049366569187 0.2530579802037351
262 31.137217589109916 0.25278671823554616
263 34.57452206498515 0.2525596359275753
264 28.696962293974302 0.2523655071344665
265 32.14880529800063 0.2522066612020767
266 29.704087261105805 0.2521300369787642
267 37.47421756340279 0.25212169863162415
268 23.929483545773408 0.25211170854378523
269 33.57310798152313 0.25200382844339825
270 29.04313947636605 0.2519675500342343
271 24.61890478905695 0.25186233621733717
272 26.300802414826393 0.25174195507020525
273 28.71409410726958 0.25179553008116157
274 28.79278778065017 0.2517587814924292
275 28.34915189418537 0.25179152858469184
276 28.755944967936514 0.25197352601593953
277 26.246956075055692 0.25215527579617947
278 24.09203159813175 0.2521882419589662
279 25.099140360060318 0.25225739665337066
280 26.260974942574514 0.2524945496567452
281 19.821792364908834 0.25278000349753454
282 18.64902989183903 0.25318023392832406
283 21.357049438685138 0.2535246936885813
284 25.301800835162965 0.2539216421891175
285 21.801248171452862 0.254144988537635
286 22.103981553521926 0.25430507646405776
287 23.17521948544503 0.25454569722856935
288 20.584616340969298 0.2547757264519566
289 32.0423109808103 0.25494870941980297
290 19.774905012727416 0.2551334489145072
291 28.041820973259135 0.2553842409672376
292 26.131656086991363 0.25578899320548154
293 26.80014611114253 0.2560081315463342
294 28.14869036805496 0.2562785057508762
295 20.204138728589914 0.25637635994456437
296 19.581785447675088 0.25663671843943603
297 22.178981737607756 0.2569427968017105
298 21.540896694991485 0.2573426223040468
299 27.082616579062623 0.25769534288272833
300 28.812733452498016 0.25810060280194014
301 23.109440918899928 0.2585435819255042
302 20.93995418143155 0.259058971877655
303 25.095876429689525 0.2596476980979927
304 24.391440539497296 0.2602351392337665
305 23.852280793157604 0.26081984942037345
306 22.824529804662873 0.26119450272306155
307 22.12852771193148 0.26174929863780805
308 23.092789232313372 0.2623510938925131
309 23.76911771287711 0.26282264270065303
310 20.918560305545107 0.2631817279296583
311 21.529320771315973 0.2626819275233928
312 25.092625370270703 0.26211540052087445
313 30.769816947550073 0.26165980657419324
314 24.592715915027018 0.26110927875798173
315 19.892109411863604 0.26057338336152
316 25.826977030386956 0.2601308979763899
317 23.821391892801486 0.25984754527898685
318 29.271669546652994 0.2596471492517766
319 20.11969577281392 0.2594270201580617
320 19.89125796449132 0.25922493902155475
321 18.584774674471465 0.2590956886673041
322 22.502968384880987 0.2590411449816342
323 22.89253441056044 0.25893107377223457
324 26.736530170665304 0.25880895907928675
325 24.520358915378942 0.25879331592381766
326 23.486754712410736 0.2590493421092861
327 25.959605023612298 0.2593129813983397
328 23.39453401852466 0.25970697617588656
329 24.95778949083291 0.2602033337810016
330 28.95281862536997 0.26069168698674955
331 23.781556500913403 0.2610968410226454
332 26.730573325229848 0.26137926805982875
333 28.97530814716339 0.2617476146955826
334 23.28059018718244 0.26194744270972137
335 26.576905459519885 0.262140512862842
336 28.433143003875948 0.2623824518989639
337 24.438185108145944 0.26261362213487116
338 25.934664592857594 0.2621468909552438
339 24.637746863362825 0.2617823453161136
340 22.78802816636421 0.2614805400941962
341 30.0316506257518 0.26122683018428383
342 22.405200087065936 0.2609942272100108
343 23.055743538376536 0.2606723292917444
344 23.48189417410118 0.26036844918971397
345 21.04991927670084 0.260134008651842
346 19.267399209359844 0.25975609693497453
347 30.57238369880776 0.25946220216150323
348 22.71341604767676 0.2592393261074711
349 25.99930359561496 0.25901285338743774
350 25.387772651298377 0.25886540148164017
351 23.809692499018624 0.2586907116579422
352 18.336615574646615 0.2584593451015962
353 24.174940497812628 0.25817949158220405
354 25.48114522717846 0.25793662760937186
355 24.327609348281023 0.25744304461109235
356 19.59733092325645 0.25697370599840125
357 22.245155012871656 0.25640555647710955
358 21.84763672628347 0.2557455967814583
359 23.974466527009646 0.2552655325750816
360 26.845936435145735 0.254914338756046
361 29.23814962850083 0.2546775439257959
362 24.0768128791797 0.25441654615255643
363 24.227770768452437 0.2541786765345214
364 24.329645393719936 0.25401223825189007
365 20.36746500030741 0.2538559415223167
366 20.451078436774676 0.25386249047496073
367 26.454188689541816 0.25395747155149023
368 19.124564344959346 0.2538981846699341
369 22.127960248572894 0.25384574931874343
370 16.945023484163684 0.25372775199264785
371 24.35419769933305 0.2536082008337769
372 19.413886915161775 0.2535325955591187
373 25.35852944975926 0.2534373009503893
374 21.2381183808179 0.2533273404971613
375 20.722784202623124 0.25311101856751256
376 26.82532072018971 0.25280094998397673
377 23.346301341411237 0.25259443301622203
378 28.605372374285498 0.2522911179700999
379 21.798581016180506 0.2520232766319684
380 27.285864497460103 0.2518106690723528
381 24.331263819321045 0.25157932568880703
382 23.09776936405037 0.25142816908447874
383 23.45816678479123 0.25121452036817826
384 22.32128521283653 0.2509716595441182
385 18.885073549939072 0.25076971440428464
386 18.2376465390839 0.25056212015225704
387 21.58054110495874 0.2503609211726788
388 25.72934238119978 0.25018701690944906
389 23.924668218870366 0.24992265603721395
390 24.765219784113256 0.24966511145645703
391 20.58900618730365 0.2493767127631416
392 22.63551283845314 0.24909109286072667
393 24.944371935859515 0.24884409875355715
394 21.8708082192181 0.24869386413520653
395 23.061402681936972 0.2483707185580446
396 33.43549216870362 0.2481644076546437
397 25.202645131871144 0.24796546043306342
398 31.677911483439075 0.24768514081652987
399 27.008745323371063 0.24746888929858116
400 29.299580112717855 0.24731014825114211
401 34.1910271282976 0.2472738869651389
402 31.297978784730567 0.24726390369499426
403 32.846215841770096 0.24717865207044784
404 18.83227025509114 0.2470344848607879
405 28.383949987951457 0.24697854355536925
406 29.68394930848031 0.2470155692486742
407 22.00107291737273 0.24705418413547792
408 27.22692740124021 0.24710896442710598
409 27.554375214583423 0.2472161767265356
410 28.66140106562635 0.247295402476746
411 27.107558445394474 0.2472720471821484
412 30.260440183556373 0.24721503496748032
413 21.4695438924536 0.24721352735797844
414 21.976045844846794 0.2470080365560779
415 25.326917256842524 0.24677648542697644
416 21.16631838989145 0.24646682709460327
417 25.893748512537265 0.24622171612159258
418 22.252478250471118 0.24598286154641535
419 22.2812681274059 0.2456681493571678
420 24.542816310182573 0.24542052611057733
421 21.34612828638823 0.24530993307252147
422 25.647125253831263 0.24516086476473226
423 23.86965491828676 0.2449671396844518
424 21.059793378324343 0.24475588032052814
425 21.575405773238803 0.2446140086350192
426 24.91810008104565 0.24455130300658512
427 19.58652510400197 0.24446061283634754
428 21.18688144443732 0.24433763197855476
429 22.181448859734783 0.24424193581692155
430 21.90810841115016 0.2440874028600989
431 18.255794056413286 0.24395535655567263
432 24.759691080760447 0.24399421043607286
433 20.09629256126798 0.24405072686283924
434 19.288143845860265 0.24418466017456372
435 23.202887048961756 0.2443359437183148
436 18.867196170184243 0.24445754299614414
437 16.574959941580808 0.24460216326594642
438 18.77562385543959 0.2447739306323405
439 21.270156923402748 0.24481296067693395
440 17.738513266120005 0.24489779163852754
441 22.301366246302123 0.24498731706574436
442 23.202428374685987 0.24508719243274626
443 19.497704042379915 0.24525975739224204
444 18.32744902862314 0.24538744828790052
445 21.88624126123483 0.2454927581135106
446 20.842569003051267 0.24562079544836568
447 17.49258675773441 0.24568998432491207
448 24.425797772148087 0.2457631499256311
449 19.853753020986602 0.24584998412048895
450 21.17590762754399 0.24592673992261957
451 14.78063049904355 0.24600524359896495
452 22.666680493875234 0.24601727340418514
453 21.70986321214827 0.24609766512236114
454 20.87925371748413 0.24619664560802426
455 19.48379162508628 0.24626242976698276
456 15.978143364682952 0.24632946975322687
457 24.600888655809346 0.24636386081067474
458 21.277722061528753 0.24639607004573919
459 15.650912928357563 0.24651087171145816
460 23.713593078509014 0.24671679998628548
461 21.77115759709066 0.24680756714177088
462 17.647910299975138 0.2469242382342985
463 21.728557011036276 0.24719446954208146
464 15.421208394039795 0.24741496494021287
465 17.127024634634587 0.2476206767582811
466 20.724724107811234 0.24773515222500186
467 16.738189429213044 0.24780684297877076
468 16.777559841172412 0.2479096642473444
469 23.789500769297725 0.2479322423875718
470 16.7564381581744 0.24796140153088428
471 20.199556998846738 0.24790950259055045
472 20.012729730569426 0.24778473109611332
473 16.939460988709868 0.24762268780279606
474 17.643093877131324 0.24746963319314763
475 16.151600562102303 0.24721764147237374
476 24.728347540519046 0.2470696637557513
477 23.532715896655944 0.24692016567736072
478 19.829839550471647 0.24683206882053832
479 19.196441648383118 0.2466907878123811
480 24.242025297533466 0.2465018799192769
481 17.001787633441943 0.24632478640599476
482 18.86453367844367 0.24613568879614123
483 18.352140722708405 0.24588604525151242
484 24.308524397384232 0.24565654490097294
485 18.907381366129535 0.2453745545940455
486 16.930306739183354 0.24511875624739696
487 18.4236058830806 0.2448060371019995
488 18.381175363281304 0.2444692073531278
489 21.859016299674757 0.2441301005351006
490 21.288154433705206 0.24391887472398466
491 23.115262013672297 0.24374021131388435
492 19.287999318686243 0.24360738804997362
493 17.521544553567548 0.2435708192729311
494 20.44963996726763 0.24364112547536415
495 21.57876030762498 0.24376674809260826
496 16.63456640892803 0.24394900614619683
497 18.848625568515374 0.2441659187073713
498 22.441304247098138 0.24451816500112966
499 20.370657705893876 0.24483271313548288
500 24.95827678839589 0.24509929628208513
501 24.29143615150526 0.2452443813496144
502 24.073357883489845 0.24535176323200505
503 22.40340519235135 0.24532902243112722
504 27.160674706617467 0.24528552836859596
505 16.981681196226624 0.24519719853282484
506 19.684124080327976 0.24518421868563814
507 17.57654803665571 0.24518796553360325
508 15.308865416467118 0.2451505739862785
509 20.16558658499512 0.24509835264687502
510 19.240381776584492 0.24510688679139347
511 17.707586715365014 0.24519352650500528
512 17.205695027444836 0.2453154437108599
513 21.698349119479747 0.24554217549441107
514 18.781057921255297 0.24575221466339245
515 17.448619340130914 0.24586058242467423
516 21.28778447554848 0.2460707477351461
517 19.853534481084765 0.24618854718989935
518 18.50500861612111 0.24634381046033985
519 15.111196507958406 0.24661733049479634
520 20.79906698181646 0.24679984662112744
521 19.129949150813097 0.2470144529026657
522 25.760908237312904 0.247081718824407
523 15.611980660648937 0.24713803848181534
524 16.826233853849406 0.2471838879979976
525 21.87003237936775 0.2471982235629235
526 15.97570983002154 0.24726077034848673
527 11.998708618850994 0.2473725861056917
528 20.57115230659487 0.24747169197838184
529 16.550895921441324 0.24745603298560626
530 15.293825494588404 0.2473989850556469
531 18.05374350609984 0.24731445931449525
532 13.23511099060088 0.247325500544025
533 13.037325971866611 0.24730749922061165
534 21.432864076882026 0.24732635132919337
535 18.046697849756626 0.2473423991385893
536 15.38841241728577 0.24734340117646675
537 17.778372042068888 0.24747525732114842
538 25.674520031222052 0.24757732231182175
539 22.715060321688732 0.24764533413260034
540 20.337317175536803 0.24775160418401163
541 16.36539901171771 0.24785201819128655
542 20.645286624461228 0.24805827082496484
543 13.579081794460459 0.2483958378262182
544 16.365431180253026 0.24886848325214897
545 17.34651003890348 0.24933372003183382
546 18.85563014287605 0.24976716343929753
547 12.61550489235409 0.2500899420814754
548 18.223198937930356 0.25031037183017674
549 16.80696827213007 0.25031967518316983
550 16.451362922166467 0.2503568668061859
551 14.652740636081303 0.25052950696944
552 12.957423931380301 0.2504400570144153
553 11.5544385296245 0.250365472189199
554 13.072808563711899 0.25036079400583516
555 20.796608551688305 0.2503823033543394
556 11.212629494517381 0.25041936503751483
557 19.819247824645693 0.250496237802166
558 13.779061189692252 0.250700086911868
559 17.00205464512017 0.2508265207238605
560 19.148666926677976 0.2509578083017288
561 19.954468192588735 0.25122512008328224
562 21.121496373143074 0.25131543465632583
563 17.80968771334589 0.2514615900417216
564 15.56943863862855 0.25180355996759135
565 20.929238181294167 0.2520713576753732
566 15.976103386957849 0.2525778670496848
567 17.020335764964724 0.2531697667003636
568 19.228973184605735 0.2538926346033944
569 20.64477054801787 0.2544241320700766
570 17.637241011006367 0.25509620027752333
571 14.389315193446734 0.2556827710262743
572 12.098233903935785 0.25621239119135936
573 15.507860159953427 0.2567572454415349
574 19.68765363489102 0.25746361229026027
575 11.323072352373222 0.258106697639492
576 14.441457947077723 0.25867142836615936
577 14.676989076567384 0.2592389493409744
578 13.180499793655384 0.2595162882484119
579 18.557184179242515 0.25969804833553783
580 10.49691119990636 0.2596030694024779
581 12.866984662664581 0.25940942306481635
582 19.05149554916541 0.25936049000741557
583 17.330876174052385 0.2590326273670574
584 18.59579677221582 0.2585699156772058
585 14.660186264168239 0.25824971037759936
586 12.630039953487062 0.25752017712139563
587 13.224025552263983 0.25699345316450933
588 18.92547299028765 0.25644015794146413
589 19.876060072077195 0.2559339464399221
590 16.36065217177524 0.25533635037773816
591 19.622554021422737 0.25471715503687176
592 21.969269441616007 0.25432681714048605
593 19.574282923853268 0.25396917872921154
594 20.39376204212613 0.2534936218668604
595 17.36936763848011 0.2530376012630064
596 14.998381256391237 0.2526478960667013
597 14.033523879995027 0.2523052215141112
598 18.58394687429655 0.25202657492499153
599 17.171497747379266 0.2515445434981569
600 15.18967905805588 0.25118607466114257
601 13.730569927552004 0.2508949019783907
602 20.76758904893399 0.25055845917951797
603 20.66088090460058 0.2502997103008212
604 19.388090277781977 0.2498545256396574
605 17.694006140316176 0.24936134822487468
606 15.62099799499746 0.2488272687054897
607 17.01975467647487 0.24822466674873297
608 12.528753553944789 0.24771350202320347
609 18.519240969097588 0.2473186661803979
610 16.753343739966905 0.24690045411411435
611 21.754384542773405 0.24651799196594143
612 17.146657351083938 0.2462789774786988
613 16.179239753097683 0.24604795641300473
614 17.23914222386374 0.24581775224283675
615 16.413930928550208 0.245537688655265
616 22.193232802495583 0.2451976259619219
617 21.035962111224 0.24490065909388462
618 17.540636046803787 0.24471457231782084
619 16.606367242614983 0.24458718966329088
620 18.231408359926423 0.2444928773500314
621 13.723625078674974 0.24441585294036794
622 13.079738901175425 0.2443380673188719
623 14.10316816761505 0.24429740114400822
624 15.088801982621273 0.24434228994373783
625 13.51881059227851 0.2443014316225598
626 13.818112293074632 0.24422252327895735
627 15.319518174884255 0.24412203458211562
628 14.695925058543327 0.24392414042632
629 13.602815642391516 0.2437421101109832
630 12.591100419141739 0.24359708225523746
631 14.183827930438603 0.24342941432636842
632 19.117270621526743 0.2432984160247384
633 13.499328507530668 0.24313217879058044
634 14.526414070663488 0.24289581165591168
635 16.59364367917927 0.24264851435074325
636 14.057063586372726 0.2423913250387335
637 16.263183357498637 0.2421475581478699
638 13.437295948900564 0.2420313815019538
639 15.743917853062019 0.24199063347250757
640 11.405399153736424 0.24185811676349553
641 9.881586534976783 0.241683569703772
642 10.100025099791235 0.24145742275885743
643 8.946589736440796 0.24133943213363096
644 16.59390802532001 0.2413330563716474
645 12.818619555168645 0.24124320639924585
646 19.002684640064395 0.24110792615508878
647 9.63905231232871 0.24089040095619338
648 11.671019252220459 0.24062378102593604
649 11.011621201483395 0.24038249849412974
650 15.947836942843272 0.2401871567869999
651 10.201853820829342 0.23991245476915624
652 14.301863342737452 0.23973748340611048
653 15.692463294515292 0.23951018665349627
654 10.590184003118448 0.23935404284856351
655 16.711453422879096 0.23925916233951044
656 15.172575163632194 0.23928850169249002
657 15.01199211512752 0.23916141288126846
658 16.042151243968373 0.2389687869609791
659 19.336521160242718 0.23874240971270896
660 14.80082381957479 0.2386105432265603
661 21.349000982522703 0.23843728087013644
662 21.207322870379983 0.23825335439751463
663 18.13257167117357 0.23806789327584407
664 14.991971030607491 0.23792129505440204
665 21.42589897498758 0.23779610914792457
666 17.52519177769796 0.23775097046030164
667 17.98340345874472 0.2377163950710897
668 18.86609880345427 0.2377182537888412
669 19.856189703283903 0.23774266115506676
670 18.10247341621178 0.23774850026827782
671 20.568847111929735 0.23765159320347834
672 16.92860173966911 0.23748944238312744
673 23.18015818014452 0.23730892551595242
674 18.49608396464258 0.23720652882686122
675 17.8812660140359 0.23712476453454356
676 19.39448107812686 0.23705922478783484
677 14.657448873260442 0.23700743319131698
678 13.72094797216241 0.23700826390459906
679 18.836068835447957 0.237004488728578
680 15.683393064347527 0.23707107281432727
681 17.653605924025843 0.23708514584798684
682 14.641852718392759 0.23710995126648476
683 13.485927309093523 0.2370980564180105
684 13.170951171358723 0.23716553155847284
685 16.482701258241274 0.23726814685022452
686 11.433473398100286 0.23736185031671483
687 12.0635169539451 0.23749198970778018
688 13.075239111751113 0.23758720113063606
689 17.031260754696437 0.23772460451280716
690 13.400431114487542 0.2379770561783058
691 14.658501776317422 0.23814783856500754
692 13.046676584664137 0.23836358269453967
693 16.298414814716576 0.2384900039325372
694 17.580727390828482 0.2385860142874139
695 16.76470832392456 0.2386838371201908
696 12.879602143491685 0.2388251044064794
697 19.97061522306149 0.23899483114698628
698 15.861478237155858 0.23920412147390915
699 18.56534231720704 0.2393042685638533
700 14.29687498746131 0.23937893599259027
701 17.02566959653028 0.23949245262265742
702 20.831575978299973 0.2395712486581818
703 19.980693352175678 0.23964822075000028
704 23.71668537373685 0.2397850204738376
705 15.353294054768622 0.23989882861282172
706 16.01458009577643 0.24003579887974277
707 15.837943572144003 0.24004515218804076
708 18.057514381514213 0.2401844860789759
709 14.487763919074151 0.24037302658212462
710 15.271124441532217 0.24053295566190483
711 18.66917694846397 0.2406731738326095
712 15.831302537001859 0.24082021928162783
713 19.017270250723683 0.24098157555981142
714 16.330641626205214 0.24125005067424915
715 18.7099706321171 0.241521526309514
716 16.352037880201145 0.24181232159070087
717 16.598270993400853 0.24219645618985905
718 22.022717794011008 0.24259353304655537
719 23.28962256045247 0.24303141380013404
720 22.671199720541544 0.24333633683076555
721 18.798497358431522 0.24366056238541775
722 21.87369012899664 0.24392764542845582
723 18.17165574232564 0.24405131124896107
724 19.0197745357267 0.24412194667999132
725 23.159881085493403 0.24415868063999713
726 26.010517394499516 0.24415213330147312
727 15.921214994927892 0.24413076769392844
728 23.367893374894138 0.24413736238797468
729 21.12791619245528 0.24427829208040067
730 22.128139668314027 0.24447604638730863
731 21.20840043479748 0.24457931891996434
732 15.988861448423048 0.24462358033950216
733 22.355268934918424 0.24467355031907673
734 23.763712174299382 0.24469872358618136
735 26.09707986140588 0.24479345889051907
736 25.40793076721912 0.24491878874082987
737 15.618558985329056 0.24510514958821947
738 14.635484678524662 0.24528743334306732
739 18.55747442856921 0.24552615015843726
740 18.092187745686942 0.24572416520290807
741 16.524965804825065 0.24573648237902418
742 14.172082609438132 0.24586686376019967
743 9.354568043053145 0.2460092994639531
744 12.632725560997375 0.24617294497930456
745 11.568043997348143 0.24642575642113365
746 17.220951547224633 0.24678000763687408
747 10.364478924388877 0.24721816628147628
748 15.819809864847585 0.24768283565119897
749 10.860314617370237 0.24816216663726465
750 12.797576200352246 0.24865683834413926
751 12.851555800979405 0.24925180511056985
752 11.644269052914124 0.24979882485963492
753 14.277764995953763 0.2502906164817666
754 15.062814774346363 0.250730832729708
755 17.68492842689841 0.2509387216214105
756 11.535802785552697 0.251133287956628
757 9.249684926490007 0.25135146388568486
758 9.057049979455197 0.251553628184775
759 10.841236901666495 0.2517632833648036
760 13.386563189528694 0.25200639487077686
761 14.59558513639507 0.2521697380638622
762 9.630677606031396 0.25226179579583097
763 10.585912840687524 0.25229253509597616
764 13.839715994384122 0.25224150925693656
765 10.002321982506505 0.2521654857283353
766 13.30491058440373 0.2519462108383906
767 14.148420608180981 0.2519075879028149
768 12.896781201553853 0.25194934103880146
769 13.117112298921814 0.25181275996458236
770 11.994119245639393 0.25168531671444316
771 20.256985773985836 0.25139075666667204
772 20.3702683988402 0.25117461328399043
773 12.86196254250168 0.2509254503039775
774 13.119347355698984 0.2506868514001813
775 11.838913300014347 0.2504588620401295
776 14.351160976409162 0.25030786974385427
777 12.903028993880298 0.25015181447979523
778 13.798633441363188 0.24991230481084026
779 14.36291555665192 0.24967770987222912
780 12.456650617500028 0.24961471101301747
781 14.95870230001499 0.2495783807517485
782 12.528328856896469 0.2495786027253343
783 14.706066347274717 0.2495710081516467
784 11.449303553974264 0.24949603968807268
785 10.039450351177612 0.24945551627318707
786 12.620210987586237 0.2494540453782383
787 13.239981030208 0.24945678308853647
788 15.891356778585994 0.24959077712913036
789 13.26339870653479 0.24956052239787527
790 14.4663032856094 0.2494170567414217
791 14.598283709329046 0.24939924871791436
792 13.363139853034792 0.24937345945992065
793 11.090446654699269 0.24938954617440018
794 13.27591980769923 0.24934022529754274
795 13.744493297761668 0.24928850404392583
796 10.067638033594493 0.24915134641881975
797 9.381936164319313 0.2490282765251188
798 14.834001495941584 0.2488700559011539
799 11.371638316560038 0.2488655118244118
800 10.608585157705884 0.24882908926619243
801 11.668501677365157 0.24873199617190983
802 11.754941659462142 0.24877720318967925
803 11.71855936248346 0.24877551591667474
804 12.026000406481325 0.24877805713537654
805 11.628972996671159 0.2487615454646986
806 10.768326572395921 0.24884490094606726
807 15.000941513182337 0.24899605745354045
808 12.994950399634167 0.249118986357996
809 13.901667931480969 0.24916998273091703
810 10.20204466487111 0.24905195406699968
811 11.180512943212147 0.24900546854782174
812 11.463956114637282 0.24888106013288946
813 9.977504357525463 0.24879876995969416
814 15.801273629396963 0.24868484810421987
815 12.823023828278032 0.24854899412495943
816 12.159011508201326 0.24847038171360958
817 12.912987774083401 0.24847616276472778
818 11.405550948336987 0.2483288972787813
819 13.246337105960375 0.24809234635685257
820 13.072964589865794 0.24779359081308577
821 11.550141722915772 0.24761758752263374
822 11.803383242749799 0.247477495745437
823 11.421085276829027 0.24745341350644656
824 11.146495262975343 0.24751946039197895
825 9.138147619888993 0.24767008879424612
826 11.131856049957698 0.24774335305986875
827 12.043963166937885 0.24776694646310737
828 8.619886565824505 0.24779433548712426
829 11.289939106619883 0.24788423891675102
830 11.62998552049661 0.24789952992453776
831 11.329943483477589 0.24781367758658818
832 16.27140510834399 0.24779564918133337
833 12.325263767564117 0.2477277952026701
834 14.286599712351805 0.24759088642927932
835 15.687280172235122 0.247408549493813
836 14.318103282903298 0.2472667700270509
837 13.71449578139866 0.2470744220779081
838 11.647286120626779 0.24691599089641064
839 15.413371873388286 0.24656188056388406
840 12.140873304834308 0.2463683549742778
841 13.534624899509854 0.24622106202223384
842 13.573116662241805 0.2461092578652549
843 18.487472916308636 0.24596783405070893
844 16.686794228828738 0.2457677960623857
845 12.943500031980602 0.24560773298418792
846 14.779020101678643 0.24558221288534332
847 11.351808655958123 0.2455675323937201
848 10.963112933306117 0.24566072417662216
849 9.390064158339126 0.2457042841690719
850 13.22880557825221 0.2456451741412201
851 22.33080235594479 0.24569490944795347
852 12.05737315423855 0.24572199608045656
853 19.21271644867008 0.2458152219789644
854 19.94595356796748 0.24588963137748374
855 20.055136520418678 0.24599522545466632
856 15.46908394142692 0.24606773697101855
857 21.929075505217263 0.24606760830578334
858 16.02270430804828 0.24596483668286787
859 14.84137095535906 0.2457974597786354
860 18.35726499084462 0.24575791445934783
861 19.807116740107702 0.24567434118582127
862 17.048534387151808 0.2455250782422154
863 11.188146983746872 0.2453216744678308
864 14.005679171364847 0.24510473723006426
865 24.954276157005463 0.24499705541060793
866 15.029062075325161 0.24491006640528964
867 19.30511703265212 0.2448274206981246
868 21.159838827340984 0.24487206323931998
869 21.22490585084171 0.24486417637137103
870 17.873670085501573 0.2448403993672949
871 18.317545303391753 0.24492086428090246
872 20.29882998628372 0.24490119919242878
873 14.390026116521419 0.24482465755262509
874 19.690633975109886 0.24468234553455895
875 11.918786073690704 0.24458042728319684
876 12.515356272963974 0.2445873722487125
877 15.300791487404139 0.2445324704817491
878 13.00403629764499 0.24453584531503247
879 15.328339118082486 0.2445446160988279
880 14.430408092257583 0.2445934964979288
881 22.783351193039238 0.24460684765013785
882 11.012660442663318 0.2445944833518798
883 19.384423029021583 0.2447067983657329
884 29.419548711427836 0.24480744501350074
885 12.475773606659672 0.2449336450291702
886 15.120987774409155 0.24502732849692485
887 11.143239372873541 0.2450342446314858
888 13.67858363113302 0.2450877746621601
889 11.89682400719187 0.24515767120634074
890 15.367444542632676 0.24518356525307278
891 17.666780816000685 0.24521487970767944
892 13.835483502776386 0.24519626295640617
893 18.125844868730905 0.24515068453198138
894 18.363459272984684 0.24505320489666513
895 16.224415062936334 0.24490298238758912
896 11.945986136595884 0.24473528665944005
897 9.849578852923079 0.24453251294155692
898 15.27182028946314 0.24417601547987972
899 11.466193740398666 0.24386041320527252
900 20.199148086141765 0.2434610628427758
901 37.253702136320676 0.2431993058687945
902 20.16964303754431 0.24294750201337237
903 19.708702589275845 0.24262760108417328
904 25.00574231534563 0.2423306450603518
905 24.467193202972616 0.24205040282016563
906 15.07131744410963 0.2417437691351009
907 20.79210951132736 0.2414708871441306
908 21.245287527706257 0.24127245064869737
909 24.72525928082249 0.24103671542056437
910 19.639886256474647 0.24077760364011208
911 15.44837429691565 0.24047868385303148
912 15.633710883854707 0.24020029571309304
913 20.261478351627233 0.2399925972994437
914 15.146886627803326 0.23981871631837154
915 18.685725844468788 0.23966964418906833
916 12.798324151171869 0.2394082891911319
917 19.8441766621768 0.2391686602471816
918 18.10581597895695 0.23893598273480396
919 18.760238500903974 0.23868546065340465
920 22.251190104427415 0.2384271686372367
921 14.348698859615471 0.23818923129080574
922 19.33352261794602 0.23805709436305725
923 13.572136991810844 0.23803032889498751
924 11.838466469920991 0.23807613564825367
925 15.049359568925986 0.238178775118112
926 13.106925216799734 0.23835171372733727
927 14.253115604726926 0.23850913542325852
928 17.28377734741136 0.23859209623747576
929 24.78131624551014 0.23871926860824383
930 12.996834359184355 0.23879235616866445
931 18.349247218621915 0.23888145708865774
932 14.911755029893438 0.23886689998913424
933 13.727815823783507 0.23884735025775727
934 17.289593682012857 0.23873123514126293
935 13.963125548146152 0.23874092195889676
936 16.86552107602899 0.23870962130280007
937 17.250502495029593 0.2386467415316203
938 17.64851597202037 0.23865101545379702
939 17.243662246957705 0.2386437237951984
940 31.122733029772732 0.23855489355488788
941 18.995219207784793 0.23847957050703708
942 14.091337629871095 0.2384439669611373
943 9.398948388712821 0.2384706630521793
944 13.070245059287519 0.2384791352766879
945 7.212083017007007 0.23848408238747065
946 10.766276258568931 0.23848378135020987
947 14.336991575948485 0.23845474082886997
948 12.197722458408 0.23846476125390426
949 13.060086415975253 0.2384391374532739
950 9.745702370263526 0.2383774532997535
951 9.385811277238938 0.23833087750218102
952 13.485360308010918 0.2382558458979874
953 15.570650829377795 0.23814633650552292
954 9.791560805473845 0.23809246770847003
955 9.990416478831175 0.23799523218480498
956 14.057362853626294 0.23789611684491804
957 13.473427738573559 0.23778935804278825
958 12.25828751287284 0.237651998048031
959 11.88032663587424 0.23752777672966963
960 11.198764930918536 0.23738472834284988
961 13.137606468619559 0.23724281206271305
962 10.848401286325869 0.23710212966845767
963 20.20354819107856 0.23698357362128009
964 12.956123865572332 0.23681325551276258
965 9.526853715243396 0.23677667526460972
966 13.88059723031235 0.23673456789441352
967 12.439405410418686 0.23664602177120386
968 10.651476646513716 0.23660890102513762
969 16.37061074894141 0.23671889493472156
970 15.475556055075833 0.2368276353396307
971 14.299591787511465 0.23706569413588655
972 14.09437315393828 0.23731685604962452
973 11.67281800714415 0.2375461371495492
974 18.517612685346453 0.23772795082401166
975 17.39275084989957 0.23785778611310415
976 16.709046737838484 0.23806652700643297
977 20.386421266366217 0.23826502808475702
978 12.696797872078664 0.23845712460711196
979 16.097685740321925 0.23860495390874994
980 18.982608884469954 0.23876712712157672
981 17.103673256900976 0.23888905912871203
982 19.275314368399727 0.23905040288019772
983 18.657001357823432 0.23918156278131852
984 11.368903255989089 0.23935151120723702
985 14.292629928227282 0.23949169463951314
986 18.23449246180729 0.2397657072673184
987 11.697411019750025 0.2399611780315906
988 10.718420761675954 0.24009037236206293
989 18.572127844135466 0.24018403683667877
990 22.075199398846937 0.24035272838458582
991 20.87264727188762 0.2406321029641364
992 20.639699387494254 0.2407227352041609
993 20.899167865409503 0.24090333815779755
994 18.95022607277536 0.24096543300004444
995 13.939190309751712 0.24094715874159048
996 13.671623102320012 0.2408945806438512
997 17.85859603062317 0.24090808438659359
998 15.043052970108953 0.24088336217985348
999 17.222712927508297 0.24076820337255517
