0 98.6680867923812 [0.30009363 0.30009376 0.30196895 0.29915616 0.30196895 0.29915616
 0.30196895 0.29915615 0.30384415 0.30196896]
1 85.58039120002124 [0.2989546  0.30149589 0.303405   0.2967697  0.30324165 0.30103327
 0.30332632 0.29839892 0.30452684 0.30343253]
2 85.12942356891388 [0.29792304 0.3021053  0.30375696 0.29442885 0.3048752  0.30214815
 0.3046081  0.2979493  0.30370156 0.30444556]
3 70.48410636432857 [0.29751537 0.30304946 0.30342764 0.29337781 0.30643758 0.30323748
 0.30634445 0.29800734 0.30290235 0.30649932]
4 73.67945192496208 [0.29757303 0.3036968  0.30302437 0.29282764 0.30736283 0.30415421
 0.30712997 0.2980786  0.30210961 0.30844411]
5 81.05243773676779 [0.29692441 0.30419355 0.30253431 0.29219369 0.30828003 0.30421193
 0.3080036  0.29787885 0.30165514 0.31013638]
6 59.13931806955834 [0.29641649 0.30469814 0.30146922 0.29166253 0.30915669 0.30452724
 0.30907754 0.29697584 0.30059967 0.3117646 ]
7 62.465634132724304 [0.29574971 0.30534378 0.30023676 0.29111856 0.3105791  0.30497327
 0.31001572 0.29618591 0.29945514 0.3131892 ]
8 59.51650863227579 [0.29548683 0.30538417 0.2984584  0.29055131 0.31191304 0.30487115
 0.3108712  0.29598268 0.29844737 0.31421493]
9 48.035956358581444 [0.29543734 0.30600182 0.29686076 0.29032655 0.31347903 0.3047531
 0.31198227 0.29585274 0.29783084 0.31466167]
10 49.40466050903855 [0.29542741 0.30723039 0.29534248 0.29026247 0.31539317 0.30492339
 0.31317721 0.29557522 0.29717978 0.31526505]
11 53.14282057183582 [0.2951787  0.30745488 0.29377666 0.29023176 0.31724081 0.30503219
 0.31415698 0.29577754 0.2963632  0.31614502]
12 49.63627195367022 [0.29482885 0.30719564 0.29231214 0.29008601 0.31880513 0.30522332
 0.31523322 0.2960662  0.29593278 0.31730573]
13 46.62656972130219 [0.29410322 0.30693234 0.29098631 0.28983842 0.31971854 0.30556952
 0.31573902 0.29651435 0.29540558 0.31834069]
14 40.706237927975636 [0.29327232 0.30702567 0.29005024 0.28918312 0.32070995 0.30594121
 0.3163825  0.29690227 0.29485463 0.31959169]
15 37.5049230728515 [0.29221807 0.30669187 0.2892656  0.28866073 0.32158144 0.30619792
 0.31652916 0.29695713 0.29413131 0.32059668]
16 38.662836683784974 [0.29112363 0.30635381 0.28825627 0.28825314 0.3225674  0.30641714
 0.31661918 0.29678487 0.2934665  0.32174431]
17 39.017563747462525 [0.29015846 0.30569564 0.28737611 0.28808516 0.32344714 0.3063796
 0.31656627 0.29661644 0.29302704 0.32272609]
18 36.81333531967999 [0.28924322 0.30492512 0.28641369 0.28815918 0.32448726 0.30618684
 0.31628414 0.29626058 0.29266645 0.32396833]
19 35.60656393502658 [0.28859802 0.30412666 0.28527311 0.28815869 0.32565202 0.306228
 0.31603212 0.29599678 0.29234171 0.32561549]
20 37.01669703877849 [0.28798829 0.30348232 0.28444035 0.28798699 0.32681043 0.3058716
 0.31572371 0.29588559 0.29246764 0.32705402]
21 30.104008237224164 [0.28741136 0.30260755 0.28398888 0.28745457 0.32793802 0.30573085
 0.3151003  0.29614104 0.29254798 0.32849631]
22 50.15347598712942 [0.28698496 0.30131301 0.2835089  0.2869098  0.3288654  0.3054927
 0.31472089 0.29652534 0.29279796 0.32957226]
23 37.11722764260997 [0.28654766 0.3001546  0.28305777 0.28651249 0.32994428 0.30509353
 0.31427696 0.29678168 0.29304429 0.3306438 ]
24 32.84006985839867 [0.28557287 0.29909534 0.28244745 0.28586996 0.33017082 0.30493162
 0.31369613 0.29707312 0.29384613 0.33123619]
25 39.331303378916736 [0.28482209 0.29810885 0.28173104 0.28510926 0.33043319 0.3045595
 0.31327927 0.29731214 0.29401517 0.33215379]
26 36.37400199654839 [0.28415287 0.29698306 0.28099694 0.28436305 0.33010605 0.30402043
 0.31276711 0.29752592 0.29400269 0.33306509]
27 35.154085021237414 [0.2832043  0.2960519  0.28019862 0.28354895 0.32960965 0.30373123
 0.31252061 0.29806917 0.29396301 0.33398425]
28 30.598612913580496 [0.28251602 0.29538481 0.27944318 0.28301004 0.32945275 0.303456
 0.31227797 0.29843703 0.29354899 0.33474229]
29 30.413131709965512 [0.28137736 0.29494431 0.27840853 0.28257892 0.32870913 0.30334529
 0.31228887 0.29899259 0.29306676 0.33554309]
30 40.74852672843793 [0.28022983 0.29446683 0.27725103 0.28270074 0.32799739 0.30333801
 0.31238941 0.29963932 0.29275816 0.33613087]
31 33.823047316643745 [0.27922495 0.29358345 0.27629626 0.28286769 0.32723443 0.30341593
 0.31264134 0.30036412 0.29253047 0.33648974]
32 26.85739586198241 [0.2781187  0.29270673 0.27555067 0.28308504 0.32661761 0.30352303
 0.31287817 0.30113943 0.29216967 0.33745608]
33 28.741415410365754 [0.27704729 0.29179212 0.27498675 0.28305167 0.32645601 0.30381076
 0.31329957 0.30174303 0.29223164 0.338284  ]
34 30.1696155897637 [0.27613736 0.2908918  0.27407407 0.28318162 0.32651555 0.30388381
 0.31373184 0.30198122 0.29222766 0.33836127]
35 28.324560935044012 [0.27522629 0.29006211 0.27331777 0.28337175 0.32696359 0.30388348
 0.31423257 0.30223396 0.29195994 0.33800981]
36 30.559045390141414 [0.27428175 0.28938692 0.27265963 0.28353082 0.32745131 0.30396304
 0.31442474 0.30207201 0.29151356 0.33809325]
37 30.74344098531104 [0.27329342 0.28876147 0.27210482 0.2834626  0.32792051 0.30419453
 0.31437718 0.30204309 0.29132481 0.33834935]
38 27.71974071063157 [0.27244154 0.28839123 0.27182646 0.28337611 0.32825388 0.30446055
 0.31449    0.30221898 0.29121239 0.33870916]
39 35.537417769737985 [0.27180321 0.28822164 0.27157336 0.28292186 0.32862533 0.304704
 0.31495238 0.30233147 0.29086519 0.3390788 ]
40 32.824575432794944 [0.27124589 0.2881549  0.27124745 0.28258305 0.32909342 0.30485892
 0.31542928 0.30242046 0.2908293  0.33976557]
41 30.3695805870447 [0.27065556 0.28794345 0.2711398  0.28211932 0.3294763  0.30487605
 0.31566471 0.30231941 0.29087336 0.34014489]
42 29.555497789489984 [0.27029303 0.28769367 0.27112536 0.28189526 0.32952768 0.3049859
 0.31617431 0.30239535 0.29110214 0.34005727]
43 26.390046262879295 [0.26988572 0.2873238  0.27099533 0.28180672 0.32924109 0.30490792
 0.31657827 0.30240569 0.29115442 0.33971288]
44 25.881819548936793 [0.26964261 0.28701447 0.27083526 0.28179917 0.32899672 0.30462529
 0.31710346 0.30245163 0.29116022 0.33947222]
45 29.195533126163703 [0.26946277 0.28677671 0.27073502 0.28171093 0.32889362 0.30434659
 0.31745767 0.30250922 0.29144901 0.33926175]
46 26.62700167252785 [0.26951721 0.28655326 0.27062417 0.28204635 0.32911295 0.30385367
 0.31775934 0.30240591 0.29170201 0.3389271 ]
47 29.93877135572476 [0.26928831 0.28646707 0.2706747  0.28212413 0.32890605 0.30380221
 0.31846677 0.30219329 0.29211848 0.33861595]
48 30.56525940975252 [0.26915738 0.28638173 0.27062331 0.28226662 0.32863938 0.30394127
 0.31881754 0.30206282 0.29261919 0.33828733]
49 20.732288766182375 [0.26901656 0.28632533 0.27041363 0.28243803 0.32820932 0.30403074
 0.31939512 0.30211209 0.29293475 0.3381577 ]
50 36.691621585089294 [0.2685897  0.28625572 0.27000768 0.28229498 0.32760352 0.30398749
 0.32023117 0.30176426 0.2930571  0.3382691 ]
51 26.72335043605719 [0.26799933 0.28600807 0.2694182  0.28241972 0.32708524 0.3038603
 0.3210803  0.30169335 0.29354974 0.33818209]
52 24.05741881944481 [0.26738061 0.28566225 0.26858785 0.28254149 0.32663604 0.30356746
 0.32169601 0.30156015 0.29393944 0.33827616]
53 32.87782953923312 [0.26670788 0.28522302 0.26802937 0.28277021 0.32630659 0.30341811
 0.32218684 0.30124035 0.29445165 0.33853416]
54 23.338325543876724 [0.26593781 0.28474922 0.26738632 0.28265708 0.32600351 0.30341552
 0.32259011 0.30099449 0.29506517 0.33871788]
55 24.87239659218963 [0.26509867 0.28418269 0.26693083 0.28259944 0.32566054 0.30319666
 0.32252986 0.30096607 0.29526868 0.33900302]
56 27.966996419674167 [0.26423546 0.28375888 0.26645696 0.28271036 0.32502888 0.30309443
 0.32234931 0.30102899 0.29529356 0.3391387 ]
57 34.67251286991457 [0.26342231 0.28298868 0.26582362 0.2826902  0.324529   0.30320382
 0.32206557 0.30084166 0.29498214 0.33926098]
58 25.13781418946223 [0.26274113 0.28212997 0.26528054 0.28281133 0.32418552 0.3032254
 0.32155122 0.3006186  0.29478954 0.33942874]
59 25.696310027197306 [0.26185786 0.28135213 0.26484969 0.28281529 0.32358395 0.30313548
 0.32103111 0.30015963 0.29434672 0.33951854]
60 28.277618820740102 [0.26087248 0.2804593  0.26432063 0.28273633 0.32314091 0.30324743
 0.3207797  0.2999958  0.29396654 0.33953902]
61 39.08028877635819 [0.2600285  0.27993449 0.26341585 0.28264356 0.32294388 0.30333442
 0.32085288 0.30007017 0.29391314 0.33949877]
62 25.665216702877956 [0.25915634 0.27919594 0.26265008 0.28251375 0.32266456 0.30331336
 0.32096905 0.30040517 0.29405711 0.3395633 ]
63 34.14710992978111 [0.25841642 0.27846931 0.26199875 0.28235885 0.32235489 0.30346325
 0.32113195 0.30063364 0.29418982 0.33971237]
64 23.322482406162813 [0.2576467  0.27793402 0.26161323 0.28216444 0.32209022 0.30371438
 0.32134937 0.30070371 0.29450133 0.33996896]
65 24.04316927848967 [0.25703745 0.27756165 0.26119127 0.28199113 0.32158409 0.30414655
 0.32158919 0.30096221 0.29473778 0.34004019]
66 27.095801052848827 [0.25672817 0.27702736 0.26040564 0.28176028 0.32110236 0.30429081
 0.32191489 0.30113714 0.2950421  0.34044466]
67 25.065385920950767 [0.25641356 0.27645768 0.25988992 0.2817147  0.32057582 0.30432107
 0.32210587 0.30121592 0.29565128 0.34089961]
68 26.27729990503702 [0.25616837 0.27581429 0.25942164 0.28170797 0.32007843 0.30429201
 0.32204075 0.3011295  0.29612608 0.34138659]
69 30.631209272731805 [0.2559055  0.27544581 0.25890555 0.28148052 0.31939729 0.30425434
 0.32192231 0.30118743 0.29616603 0.34170035]
70 21.24269585040307 [0.25578558 0.27513726 0.25869943 0.28123641 0.31908777 0.30422359
 0.32189691 0.30126231 0.29656715 0.34206365]
71 26.802289092548776 [0.25531563 0.27498809 0.25853788 0.28077153 0.31869724 0.30387564
 0.32204724 0.30121108 0.29694766 0.34280448]
72 28.137294336721098 [0.25483783 0.27478769 0.25849919 0.28044855 0.31822146 0.30363603
 0.32207136 0.30125163 0.29721868 0.34330312]
73 21.336653752578762 [0.25454884 0.27424582 0.2584847  0.28043351 0.31769171 0.3034792
 0.32219434 0.30150988 0.29728637 0.34393135]
74 26.10872380287492 [0.25439842 0.27363914 0.25871082 0.28032935 0.31704524 0.30361945
 0.32261148 0.30194466 0.29715724 0.344423  ]
75 24.370306772837615 [0.25416292 0.27274258 0.25900503 0.28019741 0.31640442 0.30413706
 0.32276673 0.3022474  0.29717932 0.34485538]
76 30.445938675744905 [0.25390935 0.27209022 0.25926411 0.27971264 0.31581187 0.30478688
 0.32319167 0.30246072 0.29740743 0.34548881]
77 25.81142302351364 [0.25336403 0.27132857 0.25937014 0.27941302 0.31543012 0.30555716
 0.32356802 0.30282425 0.29732857 0.34583953]
78 29.497500929935054 [0.25276215 0.27039152 0.25943052 0.27878969 0.31513322 0.30593951
 0.32400798 0.30306241 0.29731023 0.34595443]
79 21.443544150493295 [0.25208438 0.26967852 0.25947237 0.27828526 0.31455691 0.30596887
 0.32419419 0.30345173 0.29746622 0.3463694 ]
80 26.66188241734892 [0.25160762 0.26875601 0.25949534 0.27780489 0.31426518 0.30581363
 0.32404279 0.30379061 0.29773163 0.3468033 ]
81 19.387900216602112 [0.25135003 0.26827603 0.25945077 0.27715635 0.31397203 0.30585812
 0.324116   0.30389768 0.29798606 0.34700811]
82 25.49757917637966 [0.25115245 0.26734863 0.25915458 0.27662045 0.31326756 0.30527666
 0.32435477 0.30412357 0.29831828 0.3472412 ]
83 25.81976158880422 [0.25079822 0.26664893 0.25902181 0.2766288  0.31254851 0.30478125
 0.32454139 0.30417871 0.29837429 0.34754912]
84 22.00081215915646 [0.25024193 0.26602191 0.25873974 0.27677004 0.31166168 0.30437508
 0.32447366 0.30463019 0.29845025 0.34782561]
85 30.23320880173346 [0.24964196 0.26542997 0.2584538  0.27688031 0.31093899 0.3038747
 0.32448392 0.30507714 0.29840534 0.34833354]
86 24.135433936454675 [0.24916196 0.26453166 0.25856404 0.27682076 0.31020324 0.30376532
 0.32460427 0.30537588 0.2987242  0.34881401]
87 29.969076885861753 [0.24878878 0.26378396 0.25866638 0.27680445 0.30953287 0.30371041
 0.32459625 0.30590756 0.29879055 0.34915673]
88 23.529232729174623 [0.24845503 0.2631619  0.25868461 0.27678154 0.3089427  0.30365208
 0.32451819 0.30645533 0.29928705 0.34948535]
89 20.909482731751467 [0.24810567 0.26256427 0.25859785 0.27660315 0.30842876 0.30350381
 0.32448448 0.30710228 0.29954106 0.3497032 ]
90 24.31028126510479 [0.24788593 0.26175244 0.25830515 0.27627905 0.30792635 0.30339676
 0.32426984 0.30801277 0.2995375  0.34978476]
91 24.37567933443421 [0.24776033 0.26114863 0.2580889  0.27595635 0.30721567 0.30320763
 0.3240664  0.30885287 0.29986875 0.34950131]
92 21.465413611354222 [0.24773538 0.26047837 0.25778442 0.27551135 0.30654653 0.3028094
 0.32427667 0.30949257 0.30001222 0.34942011]
93 23.887604177588354 [0.24752849 0.25971986 0.25767716 0.2752658  0.30583158 0.3022935
 0.32426258 0.31029779 0.30019616 0.34919915]
94 20.510301840377636 [0.24733978 0.25910348 0.2574308  0.27495119 0.30492385 0.30177578
 0.32427774 0.31086238 0.30045328 0.3486808 ]
95 29.932012265370556 [0.24728923 0.2586609  0.25730263 0.27477167 0.3041545  0.30129636
 0.32427146 0.31100528 0.30106724 0.34831726]
96 20.224017205574544 [0.24727141 0.25811472 0.25731798 0.27469637 0.30302415 0.30102134
 0.32424538 0.31104729 0.30179965 0.34804247]
97 27.268916060382395 [0.24737945 0.25795285 0.25731593 0.27479724 0.30208865 0.3008433
 0.32389712 0.31119294 0.30254507 0.34804906]
98 25.4236715513678 [0.24768794 0.25767944 0.25740223 0.27499031 0.30124977 0.30074471
 0.32358259 0.31128103 0.30338728 0.34826047]
99 23.382429756915162 [0.2481556  0.25736748 0.25746304 0.27523237 0.30062548 0.30062102
 0.3232449  0.31131907 0.30396909 0.34868099]
100 21.50434172298587 [0.24820544 0.25702536 0.25759119 0.27545372 0.3004278  0.30035037
 0.32294628 0.31126759 0.30414355 0.34880694]
101 25.66680981768705 [0.24847083 0.25667676 0.25778435 0.27586111 0.3001503  0.30045238
 0.32316899 0.31130994 0.30433825 0.34937082]
102 25.82291614716786 [0.24889329 0.2564318  0.25789883 0.2760084  0.29969307 0.3003834
 0.32339888 0.31149197 0.30444094 0.3499112 ]
103 22.586742365796592 [0.24893068 0.25640069 0.25782337 0.27615115 0.29930947 0.30016124
 0.32370399 0.31159777 0.30466187 0.35024946]
104 21.51553243755949 [0.24896718 0.2564975  0.25792515 0.2762556  0.29916004 0.30002841
 0.32385452 0.31164483 0.30477568 0.35049039]
105 21.90165633023113 [0.24872764 0.25642257 0.25823284 0.27615259 0.29891485 0.30005754
 0.32403296 0.31177109 0.30478513 0.35069794]
106 17.95565161112574 [0.24834383 0.25611292 0.25851482 0.2759343  0.29881785 0.29999271
 0.32412591 0.31182201 0.30460158 0.3507337 ]
107 18.86357817087551 [0.24799024 0.25574204 0.25886622 0.27550846 0.29867916 0.29959541
 0.32442508 0.3119532  0.30404621 0.35062371]
108 21.12932581651482 [0.24796988 0.25563167 0.25916775 0.27494327 0.29828802 0.29896348
 0.32474693 0.31225592 0.303634   0.35036481]
109 21.62794980702275 [0.24785859 0.25563747 0.25944099 0.27435645 0.29790853 0.29817357
 0.32512826 0.31271737 0.30326456 0.35016734]
110 22.225869397691127 [0.24804202 0.25542215 0.25962224 0.27385461 0.29779067 0.29722224
 0.32562295 0.31322858 0.30275267 0.34951641]
111 19.756306227510308 [0.24798982 0.25528106 0.26004515 0.27352784 0.2974905  0.29649649
 0.32617298 0.3139441  0.30232801 0.34889033]
112 24.626608094506203 [0.24794801 0.25499508 0.26044147 0.27322539 0.29734943 0.29586367
 0.32698564 0.3146998  0.30186807 0.34834028]
113 23.195910875859283 [0.24803455 0.25477436 0.26059464 0.27307421 0.29733228 0.29537672
 0.3276031  0.31513907 0.30173863 0.34795355]
114 19.656470369011128 [0.24801656 0.25454909 0.26053296 0.27305621 0.29739365 0.29512163
 0.32791628 0.31558856 0.30172757 0.34783897]
115 21.563331722990224 [0.24816974 0.25447572 0.26027816 0.2730039  0.29689515 0.2949865
 0.32801419 0.31611661 0.30174341 0.34781063]
116 19.80016889718177 [0.24801282 0.2543972  0.25987907 0.2728771  0.29627364 0.29452067
 0.32793566 0.31680053 0.3019594  0.34764749]
117 21.517308939573187 [0.24780845 0.25443786 0.25953739 0.27256626 0.29601021 0.2943077
 0.32801068 0.31761624 0.30192821 0.34705669]
118 20.77055500642151 [0.24755053 0.25461578 0.25900468 0.27226939 0.29605462 0.29426386
 0.32850019 0.31844567 0.30187124 0.34699875]
119 16.928106707084545 [0.24732232 0.254583   0.2584102  0.27194397 0.29595753 0.29447297
 0.32925852 0.31945685 0.30191631 0.34698245]
120 20.137460907194946 [0.2469963  0.25451482 0.2576509  0.2713867  0.29587764 0.29463857
 0.33013155 0.32050831 0.3022072  0.34679117]
121 23.464007855413254 [0.24664883 0.25446356 0.25680068 0.27114695 0.2955477  0.29480674
 0.33115464 0.32111352 0.30261396 0.34655292]
122 20.3449613394947 [0.24640814 0.25427921 0.25607805 0.27088277 0.29508923 0.29476262
 0.33192916 0.32159336 0.30284003 0.34612748]
123 26.004314803985302 [0.24608931 0.25420578 0.25547248 0.27070432 0.29494937 0.29472354
 0.33283501 0.32212537 0.30326247 0.34567865]
124 21.022517208331404 [0.24581467 0.25419103 0.25486367 0.27083662 0.29481352 0.29460799
 0.33370715 0.32256336 0.30381806 0.34494728]
125 26.120924178445005 [0.24563642 0.25412696 0.25441382 0.27099732 0.29458529 0.29464441
 0.33476747 0.32279491 0.30467536 0.34425208]
126 18.12586270303934 [0.24563088 0.25410837 0.25421959 0.27089462 0.29435023 0.29470257
 0.33547502 0.32283086 0.30561798 0.3433641 ]
127 24.51841462733448 [0.2457302  0.2539775  0.25402266 0.27048642 0.29419109 0.29461332
 0.33605996 0.3228528  0.30656782 0.34260692]
128 25.05543698789228 [0.24584617 0.25387762 0.25384259 0.27023972 0.2942894  0.29434337
 0.33660391 0.32291572 0.30757881 0.34176829]
129 23.459376646448348 [0.24582851 0.25382966 0.25386083 0.26975017 0.29422556 0.29388613
 0.33716339 0.32305622 0.30822411 0.34105845]
130 22.282998904105153 [0.24576392 0.25371326 0.25379535 0.26954996 0.29428797 0.29367153
 0.33803968 0.32269805 0.3088837  0.34047236]
131 20.201382896596485 [0.2456565  0.25366141 0.25375713 0.26941936 0.29434117 0.29316355
 0.33882931 0.3225537  0.30952578 0.33992601]
132 22.60326346125562 [0.24527851 0.25374241 0.25381323 0.26902447 0.29455461 0.29307571
 0.33954824 0.32233777 0.31019274 0.33930604]
133 24.333314920549768 [0.24484925 0.2534956  0.25380044 0.26866347 0.29461499 0.29325192
 0.34022581 0.32214201 0.31032738 0.33879354]
134 28.49648991824322 [0.24438536 0.25346792 0.25381048 0.26838296 0.29449805 0.2935456
 0.34136415 0.32202054 0.30997927 0.33777105]
135 27.275070841236325 [0.24376042 0.25351016 0.25408157 0.26830538 0.29420589 0.29360083
 0.34217504 0.32210562 0.30926632 0.33680183]
136 20.21170459319446 [0.24316743 0.25357947 0.25398474 0.26832619 0.29387388 0.29375694
 0.34311669 0.322186   0.30882784 0.33619324]
137 16.668635457479642 [0.24247578 0.25368029 0.25380131 0.26819425 0.29360161 0.29431088
 0.34395366 0.32222223 0.30858713 0.33547047]
138 26.966001456731547 [0.24182603 0.25372149 0.25369408 0.26802444 0.29329616 0.2951159
 0.34448145 0.32207829 0.30832779 0.33502845]
139 24.075165554041874 [0.24130471 0.25383163 0.25331568 0.26779958 0.29323808 0.29573264
 0.34515362 0.32169104 0.30762209 0.33490072]
140 25.480242545302247 [0.24095997 0.25392049 0.25282552 0.26743237 0.29337385 0.29616108
 0.34610198 0.32110899 0.30755179 0.33435034]
141 21.42544303208288 [0.24050686 0.25383428 0.25241188 0.26724699 0.29326417 0.29635619
 0.34689561 0.32060576 0.30750143 0.33396459]
142 18.54503813843119 [0.24008961 0.25359312 0.25222498 0.2673304  0.29307866 0.2966139
 0.34763188 0.32008323 0.30764654 0.33410136]
143 22.20964644898349 [0.23973797 0.2531047  0.25192632 0.26747168 0.29337474 0.29710028
 0.34841029 0.31997211 0.30751119 0.33407065]
144 19.288268996547572 [0.23915932 0.25286174 0.25185838 0.26781568 0.29404471 0.29788236
 0.34940136 0.31973353 0.30735701 0.33416075]
145 18.478746090682833 [0.23876117 0.25301747 0.25166406 0.26833909 0.29425968 0.29795834
 0.35048867 0.31929888 0.30722419 0.33431558]
146 23.303071971209462 [0.23845168 0.25314066 0.25156421 0.26886706 0.29431612 0.29782628
 0.35146126 0.31892431 0.30733164 0.33475309]
147 21.632459394519792 [0.23796108 0.2531372  0.25140087 0.26919265 0.29464811 0.29779632
 0.35278668 0.31854804 0.30781246 0.33532461]
148 20.193646060585046 [0.23734417 0.25327782 0.25102707 0.26950456 0.29491378 0.29770276
 0.35393802 0.31819331 0.30814443 0.33579499]
149 26.82814204948795 [0.23694486 0.25333891 0.25034537 0.27004278 0.29515289 0.29774271
 0.35503344 0.31730412 0.30814719 0.3359577 ]
150 20.808091538203776 [0.23665931 0.25349421 0.24960299 0.27030688 0.29557236 0.29784383
 0.35618082 0.31644489 0.30814454 0.33596037]
151 21.904109387545013 [0.23653955 0.25374927 0.24882677 0.27071823 0.29569633 0.29805468
 0.35712813 0.31562673 0.30837394 0.3361742 ]
152 20.591054898522042 [0.23649596 0.25398733 0.24819696 0.27100653 0.29582929 0.29825502
 0.35783397 0.31481369 0.30824566 0.33621179]
153 21.17862517537216 [0.23663868 0.25416891 0.2475486  0.27157911 0.29568203 0.29842919
 0.35872749 0.31417727 0.30848138 0.33640663]
154 23.505107947908982 [0.23689879 0.25435216 0.24684676 0.27205474 0.29524313 0.29853815
 0.35908136 0.31317122 0.3085784  0.33666937]
155 19.891858760674744 [0.23712206 0.25423346 0.24624228 0.27257561 0.29481989 0.29890274
 0.35991643 0.31249642 0.30942332 0.33698574]
156 16.178486668477603 [0.23730407 0.25394119 0.2455411  0.2729304  0.29451995 0.29899314
 0.36063676 0.311886   0.30982077 0.3369659 ]
157 18.912246675926475 [0.23725847 0.25383921 0.24500738 0.27316205 0.29401256 0.29914026
 0.36129746 0.31154043 0.31041233 0.33709545]
158 19.386646420760197 [0.23721768 0.25369058 0.24436223 0.27316444 0.29366658 0.29918662
 0.36203322 0.311318   0.31060008 0.33710805]
159 16.62764584595465 [0.23714348 0.25351543 0.2439477  0.27317823 0.29329536 0.29929578
 0.36310283 0.31094449 0.31059887 0.33704809]
160 18.320682172388345 [0.23701081 0.25316497 0.24335643 0.27324157 0.29288658 0.2989876
 0.36368051 0.31038156 0.31084284 0.33707786]
161 20.676536115377804 [0.23706746 0.25254598 0.24271788 0.27366092 0.29239588 0.29900661
 0.36462808 0.30946243 0.31190755 0.33698789]
162 19.266986296696384 [0.2372858  0.25193214 0.24195971 0.27390824 0.29216398 0.29916271
 0.36604468 0.30850552 0.31300898 0.33675391]
163 17.931366891859078 [0.23740329 0.25112422 0.24141246 0.27415897 0.29214244 0.29896456
 0.3674096  0.3075281  0.31420404 0.33587667]
164 18.06684989400243 [0.23761306 0.25045636 0.24058831 0.27460475 0.2919491  0.2986346
 0.36842603 0.3061699  0.31532664 0.33514786]
165 24.79960847039017 [0.23804401 0.24980548 0.23977651 0.27488908 0.29181432 0.29838922
 0.36881079 0.30501849 0.31600634 0.33440787]
166 18.75199652444488 [0.23805747 0.24949124 0.23900298 0.2751879  0.29176001 0.29831362
 0.36893631 0.30418925 0.31638096 0.33353517]
167 21.493049371310942 [0.23806958 0.24943565 0.2382467  0.27569649 0.29156898 0.29854105
 0.36934844 0.30319139 0.31701358 0.33299763]
168 15.833486327527364 [0.23804622 0.24907705 0.23757447 0.27582805 0.2914261  0.29895763
 0.369835   0.30224755 0.31739185 0.33242125]
169 23.840401115134355 [0.23814656 0.24877938 0.2368353  0.27576505 0.29125176 0.29932946
 0.37004962 0.30152622 0.31772209 0.33187087]
170 16.484857435678123 [0.23829353 0.24861374 0.23665216 0.27526023 0.29111805 0.29952306
 0.36982894 0.30074842 0.31824701 0.33098375]
171 19.27982873231337 [0.23842351 0.24835832 0.23642141 0.27468518 0.29111701 0.29990087
 0.36960069 0.3003375  0.31928565 0.33020981]
172 21.79252143233581 [0.23862147 0.2478699  0.23612305 0.27457168 0.29090996 0.30018107
 0.36932693 0.30010253 0.32016138 0.32919673]
173 18.990356691514965 [0.23872257 0.24732063 0.23599718 0.27436068 0.29084698 0.30019679
 0.36899327 0.29996416 0.32082857 0.32778266]
174 16.88163650600341 [0.23892883 0.24703967 0.23581665 0.274223   0.29095257 0.30036564
 0.36832448 0.29973251 0.32192397 0.32644598]
175 22.410699372654975 [0.23904401 0.24686528 0.23571688 0.27429103 0.2912407  0.30042059
 0.36752777 0.29957292 0.32256611 0.3252217 ]
176 18.377048966200334 [0.23918509 0.24669761 0.23569916 0.27411189 0.29166513 0.30034074
 0.36677375 0.29938582 0.3230738  0.32425814]
177 18.166047506597632 [0.23926039 0.24645879 0.23554779 0.27404557 0.29205598 0.29983827
 0.3657041  0.29946066 0.32381701 0.32354207]
178 20.48254079153908 [0.23950219 0.24593968 0.23517661 0.27377586 0.29240741 0.29952074
 0.36409234 0.29999346 0.32419407 0.3228601 ]
179 15.953727398394182 [0.239923   0.24582955 0.23484066 0.2737388  0.29302314 0.29933598
 0.36243513 0.30072893 0.32470699 0.3220497 ]
180 16.244361397156887 [0.24044668 0.24572106 0.23453298 0.27344138 0.2938447  0.29905848
 0.36158512 0.30160061 0.32492975 0.32119005]
181 21.836130227294845 [0.24082521 0.24567523 0.23409075 0.27290449 0.29458623 0.29886768
 0.36098324 0.3025311  0.3255888  0.32015517]
182 15.957696552882812 [0.24125126 0.24565642 0.23389603 0.27224041 0.29508112 0.29831474
 0.36026655 0.30357135 0.32597953 0.31928488]
183 16.720122501965484 [0.24172924 0.24552863 0.23390444 0.27160501 0.29543499 0.29788913
 0.35953847 0.30449376 0.32643526 0.31854676]
184 17.22169470386581 [0.24229761 0.24566842 0.23371661 0.27099243 0.29602659 0.29737644
 0.35894313 0.30505917 0.32656022 0.3178323 ]
185 16.11000308855376 [0.24298741 0.24575649 0.23359668 0.27071198 0.29625605 0.29699756
 0.35827371 0.30572834 0.32654756 0.31723292]
186 22.14521535761966 [0.24339278 0.24582707 0.23337849 0.27060019 0.2965548  0.29675528
 0.35761914 0.3064976  0.32624458 0.31672392]
187 19.130668736493735 [0.24369992 0.2456556  0.23318461 0.27051944 0.29698731 0.29650025
 0.35680557 0.30755639 0.32554484 0.31614698]
188 20.529017984203705 [0.24415832 0.24565548 0.23306538 0.27034651 0.29764306 0.29644404
 0.35568929 0.30887257 0.32519685 0.31564713]
189 20.951327827889525 [0.24453933 0.24545168 0.23322941 0.27035452 0.29808185 0.29638419
 0.35451004 0.30996838 0.32471459 0.31548541]
190 14.638974543068421 [0.24517193 0.24536035 0.23350708 0.27006725 0.29848558 0.2963126
 0.35361666 0.31131069 0.32409255 0.31549034]
191 15.986699614251172 [0.24579269 0.2448934  0.23362599 0.26978809 0.29901876 0.2962885
 0.35256    0.31263793 0.32339174 0.31567519]
192 21.956937210330597 [0.24626598 0.24454313 0.23364718 0.26988359 0.29924105 0.29663546
 0.35100693 0.3136225  0.32226524 0.315663  ]
193 17.20859131385494 [0.24704291 0.24441596 0.23377924 0.26977794 0.29968738 0.29748575
 0.34952089 0.31448485 0.32209127 0.31568844]
194 24.362582393781942 [0.24760329 0.24439626 0.23390654 0.26962296 0.30005279 0.29841004
 0.34868016 0.31526036 0.3217     0.31557646]
195 14.607863378672889 [0.24811904 0.24440893 0.23380259 0.26958458 0.30047756 0.29898785
 0.34813351 0.31589609 0.32128941 0.31563984]
196 15.214712504901176 [0.24850952 0.24445625 0.23381327 0.26952486 0.30086987 0.2996987
 0.34768646 0.31655367 0.32084819 0.31618734]
197 20.30809738235754 [0.24877484 0.24456811 0.23370896 0.26960658 0.30160045 0.30030859
 0.34710277 0.31665452 0.32047949 0.31659327]
198 13.740396088747755 [0.24903628 0.24477116 0.23365861 0.26939675 0.30259405 0.30103726
 0.34657067 0.31694267 0.32031932 0.31714104]
199 13.299071128495264 [0.24896288 0.2449419  0.23371025 0.26942639 0.3032328  0.30167917
 0.34611635 0.31737565 0.32000447 0.31755917]
200 16.391961343856813 [0.24897501 0.24519282 0.23369989 0.26962801 0.30411753 0.30255578
 0.34580501 0.31825714 0.31975228 0.3180533 ]
201 16.046058903464502 [0.24878094 0.24526268 0.23368444 0.26990834 0.30486884 0.30330517
 0.34542529 0.31930317 0.31966895 0.31846439]
202 17.161675830251607 [0.24840228 0.24524262 0.23400524 0.2701489  0.30537232 0.30403735
 0.34527651 0.32035901 0.3195627  0.31874771]
203 13.012965147118228 [0.24822819 0.24519835 0.23425929 0.2701872  0.30563595 0.30455593
 0.34488698 0.32171959 0.31932507 0.31911389]
204 14.767714035565177 [0.24810744 0.24514325 0.23474158 0.27039263 0.30581896 0.30523126
 0.34439948 0.32224928 0.31940506 0.31947984]
205 14.22499054477004 [0.24805764 0.24517493 0.23502157 0.27060952 0.30596996 0.30579864
 0.34401566 0.32287967 0.31984905 0.31996325]
206 15.944731284749606 [0.24810168 0.24501666 0.23544161 0.27094878 0.30581451 0.30656804
 0.34347362 0.32380174 0.31992294 0.32006859]
207 13.26492612136607 [0.24805202 0.24501265 0.2360465  0.27116536 0.30595075 0.30720131
 0.34315853 0.32418172 0.32023412 0.31988315]
208 15.759812067646628 [0.24786007 0.24493657 0.2366334  0.2716407  0.30640915 0.30798942
 0.34318536 0.32523171 0.32062653 0.31953304]
209 15.000631488272658 [0.24785216 0.24492788 0.23721917 0.27215823 0.30669156 0.30856791
 0.34328295 0.32639215 0.3208887  0.31948686]
210 14.351646011080662 [0.24791515 0.24506108 0.23774853 0.27286191 0.30703701 0.30902919
 0.34297796 0.32734495 0.32146105 0.31924459]
211 11.797501123273278 [0.24815567 0.24504606 0.23827108 0.27346145 0.30744832 0.30975986
 0.34278722 0.32876443 0.32205464 0.31920255]
212 15.93402544976828 [0.24848995 0.24511756 0.23870403 0.27429172 0.3076655  0.31022133
 0.34284222 0.330014   0.32248602 0.31894433]
213 12.37463408539848 [0.248573   0.2452078  0.23899117 0.27502302 0.30838156 0.31086225
 0.34317543 0.33120636 0.32296639 0.31870816]
214 19.63302108828581 [0.24881119 0.24534035 0.23921395 0.275733   0.30942536 0.31129316
 0.34374195 0.33246959 0.32421968 0.31849034]
215 12.21377506697213 [0.24887934 0.24511788 0.23917717 0.27590943 0.31075013 0.31190312
 0.34425893 0.33430088 0.3254439  0.31785444]
216 12.816355961361436 [0.2491441  0.24493784 0.23917305 0.27596558 0.31203859 0.31255305
 0.34457961 0.33608779 0.32661971 0.31740067]
217 13.29543432172645 [0.24957677 0.24471168 0.23939732 0.27598924 0.3131302  0.31322156
 0.34508886 0.33761414 0.32760174 0.31685405]
218 12.745264491768387 [0.2500298  0.24445397 0.23970804 0.27621402 0.31423423 0.31334486
 0.34550206 0.33865824 0.32834694 0.31662654]
219 14.047522701288218 [0.2501783  0.24402881 0.23991625 0.27671245 0.31517346 0.31403543
 0.34554584 0.33992564 0.32900471 0.31614115]
220 12.586313213703264 [0.2503803  0.2437121  0.24024097 0.27704908 0.31568334 0.31471548
 0.345454   0.34090601 0.32953578 0.31602123]
221 11.443879831425253 [0.25068373 0.24330229 0.24027216 0.27725995 0.31585011 0.31577359
 0.34557023 0.34234676 0.33008781 0.31552178]
222 14.372199115685106 [0.25081042 0.24286878 0.24040282 0.27741646 0.31634221 0.31643929
 0.34583523 0.34368497 0.33065201 0.31523898]
223 13.445710213797685 [0.2505963  0.24254376 0.24050586 0.27768958 0.31628493 0.316966
 0.34584527 0.34514922 0.33117229 0.31524676]
224 14.030958867410508 [0.25046403 0.24242621 0.24041333 0.27798644 0.31605689 0.31688086
 0.34534765 0.34648068 0.33188352 0.31525585]
225 13.771183617859528 [0.25054592 0.24230078 0.24007329 0.27819505 0.31582996 0.31686146
 0.34490567 0.34775269 0.33293552 0.31549425]
226 16.343200502719956 [0.25033587 0.24198418 0.23979233 0.27853288 0.31549264 0.31683982
 0.34413294 0.34857541 0.3338168  0.31574057]
227 15.244575136999863 [0.25017018 0.24179501 0.23943798 0.27894058 0.31515207 0.31663412
 0.34333128 0.34920876 0.33511731 0.31604357]
228 20.372290675840674 [0.24966983 0.24187091 0.23893882 0.27931577 0.31493067 0.3162454
 0.34210139 0.35011681 0.33638917 0.31633262]
229 14.559015342337624 [0.24924588 0.2421709  0.2384979  0.27994147 0.31497785 0.315932
 0.34127809 0.35098483 0.33716558 0.31632016]
230 16.199155197953495 [0.24872181 0.24231562 0.23812901 0.28030521 0.3148677  0.31579597
 0.34018231 0.35149053 0.33812666 0.31618875]
231 10.461817227835317 [0.24811951 0.24236102 0.23789248 0.2808264  0.31509793 0.31554812
 0.33895171 0.35094231 0.33919214 0.31602299]
232 13.971375206826846 [0.24756989 0.24223256 0.23779217 0.28145703 0.31541767 0.31541998
 0.33780434 0.35069961 0.34014682 0.31566635]
233 16.234699210455098 [0.24704388 0.24214615 0.23748531 0.28214455 0.31532796 0.31543316
 0.33702539 0.35060594 0.34108452 0.31494196]
234 17.022788142791967 [0.24649511 0.24230619 0.23721841 0.28281184 0.31520589 0.3147336
 0.33651291 0.35093775 0.34221787 0.3143961 ]
235 15.663826228780323 [0.24580888 0.24225979 0.2369025  0.28351457 0.3145159  0.31436164
 0.33613642 0.35135728 0.34332581 0.31412205]
236 16.94598847906219 [0.24530087 0.24222098 0.2366813  0.28419424 0.31407301 0.31451569
 0.33556162 0.35125364 0.34412742 0.3140534 ]
237 16.491390000589227 [0.24501953 0.24223872 0.23639465 0.28522343 0.31353486 0.3144672
 0.33498306 0.35097394 0.34489521 0.31428603]
238 15.263109296421 [0.24482275 0.24223086 0.23616043 0.28622193 0.31294494 0.3146043
 0.33475411 0.34981782 0.3444082  0.31466184]
239 18.222469054881238 [0.24477532 0.24218391 0.23594563 0.28705917 0.31247622 0.3150205
 0.33460574 0.34871141 0.34423911 0.31493276]
240 21.69844307780407 [0.24474831 0.24213208 0.23569546 0.28798241 0.31195494 0.31576825
 0.33459087 0.34827909 0.34353275 0.31501232]
241 16.90968864621662 [0.24486777 0.2421395  0.23526347 0.2888058  0.31146694 0.31623001
 0.33459326 0.34780486 0.34285554 0.31498531]
242 15.226826480271274 [0.24480689 0.24219157 0.23497929 0.28938607 0.31106423 0.31701131
 0.33458345 0.34703016 0.34190831 0.31480572]
243 20.048860689029144 [0.24484844 0.24201578 0.23476666 0.29026235 0.31078422 0.31745536
 0.33436595 0.34665855 0.34107802 0.31469126]
244 16.267290503903034 [0.24471546 0.24184489 0.23441434 0.29132846 0.31066371 0.31818807
 0.33407606 0.34663118 0.34046767 0.31462744]
245 14.730505467622182 [0.24471163 0.24173476 0.2340358  0.292269   0.31084828 0.31831447
 0.33431513 0.34636209 0.34001991 0.31436816]
246 27.19955994381662 [0.24448883 0.24167266 0.23374269 0.29267288 0.31116348 0.31827383
 0.33440484 0.345862   0.33934333 0.31400444]
247 16.021792969816744 [0.24426772 0.24155427 0.2336683  0.29323312 0.31171637 0.31835591
 0.33442932 0.34600277 0.3386947  0.31371091]
248 18.500964726845652 [0.24435396 0.24168045 0.23364624 0.29364839 0.31218189 0.31816594
 0.33479534 0.34597058 0.33789977 0.31335125]
249 13.53609336124344 [0.24432515 0.24169917 0.23366104 0.29415377 0.31274398 0.3176498
 0.33519267 0.34626334 0.33728811 0.31326574]
250 14.85869466675634 [0.24402133 0.24161915 0.23370156 0.29436087 0.31312949 0.3170859
 0.33538158 0.34646419 0.33696919 0.31323558]
251 14.423535295685825 [0.24370925 0.24142826 0.23393797 0.29480428 0.31344057 0.31697779
 0.33543451 0.34648965 0.33662649 0.31341146]
252 14.721558482177423 [0.24348784 0.24113341 0.23395483 0.2948268  0.31379117 0.31684941
 0.3350649  0.34609566 0.33651606 0.31367948]
253 16.99359883489352 [0.24340256 0.24078476 0.23369169 0.29492879 0.31462047 0.31690589
 0.33443419 0.34590185 0.33549588 0.31389618]
254 15.745587828979673 [0.24340101 0.24054465 0.23356011 0.29479294 0.31545436 0.31661906
 0.33360576 0.34596245 0.33472849 0.31430585]
255 16.44194130983333 [0.24344954 0.24032205 0.23359497 0.29441017 0.31642195 0.31673415
 0.33271579 0.34623033 0.33437659 0.31503334]
256 17.275795021772907 [0.243837   0.24020508 0.2336979  0.29390861 0.3172927  0.31675753
 0.33174833 0.3463683  0.33391789 0.31557618]
257 15.963144664759094 [0.24402861 0.24004556 0.23350642 0.29363092 0.31796092 0.31642753
 0.33072457 0.34645253 0.33351573 0.31626867]
258 15.897616761132078 [0.24406367 0.23982789 0.2333393  0.29391821 0.318441   0.31682667
 0.330021   0.34631883 0.33299122 0.31708461]
259 12.645035184647533 [0.24397245 0.23954456 0.233182   0.29401837 0.31907035 0.31696847
 0.32944858 0.34595493 0.33284962 0.31776205]
260 16.54973250706638 [0.2440834  0.23937843 0.23315142 0.29395298 0.31946465 0.31720572
 0.32878318 0.34586032 0.3327488  0.31841107]
261 14.22591222619591 [0.24415035 0.23938862 0.23330475 0.29387331 0.31988591 0.31714381
 0.32811065 0.34617942 0.33263757 0.31889361]
262 14.2117829953817 [0.24427727 0.23925477 0.2334617  0.2932665  0.32053585 0.31725573
 0.32768435 0.34647235 0.3324993  0.31914859]
263 12.972806706390081 [0.24442112 0.23922339 0.23372048 0.29287155 0.32095618 0.31681424
 0.32728232 0.3469834  0.33235577 0.31935975]
264 12.949454099154154 [0.24456315 0.23904833 0.23394393 0.29238723 0.32125496 0.316427
 0.3269492  0.34679091 0.33214186 0.31965573]
265 14.517857458317213 [0.24482205 0.23895336 0.23405195 0.2917927  0.32134232 0.31644377
 0.32660264 0.34680437 0.33184418 0.31975202]
266 13.11411214212519 [0.2450867  0.23865695 0.23410432 0.29093007 0.32161526 0.31599875
 0.32627196 0.34686998 0.33113918 0.31960456]
267 11.048573971344279 [0.24549043 0.23845974 0.23408833 0.29002152 0.32164768 0.31529846
 0.32601042 0.34709204 0.33072129 0.31952134]
268 17.954123485363773 [0.24584548 0.23804774 0.2340139  0.28946802 0.32154808 0.31453947
 0.32587756 0.34715249 0.33022656 0.31939404]
269 18.851683915368106 [0.24602614 0.23746819 0.23400049 0.28909411 0.32145031 0.31393778
 0.32573049 0.34705714 0.3299526  0.31932412]
270 15.341989780201205 [0.24613896 0.23699697 0.23384997 0.28884462 0.3212448  0.31362796
 0.32517634 0.34667986 0.32964918 0.31952112]
271 13.263481475242234 [0.2462494  0.23660901 0.23351603 0.28831778 0.32158588 0.31301625
 0.32492924 0.34667602 0.32945283 0.31978048]
272 19.348957572586215 [0.24599312 0.23604755 0.23347243 0.28833216 0.32194316 0.31252753
 0.3249128  0.34680382 0.32928628 0.31982164]
273 12.031971602535094 [0.24563929 0.23533417 0.23318054 0.28825286 0.32241855 0.31197094
 0.32508437 0.34678065 0.32903944 0.31963347]
274 17.636201478471776 [0.24525507 0.23480049 0.23280262 0.28797356 0.32254299 0.31193708
 0.32509519 0.3470313  0.32868409 0.31924541]
275 17.262874081345405 [0.24465676 0.23440922 0.23245551 0.28773058 0.32279683 0.31182562
 0.32512278 0.34742039 0.328221   0.31864331]
276 15.609973091429959 [0.24403683 0.23401936 0.23209529 0.28771374 0.32306367 0.31194443
 0.32552919 0.34776417 0.32799248 0.31828222]
277 14.502253523894819 [0.24340559 0.23389249 0.23184931 0.28766051 0.3231347  0.31205436
 0.3261779  0.34795674 0.3278932  0.31832768]
278 17.2469254880588 [0.24291196 0.23354198 0.23166486 0.28744695 0.32301425 0.31240572
 0.32673099 0.34827584 0.32790714 0.3187382 ]
279 17.526962040164065 [0.24213726 0.23313027 0.23166429 0.2873072  0.32307963 0.3126016
 0.32734874 0.34869491 0.32804292 0.31888119]
280 15.782073351616104 [0.2415462  0.23276454 0.23177856 0.28687193 0.32309628 0.31310642
 0.32734994 0.34897829 0.32807587 0.31888288]
281 18.14588462825735 [0.24113011 0.23249848 0.23184839 0.28666592 0.32284493 0.31359733
 0.32712767 0.34944348 0.32860871 0.31891576]
282 16.938507346437255 [0.2409779  0.23219152 0.23184297 0.28646039 0.32284497 0.3136924
 0.32706542 0.3500648  0.32893271 0.31905303]
283 15.929071446148694 [0.24080759 0.23181982 0.23176079 0.28633722 0.32261383 0.31351616
 0.32671058 0.35083127 0.32958187 0.31936855]
284 11.994483050730029 [0.24083009 0.23140976 0.23165514 0.28600069 0.32279809 0.31342321
 0.32658036 0.35150412 0.33023347 0.31956223]
285 17.395622967631137 [0.24062569 0.23116465 0.23135443 0.28584413 0.32334232 0.31338718
 0.32656022 0.35184317 0.33065387 0.31981729]
286 18.103782598145358 [0.24003602 0.23044441 0.23124817 0.28562679 0.32303617 0.3132661
 0.32622222 0.35192376 0.33129996 0.32035387]
287 16.62698835593325 [0.23939488 0.2299814  0.2312819  0.28574553 0.32190373 0.31274728
 0.32612648 0.35156341 0.3314512  0.32088666]
288 13.061078860614572 [0.23882636 0.22979785 0.231355   0.28591791 0.32066517 0.31207973
 0.32623989 0.351036   0.33166042 0.32151645]
289 19.012914324875375 [0.238124   0.22957704 0.23143908 0.28585037 0.31978718 0.31130239
 0.3263333  0.35080669 0.33203101 0.32242748]
290 15.124368908900623 [0.23726236 0.2295566  0.23152325 0.28560124 0.31925283 0.31024311
 0.32633825 0.35082    0.33210401 0.32335932]
291 14.436989394772848 [0.23642403 0.22952631 0.23123517 0.28530678 0.31910415 0.30939478
 0.32679835 0.35083359 0.33176597 0.32419762]
292 17.325000660211742 [0.23563019 0.22959218 0.23100469 0.28501009 0.31941882 0.30866122
 0.32733215 0.35077134 0.33190251 0.3250733 ]
293 15.257070121945993 [0.23502767 0.22974502 0.23082553 0.28425188 0.31965687 0.30813001
 0.32768164 0.35094598 0.33216399 0.32592599]
294 13.887042471547893 [0.2343337  0.23005422 0.23059526 0.28345172 0.31985668 0.30767976
 0.32806523 0.35090995 0.33244198 0.326685  ]
295 18.08677073535215 [0.23355433 0.23017751 0.23011836 0.28240548 0.32033602 0.30734456
 0.32839656 0.35094539 0.33303218 0.32721745]
296 15.562675494307019 [0.23278701 0.23023922 0.22942021 0.28161937 0.32080293 0.30651449
 0.32880348 0.35067636 0.33348355 0.32780723]
297 16.54881034037853 [0.23203348 0.23026513 0.22887012 0.28101856 0.3214555  0.30575735
 0.3295252  0.34987514 0.33420416 0.32825508]
298 15.293645562532916 [0.23155212 0.23025079 0.22828313 0.28051497 0.3222317  0.30451227
 0.3302009  0.34916874 0.33472148 0.32884689]
299 16.268807792185015 [0.2311605  0.23020685 0.22773648 0.27993643 0.32259902 0.30332683
 0.33095433 0.34858992 0.33522349 0.32928755]
300 11.574962759532946 [0.23061697 0.23010786 0.22747637 0.27948954 0.3235698  0.30211445
 0.33170921 0.34816815 0.33524135 0.32973095]
301 18.95167679903409 [0.22996411 0.23004901 0.22741008 0.27909514 0.32423665 0.30066798
 0.3324463  0.34813062 0.33543    0.33065163]
302 20.09920033638408 [0.22968386 0.23003574 0.22749448 0.27890719 0.32497299 0.29933107
 0.33312556 0.34837673 0.33553144 0.33157566]
303 17.025064292592184 [0.22932803 0.23007338 0.22749623 0.27894684 0.32574134 0.29818924
 0.33365573 0.34837536 0.33545408 0.33242064]
304 17.364873930131708 [0.2285529  0.2301826  0.22744651 0.27915914 0.32661963 0.29704126
 0.33383058 0.34804775 0.33422035 0.33297077]
305 13.5813209683873 [0.22790658 0.23027987 0.2275179  0.27933974 0.32747826 0.29602473
 0.33351393 0.3477151  0.33302932 0.33356531]
306 13.891961190376012 [0.22737231 0.23007185 0.22758615 0.27938993 0.32841189 0.29534379
 0.33324133 0.3476193  0.33193571 0.33417773]
307 19.33914194910129 [0.22685189 0.22979279 0.22749177 0.27936365 0.32944685 0.2948796
 0.33292252 0.34703809 0.33119137 0.33488324]
308 11.510942464590894 [0.22632411 0.22956048 0.22743849 0.27904077 0.33034002 0.29448583
 0.33262211 0.34632643 0.33053939 0.3355252 ]
309 16.131097780194995 [0.2256247  0.2293508  0.22749333 0.27880628 0.33067133 0.29450761
 0.33235962 0.34624984 0.33003627 0.33613555]
310 20.90462316292067 [0.22491561 0.22903643 0.22759046 0.27870966 0.3309471  0.29457979
 0.33226204 0.34631356 0.32903754 0.33643449]
311 13.192790632512093 [0.22421019 0.22878888 0.22747986 0.27872702 0.33099001 0.2944768
 0.33218608 0.34636922 0.32788242 0.33711076]
312 12.561479611595418 [0.22346692 0.22863144 0.22739009 0.27893339 0.3303105  0.29412696
 0.33195488 0.34648013 0.32687024 0.33787681]
313 13.936913076589942 [0.2227763  0.22857167 0.22741621 0.27930321 0.32955097 0.2938513
 0.33200899 0.34682127 0.32591273 0.33869306]
314 16.094455796782235 [0.22206431 0.22816293 0.22730183 0.2792938  0.3288772  0.29364053
 0.33206413 0.34775822 0.32510061 0.33983107]
315 14.690145207071868 [0.22146987 0.22768983 0.22728923 0.27932108 0.32819153 0.29349587
 0.33194726 0.34789459 0.32422597 0.34093535]
316 17.518256025477346 [0.22089282 0.22713223 0.22752039 0.27908355 0.3281449  0.29352327
 0.33187383 0.34778349 0.32377299 0.34112362]
317 12.725738335278724 [0.22039023 0.2265274  0.22785134 0.27885441 0.32846364 0.29349552
 0.33162    0.34838682 0.32291557 0.34145098]
318 18.23345145094366 [0.21992746 0.22615854 0.22826522 0.27891917 0.32846313 0.29359347
 0.33100126 0.34905767 0.3215632  0.34157343]
319 14.908285974063553 [0.21949456 0.2258005  0.22845746 0.27878117 0.32857468 0.29412765
 0.33043067 0.34988549 0.32046534 0.34164565]
320 14.33601010362733 [0.21852921 0.22548035 0.2286968  0.27882712 0.32862874 0.29486862
 0.33004497 0.35063464 0.31930419 0.34182028]
321 18.034666623331475 [0.21769668 0.22509982 0.22903833 0.27863431 0.32874267 0.29535912
 0.32954548 0.35159862 0.31818477 0.34209579]
322 14.846115945304014 [0.21695894 0.2246944  0.2290899  0.27841665 0.32877433 0.29575662
 0.32930674 0.35286315 0.31725869 0.34296814]
323 14.291897128094515 [0.21627499 0.22421374 0.22908024 0.27810637 0.32910295 0.29592596
 0.32916895 0.35398513 0.316666   0.34402116]
324 11.561672418381367 [0.21575244 0.22375878 0.22892584 0.27761035 0.32955615 0.29606613
 0.32904993 0.35514727 0.31605601 0.34460152]
325 19.69356523569961 [0.21531696 0.22334718 0.22847704 0.27750584 0.33002204 0.29634742
 0.32899157 0.35645752 0.31568874 0.34505666]
326 16.149386768772075 [0.2147447  0.22288288 0.22813771 0.277537   0.33037995 0.29636634
 0.32836651 0.35741837 0.31514707 0.34567086]
327 14.929140299730918 [0.21410801 0.22222608 0.22792774 0.27761528 0.33069711 0.29641397
 0.32753935 0.35857604 0.31490121 0.34576014]
328 16.351170403104632 [0.21355177 0.22173864 0.2274404  0.2777793  0.33149198 0.29651478
 0.32715969 0.3596186  0.31503294 0.34571934]
329 21.541173985386845 [0.21301709 0.22125945 0.22688211 0.2778292  0.33228605 0.29631765
 0.32713031 0.36059623 0.31466591 0.3457454 ]
330 18.517833719535275 [0.21257607 0.22075547 0.22626614 0.2778276  0.33311367 0.29654001
 0.32736425 0.36125431 0.31423902 0.34599537]
331 17.085324063836755 [0.2121668  0.22023919 0.22576022 0.2778001  0.3341419  0.29641683
 0.32767118 0.36194194 0.31376074 0.34604969]
332 18.758375216906085 [0.21187011 0.21975456 0.22532955 0.27774647 0.33557037 0.29629363
 0.32765769 0.36263568 0.31355406 0.34590239]
333 13.323394076169167 [0.21156392 0.21906568 0.22496019 0.27757639 0.33667914 0.29631174
 0.32783699 0.36324084 0.31359064 0.34587018]
334 15.791155506841257 [0.21139043 0.2184952  0.22459972 0.27741404 0.33745688 0.29659948
 0.32825808 0.3639417  0.31371291 0.34588891]
335 14.86572566814188 [0.21120453 0.21802454 0.22419725 0.27712042 0.33835526 0.29692941
 0.32916073 0.36491018 0.3141863  0.34628032]
336 13.475496925700817 [0.21110835 0.21765851 0.22392343 0.27693795 0.33883872 0.29707076
 0.33007794 0.36571833 0.31476764 0.3466227 ]
337 13.80543342549717 [0.21101863 0.21718004 0.22367622 0.27703624 0.33897093 0.29743235
 0.33103366 0.3667483  0.31568571 0.34681489]
338 16.198670795660735 [0.21117761 0.21669329 0.22356708 0.27718928 0.33794076 0.2978476
 0.33175737 0.36818942 0.31569298 0.34759324]
339 14.37821059625455 [0.21126381 0.21623624 0.22365119 0.27728334 0.33699753 0.29788408
 0.33215944 0.36917911 0.31571342 0.34854646]
340 18.415418268412758 [0.21130839 0.21579106 0.22355171 0.27765575 0.33600548 0.29808233
 0.33233746 0.36961476 0.31563223 0.34963198]
341 17.37207394651082 [0.2114345  0.21541596 0.22349711 0.27802601 0.33538943 0.29797929
 0.33268688 0.37020423 0.31564703 0.35038975]
342 16.650400477057392 [0.21170507 0.2152818  0.22346271 0.27831189 0.33526853 0.29814566
 0.33298786 0.37061617 0.31563754 0.35118673]
343 17.614612991932024 [0.21200176 0.21522066 0.22342114 0.27827245 0.33467684 0.29858936
 0.33318881 0.37064495 0.31517261 0.35207263]
344 15.787123692837834 [0.21214906 0.21522771 0.22341581 0.2783698  0.3339007  0.2989024
 0.33317876 0.37082483 0.31460201 0.35284893]
345 13.154333341175457 [0.21253916 0.21498728 0.22345399 0.27798925 0.33352059 0.29911858
 0.33343633 0.370963   0.31415382 0.35341533]
346 13.225845267120013 [0.21294398 0.21459734 0.22330366 0.27753358 0.33315261 0.29927685
 0.33358709 0.37115703 0.31321866 0.35379939]
347 16.54051012007809 [0.21330712 0.21412673 0.22301297 0.27735124 0.3327817  0.29939341
 0.33371034 0.37105787 0.31236899 0.35461917]
348 19.442637554706696 [0.21381857 0.21358484 0.22273944 0.27720971 0.33219488 0.29937402
 0.33409645 0.37006756 0.31150187 0.35562021]
349 17.77496351807415 [0.21425514 0.21309535 0.22227318 0.27714711 0.33166357 0.29975772
 0.33446433 0.36922289 0.31074693 0.35631096]
350 14.151288969760053 [0.21452369 0.21264049 0.22165352 0.2772295  0.33125881 0.30001576
 0.33507195 0.36851136 0.30999276 0.35740279]
351 18.805413161967433 [0.21470233 0.21235509 0.22105378 0.27697227 0.33129607 0.30038954
 0.33567007 0.36836993 0.309414   0.35799993]
352 16.34204615267528 [0.21470931 0.21215609 0.22053674 0.27683306 0.33149432 0.30040619
 0.335503   0.36819453 0.30863894 0.35777895]
353 15.857528272342815 [0.21478155 0.21195345 0.22009233 0.27653191 0.33168195 0.30035771
 0.33547797 0.36818873 0.30772923 0.3575207 ]
354 14.106247936451815 [0.2149136  0.21173963 0.21969976 0.27641954 0.33174212 0.30032452
 0.33566645 0.36741477 0.30684299 0.35716318]
355 15.046973205885504 [0.21489481 0.21160232 0.2191857  0.27634673 0.33132912 0.30005747
 0.33576551 0.36683392 0.30576529 0.35693148]
356 14.402449992638338 [0.21476684 0.21151557 0.21866509 0.27629506 0.3305995  0.29984253
 0.33582215 0.36642171 0.30482517 0.35658536]
357 13.315333839130258 [0.21473791 0.21142178 0.21812374 0.27648715 0.32971363 0.29949701
 0.335514   0.3664644  0.30389125 0.35639704]
358 9.869839927269425 [0.21468366 0.21148326 0.21778868 0.27672731 0.32871445 0.29905699
 0.33570978 0.36685964 0.30291348 0.35602803]
359 16.484361908366967 [0.2145946  0.21152929 0.21752118 0.27672899 0.32792838 0.29846721
 0.33606733 0.3676673  0.30235798 0.35571037]
360 15.875956049321871 [0.21456985 0.21136156 0.21736972 0.27658476 0.32698645 0.29767629
 0.33629391 0.36903432 0.30181893 0.35486042]
361 17.268836834297417 [0.2145033  0.21113842 0.21752075 0.27652704 0.32563288 0.2971661
 0.33635692 0.37027046 0.30143769 0.35425091]
362 13.247324921227323 [0.21428104 0.21094491 0.21750468 0.27682668 0.32426173 0.29689158
 0.33649411 0.37148738 0.30089586 0.35391801]
363 11.611530925782263 [0.21427087 0.21083618 0.21758547 0.27709065 0.3229783  0.29664639
 0.33650288 0.37260935 0.30022807 0.35364612]
364 8.835243224101923 [0.21412898 0.21065753 0.21777921 0.27739251 0.32182725 0.29662513
 0.33665819 0.37339838 0.2995517  0.35351447]
365 13.795181492079351 [0.21392848 0.21048347 0.2179293  0.27778993 0.32043745 0.29704203
 0.33686476 0.37460986 0.29876648 0.35405686]
366 13.192967842527802 [0.21362421 0.21007667 0.21774852 0.2777277  0.31919598 0.29744647
 0.3373093  0.37556124 0.2981102  0.35405632]
367 13.975172161002817 [0.21340108 0.20969264 0.21743962 0.27794795 0.31788222 0.2979101
 0.33719516 0.37539239 0.29754517 0.35397636]
368 17.423668800274438 [0.21321866 0.2092164  0.21728379 0.27834405 0.31676841 0.29830581
 0.33780829 0.37536412 0.29694583 0.35387109]
369 13.380869241165541 [0.21305694 0.20894483 0.21716755 0.27903429 0.3157517  0.29872896
 0.33866562 0.37547786 0.29658281 0.3539594 ]
370 14.911207275135581 [0.21305275 0.20875886 0.21696847 0.27942822 0.31491274 0.29932073
 0.33948931 0.37562963 0.29616499 0.35425594]
371 18.614339005228103 [0.21309466 0.20843595 0.21683529 0.27954795 0.31416419 0.30013514
 0.3405344  0.37440133 0.29604903 0.35472805]
372 14.146728595674253 [0.21317447 0.20825387 0.21670269 0.2795     0.31382773 0.30105744
 0.34146941 0.37310705 0.29595919 0.35514575]
373 14.831392499603853 [0.21352382 0.2079794  0.21652963 0.27978735 0.31368379 0.30195872
 0.3424689  0.37196643 0.29578725 0.3554593 ]
374 15.799214929665029 [0.21393919 0.20777931 0.2164926  0.27999304 0.31397787 0.3027031
 0.34337701 0.37102602 0.29550216 0.35583137]
375 15.604688232104266 [0.21411344 0.20753561 0.21660057 0.28006374 0.31382473 0.30329831
 0.34391541 0.36990109 0.2953119  0.35612985]
376 17.10924293999674 [0.21423774 0.20726616 0.21669027 0.28024763 0.31351651 0.30377582
 0.34442596 0.3688749  0.29520745 0.35620754]
377 15.962645629143168 [0.21426935 0.20692617 0.21669261 0.28053823 0.31295163 0.30417594
 0.34511334 0.36753481 0.2952357  0.3560775 ]
378 14.6952323686852 [0.21424112 0.20665423 0.21686205 0.28090164 0.3121215  0.3045208
 0.34574951 0.36619229 0.29519548 0.35601445]
379 14.938049087047638 [0.21419816 0.20628421 0.21703078 0.28103964 0.31162489 0.30495943
 0.34641918 0.3654277  0.29507107 0.35607582]
380 14.702094781737056 [0.21419012 0.20588454 0.21717367 0.28112365 0.310649   0.30532496
 0.34708429 0.3649203  0.29519483 0.3565542 ]
381 11.42817528810306 [0.21413644 0.20552285 0.21718705 0.28127277 0.30971792 0.30559233
 0.34794357 0.36461057 0.2953831  0.35718807]
382 13.676606159362379 [0.21405269 0.20507026 0.21707726 0.28156577 0.30882535 0.30558917
 0.3485587  0.36413263 0.29538267 0.35806184]
383 16.90440552019828 [0.21404066 0.20456213 0.2171727  0.28203723 0.30844218 0.30573076
 0.34898673 0.36374299 0.29524459 0.35906201]
384 19.700569244674906 [0.21416462 0.20405056 0.21727945 0.28253198 0.30840143 0.30575597
 0.34944344 0.36350142 0.29516759 0.35998942]
385 15.514365855979088 [0.21429253 0.20362737 0.21728657 0.28263139 0.30809129 0.30586109
 0.34957648 0.36387107 0.29531144 0.36121001]
386 18.2654782785056 [0.21439783 0.20320302 0.21728313 0.2828499  0.30777431 0.30569753
 0.34978738 0.36413979 0.2954181  0.36223709]
387 15.403972275460083 [0.21452309 0.20279687 0.21728168 0.28304248 0.30758995 0.30496492
 0.35030367 0.36453993 0.29548638 0.36337446]
388 17.18517147305777 [0.21447457 0.20227759 0.21725211 0.28323687 0.30773004 0.30394515
 0.35074509 0.36509533 0.29536711 0.36424306]
389 21.372262320468618 [0.21431946 0.20189423 0.21710798 0.2836016  0.30775438 0.30347209
 0.35145429 0.36532095 0.29529973 0.36521137]
390 16.34452120893155 [0.21385019 0.20157794 0.21689619 0.28421231 0.30791731 0.30331368
 0.35292521 0.36567303 0.29524854 0.36626678]
391 16.3055083284279 [0.21340172 0.20150187 0.21681219 0.28472785 0.30827747 0.3031551
 0.35403291 0.36569671 0.29520609 0.36745148]
392 21.455173015703654 [0.21309514 0.20152692 0.21682098 0.28506602 0.30856402 0.30237666
 0.3551581  0.36575355 0.29494745 0.36834598]
393 17.095412563048463 [0.21275584 0.20167004 0.21689796 0.2852777  0.30853976 0.30208319
 0.35592225 0.36610019 0.29468832 0.36888914]
394 20.75927182805648 [0.21256094 0.20180029 0.21701782 0.28512085 0.30844607 0.3018877
 0.35622604 0.36699918 0.29446894 0.36967403]
395 23.168071350799462 [0.2122579  0.2019194  0.2169468  0.28501346 0.30842831 0.30164474
 0.35679847 0.36752567 0.29421934 0.37014865]
396 347.41922354281223 [0.21187633 0.2020006  0.21691549 0.28465813 0.30818113 0.30132312
 0.35738804 0.36816139 0.29404635 0.36963864]
397 14.90878505358626 [0.21162684 0.20211488 0.216913   0.28447749 0.30808585 0.30115516
 0.35794875 0.36861314 0.29379299 0.36928885]
398 18.397679364500597 [0.21145611 0.2021607  0.21687853 0.28445439 0.30735023 0.3013263
 0.35831033 0.36936631 0.29373782 0.36913663]
399 13.929857278233893 [0.21122562 0.20217079 0.21692799 0.28438292 0.30649266 0.30148269
 0.35857644 0.37030241 0.29377165 0.36888168]
400 20.916511795784526 [0.21110817 0.20211817 0.2170981  0.28424399 0.30577794 0.30173426
 0.35939246 0.37089316 0.29364002 0.3689809 ]
401 11.188217999716757 [0.21133855 0.20215725 0.21706054 0.28409147 0.30525278 0.30205367
 0.35989004 0.37144579 0.2935332  0.36905305]
402 13.565514708053255 [0.21153967 0.20222828 0.2168499  0.28381932 0.30469521 0.30204672
 0.3610035  0.37221148 0.29326775 0.36887112]
403 19.839866836570316 [0.2116521  0.20228461 0.21679535 0.28350052 0.30408885 0.30202777
 0.36199846 0.37299796 0.29292583 0.36887168]
404 13.49080491617064 [0.21165566 0.20243814 0.21649604 0.28391894 0.30343036 0.30231223
 0.36257613 0.37342532 0.29262254 0.36867109]
405 9.245901927140805 [0.21146138 0.20241716 0.21639134 0.28418301 0.30289303 0.30254042
 0.36278683 0.37381354 0.29227678 0.36843159]
406 14.505582231975023 [0.21117755 0.20220424 0.21639833 0.28477218 0.30281892 0.30305065
 0.36290149 0.37380987 0.29204955 0.36830725]
407 13.288392431511362 [0.21075694 0.20203604 0.21643267 0.28597371 0.30274934 0.30332871
 0.36308017 0.37360996 0.29231652 0.36821091]
408 11.738758059314726 [0.21035257 0.20172042 0.21663008 0.28711741 0.30279545 0.30392511
 0.36348887 0.37368008 0.29260121 0.36778446]
409 14.591809800599133 [0.21010008 0.20142093 0.21694012 0.2884111  0.30286774 0.30437219
 0.36366798 0.37404432 0.29291764 0.36770244]
410 15.281014729237093 [0.20993651 0.20118453 0.21723024 0.28923075 0.3028103  0.30486793
 0.36392396 0.37429184 0.29314661 0.36749049]
411 15.028117706076294 [0.20969336 0.20093219 0.21763414 0.28972177 0.30272769 0.30486663
 0.3640417  0.37449519 0.29328902 0.36676897]
412 13.884643384619945 [0.20951855 0.20073738 0.21818499 0.29029711 0.30254405 0.30499697
 0.3645317  0.37520653 0.29346754 0.36591313]
413 9.428546585757493 [0.20946204 0.20058268 0.21871502 0.29106899 0.30214756 0.30503112
 0.36508022 0.3759514  0.29380325 0.36548959]
414 14.93482191976474 [0.20956167 0.20016762 0.21917417 0.29164202 0.30204305 0.30485258
 0.36544935 0.37662755 0.29402037 0.36537173]
415 15.0839225561458 [0.20955827 0.19960372 0.21966689 0.29221298 0.30171116 0.30480364
 0.36583924 0.37738756 0.29441028 0.36405895]
416 14.76027833918063 [0.20951713 0.19913786 0.22010106 0.29276989 0.30130635 0.3047011
 0.36606421 0.37789103 0.29494261 0.36292918]
417 14.4148853414614 [0.2094479  0.19865398 0.22040604 0.29356596 0.30073587 0.30416476
 0.36527421 0.37785965 0.29527519 0.36205547]
418 10.373286678095205 [0.2092722  0.19815748 0.22057142 0.29373868 0.30064762 0.30358879
 0.36455925 0.37885389 0.29545918 0.36094191]
419 13.350030393034979 [0.20920335 0.19760831 0.2207734  0.29384821 0.30064945 0.30302527
 0.36365699 0.38039637 0.29560922 0.35995913]
420 17.739035814554803 [0.20905915 0.19708425 0.22092787 0.29443268 0.30080822 0.30213032
 0.36364611 0.38192013 0.29530172 0.35971924]
421 11.75224321015068 [0.20894234 0.19652102 0.22106371 0.29507307 0.30120353 0.30151546
 0.36332122 0.38384049 0.29482425 0.35920667]
422 13.048316599221367 [0.20909794 0.19607841 0.22146744 0.29580414 0.30143188 0.30090738
 0.36317616 0.38618138 0.29439962 0.35880564]
423 12.142455920042448 [0.20914617 0.19583181 0.22185487 0.29631173 0.30172976 0.30041344
 0.36297128 0.38825063 0.29416255 0.35846858]
424 17.322270488015473 [0.20936926 0.19554108 0.22224698 0.2972013  0.30181613 0.29999122
 0.36292099 0.39008175 0.29416794 0.35803546]
425 11.367877916085456 [0.20965191 0.1952484  0.22254784 0.29800558 0.3019635  0.29956099
 0.36337802 0.39160077 0.29419795 0.35764029]
426 10.708081599329951 [0.20976381 0.19497736 0.22293216 0.29876903 0.30210631 0.29932849
 0.36376558 0.39163599 0.29452939 0.35733933]
427 11.94101797164135 [0.20975414 0.19470883 0.22316973 0.29938974 0.30207762 0.29916986
 0.36430931 0.39183108 0.29480183 0.3571963 ]
428 14.178937043691882 [0.20959479 0.19442918 0.22320683 0.30008559 0.30206767 0.29891366
 0.36513971 0.39143251 0.29510368 0.35671203]
429 16.05245590492187 [0.2093519  0.19410732 0.22325793 0.30104823 0.30196597 0.29883782
 0.36611249 0.39181193 0.29532968 0.35635275]
430 9.348129890098011 [0.20904633 0.19392933 0.22325054 0.30196244 0.30191104 0.29828252
 0.36657515 0.39221991 0.29534928 0.35598096]
431 14.36557198565766 [0.20870155 0.19372562 0.22315756 0.30290311 0.3020611  0.29782925
 0.36763881 0.39227385 0.2953819  0.35558836]
432 17.207690326866167 [0.20838965 0.19359911 0.22314741 0.30333032 0.30200749 0.29764364
 0.36876313 0.39281037 0.29543237 0.35485298]
433 16.864553901215395 [0.20798301 0.19346631 0.22313806 0.30324714 0.30170019 0.29750803
 0.36949218 0.39245754 0.2957987  0.35432445]
434 14.136158529207012 [0.20746044 0.19340496 0.22299659 0.30315567 0.3014237  0.29724531
 0.3701782  0.39191277 0.29598935 0.3536467 ]
435 11.323542249415553 [0.20697668 0.19341027 0.2227063  0.3029908  0.30097386 0.29703613
 0.37107608 0.39078222 0.2963533  0.35277363]
436 17.604338917853624 [0.20648568 0.19359281 0.22226538 0.30262557 0.30066775 0.29655831
 0.3720237  0.39056323 0.29683087 0.35211873]
437 16.59678473384467 [0.20611867 0.19395972 0.22216379 0.30213507 0.30005417 0.29631072
 0.37219734 0.38865376 0.29734654 0.35180721]
438 11.450354796725943 [0.20577687 0.1942824  0.22220499 0.30176768 0.30013629 0.29611079
 0.37232307 0.38770719 0.29781947 0.35149719]
439 14.592984056210284 [0.20539852 0.19445308 0.22214243 0.30137839 0.3001451  0.29592464
 0.3727129  0.38692403 0.29812495 0.35097091]
440 20.645803110512826 [0.20506918 0.19452339 0.22221865 0.30078262 0.3001609  0.29565239
 0.37324984 0.38622703 0.29835998 0.3502926 ]
441 18.135403112939535 [0.20478913 0.19473554 0.22224383 0.3000381  0.30024833 0.29548405
 0.3740686  0.38576112 0.29849995 0.35015289]
442 20.322364153642294 [0.20454003 0.19472557 0.22227331 0.29950554 0.30034186 0.29538968
 0.37463127 0.38535611 0.2985821  0.35030929]
443 16.57562211390615 [0.20438235 0.19492895 0.22227955 0.29904312 0.30050472 0.29514596
 0.37501738 0.38510846 0.29864155 0.35072908]
444 18.275652850330335 [0.20424195 0.1952108  0.22218277 0.29869117 0.30064619 0.2950603
 0.3752612  0.38471473 0.29886463 0.35111215]
445 17.521026733662126 [0.20417346 0.19531093 0.22211433 0.29849111 0.30080387 0.29497909
 0.37558393 0.38436051 0.29919758 0.3515114 ]
446 14.819847719556154 [0.20417232 0.19540419 0.22214737 0.29819811 0.30075616 0.29495026
 0.37551565 0.38417706 0.29916492 0.35220912]
447 13.575395707647747 [0.20415181 0.19554602 0.22185484 0.29797694 0.30089895 0.29486328
 0.37536945 0.38353129 0.29922825 0.35259588]
448 20.18526349940204 [0.20388802 0.19565374 0.22149696 0.29834981 0.30059025 0.29506952
 0.37529672 0.38312839 0.29919679 0.35296377]
449 15.104638441275547 [0.20375487 0.1957681  0.22141443 0.29884666 0.30064015 0.29528124
 0.37550706 0.3839407  0.29942205 0.35322045]
450 12.582498574552442 [0.20346024 0.19569253 0.22155798 0.29908669 0.3003684  0.29541453
 0.37603537 0.38452214 0.29982586 0.35390115]
451 15.360681942960298 [0.20306661 0.19567827 0.22152978 0.29906614 0.30023247 0.2956975
 0.37623494 0.38518426 0.29991088 0.35481004]
452 13.68966778510806 [0.20274357 0.19572412 0.22143825 0.29900625 0.3001717  0.2959905
 0.37646803 0.38583225 0.29988008 0.35598766]
453 15.234165429983982 [0.2025931  0.19568257 0.22157062 0.29926103 0.2999717  0.29603678
 0.3762162  0.38596932 0.30028714 0.35705891]
454 12.106903432306371 [0.20253224 0.19558127 0.22165787 0.29952068 0.29996534 0.29635997
 0.37600078 0.38593503 0.30037198 0.35834841]
455 12.157703760808014 [0.20264739 0.19545958 0.22164748 0.2998997  0.29985873 0.29670629
 0.37551916 0.38537165 0.30062631 0.35957716]
456 11.974411854084758 [0.20273264 0.19550156 0.22163216 0.30021496 0.29945312 0.29727641
 0.37422694 0.38482679 0.30082496 0.36090377]
457 13.652227558832422 [0.20275248 0.19537644 0.22163065 0.30084155 0.29803392 0.29757178
 0.37277362 0.38420558 0.3010583  0.36244697]
458 14.985042736072526 [0.20291382 0.19538424 0.22171073 0.3011547  0.29659269 0.29784746
 0.37125917 0.38412324 0.30118059 0.36375333]
459 13.668874473287827 [0.20307765 0.1953383  0.2218629  0.30154402 0.295428   0.29806483
 0.37044276 0.38413777 0.30130298 0.36490564]
460 12.328150572731865 [0.20317443 0.19506276 0.22195503 0.30185517 0.29451093 0.29865522
 0.37011653 0.38402619 0.30122159 0.36620563]
461 15.027878317286746 [0.20320563 0.19462022 0.22193035 0.30190985 0.29412199 0.2987526
 0.37012943 0.38427493 0.3004508  0.36768354]
462 13.148915062528303 [0.20342796 0.19411738 0.22186702 0.30183191 0.29384944 0.29876956
 0.3702456  0.38435308 0.29956206 0.36857093]
463 12.824289232535554 [0.20349514 0.19368705 0.22175689 0.30094668 0.29371885 0.29915219
 0.36996805 0.3847442  0.29865712 0.36974202]
464 12.82037029813468 [0.20377628 0.19326802 0.2219185  0.30015316 0.29376312 0.2992997
 0.36987387 0.3852233  0.29787413 0.37057703]
465 16.3477090328338 [0.20397642 0.19298415 0.2222306  0.29978698 0.29394286 0.29937422
 0.3700235  0.38576646 0.29713246 0.37150285]
466 18.6553066555662 [0.20415656 0.19277385 0.22267615 0.29918138 0.29422271 0.29911305
 0.37031481 0.38614779 0.2964098  0.37277176]
467 15.689439804281545 [0.20427394 0.19267499 0.22324411 0.29889378 0.29458991 0.2985205
 0.37065882 0.38630263 0.29596813 0.374017  ]
468 17.28225734274861 [0.20433546 0.19257512 0.22381011 0.29850414 0.2950132  0.29787216
 0.37090468 0.38653162 0.29563085 0.37493858]
469 17.021907108105083 [0.20443383 0.19229659 0.2239303  0.29828353 0.29543208 0.29718863
 0.37097053 0.3869759  0.29525417 0.37548229]
470 17.26413083839729 [0.20450788 0.19224124 0.22401716 0.29809631 0.29599681 0.29668441
 0.37119558 0.38528553 0.29487985 0.37559885]
471 15.602101736000908 [0.20448661 0.19225385 0.22391542 0.29792695 0.29615496 0.29598939
 0.37168495 0.38369767 0.2945791  0.37589921]
472 15.126079234285829 [0.20458987 0.19231563 0.2237225  0.29763406 0.29610747 0.29552971
 0.37196585 0.38214997 0.29433838 0.37613957]
473 18.58538465652523 [0.20469879 0.1923941  0.22370415 0.29742718 0.29607594 0.29518565
 0.37152011 0.38021329 0.29375764 0.37651087]
474 12.292034502978852 [0.20488537 0.19257531 0.22386785 0.29736349 0.29583559 0.29477117
 0.37134445 0.37845282 0.29373663 0.37710711]
475 19.51695803482962 [0.20468242 0.1926338  0.22412667 0.29744608 0.2954249  0.29411465
 0.37096934 0.3767286  0.29382516 0.37814135]
476 14.509949843109279 [0.20451778 0.19270828 0.22439104 0.29780369 0.29530017 0.29335844
 0.37070187 0.37564313 0.29378771 0.37952911]
477 13.539263870033892 [0.20428287 0.19276933 0.22452493 0.29815502 0.29521035 0.2926034
 0.37070076 0.37461012 0.29376393 0.38050708]
478 13.421281909624838 [0.20414089 0.19282491 0.22477584 0.29857381 0.29511876 0.29200931
 0.37110337 0.37368846 0.29350255 0.38157895]
479 17.29764605401444 [0.20402745 0.19293169 0.22511625 0.29872398 0.29503306 0.2915065
 0.37212224 0.37323998 0.29317467 0.38239882]
480 15.086263846911905 [0.20377054 0.19299213 0.22553718 0.29919925 0.29462563 0.29117818
 0.37352479 0.37283365 0.29285605 0.38356398]
481 12.553681909572894 [0.20348448 0.1931585  0.2260687  0.30000525 0.29429808 0.29106908
 0.37443381 0.37242445 0.2924756  0.3846585 ]
482 15.911887944616376 [0.20319872 0.19343218 0.22654317 0.30134185 0.29403187 0.29078962
 0.3749787  0.37218052 0.29221764 0.38588831]
483 13.988781597292114 [0.20264792 0.19362834 0.22659511 0.30256174 0.29380491 0.29061712
 0.3754499  0.37188172 0.29201522 0.38642727]
484 14.176259944454872 [0.20209875 0.19375477 0.22651015 0.30376209 0.29362048 0.29033908
 0.37569576 0.37158935 0.29176637 0.38692654]
485 15.89060354368942 [0.20159623 0.19390786 0.22648116 0.30478827 0.29362039 0.29017863
 0.37513467 0.3714595  0.29147785 0.38774321]
486 13.23729749463476 [0.20115638 0.19401355 0.22641495 0.30534276 0.29334751 0.29030582
 0.37432952 0.37101048 0.29140296 0.38861501]
487 11.457165171965032 [0.20087033 0.194104   0.22632441 0.30614314 0.29266418 0.2905517
 0.37402971 0.37086007 0.29144605 0.38983404]
488 14.513786969734173 [0.20050422 0.19413849 0.2262476  0.30679067 0.29246949 0.29097344
 0.37364551 0.371193   0.29123703 0.39002808]
489 11.335688645055084 [0.20011626 0.19410479 0.22617805 0.30673633 0.29256345 0.29142267
 0.37285493 0.37173681 0.29127124 0.39033694]
490 15.818847572755761 [0.19985465 0.19389645 0.22598237 0.30683431 0.29255302 0.29181424
 0.37208033 0.37210242 0.29124883 0.39054839]
491 13.382404705831506 [0.19973135 0.19369762 0.22588835 0.30708914 0.29250617 0.29253743
 0.37120969 0.37289278 0.29126176 0.3906765 ]
492 11.247079670625622 [0.19971692 0.1936715  0.22590664 0.30688355 0.29232414 0.29281688
 0.37035606 0.37401751 0.29120267 0.39079358]
493 16.42275524018023 [0.19978019 0.19362611 0.22583485 0.30689177 0.29230713 0.29295138
 0.36959024 0.3748914  0.29116986 0.39131449]
494 17.59628172057586 [0.19984518 0.19355938 0.22572483 0.30636919 0.29249651 0.29314746
 0.36858942 0.37537783 0.29063454 0.39200333]
495 11.674683521584843 [0.19992627 0.19359547 0.22563149 0.30543834 0.29279978 0.29307444
 0.36738189 0.37545875 0.29017885 0.39250304]
496 20.990214235007066 [0.19990838 0.19371699 0.22518744 0.30473813 0.29317739 0.29288937
 0.36568319 0.3754208  0.29011547 0.39276856]
497 13.297221260522157 [0.19984799 0.1938349  0.22495119 0.3041947  0.2936849  0.292701
 0.36423157 0.37530364 0.29008159 0.39250419]
498 10.729128711445501 [0.19974894 0.19376475 0.22469399 0.30401165 0.29434432 0.2923333
 0.36283945 0.37480795 0.28999088 0.39317724]
499 18.852775245252584 [0.19965932 0.19366256 0.22427618 0.30371341 0.29516516 0.29175214
 0.36104364 0.37477871 0.28993417 0.39395075]
