0 223.17713639146262 [0.30103135 0.30009376 0.29540577 0.30196895 0.29915616 0.30103135
 0.2982186  0.30384414 0.29821856 0.30196894]
1 215.6910906819453 [0.30214945 0.30227464 0.29177233 0.30350123 0.29842174 0.30199561
 0.29649155 0.30516953 0.29907088 0.30316047]
2 209.19344536247905 [0.30254084 0.30295329 0.2885383  0.30586979 0.29766351 0.3031707
 0.29572344 0.30648542 0.30135885 0.30447643]
3 275.1385182990723 [0.30190278 0.30383002 0.28565959 0.3082773  0.29754833 0.30414984
 0.29488509 0.30678067 0.30192689 0.30516647]
4 284.478752423762 [0.30168167 0.30455394 0.28373788 0.30991802 0.29789529 0.30464463
 0.29453946 0.30679906 0.30276746 0.30589401]
5 225.41021760654968 [0.30166895 0.30438232 0.28181605 0.31045531 0.29889068 0.30498428
 0.29395747 0.30713127 0.30267882 0.30590527]
6 240.06649388118805 [0.30152383 0.30444543 0.2803699  0.3114566  0.29899547 0.30520595
 0.29344274 0.30782461 0.30273489 0.30592587]
7 217.491432222588 [0.30148922 0.30482583 0.27941    0.31240953 0.29883177 0.30570254
 0.2928206  0.30868106 0.30270086 0.3061236 ]
8 232.3214267912312 [0.30136953 0.30547078 0.27813292 0.31304683 0.298666   0.30588139
 0.29234263 0.30936765 0.30267057 0.306303  ]
9 214.62483078983752 [0.30112453 0.30592358 0.27709778 0.31350332 0.29865325 0.30586991
 0.29104386 0.31001768 0.30273273 0.30661205]
10 223.52184480021387 [0.30057299 0.3067342  0.27612151 0.31387313 0.29865475 0.30563705
 0.29003648 0.31072341 0.30287929 0.30695199]
11 197.61241387157958 [0.30029469 0.30748154 0.27495394 0.3145459  0.29861642 0.30583017
 0.28890757 0.3116512  0.30321072 0.30723267]
12 204.34270050860243 [0.29986843 0.3077869  0.27402174 0.31493772 0.29843507 0.30586175
 0.28766861 0.31231863 0.30342002 0.30789245]
13 171.29386761680416 [0.29964907 0.30812602 0.27344553 0.31485857 0.29814806 0.30563435
 0.28629355 0.31271504 0.30309701 0.30869432]
14 174.42238986219414 [0.29935545 0.30830527 0.27285451 0.3148386  0.29824672 0.30542831
 0.2851799  0.31323087 0.30304398 0.30950605]
15 221.2205864701507 [0.29905131 0.30839112 0.27201496 0.3151338  0.29820104 0.30553391
 0.2841195  0.31358804 0.30306364 0.31028919]
16 221.24228258423906 [0.29887288 0.30858927 0.27145202 0.31534678 0.29823366 0.30539023
 0.28309252 0.31342347 0.30263865 0.31104818]
17 230.71059522833042 [0.29818981 0.30845043 0.27056072 0.31563413 0.29826038 0.30552615
 0.28205747 0.31351985 0.3020812  0.31156181]
18 174.37129922588127 [0.29778686 0.30807476 0.26944207 0.31618798 0.29837894 0.30560432
 0.28127771 0.31377328 0.30164414 0.31224977]
19 211.65984617907282 [0.29748847 0.30766487 0.26840501 0.31658477 0.29876331 0.30569099
 0.28046467 0.3138961  0.30135013 0.31299937]
20 152.4283456636541 [0.29761803 0.30720889 0.2673882  0.31695639 0.29886353 0.3062068
 0.27985726 0.3139218  0.30083878 0.31385537]
21 152.4798153250589 [0.29735898 0.30705961 0.2661805  0.31736505 0.29886631 0.30665354
 0.27942769 0.31402155 0.30011328 0.31456422]
22 157.86926657276337 [0.29708768 0.30711279 0.26517584 0.31768471 0.29905707 0.30724893
 0.27886999 0.31420849 0.29925504 0.31547484]
23 168.82816021237304 [0.29708789 0.30744856 0.26433071 0.31805572 0.29926062 0.3073346
 0.27822692 0.31440866 0.29853924 0.31633788]
24 137.94617915872558 [0.29723645 0.30747186 0.26351029 0.31854721 0.2994598  0.30749804
 0.27773682 0.31464808 0.29817629 0.31691519]
25 154.9205060711089 [0.29746854 0.30768644 0.2625072  0.31883652 0.29958017 0.3075947
 0.2773581  0.31492211 0.29781409 0.31719492]
26 163.44135052511098 [0.29771896 0.30780826 0.26147751 0.31922308 0.30006463 0.30769736
 0.27689837 0.31530587 0.29738312 0.31741461]
27 135.0514029218321 [0.29772724 0.3078225  0.26075887 0.31965101 0.30043625 0.30778025
 0.27647257 0.31541614 0.29697515 0.31776012]
28 149.65824723339608 [0.29803829 0.30793334 0.25978001 0.31974588 0.3007178  0.30780943
 0.27615509 0.31567833 0.29671324 0.31847198]
29 150.9122780308809 [0.29851073 0.30828522 0.25898752 0.31971727 0.30086239 0.30791169
 0.27606958 0.31624816 0.29669812 0.31885141]
30 141.28685299380362 [0.2989561  0.30852308 0.2586098  0.31934521 0.30089573 0.30787832
 0.27596315 0.31684725 0.29683354 0.31956083]
31 114.10785675311283 [0.29949194 0.30894591 0.25792047 0.31938894 0.30105324 0.30769691
 0.27590211 0.31762284 0.29685083 0.31985391]
32 148.47419906996055 [0.29987182 0.30952918 0.25707154 0.31915866 0.30110436 0.30764963
 0.27582317 0.31801098 0.29679566 0.32020994]
33 476.59388951664494 [0.30029506 0.31019508 0.25620527 0.31912304 0.30129439 0.30789248
 0.27602131 0.3184636  0.29672148 0.32031281]
34 130.12237841335815 [0.30023051 0.31071542 0.25540871 0.3190904  0.30139987 0.3079927
 0.27643785 0.31833633 0.2967981  0.32038969]
35 120.76791293270588 [0.30031186 0.31140602 0.25503699 0.319072   0.3013209  0.30811452
 0.27681685 0.31842412 0.29675177 0.32036774]
36 113.52732952615011 [0.30024141 0.31196279 0.25471001 0.31889121 0.30111531 0.30791461
 0.27680093 0.31853428 0.29658984 0.32061995]
37 477.8627622665513 [0.30010092 0.31230601 0.25429101 0.31890344 0.30086406 0.30783214
 0.27680697 0.31862647 0.29647103 0.32105177]
38 118.55715502436783 [0.3000381  0.31288182 0.25379236 0.31900671 0.30060842 0.30756431
 0.27664488 0.31894659 0.29639126 0.32154481]
39 126.73708453693493 [0.29977357 0.31327443 0.25322587 0.31898316 0.30049287 0.30697992
 0.27655732 0.31953484 0.29647847 0.32180283]
40 96.20763299412985 [0.2995756  0.31347809 0.25268318 0.31907065 0.30018406 0.30644554
 0.27657184 0.32025092 0.29687067 0.32181858]
41 112.31749489343206 [0.29940534 0.31372309 0.25191468 0.31915362 0.29966116 0.30574749
 0.27632927 0.32107276 0.29727184 0.32177604]
42 114.24829677823493 [0.29924726 0.31396806 0.2512319  0.31968237 0.29950251 0.30511595
 0.27648658 0.32194523 0.29751093 0.32237388]
43 467.72931534635836 [0.29899985 0.31417203 0.25070143 0.32033926 0.29924106 0.30458151
 0.27683367 0.3220362  0.2976028  0.32351818]
44 469.97299246089835 [0.29869513 0.31434408 0.25030635 0.32104226 0.29905512 0.30411299
 0.27710886 0.32191187 0.29802523 0.32421112]
45 471.58837471566693 [0.29833985 0.31421567 0.24996932 0.32157547 0.29903092 0.30332049
 0.27713757 0.32163275 0.29865397 0.32483175]
46 467.3665835464954 [0.29771292 0.3140361  0.24981679 0.32230844 0.2988302  0.30260958
 0.27650156 0.32152069 0.29917085 0.32555926]
47 119.07388263496122 [0.29740824 0.31396603 0.24993029 0.32291894 0.29831873 0.30190523
 0.27590677 0.3215228  0.29963301 0.32615024]
48 124.03985700020448 [0.29710976 0.31387032 0.2499417  0.32335141 0.29777731 0.3011636
 0.27535439 0.32163765 0.30015729 0.32690769]
49 468.27090926961364 [0.29629283 0.31406601 0.25011582 0.32376249 0.29740176 0.30065511
 0.27483677 0.32165795 0.30016299 0.32785807]
50 109.99274673710374 [0.29552837 0.31412128 0.25030861 0.32427616 0.29732984 0.30015631
 0.27415047 0.32194235 0.30025702 0.32908163]
51 98.56420464742868 [0.29462224 0.3142008  0.25044238 0.32433616 0.29754469 0.29988751
 0.2735649  0.32190966 0.30023316 0.33014495]
52 457.5966247716524 [0.2934949  0.31427207 0.25051489 0.32436115 0.29774106 0.30003545
 0.27327541 0.32187026 0.30038714 0.33144925]
53 95.24263262208174 [0.29230955 0.31447045 0.25080006 0.32446686 0.29796033 0.30010638
 0.27262724 0.3217328  0.30076539 0.33247342]
54 110.09167022425441 [0.29093653 0.31435171 0.25095497 0.32440243 0.29803776 0.29991172
 0.27212932 0.32136944 0.3010902  0.33332507]
55 89.24557635010746 [0.28981904 0.31384556 0.25118889 0.32408042 0.29817977 0.29973927
 0.27153344 0.3212887  0.30131953 0.33422716]
56 430.02352169256477 [0.288849   0.31366142 0.25128779 0.32371899 0.29843125 0.29978051
 0.27093085 0.32144794 0.30102366 0.33531315]
57 97.94267278465068 [0.28789688 0.31326406 0.25112074 0.32331671 0.29822389 0.29983646
 0.27024725 0.32160178 0.30093014 0.33637307]
58 91.08923774200576 [0.28681572 0.31272206 0.2509909  0.32312229 0.29794418 0.30004157
 0.26931127 0.32202907 0.30092652 0.33692492]
59 100.81792068876257 [0.28583991 0.31197428 0.25080814 0.32243681 0.29756535 0.30051666
 0.26861113 0.32258031 0.30113493 0.33714033]
60 109.62530782860301 [0.28487986 0.31118623 0.25083917 0.32148561 0.2972405  0.30081273
 0.26824651 0.3230888  0.30144065 0.33742385]
61 99.7353642583796 [0.28390966 0.31002969 0.25088583 0.32024901 0.29651822 0.30107527
 0.2677003  0.32349461 0.3014201  0.33731851]
62 99.3760722591415 [0.28293457 0.30878725 0.25131407 0.31917512 0.29572806 0.30167949
 0.26694239 0.32394707 0.30141749 0.33731908]
63 441.0218300363401 [0.28185537 0.30754297 0.25133546 0.31821355 0.29507253 0.3020525
 0.26640356 0.32413884 0.3012684  0.33736783]
64 99.96445539826385 [0.28105879 0.30633057 0.25111633 0.31726736 0.29451583 0.30230404
 0.26585982 0.32428392 0.30112286 0.33755369]
65 115.8803903444788 [0.28047877 0.30536524 0.2506961  0.3163797  0.29380229 0.30264349
 0.26531122 0.32433662 0.30087941 0.33816253]
66 90.55398699137868 [0.27984652 0.30474276 0.2501184  0.31541608 0.29301495 0.30320896
 0.26464707 0.32458753 0.30052302 0.33870599]
67 444.4099318475512 [0.27914686 0.30383072 0.24941085 0.31446992 0.29228973 0.30392962
 0.26410947 0.32503247 0.30029965 0.33920538]
68 91.17442477156195 [0.27814314 0.3029275  0.24877539 0.31365774 0.29125537 0.30472157
 0.26343824 0.32567273 0.29995362 0.33952484]
69 95.9981714910524 [0.27716707 0.30219728 0.24815058 0.31275817 0.29007242 0.30541239
 0.26282534 0.3266381  0.29920676 0.34038754]
70 104.25857489740903 [0.27626583 0.30144351 0.24749393 0.31201134 0.28896046 0.3061236
 0.2623108  0.32728269 0.2983004  0.34124641]
71 458.13994400627683 [0.27517534 0.3010156  0.24711355 0.31158404 0.28789285 0.3061496
 0.26207779 0.32769114 0.29753892 0.34183589]
72 792.5789084355754 [0.27431096 0.30074721 0.24673335 0.31126945 0.28715998 0.30630264
 0.26193492 0.3280812  0.29679834 0.34270114]
73 99.992012338242 [0.27362319 0.30017153 0.24632949 0.31121366 0.28669633 0.30614126
 0.26202537 0.32852546 0.29647526 0.3436101 ]
74 101.79529079554096 [0.27290527 0.299891   0.24566162 0.31127198 0.28638669 0.30588139
 0.26194495 0.32928584 0.29611311 0.34449425]
75 96.19069048138317 [0.27216338 0.29961142 0.24501829 0.31137419 0.28627122 0.30561063
 0.26178527 0.3300357  0.29562292 0.34505263]
76 91.21399628083648 [0.27128974 0.29928573 0.24428643 0.31160448 0.28612562 0.30538861
 0.26149802 0.33073425 0.29528027 0.34547537]
77 97.03717724530733 [0.27026669 0.29932221 0.24329858 0.3120236  0.28595687 0.30487841
 0.26129991 0.33133294 0.29492262 0.34574834]
78 101.78156410587171 [0.26948425 0.29900948 0.24213661 0.31231118 0.28581871 0.30463324
 0.26103246 0.33192933 0.29435141 0.34644044]
79 85.6083142543346 [0.26861479 0.29809162 0.24114756 0.31245753 0.28528991 0.3045712
 0.26088715 0.33221103 0.29383245 0.3466082 ]
80 99.45161008369057 [0.26786524 0.29726688 0.24030047 0.31251921 0.28483043 0.3043995
 0.26063945 0.33259443 0.29333462 0.34684976]
81 93.00962009033034 [0.26703985 0.29649123 0.23947236 0.3126653  0.28442661 0.30458432
 0.26040299 0.33270304 0.29299468 0.34704091]
82 98.52586623579893 [0.26624798 0.29542094 0.23877806 0.3126643  0.28429494 0.30473357
 0.26032329 0.33288144 0.29243189 0.34719763]
83 433.28400819770604 [0.26553949 0.29437446 0.23807655 0.31263715 0.28422298 0.30477979
 0.26014166 0.33274256 0.29200062 0.34728103]
84 87.55821110678393 [0.26481655 0.29322072 0.23745455 0.31260776 0.28411604 0.30484613
 0.26002771 0.33256006 0.29161769 0.34751838]
85 75.71935638397612 [0.26415113 0.29180177 0.23684604 0.31274672 0.28396676 0.30516292
 0.25951934 0.33268581 0.2912604  0.34769695]
86 430.12793611776226 [0.26359422 0.29061113 0.23631933 0.3131025  0.28377049 0.30549783
 0.25877406 0.33253488 0.2907671  0.34776689]
87 421.391821021206 [0.26306872 0.28947393 0.23576497 0.31350933 0.28329191 0.30564072
 0.2579422  0.33235124 0.28989369 0.3477106 ]
88 82.0518851492354 [0.26221924 0.2883208  0.23519059 0.3140299  0.28328699 0.30564611
 0.25742779 0.33236864 0.28943696 0.34782665]
89 794.0131992900399 [0.26154789 0.28705124 0.23495619 0.31420628 0.28325221 0.30553665
 0.25713422 0.33229009 0.2888479  0.34782115]
90 427.05044223159257 [0.26093556 0.28586962 0.23460019 0.31433084 0.28333025 0.30529767
 0.25693184 0.33200755 0.28834773 0.34796364]
91 72.70655713668599 [0.26048624 0.28456546 0.23446152 0.31438816 0.28339688 0.30497169
 0.25681948 0.33166223 0.28788039 0.34837295]
92 73.16294363676144 [0.25970965 0.28343906 0.23440206 0.31387671 0.28349983 0.30500477
 0.25684503 0.33152924 0.28772901 0.34884071]
93 430.2618779055687 [0.25887568 0.28241242 0.23447647 0.31361903 0.28348235 0.30464104
 0.25696059 0.33128355 0.28749985 0.34948532]
94 427.90849316820527 [0.25815199 0.28145501 0.23440068 0.3131276  0.28342918 0.30439177
 0.25713971 0.33120971 0.28735514 0.3501367 ]
95 82.76468320029986 [0.25760425 0.28067349 0.23417853 0.31222579 0.28334672 0.30421424
 0.25754673 0.33113616 0.28722208 0.35084167]
96 77.66420340859734 [0.25680074 0.28020033 0.23388204 0.31133206 0.28281677 0.30426878
 0.25793106 0.33134719 0.28675253 0.35179623]
97 426.1817295640084 [0.25600188 0.2798567  0.23374202 0.3104697  0.28234062 0.30430805
 0.25836175 0.33088056 0.28640809 0.35305618]
98 87.72235046607986 [0.25519094 0.27935974 0.23352239 0.30964386 0.28173649 0.30412445
 0.25893922 0.33033078 0.28603915 0.35400336]
99 81.70817243061572 [0.25437716 0.27892068 0.23302377 0.30860834 0.28137739 0.30393442
 0.25952307 0.32952308 0.28560253 0.35518665]
100 86.1152766443548 [0.25363029 0.27855933 0.23244974 0.30776468 0.28119205 0.30376745
 0.25999485 0.32887411 0.28508387 0.35621928]
101 433.1110189262146 [0.25296863 0.27839181 0.23195718 0.30717805 0.28076727 0.30361103
 0.26050395 0.32832082 0.28464076 0.35718926]
102 79.55748705739968 [0.25224639 0.27809977 0.23152098 0.30650938 0.28022246 0.30336951
 0.26087978 0.32783371 0.2841485  0.35796072]
103 82.7962302094407 [0.25158929 0.27781999 0.23101966 0.30587388 0.27972048 0.30323531
 0.26113315 0.32723611 0.28397558 0.35849883]
104 69.81874816884323 [0.25069381 0.27754497 0.23053304 0.30553463 0.27927951 0.30298118
 0.26129928 0.32645344 0.28388877 0.35973781]
105 76.30234519825676 [0.24986683 0.27719195 0.23008819 0.3052745  0.27885184 0.30258436
 0.26141405 0.3255008  0.28352291 0.36049318]
106 74.21085889559488 [0.24893157 0.27686785 0.22964936 0.30493858 0.27868169 0.30199706
 0.26146009 0.32453277 0.28268027 0.36119153]
107 69.39009249019725 [0.24786087 0.27630632 0.22907114 0.30465822 0.2788858  0.30148013
 0.26145416 0.32351983 0.28200744 0.36186535]
108 65.38986677293757 [0.24667698 0.27617065 0.22856221 0.30474374 0.27903309 0.30148877
 0.2614365  0.32284879 0.2817903  0.36217652]
109 60.89944163388886 [0.24563998 0.27622233 0.22812732 0.30469299 0.27924489 0.30161231
 0.26138282 0.32211133 0.28179433 0.36249129]
110 58.67408122287144 [0.24477642 0.27630465 0.22743336 0.30467652 0.2795372  0.30169066
 0.26142338 0.32131348 0.28183186 0.36282327]
111 58.3245403759439 [0.24382447 0.27618574 0.22666118 0.30434666 0.2795857  0.30127408
 0.26173031 0.32088123 0.28173344 0.36297493]
112 52.01012925264101 [0.2430918  0.27604313 0.22571478 0.30393685 0.27944395 0.30104121
 0.26202165 0.320316   0.28160456 0.3630579 ]
113 43.1225375130128 [0.24242027 0.2758112  0.22488259 0.30376482 0.27926201 0.30099673
 0.26208075 0.31975025 0.28160117 0.36265416]
114 48.15794158293426 [0.24178955 0.27555998 0.22429027 0.30364075 0.27868023 0.30112402
 0.26204924 0.31932638 0.28163795 0.3622864 ]
115 53.9181507774379 [0.24109674 0.27529892 0.2240096  0.30349912 0.27813321 0.30131166
 0.26226867 0.31876228 0.281666   0.36198532]
116 57.281621320031746 [0.24044229 0.27496986 0.22366159 0.30319339 0.2775082  0.30136502
 0.2622555  0.31790598 0.281725   0.36165962]
117 53.48822556846331 [0.23976138 0.27465052 0.22320047 0.30297766 0.27704368 0.3016919
 0.26211774 0.31718243 0.28170644 0.36170586]
118 65.88940920422621 [0.23922484 0.27437817 0.22261233 0.30298617 0.27661465 0.3022175
 0.26206531 0.31662803 0.28193617 0.36231345]
119 55.91489936579398 [0.23882095 0.27424143 0.2222     0.30298653 0.27609231 0.3028873
 0.26197471 0.31624187 0.28202683 0.36305966]
120 59.809562011553766 [0.23838867 0.27388857 0.22186353 0.30266401 0.27539465 0.30359349
 0.2621788  0.31619829 0.2819584  0.36323519]
121 58.99438968741819 [0.23806977 0.27361292 0.22176583 0.30232858 0.2749426  0.30458868
 0.26265141 0.31620975 0.28190797 0.3634759 ]
122 61.195619974164224 [0.23766911 0.27310174 0.22164201 0.3018404  0.27449579 0.30582734
 0.26302965 0.31618744 0.28203504 0.36376209]
123 56.406562959214256 [0.23741747 0.27232096 0.22157404 0.30092047 0.27408489 0.30682314
 0.26339826 0.31590976 0.28193948 0.36416988]
124 50.608295953440255 [0.23712966 0.27140854 0.22129829 0.3000972  0.27382474 0.30776225
 0.26386268 0.31601163 0.28203402 0.36424881]
125 56.25183708008845 [0.23673797 0.27052181 0.22124558 0.29894819 0.27352254 0.30864312
 0.26425736 0.31607941 0.28245732 0.36460209]
126 414.0766536171211 [0.2364525  0.26993098 0.22135302 0.29782094 0.27307295 0.30944489
 0.26478184 0.31604869 0.2829721  0.36512315]
127 420.4888693825715 [0.23618634 0.26937604 0.22131575 0.29675647 0.27264338 0.31031587
 0.26512345 0.31605941 0.28329872 0.36544204]
128 44.074831874073155 [0.23594858 0.26898358 0.2210943  0.2958397  0.27226384 0.31099564
 0.2654453  0.31630396 0.28390019 0.3656953 ]
129 57.44004213185052 [0.23584818 0.26891165 0.22104931 0.29472514 0.2718333  0.3115539
 0.26572668 0.31632987 0.28419331 0.36599692]
130 399.21434105322896 [0.23583882 0.26899531 0.22111566 0.29375889 0.27162201 0.31220359
 0.26584833 0.31664075 0.28418486 0.36604884]
131 44.015054859155654 [0.23579365 0.26904891 0.22125676 0.29316679 0.27159297 0.31269313
 0.26607061 0.31656471 0.28431924 0.36637729]
132 46.21040053311582 [0.23572033 0.26872462 0.2216059  0.29282552 0.27131696 0.31334097
 0.26634206 0.31661942 0.28467935 0.36709983]
133 51.59368298723048 [0.23557689 0.26834166 0.22175379 0.29253474 0.27083004 0.3140642
 0.26627614 0.31672267 0.28469508 0.36759435]
134 51.224305982432114 [0.23546812 0.26779008 0.2215588  0.292395   0.27031459 0.31489951
 0.26639953 0.31666602 0.28472876 0.36854632]
135 404.6637880727201 [0.23527214 0.26714441 0.22134755 0.29211952 0.26974736 0.31564473
 0.26679854 0.3167535  0.28466731 0.36953543]
136 50.82319082356652 [0.23506892 0.26666818 0.221173   0.29195358 0.26923738 0.31611584
 0.26707595 0.31710026 0.28459593 0.37025065]
137 44.27263658368386 [0.23506264 0.26658396 0.22084393 0.29154338 0.26889134 0.31635621
 0.26754723 0.31727363 0.28469663 0.37105559]
138 41.86470388371649 [0.23511179 0.26630761 0.22044114 0.29124228 0.26867347 0.31691224
 0.26808273 0.31749165 0.28549322 0.37174547]
139 406.5448872594887 [0.23514162 0.26611877 0.22007495 0.29117972 0.26860206 0.31778367
 0.26850617 0.31769454 0.28639439 0.37253634]
140 40.50939599624091 [0.23546375 0.26601279 0.21951762 0.29111136 0.26858262 0.31860979
 0.26917701 0.31802867 0.28728913 0.37276795]
141 41.67040355193721 [0.2357071  0.26626877 0.21890414 0.2911159  0.2684864  0.31966337
 0.26955632 0.31769155 0.28847898 0.37208103]
142 402.8494337839097 [0.23605714 0.26666137 0.21812668 0.29086599 0.26840008 0.32057243
 0.26989451 0.31734356 0.28964643 0.37139733]
143 45.1077412330275 [0.23638805 0.26727526 0.21736677 0.29038255 0.26835811 0.32103764
 0.27024993 0.31660205 0.29107381 0.37132031]
144 44.19418138806253 [0.23651818 0.26800227 0.21675734 0.28958259 0.26856582 0.32147695
 0.27078349 0.31580504 0.29228931 0.37110553]
145 47.34158999676156 [0.23648278 0.2684805  0.21620639 0.28900945 0.26867727 0.32192672
 0.27111007 0.31488196 0.29334475 0.37055106]
146 54.19085541870444 [0.23662787 0.26912366 0.21576195 0.28850913 0.26871285 0.32243455
 0.27122952 0.31389891 0.2944872  0.36968246]
147 56.08644788192805 [0.2370747  0.26939322 0.21535464 0.28836161 0.26880634 0.32300385
 0.27132964 0.31326744 0.29580093 0.36929581]
148 52.13323272718435 [0.23742248 0.26963668 0.21492984 0.28838524 0.26893458 0.32284964
 0.27158601 0.31233787 0.29727816 0.36898313]
149 413.8579104223054 [0.23765677 0.26947521 0.21438176 0.28836542 0.26930063 0.32235202
 0.27190843 0.31170674 0.29837474 0.36833274]
150 50.83616462925233 [0.23773532 0.26926398 0.21373544 0.28813318 0.26977267 0.3219423
 0.2722353  0.31132665 0.29918867 0.36784104]
151 36.11900157710262 [0.2376995  0.26880638 0.21320554 0.28794591 0.27021591 0.32159802
 0.27239981 0.31107085 0.30016836 0.36763245]
152 385.23385395552987 [0.23773925 0.26829127 0.21260337 0.28759918 0.27060577 0.32117878
 0.27284101 0.3109243  0.30149271 0.36734049]
153 36.30468845328391 [0.23776019 0.26787924 0.21193202 0.28715556 0.27137684 0.32061656
 0.27317427 0.31070966 0.30232294 0.36676344]
154 42.89108566686527 [0.23763287 0.2675666  0.21136674 0.28687032 0.27216628 0.32017642
 0.27316622 0.3106995  0.30288551 0.36599407]
155 50.977021152751085 [0.23743317 0.26690736 0.21084568 0.28642483 0.27295229 0.32027289
 0.27317534 0.31081917 0.30348408 0.36514575]
156 54.08481974053499 [0.2372786  0.26593808 0.21049049 0.28590013 0.27356575 0.3203858
 0.27329577 0.31113191 0.30390833 0.36435891]
157 40.214472055908146 [0.23701781 0.26489548 0.21027897 0.28532644 0.27382138 0.3204165
 0.27380558 0.31180235 0.30465384 0.36310335]
158 399.04083958514934 [0.23684459 0.26367266 0.21005404 0.28443882 0.27401877 0.32042664
 0.27438829 0.31256632 0.3051529  0.3620598 ]
159 40.3473331492965 [0.23711188 0.26254508 0.2096613  0.28369237 0.27403621 0.32049003
 0.27480272 0.31316602 0.30535905 0.36113853]
160 395.030237390816 [0.23714022 0.26168987 0.20924572 0.28286632 0.27397698 0.3205369
 0.27519721 0.3138121  0.30526593 0.36029233]
161 49.8830522262584 [0.23722527 0.26118326 0.20894658 0.28201701 0.27380261 0.32052528
 0.27556958 0.31451095 0.30533332 0.35967931]
162 42.99888574781571 [0.23735448 0.26053423 0.20876787 0.28096496 0.27403611 0.32076583
 0.27567766 0.31462473 0.3055492  0.35921074]
163 38.66070507441277 [0.23730406 0.25998499 0.20866044 0.2800808  0.27455422 0.32085296
 0.27592653 0.31472346 0.30514548 0.35869474]
164 55.10023790057117 [0.23699182 0.25925747 0.2084013  0.27894324 0.27494604 0.32077517
 0.2759001  0.3144487  0.30472489 0.35833589]
165 38.264653244701385 [0.23678204 0.25835236 0.20835023 0.27782097 0.27515309 0.32023082
 0.27581947 0.3144552  0.30431435 0.35776302]
166 45.955937921606264 [0.23684957 0.2578935  0.20805439 0.27675605 0.27517178 0.32013429
 0.27567696 0.31445979 0.30392801 0.3576003 ]
167 47.306235635427555 [0.23688886 0.25767419 0.20787332 0.27579905 0.27512695 0.32006052
 0.27525373 0.31420154 0.30361334 0.35751669]
168 395.335240007325 [0.23684535 0.25736872 0.20739697 0.27506617 0.2750808  0.32018042
 0.27487727 0.31409819 0.30367845 0.35690412]
169 41.78481805051007 [0.23692892 0.25726154 0.20702948 0.27414195 0.27511389 0.32040555
 0.274606   0.3139083  0.30372248 0.35632106]
170 37.74964328007396 [0.23689763 0.25724551 0.20659327 0.27349021 0.27517798 0.32066774
 0.2741739  0.31412396 0.30368568 0.35574583]
171 52.49278264636538 [0.23677504 0.25734675 0.20592281 0.27303169 0.27524452 0.32104207
 0.2736449  0.31422454 0.30383741 0.35497435]
172 43.625436706843914 [0.23676336 0.25761113 0.20525958 0.2724026  0.27508636 0.32119907
 0.27359129 0.31449204 0.30465233 0.35422716]
173 39.52378470623682 [0.23659065 0.25788648 0.20456466 0.27185508 0.27487848 0.32129605
 0.27350122 0.31431112 0.30589498 0.35379316]
174 55.5381213861059 [0.23637687 0.25836244 0.20361155 0.27141703 0.27442969 0.32126253
 0.273364   0.31428958 0.30655601 0.35347632]
175 38.68602643115807 [0.23630533 0.25881668 0.20277677 0.27114111 0.27395219 0.32075666
 0.27313754 0.31443344 0.3069913  0.35315462]
176 40.21135251780022 [0.23608175 0.25911216 0.20220471 0.27088782 0.27360569 0.32030673
 0.27303136 0.31455359 0.3070905  0.35305295]
177 45.47865097946044 [0.23576019 0.25956508 0.20167624 0.27083474 0.27332548 0.31961485
 0.27247644 0.31469707 0.30767726 0.35322709]
178 37.71103283514442 [0.23555398 0.25940093 0.20120723 0.27085538 0.27306405 0.31892469
 0.27225579 0.3146129  0.3084339  0.35313744]
179 36.93124823209976 [0.23528686 0.25938196 0.20071151 0.27083167 0.27294331 0.31860347
 0.27199893 0.31466872 0.30903161 0.35339447]
180 38.18572673534371 [0.23472961 0.25935024 0.20014895 0.27074637 0.27301927 0.3183073
 0.27204392 0.31505499 0.30989292 0.35345644]
181 45.124155714347 [0.23390351 0.25950857 0.19977743 0.27062943 0.27282297 0.31821236
 0.27228014 0.31563162 0.31000014 0.35354653]
182 47.90696480340071 [0.23296035 0.25960497 0.19959873 0.27035605 0.27276943 0.31811802
 0.27287335 0.3159594  0.30915889 0.35344539]
183 43.05322376392671 [0.23221193 0.25944823 0.19935695 0.26970709 0.27281565 0.31807587
 0.27355285 0.31660549 0.30860095 0.35361052]
184 34.4253593562551 [0.23153062 0.2594034  0.19944832 0.26923138 0.27284016 0.31882063
 0.27413856 0.31770592 0.3089563  0.35396633]
185 37.30574747989321 [0.23098992 0.25921439 0.19945141 0.26863857 0.27298832 0.31943348
 0.27477268 0.31895584 0.30905519 0.35407267]
186 377.2050130074446 [0.22986133 0.25855308 0.19931104 0.26834044 0.27335349 0.31972792
 0.27566877 0.31967047 0.30922384 0.35439398]
187 35.83601498395255 [0.22871846 0.25782493 0.19926492 0.26799616 0.27385192 0.3197964
 0.27645112 0.32039166 0.30942374 0.35486277]
188 32.8533048189227 [0.22780762 0.25724424 0.199188   0.26757436 0.27440114 0.31989608
 0.27695269 0.3208495  0.30956613 0.35513432]
189 37.488897694631845 [0.22703387 0.25677263 0.19911392 0.26717421 0.27487852 0.31987922
 0.27725668 0.3214042  0.30974758 0.35542811]
190 32.39295154634407 [0.22640874 0.25617641 0.19912198 0.26689134 0.27569676 0.31983579
 0.27733288 0.3219285  0.30954247 0.35575846]
191 31.275817747236328 [0.22586125 0.25576561 0.19915874 0.26640311 0.27668196 0.31959239
 0.27720842 0.32282049 0.3087221  0.35637679]
192 37.35127542979947 [0.22526147 0.25540075 0.19912758 0.26618924 0.27765591 0.31896215
 0.2769643  0.32393731 0.30836512 0.35709767]
193 37.485929744695824 [0.22484095 0.25525221 0.19925803 0.26602382 0.27842517 0.31834428
 0.27690158 0.32507715 0.30746255 0.35833827]
194 43.267933146193165 [0.2244976  0.25505553 0.19943995 0.26586221 0.27910025 0.31769005
 0.27695254 0.32616679 0.30666603 0.35927369]
195 37.25317199361003 [0.22409255 0.25455125 0.19949258 0.26576777 0.27951742 0.31686233
 0.27695904 0.32674195 0.30570184 0.36008108]
196 40.22035410866611 [0.22378242 0.25391576 0.19952529 0.2659539  0.27984907 0.31607233
 0.27712805 0.3272008  0.30486099 0.36043014]
197 42.05326445856201 [0.22347128 0.25335108 0.19958883 0.26610155 0.28001051 0.31545934
 0.27732053 0.32728118 0.30417361 0.36091201]
198 44.16037879879824 [0.22332345 0.25286083 0.19961548 0.26622307 0.28003818 0.31477156
 0.2770228  0.32693694 0.30381125 0.36194436]
199 49.7915490828582 [0.22310588 0.25234217 0.19959523 0.26637487 0.27978256 0.31402108
 0.27686073 0.32662215 0.30344145 0.36314046]
200 43.400845008421435 [0.22253603 0.25207082 0.19963749 0.26644031 0.2793511  0.31306937
 0.27683364 0.32630141 0.30268264 0.36428218]
201 33.529165495207224 [0.22177101 0.25165961 0.19961578 0.26648216 0.27901442 0.3122443
 0.27689254 0.32550322 0.3018496  0.36505754]
202 42.1178590094465 [0.22111459 0.25118706 0.19971675 0.26648052 0.27868804 0.31120918
 0.27684388 0.32504741 0.30107921 0.36588808]
203 36.21212427276481 [0.22058684 0.25074124 0.19972175 0.26659513 0.27844909 0.31012011
 0.27704848 0.32524131 0.29985448 0.36630574]
204 33.23013955764726 [0.2199635  0.25028956 0.19976486 0.26664081 0.27812734 0.308776
 0.27753999 0.32508345 0.298806   0.36653026]
205 32.23387569651295 [0.2193595  0.24993893 0.19988697 0.2666163  0.2778921  0.30784042
 0.27811495 0.32492591 0.29797399 0.36653237]
206 50.44047259366867 [0.21880013 0.24971488 0.19967044 0.26655782 0.27782068 0.30726862
 0.27854158 0.32445299 0.29706035 0.36634073]
207 40.59931732934841 [0.21827206 0.24941813 0.19959225 0.26645795 0.27766898 0.30677075
 0.27886172 0.3241493  0.2962593  0.36578999]
208 32.17548578839402 [0.21802835 0.24913356 0.199599   0.26615857 0.27749349 0.30621672
 0.27904371 0.32353744 0.2956629  0.36510145]
209 32.84444277139087 [0.21763505 0.24887597 0.19965599 0.26585794 0.27724246 0.30567573
 0.27915696 0.3225472  0.29497137 0.36490931]
210 35.09889587379883 [0.21714366 0.24846759 0.19954691 0.26563549 0.27706037 0.30484728
 0.27880252 0.32153712 0.2943455  0.36487736]
211 34.64144181836025 [0.21674278 0.24815947 0.1991882  0.26545148 0.27692186 0.30419835
 0.27866368 0.32065693 0.29362233 0.36506085]
212 31.68169922483354 [0.21636019 0.24771658 0.19906929 0.26504253 0.27664558 0.30329542
 0.27877853 0.32008356 0.29306594 0.36540145]
213 33.90848052132856 [0.21585948 0.24744688 0.19897313 0.26442448 0.27628119 0.30270427
 0.27884903 0.31954607 0.29234234 0.36559187]
214 37.66194705654148 [0.2148043  0.24717408 0.19900167 0.26362302 0.27643507 0.30209086
 0.2789206  0.31835397 0.29126605 0.36557086]
215 38.81839658592132 [0.21369874 0.24701862 0.19895403 0.26257256 0.27633869 0.30140152
 0.27899763 0.31725719 0.28991879 0.36568145]
216 31.158079612095683 [0.21263875 0.24658558 0.19879452 0.26147933 0.27654709 0.30094137
 0.27906999 0.3161476  0.2893912  0.36519968]
217 31.992844550837926 [0.21167321 0.2462512  0.19859074 0.26033412 0.27674798 0.30043437
 0.27891257 0.31515579 0.28854931 0.36490798]
218 38.41843711664337 [0.21090252 0.24600355 0.19838742 0.25940519 0.27706043 0.30024425
 0.27867609 0.31387581 0.28786893 0.36464181]
219 35.66420390135454 [0.21039673 0.24597606 0.19816113 0.25847032 0.27734777 0.29986641
 0.27843913 0.31261088 0.28747735 0.3640595 ]
220 35.60472477782355 [0.20993822 0.24580336 0.19787804 0.25761694 0.2774153  0.29930538
 0.27838754 0.31165995 0.28722485 0.36372439]
221 33.79616692318061 [0.20951471 0.24543775 0.19754262 0.25691306 0.27770329 0.29854586
 0.27834385 0.31063283 0.28703233 0.36351621]
222 42.56715786963535 [0.20908945 0.24533788 0.19708461 0.25622643 0.27802492 0.29782369
 0.27819373 0.30966659 0.28658959 0.36326867]
223 44.204095994502126 [0.2088618  0.2450167  0.19659781 0.25564152 0.27847282 0.29691382
 0.27810411 0.30869311 0.2859474  0.36339896]
224 37.4374746118671 [0.20857381 0.24504771 0.19596734 0.25516078 0.27897333 0.29588477
 0.27782758 0.30779142 0.28516062 0.36353728]
225 33.46187790780401 [0.20831909 0.2453197  0.19529562 0.25486563 0.27946695 0.29475075
 0.27757008 0.30677444 0.28441349 0.36355994]
226 26.368040861014038 [0.20821313 0.24567458 0.19467706 0.25455338 0.27968332 0.29352468
 0.27743751 0.30577531 0.2836942  0.36364032]
227 30.87324673888861 [0.20800254 0.2457535  0.19375872 0.25430625 0.27983028 0.29258032
 0.27743909 0.3051662  0.28280575 0.36369028]
228 26.86114193367519 [0.20772324 0.24584768 0.19281564 0.25394229 0.27990558 0.29182256
 0.27760896 0.30455429 0.28182392 0.36359811]
229 31.347624978009254 [0.2074416  0.24579515 0.19190893 0.25364965 0.27993101 0.29155366
 0.2777712  0.30414893 0.28089756 0.36384517]
230 34.085651591600524 [0.20713854 0.24579081 0.19121849 0.25354208 0.28000304 0.290996
 0.27780078 0.30350801 0.28023034 0.36398918]
231 36.32969235816481 [0.20701727 0.24607485 0.19048716 0.25346875 0.28043245 0.29065484
 0.27774101 0.30295982 0.27957529 0.3642163 ]
232 30.142278649558122 [0.20678201 0.24611862 0.18988677 0.25354359 0.28064616 0.29043036
 0.27766431 0.30251411 0.27925631 0.36433892]
233 37.637376981480685 [0.20647665 0.24618372 0.18931077 0.25364911 0.28079101 0.28998627
 0.27758002 0.30195592 0.27895767 0.36462602]
234 28.64685691308447 [0.20614704 0.24643068 0.18881199 0.25386713 0.28091863 0.28959135
 0.27744625 0.3013326  0.27842275 0.36491752]
235 45.30734976642101 [0.2058559  0.24659685 0.18823057 0.25399144 0.28116114 0.28943088
 0.27727268 0.30079195 0.27801552 0.36515528]
236 26.674914693810898 [0.20562611 0.24696831 0.18754291 0.25414823 0.28092199 0.28943414
 0.27753389 0.30011439 0.27771147 0.36500021]
237 33.79967272798852 [0.20540287 0.2473618  0.18681964 0.25432633 0.28063812 0.2890028
 0.27767743 0.29964063 0.27717343 0.36473676]
238 30.642177862031662 [0.205018   0.24760496 0.18623032 0.25445125 0.28075138 0.2886459
 0.27787594 0.29925079 0.27663666 0.36475845]
239 26.359005477752557 [0.20464519 0.24745539 0.18555166 0.25464312 0.28109471 0.2884091
 0.27840688 0.2991667  0.27628406 0.36478581]
240 26.242933453439075 [0.20426064 0.24685457 0.18475469 0.25470723 0.28128351 0.28865063
 0.27856109 0.29912067 0.27583514 0.36460492]
241 27.635436378010688 [0.20387025 0.24649057 0.1839844  0.25471434 0.28141657 0.28878086
 0.27854775 0.29887704 0.27546776 0.36447394]
242 24.753322279789955 [0.20364504 0.24608326 0.18351125 0.25476579 0.28174595 0.28941205
 0.27851569 0.29874439 0.27491284 0.36467062]
243 22.704958498911317 [0.20330001 0.2452632  0.18312135 0.25468763 0.2817974  0.29000551
 0.27850625 0.29867547 0.27462191 0.36493617]
244 28.01227489630869 [0.20310366 0.24445623 0.18261928 0.25436362 0.28195215 0.29086525
 0.27819375 0.29869406 0.27445519 0.36501951]
245 26.72389401361793 [0.20277683 0.24350183 0.18222089 0.25399055 0.28201628 0.29176565
 0.27781925 0.2986993  0.27424601 0.3651593 ]
246 26.28648080520447 [0.20266321 0.24277166 0.18183821 0.25328208 0.2820153  0.29267624
 0.27754056 0.29905735 0.27376969 0.36538274]
247 29.48997006968625 [0.20248897 0.24213617 0.18158176 0.25264707 0.28189321 0.29353256
 0.27729255 0.29947227 0.2735389  0.36569731]
248 33.503831841342475 [0.2022791  0.24160971 0.18151793 0.25211709 0.28214149 0.29446379
 0.27715646 0.29933569 0.27317586 0.36628812]
249 35.87747669272138 [0.20190944 0.24115824 0.18142528 0.25166421 0.2823578  0.29546713
 0.27738341 0.29955239 0.27298925 0.3672179 ]
250 33.97334223730804 [0.20159466 0.24085509 0.1812135  0.25115583 0.28264921 0.29639427
 0.27766369 0.29996022 0.27259807 0.36770918]
251 42.626062955671884 [0.20132787 0.24096519 0.18095293 0.25054522 0.28296279 0.29718975
 0.27803966 0.30037237 0.2723794  0.36815906]
252 26.096414051724935 [0.20095153 0.24093002 0.18079046 0.25029822 0.2831173  0.29809161
 0.27839496 0.30099568 0.27229062 0.36837368]
253 26.784708581976194 [0.20063598 0.24108507 0.18066733 0.25008352 0.28303869 0.2987713
 0.27846697 0.30146338 0.27219004 0.36829249]
254 34.02897616949838 [0.20042931 0.24115803 0.1805156  0.24987733 0.28306214 0.29941386
 0.27830269 0.30210838 0.27208389 0.36836421]
255 35.12601653299446 [0.20012758 0.24123694 0.18039576 0.24938083 0.28301755 0.2999422
 0.27831614 0.30261775 0.27185584 0.36821632]
256 28.972332855623296 [0.19987454 0.24154562 0.18009094 0.24893619 0.28295896 0.30053876
 0.27829568 0.30309719 0.27123206 0.36820838]
257 30.825207564148158 [0.19956391 0.24136026 0.17975605 0.24831563 0.28285179 0.3009131
 0.2783241  0.30354417 0.27023159 0.36833524]
258 37.821536666291465 [0.19912308 0.24123026 0.17941339 0.24778803 0.28299943 0.30135496
 0.27858889 0.3041385  0.26933013 0.36822401]
259 32.53948462124932 [0.19874963 0.24122837 0.17901177 0.24726155 0.28286659 0.3018569
 0.27921075 0.30436186 0.26879566 0.3684841 ]
260 35.15154294256006 [0.19838569 0.24121113 0.17862264 0.24665038 0.2827747  0.30261984
 0.27955919 0.30455368 0.2684367  0.36890837]
261 25.271284452322465 [0.19792967 0.24100565 0.17830516 0.24618028 0.28287557 0.30323742
 0.28000179 0.30449787 0.26829654 0.36953524]
262 27.631278854957834 [0.19748487 0.24096424 0.17797506 0.24591861 0.28298482 0.30403006
 0.28070441 0.30440802 0.26780279 0.37039839]
263 31.0026263296821 [0.19721502 0.24104861 0.1777339  0.24568615 0.28310987 0.30468185
 0.28147258 0.30452785 0.26719457 0.37138677]
264 25.897704528596975 [0.19698544 0.24106794 0.17741766 0.24494763 0.28318666 0.30547694
 0.28222016 0.30478678 0.26692949 0.37291589]
265 32.28826065221902 [0.19671281 0.24114059 0.17715588 0.24412183 0.28304765 0.30630645
 0.28326644 0.30507781 0.26660239 0.37424064]
266 23.74581872124231 [0.19648244 0.2414464  0.17690432 0.24327776 0.28275348 0.30711076
 0.28399721 0.30552054 0.26635133 0.3753435 ]
267 22.68373457638934 [0.19641107 0.24184413 0.17667318 0.24236057 0.28246963 0.30758097
 0.28468494 0.30576931 0.26611883 0.37639078]
268 26.881254887161113 [0.19617661 0.24211543 0.17659945 0.24146939 0.28209676 0.30824562
 0.28531672 0.30620997 0.265946   0.37745544]
269 34.80773170303772 [0.19598349 0.24256881 0.17642626 0.24057699 0.28143573 0.30888252
 0.28580396 0.30637947 0.26589246 0.3786604 ]
270 31.961227453830105 [0.19571528 0.24303767 0.17644772 0.2397202  0.28082352 0.30963069
 0.28654785 0.30655296 0.26559748 0.37955579]
271 25.825656738811347 [0.19529964 0.24342644 0.17645006 0.2388583  0.28031094 0.31080679
 0.28771987 0.30694833 0.26542324 0.3805107 ]
272 35.901648640454674 [0.19490681 0.24385186 0.17640606 0.2380679  0.27976644 0.31170627
 0.28890859 0.3071595  0.26526687 0.38148585]
273 29.95884291060772 [0.19456978 0.24430525 0.17616313 0.23721519 0.27930852 0.3123753
 0.29005827 0.30774129 0.265144   0.38228853]
274 32.85497046381936 [0.19427462 0.24470373 0.17584358 0.23643572 0.27866627 0.31311704
 0.29104603 0.30828004 0.26516473 0.38319065]
275 36.275076271565794 [0.19398709 0.2450014  0.17549085 0.23579198 0.27811234 0.31399684
 0.29213443 0.30902273 0.26508375 0.38492956]
276 27.879800498213335 [0.19385119 0.24511471 0.17524114 0.23507602 0.27775734 0.31496455
 0.29307339 0.30962357 0.26487758 0.38714191]
277 32.562177794583384 [0.19378418 0.2453893  0.17524873 0.23454604 0.27750447 0.31584581
 0.29393349 0.31009123 0.26448917 0.38906514]
278 28.448009794174432 [0.19370165 0.24562151 0.17509048 0.23421291 0.27782101 0.31702073
 0.29482229 0.31036516 0.26393342 0.39056283]
279 37.53932117363306 [0.19358421 0.24594573 0.17487853 0.2340424  0.27808458 0.31813352
 0.29543708 0.31027698 0.26342077 0.39181576]
280 31.650885047090366 [0.19340743 0.24641971 0.17473192 0.23410025 0.27838727 0.31879778
 0.29611772 0.31028819 0.26303727 0.39335485]
281 40.87663710883833 [0.19328903 0.24649682 0.17459901 0.23418198 0.27860384 0.31952964
 0.29677197 0.31039865 0.26279428 0.39529696]
282 36.012315469015064 [0.19290196 0.2465949  0.17451906 0.23414397 0.27860165 0.32033359
 0.29766775 0.31067029 0.26261001 0.39754237]
283 32.0055301935472 [0.19253619 0.2467901  0.17444497 0.23417847 0.27852814 0.32106693
 0.2981953  0.31093385 0.26231519 0.399403  ]
284 394.61197588785257 [0.19219705 0.24694848 0.17432621 0.23425608 0.27851875 0.32154952
 0.29861161 0.31086047 0.26233231 0.40140516]
285 27.068882411111275 [0.19198545 0.2470824  0.17419061 0.23426212 0.27835382 0.32169135
 0.2991051  0.31079955 0.26225528 0.4034909 ]
286 41.0329725251605 [0.19190465 0.24719638 0.17410421 0.23423572 0.27803304 0.32153484
 0.29937113 0.31090189 0.26232393 0.40518867]
287 43.756879395376274 [0.19212229 0.24677415 0.17406317 0.23407921 0.27763726 0.32079509
 0.29962084 0.31089311 0.26209294 0.40645777]
288 28.367269941354884 [0.19234754 0.24663652 0.1740136  0.23367208 0.27721028 0.32005043
 0.29948524 0.31074159 0.26178661 0.40809768]
289 32.899241064907365 [0.19257647 0.24643585 0.1739498  0.23330355 0.27660751 0.31941971
 0.29916423 0.31066318 0.26147812 0.40943154]
290 29.766978835508667 [0.19275443 0.24612191 0.1739017  0.23278239 0.27582089 0.31873683
 0.29844692 0.31057789 0.26120709 0.41071686]
291 24.690836977884203 [0.19285077 0.24573948 0.1738241  0.23236055 0.27541841 0.31783622
 0.29777686 0.31055616 0.26106028 0.41142021]
292 31.583600562396263 [0.19292697 0.24559123 0.17369835 0.2317962  0.27475646 0.31679337
 0.29703309 0.31050536 0.26108498 0.41165268]
293 32.4105243076222 [0.19292106 0.24556343 0.17364618 0.23128859 0.27443745 0.31576427
 0.29644898 0.31038391 0.26122543 0.41193182]
294 24.223747272340415 [0.19292795 0.24529297 0.17350954 0.2310263  0.27422793 0.3150687
 0.29605346 0.30992794 0.26124127 0.41214648]
295 31.851552326253604 [0.1930521  0.24515505 0.1735335  0.23082096 0.27431022 0.31446487
 0.29556554 0.30955776 0.26123958 0.41235902]
296 33.128569998640224 [0.19316955 0.24536904 0.17369773 0.23066797 0.27442246 0.31402617
 0.29533826 0.30933157 0.26125553 0.41208313]
297 28.79200979810365 [0.19324042 0.24551007 0.17384629 0.23056699 0.27446132 0.31403096
 0.29496272 0.30927929 0.26112201 0.41136376]
298 24.417307167109104 [0.19336275 0.24554912 0.1739244  0.23035889 0.27422751 0.31409153
 0.29475508 0.30937789 0.26103742 0.41117466]
299 28.80311830710195 [0.19357757 0.24556974 0.17403627 0.23020411 0.27395008 0.31429456
 0.29474641 0.30931697 0.26116901 0.41123152]
300 35.18743282595308 [0.19390131 0.24576026 0.17403098 0.23025131 0.27393599 0.31428303
 0.29465041 0.3091702  0.26180059 0.41151503]
301 383.74769875258414 [0.19412253 0.24603485 0.17401359 0.23024681 0.27381369 0.31419405
 0.29457236 0.30935619 0.2621451  0.41162647]
302 29.492023229820433 [0.19423194 0.24624421 0.17393162 0.23035995 0.27379502 0.31424305
 0.29411729 0.30942768 0.26222292 0.41161716]
303 28.290730172525976 [0.1945829  0.24614067 0.1739467  0.23054091 0.27395615 0.31442477
 0.29327323 0.30921402 0.26223396 0.41182464]
304 23.301089363981607 [0.19500523 0.24610567 0.1739422  0.23080134 0.27413289 0.31446561
 0.29269618 0.3091169  0.26201441 0.41207934]
305 28.371208663959273 [0.19534995 0.24632355 0.17386716 0.23102129 0.27444731 0.31440263
 0.29249396 0.30900847 0.26168293 0.41256899]
306 29.985961267391982 [0.19574036 0.24639189 0.17374388 0.2313323  0.27483205 0.31432321
 0.29229643 0.30838844 0.26142169 0.41298417]
307 37.979448846534794 [0.19613923 0.24619507 0.17375287 0.23166268 0.27502487 0.31433664
 0.29172388 0.30772913 0.2614889  0.41308836]
308 31.959668617228353 [0.19654062 0.24599431 0.17380965 0.2321171  0.27528109 0.31428626
 0.29088698 0.30703727 0.2614556  0.41334509]
309 29.837283822251788 [0.19692223 0.24580826 0.17374569 0.23248721 0.27521714 0.31447899
 0.29031163 0.30643788 0.2614246  0.41322771]
310 38.90704845686678 [0.19704912 0.24578175 0.17366904 0.23274896 0.27519842 0.31449506
 0.28975881 0.30571785 0.26156323 0.41311883]
311 31.85256747753797 [0.19723101 0.24569445 0.17357271 0.2327295  0.27534071 0.31422759
 0.28919557 0.30493759 0.26180368 0.41312402]
312 32.90672570787471 [0.19744063 0.24549433 0.17350049 0.23265434 0.27544019 0.31374767
 0.28863634 0.30433607 0.26175864 0.41308426]
313 387.17867879593155 [0.19755521 0.2453983  0.17336417 0.23263093 0.27544444 0.31312972
 0.28824527 0.30358001 0.26183326 0.41279743]
314 41.536432109174626 [0.19761998 0.24557432 0.17331452 0.23252682 0.27518948 0.31229968
 0.28776558 0.30303127 0.26195286 0.41204067]
315 35.73322203956623 [0.19749088 0.24551857 0.17338481 0.23245116 0.27500684 0.3116687
 0.28732595 0.30247506 0.26165636 0.41127132]
316 38.79230480938497 [0.19743945 0.24540569 0.17354704 0.23235856 0.27489116 0.3109872
 0.28713213 0.30206583 0.26123407 0.41055397]
317 391.67242274864964 [0.19729709 0.24529322 0.1737413  0.2321684  0.27482227 0.3106065
 0.28688905 0.3012611  0.26019605 0.40990742]
318 34.44926667347071 [0.19701155 0.24523537 0.17388697 0.23190333 0.27506681 0.310834
 0.28669606 0.30064848 0.25915431 0.40946223]
319 38.61010334323679 [0.19677744 0.24510882 0.17399143 0.23149044 0.27508941 0.31125207
 0.28652556 0.29983678 0.25818008 0.40900375]
320 42.638615738676 [0.19668968 0.24476114 0.17402804 0.23113594 0.27514913 0.31165775
 0.28643169 0.29882855 0.25734207 0.40818015]
321 35.99197320430139 [0.19668083 0.24441969 0.174013   0.2306187  0.27532761 0.3119063
 0.28627621 0.29796489 0.25665919 0.4076483 ]
322 36.4317779746855 [0.19671572 0.24409297 0.17391966 0.23024478 0.27542944 0.31211681
 0.28605607 0.29715016 0.25584032 0.40675186]
323 35.18778383593986 [0.19674225 0.24364671 0.17367544 0.22994751 0.27517293 0.3120532
 0.28583667 0.29655275 0.25546135 0.40613057]
324 37.503866289635276 [0.19666153 0.24324222 0.17362286 0.2297629  0.27495738 0.31178674
 0.28592621 0.29590397 0.25479799 0.4059343 ]
325 35.329963122148435 [0.19643038 0.24262462 0.17362137 0.22954177 0.27481861 0.31184637
 0.28596167 0.29551843 0.25414581 0.40567045]
326 32.3082520293071 [0.19609593 0.24190634 0.17347854 0.22932986 0.2748158  0.31184371
 0.28599685 0.29518274 0.25359666 0.40522901]
327 35.80082395874551 [0.19602095 0.24135103 0.17334598 0.22907813 0.27542901 0.31180211
 0.2859019  0.29462356 0.25319138 0.40495891]
328 29.41005458170534 [0.19586691 0.2406447  0.17318177 0.22880315 0.27607561 0.3120116
 0.28558629 0.29400322 0.25290643 0.40469875]
329 30.05860955404256 [0.1955764  0.23996333 0.17295919 0.22858558 0.27690931 0.31210984
 0.28518003 0.2935552  0.25257922 0.40439052]
330 28.737256443945313 [0.1953118  0.23956006 0.1726928  0.22840965 0.27758825 0.31203065
 0.28495663 0.29304465 0.25250568 0.40448381]
331 33.45835355329666 [0.19515676 0.23918047 0.17240635 0.22790797 0.27807237 0.31241247
 0.28485862 0.29264235 0.25257543 0.4049903 ]
332 31.27141855965162 [0.19517105 0.23893295 0.1722754  0.22751795 0.27868745 0.3129959
 0.28473128 0.29221466 0.25254673 0.40484293]
333 25.784761728334615 [0.1951442  0.23841661 0.17213533 0.22730549 0.27898607 0.31343523
 0.28519497 0.29208454 0.25264991 0.40502502]
334 41.89514673272234 [0.1949212  0.2378669  0.17213271 0.22705624 0.27917214 0.31402972
 0.28559791 0.29175558 0.25263284 0.40487034]
335 38.221825654970914 [0.19476686 0.23752355 0.17215497 0.22681145 0.27939349 0.31411252
 0.28605271 0.29154658 0.25243218 0.40440313]
336 33.22673026879212 [0.19467781 0.23742509 0.17222495 0.22629349 0.27952223 0.31418761
 0.28631913 0.29129135 0.25204496 0.403985  ]
337 30.159160641771315 [0.19473006 0.23734968 0.17223381 0.2259748  0.27964583 0.31442985
 0.28688413 0.29152955 0.25143538 0.40311042]
338 31.12708803641773 [0.194957   0.23710153 0.17211992 0.22554993 0.27972883 0.3148249
 0.28744766 0.29176324 0.25076451 0.40257337]
339 32.32910999898756 [0.19515583 0.23681053 0.17183759 0.22512622 0.27996901 0.31529234
 0.28791787 0.29190196 0.2501994  0.40221579]
340 29.77509925597421 [0.19523892 0.236554   0.17170081 0.22466568 0.28014563 0.31557116
 0.28849027 0.29164138 0.24980698 0.40222854]
341 28.901532267252144 [0.19518967 0.23641058 0.17148101 0.224124   0.28052238 0.31558287
 0.2895146  0.29156314 0.24960506 0.40234651]
342 30.545269258468366 [0.19519206 0.23638646 0.17127787 0.2238051  0.28087882 0.31552628
 0.29075657 0.29133599 0.24928636 0.40228684]
343 38.783334063255936 [0.19534127 0.23637944 0.17106384 0.22352019 0.28130595 0.31570741
 0.29065736 0.29121125 0.24884835 0.40195046]
344 28.570035760493774 [0.19562365 0.23638557 0.17084938 0.22352053 0.28156767 0.31577842
 0.29039981 0.29099227 0.2483767  0.4019648 ]
345 29.15488786361874 [0.19617933 0.23638013 0.17068769 0.22350639 0.28204632 0.31574936
 0.29027266 0.29081398 0.24797384 0.40168232]
346 28.33187320137147 [0.19668114 0.23629723 0.17037758 0.22361293 0.28201294 0.31575225
 0.28999692 0.29051026 0.24786192 0.40163586]
347 36.073673178773625 [0.19710959 0.2361927  0.17012134 0.22369324 0.28174524 0.31562043
 0.28976269 0.29015184 0.247781   0.40160721]
348 33.06310981082066 [0.19744291 0.23609762 0.16992907 0.22371426 0.28147458 0.31548855
 0.28942794 0.2897986  0.24771446 0.40157393]
349 32.11829464911671 [0.19752968 0.23583847 0.16967618 0.22372339 0.28144836 0.31548888
 0.28903244 0.28926108 0.24759736 0.40139829]
350 35.07202069732787 [0.19773003 0.23552869 0.16947237 0.22377988 0.28140692 0.31533446
 0.28868987 0.28902578 0.24757694 0.4013944 ]
351 26.96089141176493 [0.197999   0.23499495 0.16922763 0.22375467 0.28162673 0.31515692
 0.28857002 0.28902067 0.24756125 0.40140788]
352 29.87623839832535 [0.19819159 0.23441766 0.16897957 0.2234505  0.28166336 0.3148349
 0.28852786 0.28906882 0.24750138 0.40155086]
353 34.58752919072709 [0.19850431 0.23357277 0.1688384  0.22328497 0.28163535 0.31463305
 0.28849894 0.28930567 0.24747818 0.40128398]
354 30.280009384866574 [0.19904124 0.23284057 0.16854484 0.22325347 0.28175099 0.31429826
 0.28858941 0.28971237 0.247631   0.40093115]
355 29.156971529467896 [0.19950142 0.23227942 0.16822863 0.22319141 0.28161095 0.31393089
 0.28839033 0.2903364  0.24775619 0.40079661]
356 29.642623666033792 [0.19970124 0.2317661  0.16785973 0.22300903 0.2812411  0.31363404
 0.28817864 0.29056194 0.24766356 0.40053701]
357 25.2969705742925 [0.19991654 0.23127423 0.16750182 0.22271867 0.28089136 0.31356186
 0.28788737 0.29092985 0.2478196  0.40016697]
358 23.828820246490473 [0.2000507  0.23084182 0.16713011 0.22256129 0.28070693 0.31347018
 0.28756924 0.29128714 0.24762581 0.39965924]
359 28.49277891237689 [0.20015516 0.23019355 0.16678974 0.22249039 0.28046394 0.31334745
 0.28723272 0.29177377 0.2475146  0.39915628]
360 28.86416558662648 [0.2005305  0.22946329 0.16651856 0.22235465 0.28018672 0.31337113
 0.28699541 0.29228454 0.24730713 0.39853435]
361 34.322601667389165 [0.20080707 0.22880748 0.16622594 0.22225657 0.27985477 0.31365031
 0.28668003 0.29258185 0.24707192 0.39816506]
362 31.377055344123526 [0.20095842 0.22801348 0.16609269 0.22235253 0.27919406 0.31353025
 0.28651151 0.29286037 0.24704074 0.39831549]
363 29.315678299682983 [0.20103475 0.22734503 0.16590132 0.22272254 0.27861223 0.31330165
 0.28644931 0.29317652 0.24706431 0.39824893]
364 28.096367969834517 [0.20100331 0.22673189 0.16546082 0.22304958 0.27822713 0.31307462
 0.28617225 0.29330893 0.2469164  0.39835412]
365 29.17980345481911 [0.20104735 0.22611603 0.16511027 0.22334971 0.27787419 0.31316807
 0.28564663 0.29339316 0.2468079  0.39863271]
366 39.82805231013536 [0.20107001 0.22573624 0.1648607  0.22366515 0.27746153 0.31319667
 0.28532352 0.29357603 0.2466722  0.39908647]
367 36.00251833322511 [0.2009846  0.22541407 0.16469965 0.22388354 0.27646438 0.31356332
 0.28490492 0.29377962 0.2467765  0.39887419]
368 33.39878507354104 [0.20088014 0.2250017  0.16468315 0.2240852  0.27572459 0.31383467
 0.28458291 0.29382276 0.24692995 0.3981424 ]
369 35.63476122075413 [0.20092343 0.22462044 0.16463092 0.22426442 0.27493743 0.31398764
 0.28424281 0.2940331  0.24696562 0.39743076]
370 31.299572272169975 [0.20071355 0.22428544 0.16440648 0.22444033 0.27427045 0.31407251
 0.2837887  0.29413903 0.24691082 0.39701316]
371 32.53216919805224 [0.20055299 0.22397698 0.16432815 0.22460882 0.27368222 0.3144225
 0.28335911 0.29427287 0.24688594 0.39710761]
372 27.658341511915083 [0.20056147 0.22350346 0.16421363 0.22491679 0.27330203 0.31485857
 0.28294343 0.29456589 0.24677239 0.39746907]
373 26.81875575551736 [0.20054245 0.22307455 0.16409067 0.22512979 0.27300696 0.31543278
 0.28256442 0.2945602  0.24667227 0.39796046]
374 19.92111804527612 [0.20053082 0.22270271 0.16400894 0.22532137 0.27246871 0.31595894
 0.28231218 0.29441869 0.24684406 0.39897738]
375 31.958941503573556 [0.20040439 0.22240097 0.1640325  0.22538735 0.27213712 0.31631161
 0.28204064 0.29441061 0.24695927 0.40001972]
376 38.71110966864991 [0.20051141 0.22227717 0.16409068 0.22548607 0.27170191 0.31663585
 0.28188367 0.29441486 0.24715246 0.40059863]
377 25.518015160365543 [0.20033469 0.22210037 0.16412468 0.22591981 0.27124362 0.31708726
 0.28164864 0.29468439 0.24742596 0.40053961]
378 26.081028102606325 [0.20010439 0.22198048 0.16414806 0.22624704 0.27075102 0.31715973
 0.28134972 0.29488535 0.24766216 0.40035812]
379 28.573319461382667 [0.19990377 0.22181164 0.16414228 0.22637291 0.27037294 0.31731168
 0.28092581 0.29500826 0.24790638 0.40015043]
380 26.0125581048533 [0.19987701 0.2217519  0.16414152 0.22638008 0.27028899 0.31746719
 0.28057983 0.29485581 0.24816766 0.40004687]
381 31.526071349386697 [0.1999245  0.22186909 0.16417969 0.22584299 0.27034078 0.31713946
 0.28010815 0.29493444 0.2487355  0.39966615]
382 32.359496255564636 [0.19987502 0.22194758 0.16417935 0.22543759 0.27034826 0.31705779
 0.27960293 0.29511531 0.2493513  0.39934567]
383 29.611259930231583 [0.19999289 0.22213975 0.16415908 0.22488755 0.27032575 0.31655369
 0.27931913 0.29503299 0.25030676 0.39902497]
384 40.54975267936534 [0.20019108 0.22231379 0.1641546  0.2244481  0.2701014  0.31589396
 0.2791872  0.29495688 0.25104031 0.39885665]
385 33.95842834521186 [0.20037624 0.22262049 0.16412257 0.22413683 0.26969076 0.31549973
 0.27898905 0.29496763 0.25184276 0.3983654 ]
386 35.15832115424877 [0.20083035 0.22264133 0.16420026 0.22397931 0.26922861 0.31493099
 0.27847011 0.29443398 0.25255042 0.39833943]
387 30.636363882913315 [0.20145253 0.22264721 0.16421284 0.22368124 0.2685573  0.314202
 0.27837975 0.29384299 0.25330196 0.39872693]
388 33.63266691609941 [0.20217037 0.22245587 0.16415965 0.22362614 0.26771943 0.3138669
 0.27852187 0.29355833 0.25415373 0.39910625]
389 32.87851846531296 [0.20286664 0.22237324 0.16407729 0.22342753 0.2669778  0.31357358
 0.27930698 0.29330456 0.2550129  0.39930036]
390 33.42060114039462 [0.20336354 0.22237668 0.16400384 0.2232024  0.26610486 0.31355178
 0.27996365 0.2932789  0.25602638 0.39903272]
391 29.20526056577078 [0.20369164 0.22249223 0.16379588 0.22289926 0.26520569 0.31340489
 0.28061817 0.29324512 0.25695585 0.39878734]
392 33.43403564875875 [0.20411547 0.22262597 0.16350977 0.22246886 0.26445461 0.31354545
 0.2813941  0.29332668 0.25764839 0.39868158]
393 35.51187849598804 [0.2045176  0.22278218 0.16321724 0.22225526 0.26388432 0.31344309
 0.28232319 0.2937915  0.25816635 0.39871248]
394 29.668400027536684 [0.20493565 0.22280405 0.16313873 0.2220304  0.26330738 0.31354798
 0.28315882 0.29408939 0.25859384 0.39870926]
395 35.74045854849946 [0.2056471  0.22274661 0.16310977 0.22160545 0.2626588  0.3134249
 0.28427747 0.29435772 0.2590127  0.3991607 ]
396 40.62920078880743 [0.20612872 0.22275838 0.16303752 0.22118249 0.26197287 0.31361603
 0.2854025  0.29446959 0.2593215  0.39943066]
397 35.476354060856075 [0.20687672 0.2229043  0.16288614 0.22066407 0.26142918 0.3138366
 0.28669468 0.294377   0.25963934 0.39984602]
398 36.78477719335163 [0.20761663 0.22317739 0.16269408 0.22019189 0.26100526 0.31409536
 0.28829558 0.29447302 0.26022895 0.40078792]
399 30.449252009654373 [0.20846633 0.22352262 0.16259029 0.21994194 0.26049264 0.31403081
 0.28920109 0.29519862 0.26092821 0.40179814]
400 31.81858948942716 [0.20962025 0.22390217 0.16234881 0.21977974 0.25972104 0.31397744
 0.2898209  0.29577588 0.26152517 0.40299049]
401 35.04724508477818 [0.21067007 0.22422051 0.16209393 0.21961288 0.25896584 0.31383771
 0.29076207 0.29644847 0.26230146 0.40453472]
402 37.448516849989446 [0.21159932 0.2243281  0.1620185  0.21944079 0.25826859 0.31400897
 0.29146489 0.2972851  0.26313653 0.40614394]
403 28.33936249914172 [0.2124531  0.22438038 0.16209256 0.21920581 0.25755408 0.31419558
 0.29202584 0.29839138 0.2637495  0.40785303]
404 46.23683434543749 [0.21344859 0.224432   0.16215793 0.21903187 0.25696232 0.31449944
 0.29260043 0.29939462 0.26436931 0.40938738]
405 39.15807849457121 [0.21375689 0.22448299 0.16217485 0.2187125  0.25634634 0.31470799
 0.2932711  0.30033944 0.26499942 0.41070085]
406 39.397502962393894 [0.21440624 0.22456015 0.16227017 0.21830766 0.25572854 0.31472347
 0.29379021 0.30139484 0.26542488 0.41216849]
407 33.72348754010509 [0.21587989 0.22448305 0.1622944  0.2179703  0.25521795 0.31474455
 0.29412816 0.30214039 0.26565021 0.41359437]
408 37.254958582110945 [0.21743949 0.22453398 0.16237987 0.21768255 0.25456645 0.31466139
 0.29476404 0.30303258 0.26610301 0.41535135]
409 37.43797741022936 [0.21928835 0.22477608 0.16255753 0.21750672 0.25402754 0.31440876
 0.29521915 0.30419314 0.26638063 0.41718003]
410 26.88246038885405 [0.22080384 0.22499584 0.16260148 0.21722987 0.25345194 0.31410706
 0.2957354  0.30472438 0.26654102 0.41818432]
411 27.47288772844052 [0.221812   0.22532215 0.16251727 0.21695659 0.25303265 0.31378766
 0.29655371 0.30535906 0.26674544 0.41909988]
412 36.978582314987875 [0.22291753 0.22529649 0.16240619 0.2166897  0.25279293 0.31343508
 0.2971929  0.30605217 0.26678438 0.42027644]
413 27.85728048604586 [0.22291503 0.22518042 0.1622821  0.21622811 0.25258939 0.31328534
 0.29797175 0.30696779 0.26673622 0.42152749]
414 26.631515504372608 [0.22298433 0.22524263 0.16223867 0.21576101 0.25232043 0.31305407
 0.2989789  0.30760743 0.26707472 0.42294227]
415 28.40579163961907 [0.22367918 0.22529218 0.1621839  0.21529848 0.25210022 0.31297037
 0.29976067 0.30832904 0.26736001 0.42415803]
416 23.699838610096183 [0.22428983 0.22538775 0.16199213 0.21484051 0.25185447 0.31306926
 0.30061044 0.30894897 0.26780588 0.42549756]
417 39.03115938663727 [0.22486997 0.22569144 0.16173039 0.21451398 0.25153071 0.31329992
 0.30144778 0.30974956 0.26789533 0.42702885]
418 26.713078849964575 [0.22524708 0.22580531 0.16145695 0.21422876 0.25132323 0.31304421
 0.30264978 0.31035163 0.26810781 0.42778439]
419 38.51465724693297 [0.22563442 0.22577094 0.16136194 0.21404302 0.25105064 0.31315329
 0.30385983 0.31103608 0.26834078 0.42885899]
420 30.420864688223432 [0.22619004 0.22588844 0.16135986 0.2139879  0.25091324 0.3131249
 0.30503287 0.311776   0.26874273 0.42983342]
421 29.530947301805888 [0.22578425 0.22610117 0.1613556  0.21413104 0.25079731 0.31301202
 0.30626563 0.31252518 0.26919411 0.43053355]
422 31.880629411006012 [0.22523368 0.22643075 0.16136116 0.21427302 0.25094321 0.31329879
 0.30690883 0.31340404 0.26954405 0.43095806]
423 377.9020965142612 [0.22480972 0.22681211 0.16137973 0.21437613 0.25115547 0.31371778
 0.30719874 0.31414798 0.269859   0.43159322]
424 32.61672444756083 [0.22424331 0.22716869 0.1613778  0.21447482 0.25106325 0.31407501
 0.30756832 0.31472393 0.27000683 0.43255777]
425 26.15712226915872 [0.22392059 0.22742621 0.16145992 0.21456301 0.25108694 0.31443087
 0.30769373 0.31505187 0.27015148 0.43325964]
426 28.59353230644097 [0.22405331 0.22749282 0.16154248 0.21460995 0.2513088  0.31494248
 0.30799755 0.31538273 0.27026539 0.43349492]
427 28.66676093378074 [0.2249329  0.22759747 0.16168742 0.21468208 0.25155344 0.3154323
 0.30864153 0.31551657 0.27041517 0.43345188]
428 35.90011315734889 [0.2258421  0.22750837 0.16181856 0.21463173 0.25171942 0.31589048
 0.30900895 0.3153647  0.27061305 0.4330293 ]
429 34.35200099915876 [0.22674542 0.22749369 0.16184358 0.21453237 0.25207267 0.31641389
 0.30960906 0.31506144 0.27100916 0.43230745]
430 30.289449701763495 [0.22789075 0.22758726 0.16183523 0.21449163 0.25238268 0.31716923
 0.31014196 0.31484049 0.27147833 0.43107445]
431 38.417668239645785 [0.22875427 0.22751278 0.16180177 0.21451013 0.25291548 0.31771419
 0.31072834 0.31451064 0.27142019 0.43006209]
432 26.57701759204341 [0.22929902 0.22753971 0.16169058 0.21462194 0.25337155 0.31812834
 0.31113933 0.3141197  0.2712146  0.42876098]
433 33.69323987607494 [0.22946547 0.22737917 0.16153312 0.21470455 0.25379647 0.31833386
 0.3113469  0.31350348 0.27066331 0.4278429 ]
434 29.27338377458989 [0.22929687 0.22728241 0.16140404 0.21453879 0.25392622 0.31861577
 0.31195966 0.31331668 0.27032807 0.42697076]
435 30.693482891023855 [0.22910297 0.22717923 0.1610736  0.21450284 0.25394267 0.31900867
 0.31241223 0.31339946 0.26999025 0.42625488]
436 26.681739764366643 [0.22916298 0.22701987 0.16085244 0.21447682 0.2541043  0.319324
 0.3128099  0.31342453 0.26922392 0.42635744]
437 32.23349582248721 [0.22923515 0.2269698  0.16055801 0.21447099 0.25417555 0.31974477
 0.31321422 0.31351662 0.26876366 0.42568377]
438 35.948326493002774 [0.2290733  0.22696809 0.16027605 0.21451726 0.25423248 0.32051796
 0.31323995 0.3135963  0.26820434 0.42541594]
439 28.06180208071526 [0.22896438 0.22654134 0.16001313 0.21453663 0.25437795 0.32146718
 0.31324827 0.31362494 0.26751853 0.4252908 ]
440 27.951654340824852 [0.22888042 0.2261723  0.15966863 0.21452918 0.25454332 0.32203498
 0.31314689 0.31367421 0.26669749 0.4253605 ]
441 38.23099774610408 [0.2286242  0.22587615 0.15945547 0.21450666 0.25451639 0.32257635
 0.31365091 0.31355753 0.26571737 0.42536642]
442 37.14340521716909 [0.22820892 0.22559756 0.15913361 0.21446488 0.25447706 0.32312388
 0.31426787 0.31316059 0.26480927 0.42494652]
443 27.374593940986927 [0.22811522 0.2254039  0.15897786 0.21435785 0.25455283 0.32384184
 0.31466773 0.31303195 0.26421503 0.42444989]
444 30.848033885714134 [0.22786486 0.2254158  0.15880689 0.21428577 0.25472002 0.32466568
 0.31472606 0.31261531 0.26366901 0.42339768]
445 35.75958436384049 [0.22797773 0.22550398 0.15858828 0.21431161 0.25506529 0.32523849
 0.31510981 0.31224558 0.26329589 0.42218365]
446 27.128460736483795 [0.22814691 0.22547243 0.15837231 0.2143088  0.25538599 0.32579837
 0.31503084 0.31205204 0.26311904 0.42157382]
447 28.71682291451093 [0.22821191 0.2253887  0.1582752  0.21426724 0.25557488 0.32621115
 0.31495142 0.31215863 0.26288677 0.42076276]
448 25.079758892067964 [0.22873454 0.22522926 0.15821124 0.21434849 0.25578288 0.32645767
 0.31486426 0.31222109 0.26270291 0.42061016]
449 27.704974629224935 [0.22940214 0.22512585 0.1582681  0.21452317 0.25586965 0.32680383
 0.31508127 0.31216227 0.26315409 0.42039811]
450 28.135463861495012 [0.23024592 0.22497092 0.15839483 0.21479992 0.25605964 0.32687051
 0.31544545 0.3125482  0.26362901 0.42021208]
451 30.283064559691713 [0.23106989 0.22494445 0.15856878 0.21476947 0.25630294 0.32699229
 0.31604061 0.31297875 0.26381402 0.41994197]
452 28.074441994701246 [0.2327216  0.2249839  0.15874948 0.21458239 0.25664417 0.32717013
 0.31653626 0.31365411 0.26417481 0.41949242]
453 26.361387200060285 [0.23418413 0.22525096 0.1588962  0.21431108 0.25674023 0.32741487
 0.31769594 0.3143165  0.26458815 0.41855135]
454 24.441293428388427 [0.23646839 0.22554288 0.15903598 0.21407367 0.25677932 0.32759106
 0.31933973 0.31470355 0.26489122 0.41798396]
455 24.838050519926387 [0.23828982 0.22583089 0.1592029  0.21346789 0.25708774 0.32798848
 0.32115804 0.31504997 0.26506139 0.41678457]
456 28.80462040079657 [0.23975438 0.22599734 0.15928241 0.21259682 0.25740147 0.32865268
 0.32308348 0.31576745 0.26515891 0.41613937]
457 20.49711213898143 [0.24071206 0.2260522  0.15935916 0.21177407 0.25750906 0.32882407
 0.32487735 0.31668806 0.26511692 0.41605108]
458 27.169575976756697 [0.24171828 0.22599052 0.15944766 0.21105226 0.257561   0.32882511
 0.32692844 0.31751129 0.26507942 0.41563562]
459 31.610375801725404 [0.24311972 0.22596546 0.15957239 0.21038149 0.25764268 0.32875483
 0.32881682 0.31854542 0.26506615 0.41539734]
460 26.439824072312533 [0.24491155 0.22612552 0.15967247 0.20967528 0.2576326  0.32877621
 0.33048205 0.31928124 0.26515141 0.41515352]
461 23.67075709235773 [0.24636224 0.2262814  0.15985775 0.20895528 0.25759095 0.32860347
 0.33227822 0.31976841 0.26534698 0.41540305]
462 25.85519804201375 [0.24756195 0.22649834 0.16004175 0.20820925 0.25740685 0.3281917
 0.33363256 0.32038796 0.265616   0.41496   ]
463 23.44725400319242 [0.24838521 0.22663044 0.1601899  0.20759024 0.25724912 0.32757118
 0.33513665 0.32082794 0.26592734 0.41476604]
464 25.2399442302288 [0.24828315 0.22674542 0.16040122 0.20691188 0.25716329 0.32680165
 0.33644455 0.32122561 0.2660636  0.41487605]
465 21.40544981744531 [0.24828508 0.22675652 0.1606948  0.20625993 0.25694087 0.32619299
 0.33717154 0.32199384 0.2660284  0.41463086]
466 25.029703000053317 [0.24893351 0.22650994 0.16107635 0.20562515 0.25666946 0.3251973
 0.33838661 0.32267058 0.26570815 0.41420968]
467 28.6124940590894 [0.25045532 0.22652428 0.16143265 0.20497094 0.25653941 0.32416878
 0.33829382 0.32345238 0.26532374 0.41349623]
468 22.44616641316896 [0.25210251 0.22650866 0.16163097 0.20447115 0.25665008 0.32288956
 0.33830287 0.32434482 0.26512704 0.4129498 ]
469 21.60272440351734 [0.25344703 0.22627414 0.16182278 0.20415172 0.25660967 0.32199036
 0.33826409 0.32532428 0.26508883 0.41222788]
470 17.33242552422909 [0.25485812 0.2260468  0.16199185 0.20388839 0.25660732 0.32094627
 0.33801092 0.32621526 0.26506049 0.4116313 ]
471 23.470942584592006 [0.25585164 0.22575889 0.16209347 0.20375201 0.2566001  0.3194903
 0.33794005 0.32671401 0.2649776  0.4112745 ]
472 24.434017864249483 [0.25637483 0.22548339 0.16230018 0.20378497 0.25643788 0.31804949
 0.33796532 0.32739765 0.26472769 0.41041187]
473 21.163900933884143 [0.25522916 0.22506911 0.16244416 0.20393208 0.25650612 0.31649735
 0.33773182 0.32831897 0.26461181 0.41007907]
474 23.58131630054301 [0.25328719 0.22481225 0.16255275 0.20414298 0.25655467 0.31506476
 0.33803013 0.32926221 0.26466353 0.40996928]
475 25.999191172535493 [0.25224208 0.2245981  0.16263554 0.20432971 0.25660411 0.31347691
 0.33807456 0.33039211 0.26509292 0.40949704]
476 24.54836533667247 [0.2503138  0.22443257 0.16277897 0.20439873 0.25655403 0.31196191
 0.3385333  0.33169114 0.26539301 0.40921848]
477 20.860826903432418 [0.24844372 0.22443609 0.16286222 0.20443835 0.25676857 0.31070182
 0.33897098 0.33296249 0.2654342  0.40841267]
478 29.9614231925532 [0.24732658 0.22449207 0.16306855 0.20458178 0.25710566 0.30955795
 0.33930794 0.3343313  0.26561208 0.40754122]
479 25.05998462820668 [0.24588189 0.22472082 0.1632195  0.20476746 0.25754739 0.3089047
 0.33958829 0.33578239 0.26537367 0.40657428]
480 32.177057891276164 [0.24493662 0.22490059 0.16338707 0.20484217 0.25801005 0.30828082
 0.33978874 0.3371399  0.26516392 0.40590557]
481 24.88744595416015 [0.24464097 0.2249962  0.16356193 0.20486303 0.25841708 0.30780174
 0.34021262 0.33840688 0.26495565 0.40556537]
482 26.070331722494444 [0.24367472 0.22496272 0.1637275  0.20485891 0.25893895 0.3074558
 0.33991064 0.33926143 0.26504019 0.40569579]
483 25.694575249936676 [0.24245977 0.22516914 0.16393014 0.20486424 0.25962875 0.30744869
 0.34034175 0.34060166 0.26513663 0.40556575]
484 22.573858870465607 [0.24127041 0.22537541 0.16412663 0.20482668 0.26041012 0.307645
 0.34111169 0.34218946 0.26530027 0.40586321]
485 24.059167964850815 [0.24018623 0.22571501 0.16431394 0.20476839 0.26117572 0.30782456
 0.34200046 0.34370648 0.26591086 0.40621155]
486 18.83112709512875 [0.23928148 0.22630029 0.16454454 0.20471873 0.2620492  0.30783429
 0.34252215 0.34492888 0.26647864 0.40660401]
487 23.122501898921563 [0.23787102 0.22674634 0.16492429 0.20481681 0.26290909 0.30794303
 0.34403851 0.34595778 0.26693159 0.40713321]
488 23.157097408993124 [0.23660433 0.22681852 0.16518684 0.20480117 0.26365476 0.30807607
 0.34575282 0.3472291  0.26757621 0.40801702]
489 28.167719890999628 [0.23516518 0.22692051 0.16547683 0.2047589  0.26443653 0.30839052
 0.34721878 0.34872859 0.26829349 0.40902917]
490 33.62586254804056 [0.23372717 0.22694398 0.16569958 0.20476406 0.26509125 0.3091179
 0.34842095 0.35001171 0.26917185 0.40990786]
491 27.251609342514893 [0.23294068 0.22687821 0.16581497 0.20493656 0.26598255 0.30978328
 0.35016458 0.35099095 0.27024011 0.41063902]
492 26.3297921626991 [0.23236168 0.22693775 0.16593885 0.20509472 0.26662908 0.31049632
 0.3516231  0.35174581 0.27120133 0.41124273]
493 22.39156194157915 [0.23203117 0.2269296  0.16604324 0.20528354 0.26736293 0.31125002
 0.35276228 0.35214262 0.27230847 0.41186155]
494 26.840643273292144 [0.23138972 0.22702113 0.16617147 0.20534243 0.268042   0.31204572
 0.35482349 0.35223789 0.27291245 0.41262118]
495 26.16328446492262 [0.23088634 0.22701109 0.16641708 0.20526126 0.26849514 0.3130106
 0.35769962 0.35233629 0.27356065 0.41278041]
496 23.785930049278186 [0.23059477 0.22703673 0.16659566 0.20509205 0.26854636 0.31422414
 0.36071592 0.35274461 0.27440688 0.41292453]
497 27.262915294029213 [0.23035705 0.22731813 0.16682475 0.20506521 0.26875464 0.31519215
 0.36264352 0.3528056  0.27510028 0.41262826]
498 37.04161013401541 [0.22923184 0.22754261 0.16684639 0.20477627 0.26908356 0.31604487
 0.36472022 0.35265093 0.2757875  0.41198576]
499 19.541462026374653 [0.22812308 0.22784763 0.16681256 0.20448996 0.26928292 0.31670651
 0.36629108 0.35278841 0.27647326 0.4112702 ]
