0 93.25416559552795 [0.30009375 0.30290655 0.30196895 0.30196892 0.30103135 0.30103135
 0.30290655 0.30196894 0.30290654 0.30196895]
1 86.41608547328988 [0.29925947 0.30432093 0.30253157 0.30305347 0.30298749 0.30238272
 0.30516259 0.3020507  0.3021769  0.30262813]
2 85.67676541968221 [0.29941687 0.30395824 0.30108868 0.3047182  0.30380227 0.3032851
 0.30595032 0.30240235 0.30045782 0.30423531]
3 75.46290645498803 [0.29981554 0.30393332 0.30045442 0.30628262 0.30419842 0.30455479
 0.30547043 0.30267014 0.29822403 0.30568123]
4 64.68491615725671 [0.30055019 0.30344506 0.29985253 0.3076247  0.30457562 0.30547119
 0.30504592 0.30192384 0.29648564 0.30616113]
5 60.517338578023214 [0.30131132 0.3032814  0.29907282 0.30937323 0.30513633 0.30627863
 0.30492923 0.30122035 0.29470802 0.30592509]
6 71.03803896771336 [0.30223674 0.30335524 0.29826779 0.31051199 0.30586399 0.30726679
 0.30468726 0.29999891 0.29279938 0.30528815]
7 78.7014920832834 [0.30325509 0.30336336 0.29719364 0.31196139 0.30624139 0.30823642
 0.30447002 0.29880234 0.2912881  0.30470691]
8 63.22640770601897 [0.30404551 0.30359132 0.29546756 0.3131107  0.30635897 0.30877861
 0.30402134 0.29744459 0.28995571 0.30417559]
9 58.05977215663535 [0.30488327 0.30343879 0.29454061 0.31417184 0.30621966 0.30926562
 0.30409104 0.29637237 0.28848099 0.30446315]
10 62.14289738319577 [0.30554916 0.30334167 0.29316738 0.31500817 0.30634439 0.3094103
 0.30365498 0.29560889 0.28720094 0.30455808]
11 50.852402574165815 [0.30631716 0.3033392  0.29234616 0.31533778 0.3061707  0.30921418
 0.30311708 0.29493402 0.28605399 0.30470223]
12 51.867133195689604 [0.30684855 0.30341372 0.29179946 0.31572326 0.30590295 0.30893135
 0.30259274 0.29434638 0.28479519 0.30553029]
13 56.61235820066827 [0.3068967  0.30330568 0.29089916 0.31579729 0.30567768 0.3090533
 0.30246463 0.29374076 0.28379036 0.30647749]
14 43.7891684121454 [0.30651769 0.30343701 0.29007622 0.31626942 0.30541044 0.30932647
 0.3021923  0.29339919 0.28284185 0.30697355]
15 52.405434555414175 [0.30641978 0.30324878 0.28966205 0.31656676 0.30485345 0.30941332
 0.30225885 0.29261518 0.2820784  0.30764879]
16 46.535895902342915 [0.30598239 0.30293302 0.28928921 0.31681209 0.30445307 0.30946182
 0.30145826 0.29185254 0.2812036  0.3080206 ]
17 55.012033645967406 [0.30547916 0.30279593 0.28874101 0.31738837 0.30394595 0.30926381
 0.30072996 0.29185635 0.28035702 0.3083115 ]
18 43.27634222408733 [0.30531257 0.30237206 0.28800912 0.31798884 0.30359751 0.30859357
 0.30038192 0.29162374 0.27944683 0.30869823]
19 50.31321123410529 [0.30543061 0.30205582 0.28745756 0.31847389 0.30345582 0.30818779
 0.29997525 0.29142194 0.27885246 0.30878264]
20 47.39799881850327 [0.30596309 0.30143165 0.28721397 0.31899253 0.30319133 0.308115
 0.29987408 0.2915608  0.27822122 0.30913101]
21 46.58362073280611 [0.30607119 0.30105983 0.28685418 0.31880729 0.30353153 0.30802193
 0.29990143 0.29144794 0.27756465 0.30941148]
22 44.483115812301094 [0.30596853 0.30047824 0.28645001 0.31852251 0.30390846 0.30766564
 0.29990778 0.29115831 0.27668268 0.30964634]
23 40.91370391627683 [0.30601568 0.29974714 0.28605412 0.31811757 0.30432764 0.30766626
 0.29954194 0.29078267 0.2759181  0.30996   ]
24 42.37337267636467 [0.30627057 0.29893886 0.28620962 0.31778434 0.30473503 0.30755061
 0.29913154 0.29041285 0.2753056  0.31012341]
25 33.81411761422523 [0.30644165 0.29790685 0.28595263 0.31728458 0.30486812 0.30738098
 0.29869028 0.29004679 0.27480673 0.31039919]
26 43.98998575792691 [0.30666542 0.29660978 0.28603833 0.31643684 0.30502878 0.30744441
 0.2983381  0.28990076 0.27433704 0.31060705]
27 37.869746771592375 [0.3069926  0.29523365 0.28595749 0.31542165 0.30513873 0.30732544
 0.29829097 0.28991896 0.2739959  0.31094642]
28 44.97040424068244 [0.30714325 0.29401461 0.2856775  0.31476235 0.3052935  0.30711184
 0.29803722 0.29004737 0.27381643 0.31151169]
29 38.29003309213488 [0.30749281 0.29249347 0.28567992 0.31402163 0.30531961 0.30705338
 0.29793119 0.29005128 0.27349509 0.31188275]
30 41.79864224359984 [0.30777357 0.29126311 0.28567826 0.31332231 0.30539061 0.30691951
 0.2980734  0.29005977 0.27323793 0.31209735]
31 37.75655345740013 [0.30781032 0.29030828 0.28579973 0.31283823 0.30562099 0.30655764
 0.29816031 0.29004675 0.27305314 0.31272739]
32 40.46394998439949 [0.30742496 0.28926257 0.28593253 0.31233702 0.30616325 0.30625786
 0.29831408 0.28977777 0.27272611 0.31364395]
33 38.523038820696605 [0.30700226 0.28825036 0.28580919 0.3119558  0.30635956 0.30588228
 0.29823223 0.28936738 0.2723316  0.31474112]
34 34.46905260132225 [0.30673432 0.28724006 0.28528661 0.31187766 0.30662155 0.30579476
 0.29789076 0.28908492 0.2723128  0.31564788]
35 37.82857271058255 [0.30658269 0.28640907 0.28462422 0.31183037 0.30675983 0.30573808
 0.29738855 0.28874435 0.27241914 0.31647308]
36 33.807747442851905 [0.30633704 0.28570906 0.28411099 0.31162396 0.30698607 0.30596022
 0.29729137 0.28817156 0.27276643 0.3172503 ]
37 39.4986920692852 [0.30565446 0.28492365 0.28386113 0.31134492 0.30742728 0.30579266
 0.29733654 0.28764176 0.27326969 0.31810066]
38 34.968642182234845 [0.30468196 0.28410183 0.28365527 0.31065563 0.30783617 0.30569169
 0.29709625 0.28755526 0.27375862 0.31907196]
39 35.44308526417353 [0.30347884 0.28358558 0.28344648 0.30976958 0.30818159 0.30574945
 0.29708801 0.28745468 0.27410868 0.32009784]
40 43.9927369496927 [0.30243407 0.28319029 0.28321352 0.30880651 0.30836303 0.30576628
 0.29683395 0.28728781 0.27448277 0.32063113]
41 36.57549852369162 [0.30145094 0.28282776 0.28284534 0.30823676 0.30841639 0.30584084
 0.29650414 0.28715631 0.27486696 0.32134765]
42 33.323774497304065 [0.30038094 0.28261636 0.28218402 0.30725152 0.3085076  0.30595929
 0.29615733 0.28668454 0.2750438  0.32202823]
43 29.14409777072297 [0.29908299 0.28225834 0.28181683 0.30634065 0.30834455 0.30611792
 0.29582749 0.28632921 0.27535794 0.3230956 ]
44 27.51420911542052 [0.29795743 0.28193307 0.28134144 0.30563382 0.30835009 0.30595238
 0.29597901 0.28622323 0.27544255 0.32419863]
45 27.235731361464893 [0.29700569 0.28148692 0.2806673  0.30493506 0.30798613 0.30584035
 0.29632448 0.28608717 0.27538977 0.32529473]
46 35.86601183142801 [0.29630433 0.2811182  0.27984185 0.30440047 0.30779823 0.3058452
 0.29663913 0.28597811 0.27510048 0.32623899]
47 25.097597503616676 [0.29579261 0.28094928 0.2790676  0.30363444 0.30755552 0.30552639
 0.29665084 0.28603824 0.27513706 0.32723562]
48 22.972909927582172 [0.29542094 0.28078373 0.27821163 0.3030266  0.30740892 0.30520321
 0.29688172 0.28598153 0.27534834 0.32805245]
49 29.581452925624 [0.29503328 0.28039008 0.27735398 0.30266624 0.307427   0.30487511
 0.29737439 0.28586077 0.27565737 0.32917153]
50 30.53206221649922 [0.29471808 0.28011075 0.27677213 0.30262698 0.30747636 0.30442304
 0.29785209 0.28542107 0.27598436 0.33016956]
51 31.09818326976363 [0.29439823 0.28000571 0.27661611 0.30251222 0.30762512 0.30412822
 0.29826914 0.28478406 0.2759882  0.33127151]
52 31.917436825855845 [0.29372683 0.2798742  0.27678673 0.30248976 0.30778833 0.30390087
 0.29858151 0.28446091 0.27597732 0.3323137 ]
53 28.78543466097181 [0.29326614 0.27968493 0.27701836 0.30245844 0.30759238 0.30382886
 0.29874092 0.28473697 0.27612118 0.33329056]
54 25.756638770745738 [0.29311846 0.27952995 0.27730426 0.3025038  0.30761898 0.30382902
 0.29898186 0.28492473 0.27596103 0.33429482]
55 29.565064120716166 [0.29305853 0.27945015 0.2776639  0.30302605 0.30792691 0.30384033
 0.29904783 0.28480632 0.27571739 0.33553506]
56 29.384791895179465 [0.29315936 0.27923477 0.27825041 0.30337244 0.3081781  0.30391492
 0.29935341 0.28462272 0.2756304  0.33664871]
57 23.833485403926602 [0.29351384 0.2787871  0.27866052 0.30396245 0.30856637 0.3042029
 0.29954089 0.28435261 0.27527102 0.33804679]
58 37.73495870290741 [0.29348419 0.27854438 0.27897573 0.30425914 0.30869039 0.30393754
 0.29988246 0.28400471 0.27512621 0.33982981]
59 26.695516792042017 [0.29348138 0.27858475 0.2791594  0.30433464 0.30909914 0.30349664
 0.30042896 0.28390142 0.27527441 0.34139477]
60 26.94836204968302 [0.29339908 0.27863607 0.27984206 0.30484926 0.30925161 0.30304241
 0.3012142  0.28407593 0.27545973 0.34304758]
61 27.399225124742806 [0.29323065 0.2784561  0.28051576 0.30468967 0.30935618 0.30285579
 0.30197373 0.28400018 0.2753256  0.34494181]
62 29.83316599063341 [0.29289439 0.27824728 0.28125285 0.30429537 0.30938946 0.30258485
 0.30298331 0.28377225 0.27492117 0.34678555]
63 22.742496965900614 [0.29260387 0.27782243 0.28217588 0.30379335 0.30949576 0.30249275
 0.30407783 0.28394452 0.27458205 0.34852095]
64 23.163090567994665 [0.29207939 0.27730972 0.28287624 0.30314613 0.30980401 0.30293163
 0.30526683 0.28397565 0.27432414 0.35037645]
65 27.495562565792927 [0.29185937 0.27660439 0.28346037 0.30249607 0.31019796 0.30300456
 0.3066767  0.28404291 0.27430088 0.3520878 ]
66 26.567353154861166 [0.29170656 0.27599374 0.28398973 0.30182769 0.31084456 0.30308989
 0.3077049  0.28427103 0.27417916 0.35364207]
67 20.90951807977398 [0.29156183 0.27536479 0.28465784 0.301137   0.31135342 0.30353841
 0.30880385 0.28416636 0.27422446 0.35487386]
68 22.53501309368294 [0.29133498 0.27486121 0.28538943 0.30054381 0.31193407 0.30406452
 0.30955372 0.28424003 0.27443265 0.35622737]
69 27.385928066120343 [0.291119   0.27442497 0.28575491 0.3001349  0.31245825 0.30462413
 0.31046624 0.28435343 0.27452632 0.35732203]
70 20.33415649028411 [0.29072462 0.27412415 0.28609516 0.29991997 0.31307643 0.30482753
 0.31120412 0.28444112 0.2746358  0.3581491 ]
71 29.569499448933414 [0.29070071 0.27341072 0.28621091 0.29963691 0.31343102 0.30534572
 0.31175006 0.28443141 0.27494376 0.35825507]
72 28.26178099208238 [0.29067066 0.27283678 0.28632029 0.2995444  0.31391376 0.30560778
 0.31238441 0.28432826 0.274809   0.3584314 ]
73 26.66010190922725 [0.29057288 0.27237471 0.28607132 0.29947229 0.31398487 0.3061581
 0.31290784 0.28427976 0.27460505 0.35867744]
74 22.023255195699186 [0.2904616  0.27151984 0.28596892 0.29947719 0.31397324 0.30685194
 0.31358834 0.28436078 0.27472074 0.35908993]
75 19.631364650405096 [0.29034982 0.27085501 0.28564567 0.29951844 0.31431508 0.30731487
 0.31434895 0.28448577 0.27469872 0.35946726]
76 22.291473936027625 [0.28992399 0.27027558 0.28511909 0.29965612 0.31494646 0.30797584
 0.31506501 0.28468035 0.27466318 0.35932621]
77 22.981062489188655 [0.28927285 0.26963639 0.28439883 0.29941417 0.31573092 0.30859839
 0.31583492 0.28475359 0.27459128 0.35903515]
78 21.31931396331524 [0.28873034 0.26885716 0.2835227  0.29927802 0.31605251 0.3090394
 0.31706435 0.28468493 0.27415139 0.35865425]
79 26.74952163389603 [0.28813683 0.2681644  0.28309706 0.29918759 0.31608889 0.30974827
 0.31862629 0.28500744 0.27407256 0.35878327]
80 21.831932308543795 [0.28769023 0.26758323 0.28272608 0.29913652 0.31605899 0.31057317
 0.31995822 0.28514639 0.27429463 0.35920437]
81 22.994647663801658 [0.28742371 0.26686946 0.28230467 0.29902566 0.31624236 0.31134776
 0.32171756 0.28522675 0.27448746 0.3594729 ]
82 22.20524785783143 [0.28711266 0.26628547 0.28182628 0.2990136  0.31636431 0.31216832
 0.32305479 0.28539133 0.27453258 0.36004734]
83 25.867664691530354 [0.28658621 0.26594902 0.28141607 0.29900627 0.31657462 0.31313761
 0.32425836 0.28522272 0.2744346  0.36041597]
84 18.77568337924415 [0.28593106 0.26558649 0.28129601 0.29908425 0.3167319  0.3143388
 0.32567274 0.28531202 0.27446555 0.3605764 ]
85 20.322200887299466 [0.28515708 0.26543955 0.28147735 0.29879643 0.31691021 0.31552002
 0.32701441 0.28528063 0.27432661 0.3611145 ]
86 21.89643232204212 [0.28410399 0.26543097 0.28181261 0.29844161 0.31714947 0.31657255
 0.32793282 0.28550961 0.27422079 0.36160933]
87 21.539316629853698 [0.28313013 0.26519012 0.28206354 0.29811584 0.31743849 0.31706202
 0.32818178 0.28557512 0.27410258 0.36231159]
88 27.73934666244447 [0.28240383 0.26495765 0.2822093  0.29775584 0.31784255 0.31752943
 0.328645   0.2854708  0.2740218  0.36341394]
89 26.02309864180475 [0.28181206 0.26504868 0.28190471 0.2972175  0.31828385 0.31795166
 0.32887194 0.28541571 0.27431797 0.36477507]
90 28.424809975186022 [0.28102156 0.26516914 0.2817041  0.29649226 0.31920195 0.31857842
 0.32901446 0.28505605 0.2745584  0.36574165]
91 27.754430716938906 [0.28023216 0.26493051 0.28162191 0.29593341 0.3203858  0.31908961
 0.32916556 0.28446746 0.27464144 0.36686065]
92 19.713673799433053 [0.27959005 0.2648718  0.28162132 0.29553902 0.32148853 0.31965337
 0.32917679 0.28386083 0.2748046  0.36813057]
93 26.76741578996211 [0.27869012 0.26494389 0.2812852  0.29536691 0.32240551 0.32014518
 0.32944527 0.28322708 0.27526348 0.36919985]
94 23.12278427995432 [0.27768154 0.26494483 0.28054041 0.29496985 0.32356676 0.32077142
 0.32953905 0.28284474 0.27553656 0.37024387]
95 26.015851814104096 [0.27656537 0.2649588  0.27996389 0.29426345 0.3246151  0.32121801
 0.32976845 0.28237176 0.27581295 0.37112304]
96 32.74732006403008 [0.27581039 0.26485095 0.27919086 0.29370906 0.32549279 0.32163845
 0.33046453 0.28183512 0.27615966 0.37215411]
97 29.308891644189426 [0.27478856 0.26468948 0.27845294 0.29300789 0.32614357 0.32187658
 0.33106895 0.28132879 0.27641047 0.37326561]
98 21.16269051405164 [0.27367117 0.26468933 0.27756886 0.29231465 0.32715964 0.32200319
 0.33110999 0.2806436  0.27670105 0.37395497]
99 20.798370682674868 [0.27264076 0.2646799  0.27658524 0.29166972 0.32792683 0.32147698
 0.3314165  0.27960033 0.27734708 0.37467125]
100 16.224384100186473 [0.27154669 0.26453105 0.27545178 0.29098611 0.32847371 0.32081705
 0.33174278 0.27863165 0.27803481 0.3750288 ]
101 23.478189749612625 [0.27048942 0.26466882 0.27461024 0.29051885 0.32874681 0.32026943
 0.33181041 0.27753863 0.27843809 0.37523791]
102 21.146472843199817 [0.26955955 0.26490339 0.2734338  0.28991053 0.32902728 0.31992031
 0.33208099 0.27646226 0.27871207 0.37530314]
103 22.43781387584051 [0.26840895 0.26512222 0.27231838 0.28942292 0.32892025 0.31956902
 0.33247468 0.27563574 0.27882064 0.37530469]
104 29.397846368768878 [0.2672109  0.26529576 0.27114848 0.28914991 0.3289214  0.31914353
 0.33245888 0.27500704 0.27907355 0.3749787 ]
105 14.906966552245844 [0.26602937 0.26534135 0.27000576 0.28879353 0.32898608 0.31860941
 0.33259424 0.27442458 0.27926709 0.3745135 ]
106 15.676853591659924 [0.26501731 0.26556747 0.26880688 0.28872409 0.32896493 0.31800052
 0.33250586 0.27413538 0.27931746 0.37370488]
107 19.279487675612593 [0.26416985 0.2658131  0.26761796 0.28853546 0.32921722 0.31744581
 0.33263411 0.27387287 0.27903146 0.37297813]
108 18.88897763104039 [0.26337335 0.26602318 0.26686556 0.28848344 0.3292125  0.31689387
 0.33274797 0.27383828 0.27884004 0.37244938]
109 22.64127189532344 [0.26250553 0.26628798 0.26649498 0.28867369 0.32955906 0.31655348
 0.33248145 0.27371632 0.27845052 0.37193262]
110 21.489254097788034 [0.26181308 0.26652153 0.26603108 0.2888988  0.3300121  0.31632254
 0.33221407 0.27361842 0.27835871 0.3713828 ]
111 21.554723341094643 [0.26158889 0.26659836 0.2656267  0.28914335 0.33024786 0.31606197
 0.33214891 0.27339907 0.27791064 0.37100865]
112 21.548715774051132 [0.26135121 0.26645834 0.2653917  0.28941703 0.3303264  0.31590221
 0.33212489 0.27310986 0.27744922 0.37068322]
113 19.323531405025193 [0.26111414 0.26618964 0.26559455 0.28974682 0.33044667 0.31583192
 0.33244977 0.2730266  0.27706899 0.37064067]
114 18.907546609553734 [0.26091236 0.2659368  0.26585468 0.28995458 0.33029651 0.31570384
 0.33289799 0.27290494 0.27665467 0.37052925]
115 19.983187800488714 [0.26076891 0.26589749 0.2654796  0.28977565 0.32998421 0.31535315
 0.33355722 0.27287733 0.27583022 0.36998149]
116 20.80895835034847 [0.26036478 0.26577085 0.26495796 0.28948191 0.32970947 0.31471424
 0.33409361 0.27286852 0.2751511  0.36900501]
117 22.11458030332104 [0.26052703 0.26571018 0.2647052  0.28908768 0.32883523 0.31437562
 0.33475512 0.27292255 0.27472765 0.36859831]
118 17.587578840669938 [0.26093523 0.26568267 0.26450173 0.28886624 0.32805708 0.31439071
 0.33530076 0.2730695  0.27435672 0.36868469]
119 20.318000127495388 [0.26139706 0.26565033 0.26396199 0.28883363 0.32747095 0.31448222
 0.33576347 0.2732107  0.27373813 0.36888565]
120 18.744333213043305 [0.26177623 0.26553372 0.26344866 0.2885917  0.32721811 0.31447919
 0.33629069 0.27320926 0.2733906  0.36890852]
