0 193.5996532981503 [0.29915616 0.30196896 0.30009375 0.30290654 0.30009375 0.29821857
 0.30009375 0.29446817 0.30009376 0.30009375]
1 222.30823000639816 [0.30087453 0.30405032 0.29776208 0.30353806 0.30063548 0.29551303
 0.30059563 0.29141902 0.29952001 0.29977757]
2 257.6232613503342 [0.30039689 0.3053907  0.2955091  0.30500449 0.30060981 0.29308804
 0.3014911  0.28995539 0.29966633 0.30029178]
3 281.2521943830916 [0.30035134 0.306314   0.2932916  0.30481937 0.29976448 0.29229228
 0.30236646 0.28889765 0.29918352 0.30102994]
4 229.20167749439656 [0.30013748 0.30705861 0.29124152 0.30465681 0.29885499 0.29134699
 0.30351207 0.28873875 0.29782309 0.30160682]
5 217.47360561434226 [0.29974549 0.30764944 0.28900853 0.30478358 0.29845602 0.29071059
 0.30424828 0.28769634 0.29639464 0.30177398]
6 226.35833595720987 [0.29920226 0.30772599 0.28674356 0.30435386 0.29776652 0.29017836
 0.30507076 0.28636406 0.29495872 0.302457  ]
7 178.15021989805302 [0.29848295 0.30729593 0.28506525 0.30397516 0.29681491 0.29019468
 0.3061972  0.28534311 0.29372234 0.30323024]
8 173.41535018219992 [0.29778434 0.30719328 0.2831165  0.30362641 0.29656952 0.29028574
 0.30777623 0.28444239 0.29256713 0.30440337]
9 152.40657202408124 [0.2973911  0.30627128 0.28141705 0.30310605 0.29603173 0.28990477
 0.30872538 0.28354536 0.29137027 0.30578597]
10 182.71497113013973 [0.29705864 0.30534013 0.27944304 0.30274354 0.29520758 0.2897009
 0.31020424 0.28274906 0.29008898 0.30714361]
11 161.74490838928963 [0.29660098 0.30481625 0.27775583 0.3030008  0.29413789 0.28947686
 0.31105019 0.28222945 0.2889411  0.30855878]
12 167.4368479478184 [0.29600339 0.30433387 0.27600417 0.30334556 0.29332994 0.28909417
 0.31157313 0.28205444 0.28774222 0.30988065]
13 162.82618153109445 [0.29577969 0.30411444 0.27427702 0.30314588 0.29247804 0.28864693
 0.3125123  0.28202446 0.28683797 0.31069352]
14 198.51674425584258 [0.29536618 0.30318695 0.27271616 0.30287899 0.2919366  0.28815591
 0.31343151 0.28222937 0.28599256 0.31116868]
15 202.95458572007038 [0.29490773 0.30233748 0.27106686 0.30252033 0.29170298 0.28716314
 0.31437202 0.28246229 0.28497432 0.31191163]
16 164.08207238608662 [0.29438531 0.30141386 0.26956408 0.30231095 0.29199848 0.28650457
 0.31502759 0.28256169 0.28395657 0.31247335]
17 145.08247287222642 [0.29348835 0.3003239  0.26787016 0.30177206 0.29230495 0.28589426
 0.31552166 0.28284281 0.28342898 0.3135007 ]
18 139.09916073203237 [0.29268567 0.29914221 0.26630454 0.30139161 0.2928134  0.28525474
 0.31606021 0.28300014 0.28262025 0.31438854]
19 174.6510315020607 [0.29163836 0.29786907 0.26516546 0.30058914 0.29296481 0.28432804
 0.31617332 0.28307613 0.28184171 0.31520159]
20 145.31859628768981 [0.2905641  0.29679516 0.26413267 0.30016654 0.29333393 0.28363171
 0.31574384 0.28314301 0.281378   0.31595896]
21 150.19176414072794 [0.28951214 0.2957241  0.2630323  0.29978339 0.29379454 0.28299137
 0.31549239 0.28339369 0.28101244 0.31635249]
22 508.3034226557568 [0.28840138 0.29449428 0.26200648 0.29956551 0.29405912 0.2826515
 0.31537699 0.28378131 0.28104691 0.31670265]
23 496.70003060157813 [0.28723357 0.29363012 0.26083561 0.29905576 0.29432626 0.28216164
 0.31532216 0.28415123 0.28115869 0.31673082]
24 132.9342711669127 [0.28577442 0.29250542 0.25964236 0.29838293 0.29459176 0.2815597
 0.31486856 0.28472449 0.28133247 0.31653341]
25 121.9973683967506 [0.28427615 0.29149557 0.25836931 0.29751238 0.29445563 0.28099155
 0.31454242 0.28547346 0.2813605  0.31638247]
26 144.49321832872232 [0.28267982 0.29043162 0.25712552 0.29683962 0.2944474  0.28032076
 0.31408198 0.28622    0.28142397 0.31603226]
27 488.31433012324896 [0.28106812 0.28936288 0.25605583 0.29627296 0.29423896 0.27938524
 0.31412793 0.28695448 0.28156024 0.31528623]
28 126.33475403093153 [0.27957765 0.28845881 0.2549455  0.29552567 0.29419917 0.27864815
 0.3141117  0.28748746 0.28195894 0.3145474 ]
29 118.74805634640893 [0.27834153 0.28742465 0.25394358 0.29475762 0.29418755 0.27817007
 0.31424733 0.28816737 0.28222715 0.31434161]
30 116.00849656310216 [0.27727777 0.28621812 0.25296819 0.29376487 0.29411144 0.27766447
 0.31438079 0.28877789 0.2823471  0.31406732]
31 135.69534701786145 [0.27620658 0.2849056  0.2519875  0.2931144  0.29413842 0.2770885
 0.31495612 0.28941301 0.28256233 0.3140312 ]
32 117.49212689665663 [0.27487173 0.28381388 0.25083675 0.29239474 0.29413728 0.27639589
 0.31534973 0.28972483 0.28290371 0.31437972]
33 132.36470649668266 [0.27361897 0.28286392 0.24982433 0.29194263 0.29388518 0.27563136
 0.31593122 0.28982157 0.2832145  0.314845  ]
34 124.46557873871498 [0.27260356 0.28179982 0.24903983 0.29129516 0.29366628 0.27499521
 0.31639124 0.28985219 0.28338648 0.315105  ]
35 133.48476384040612 [0.27195581 0.28046816 0.24834812 0.290719   0.29325797 0.27425898
 0.31650498 0.2902555  0.28345211 0.31564711]
36 131.24421132485816 [0.27135349 0.27936584 0.24781439 0.29028168 0.29302469 0.27371023
 0.31665639 0.29045519 0.28356842 0.31615445]
37 111.68162380828832 [0.2706975  0.27809289 0.24716961 0.28986007 0.29301214 0.27299999
 0.31668953 0.29071213 0.28392774 0.31673067]
38 108.02338954756212 [0.2699518  0.27689686 0.24631657 0.28942083 0.29266493 0.27246636
 0.3164143  0.29088752 0.28400733 0.31744046]
39 108.69868020212495 [0.26941637 0.27571524 0.2455454  0.28902672 0.29241626 0.27198551
 0.31603754 0.29104545 0.2843373  0.31790658]
40 106.82241878836976 [0.26891218 0.27462416 0.24488618 0.28876863 0.29199325 0.27218682
 0.31583723 0.2911194  0.28436447 0.31830322]
41 119.83922843459081 [0.26836588 0.27368058 0.24400232 0.28844151 0.29178615 0.27266475
 0.31558619 0.29151027 0.28447266 0.31871165]
42 106.42249110043821 [0.26791949 0.27285954 0.2430598  0.28826473 0.29139064 0.2726413
 0.31547711 0.29192488 0.28452086 0.31855979]
43 462.3771406190797 [0.26713772 0.27221855 0.24212575 0.28812962 0.29128385 0.27257703
 0.31594579 0.29244292 0.28450046 0.31840305]
44 94.74821858955193 [0.26630511 0.27196976 0.24120871 0.28821769 0.29111661 0.27223664
 0.31666225 0.29295618 0.28454933 0.31826857]
45 89.86671549081255 [0.26553815 0.2717207  0.24046195 0.2882465  0.29077002 0.27192974
 0.31706117 0.29349997 0.2844209  0.31808107]
46 133.29908905019553 [0.26455706 0.27150186 0.2396851  0.28854214 0.29034193 0.27176143
 0.31737871 0.29398092 0.28448804 0.31798807]
47 106.2295012599566 [0.26363938 0.27155855 0.23899977 0.28857705 0.28983039 0.27169761
 0.31782122 0.29441541 0.28476261 0.31785597]
48 94.39809942450567 [0.26297548 0.27173481 0.2384125  0.28863197 0.28978777 0.27106918
 0.31834551 0.29468907 0.28515082 0.317331  ]
49 449.755573630775 [0.26233612 0.27196104 0.23793229 0.28859227 0.28984568 0.27039868
 0.31929155 0.29484281 0.28566811 0.31675588]
50 95.5489141312604 [0.26188735 0.2718428  0.23742266 0.28846304 0.28998566 0.26985631
 0.31992427 0.29505207 0.28620994 0.31642798]
51 84.32356855287436 [0.26158816 0.271683   0.236782   0.28849087 0.2903255  0.26940736
 0.32034695 0.29491849 0.28709726 0.31602424]
52 95.98484173783355 [0.26113226 0.27159894 0.23623669 0.28848713 0.29064566 0.26887427
 0.32090502 0.29463773 0.28739074 0.31530965]
53 111.29755524582006 [0.26048208 0.27152068 0.23573413 0.28848205 0.29085904 0.26808397
 0.32160014 0.29433889 0.28737071 0.31463698]
54 103.27634633302429 [0.25966345 0.27139135 0.23489511 0.28840095 0.29138318 0.26747344
 0.3223405  0.29421805 0.28721964 0.31412206]
55 98.8421443431907 [0.25904111 0.27128564 0.23410063 0.28815912 0.29193047 0.2669177
 0.32314993 0.29405677 0.28711414 0.31358331]
56 85.68296187252363 [0.25836545 0.2712022  0.2333804  0.2875935  0.29249181 0.26632859
 0.3234604  0.29390408 0.28694336 0.31334938]
57 103.65403822968719 [0.25774987 0.27097713 0.23270065 0.28713309 0.29328791 0.26580634
 0.323257   0.29353048 0.28670266 0.31309658]
58 92.04275527482869 [0.25714626 0.27051267 0.23198766 0.28678912 0.29406738 0.26535102
 0.32313791 0.29314639 0.28631108 0.31306007]
59 85.88315938109419 [0.25671112 0.27009011 0.23112994 0.28648317 0.29477324 0.26503887
 0.32272199 0.29308209 0.28611494 0.31345499]
60 91.20358246833646 [0.25601715 0.26974836 0.23027572 0.2861216  0.29537861 0.26473635
 0.32242595 0.29270584 0.28577391 0.31398528]
61 435.64769175010576 [0.25557526 0.26965963 0.22947167 0.28593773 0.29569655 0.2645089
 0.32254466 0.29212599 0.28539571 0.31467455]
62 83.66513499394489 [0.2550849  0.26957815 0.22877387 0.28573701 0.29599077 0.26403163
 0.32249972 0.29162215 0.28484383 0.31555585]
63 86.72817962797885 [0.25497738 0.26934929 0.22805375 0.28548805 0.29601595 0.26347985
 0.32238806 0.29104837 0.2841569  0.31595569]
64 90.02484906580044 [0.25498903 0.26888769 0.22730288 0.28540551 0.29583052 0.26286201
 0.32244753 0.29046518 0.28380678 0.31602797]
65 90.75755765586781 [0.25503471 0.2682502  0.226897   0.28552581 0.29573664 0.26215812
 0.32226766 0.28998589 0.28367144 0.31626154]
66 91.50612275460767 [0.25493639 0.2676088  0.22652779 0.28563648 0.29564327 0.26162854
 0.32209902 0.28972472 0.28335574 0.31657606]
67 81.69965025384255 [0.25468952 0.26676023 0.22607056 0.28572976 0.29580155 0.26134552
 0.32226127 0.28920603 0.2828279  0.31645621]
68 89.03858888207596 [0.25425418 0.26604832 0.22561862 0.28586724 0.29593343 0.26121359
 0.32244866 0.28864798 0.28267423 0.31639636]
69 99.02658172412657 [0.25420669 0.26535772 0.22503392 0.28547288 0.29588937 0.26102298
 0.3226231  0.28829204 0.28299103 0.31626861]
70 109.37781367119035 [0.25385186 0.2650841  0.22455144 0.28513157 0.29576388 0.26084954
 0.32272856 0.28799264 0.28307324 0.31611896]
71 86.51296728943848 [0.25344085 0.26463454 0.22410701 0.28468196 0.29542251 0.26048276
 0.32272392 0.28767302 0.28301102 0.31615144]
72 95.46654867338992 [0.25301362 0.26418312 0.22367532 0.28414348 0.29520108 0.26039287
 0.32237504 0.28734291 0.28301826 0.31615854]
73 86.30484256770097 [0.25250892 0.26377509 0.2231218  0.28344904 0.29478878 0.26021086
 0.32207117 0.28708689 0.28314699 0.31622034]
74 70.62005116172041 [0.25229437 0.26325687 0.22257992 0.28262512 0.2943254  0.25996915
 0.32196732 0.28698574 0.28321715 0.31632066]
75 83.07979872913302 [0.2520411  0.26289586 0.22230181 0.28185899 0.29394787 0.25984413
 0.3218701  0.28702456 0.28334896 0.31631317]
76 76.24805213828887 [0.25149141 0.26253647 0.2219988  0.28094303 0.29363237 0.25955339
 0.32202276 0.28718792 0.28361946 0.31654123]
77 72.19383135770278 [0.2511523  0.26221576 0.22168909 0.28015187 0.29360124 0.25932876
 0.32232966 0.28759396 0.28382332 0.31678   ]
78 82.29447379434981 [0.25085822 0.26172651 0.22139078 0.27946155 0.29336249 0.2593893
 0.32231077 0.28809396 0.28406441 0.31694478]
79 90.14228608600362 [0.25050634 0.26116606 0.22092872 0.27888754 0.29330311 0.25935093
 0.32244708 0.28849909 0.28417056 0.31736313]
80 76.3696003329888 [0.24998579 0.26087492 0.22039312 0.27844453 0.29323584 0.25928381
 0.32205034 0.28901723 0.28394265 0.31778363]
81 74.93557009070875 [0.24939663 0.2605945  0.21977031 0.27792729 0.293304   0.25912538
 0.32173048 0.28949602 0.28355981 0.31793188]
82 75.51782780062155 [0.2489959  0.26034232 0.21926006 0.27755446 0.29277075 0.25889889
 0.32113489 0.29001991 0.28312177 0.31827156]
83 67.9626459724671 [0.24857465 0.26007667 0.21880085 0.2772296  0.2925142  0.25875801
 0.32071201 0.29068059 0.28268088 0.31838072]
84 75.38992884906399 [0.24813573 0.25979937 0.21820722 0.27690837 0.29218984 0.25883843
 0.32057784 0.29166899 0.28235541 0.31841318]
85 67.02737560172412 [0.24768425 0.25951687 0.21764377 0.27652635 0.29197928 0.2591202
 0.32072083 0.29258477 0.28226533 0.31841648]
86 62.466830304289175 [0.2472413  0.25923761 0.21700571 0.27614978 0.29198863 0.25946849
 0.32077875 0.2936238  0.28232797 0.31824482]
87 440.4203971887899 [0.2467717  0.25898234 0.21652605 0.27575116 0.29207412 0.25964256
 0.32088742 0.29478463 0.28251192 0.31800358]
88 415.6140690512444 [0.24619393 0.25876368 0.2162105  0.27550498 0.29206958 0.26012227
 0.32128824 0.2960774  0.28277242 0.31812896]
89 65.64191183347408 [0.2457335  0.2583897  0.21595174 0.27509455 0.29216957 0.26072433
 0.32173828 0.29721506 0.28268937 0.31827446]
90 52.886491249308094 [0.24535244 0.25791828 0.21567644 0.27471121 0.29233829 0.26109415
 0.32214406 0.29833335 0.28252478 0.31817048]
91 67.26113107922706 [0.24497639 0.2573081  0.21534611 0.27413066 0.29235735 0.26124318
 0.32269065 0.2992089  0.28249995 0.31822817]
92 67.50569991447236 [0.24482075 0.25685328 0.21506089 0.27366159 0.29248978 0.2613995
 0.32322557 0.30007528 0.28242078 0.31814469]
93 68.93690246053214 [0.24491862 0.25645203 0.21473918 0.27338061 0.29187005 0.26176316
 0.32338568 0.30107309 0.28222054 0.31769488]
94 75.35255259149001 [0.24500973 0.25588204 0.21456613 0.27293636 0.29105177 0.26199434
 0.32363572 0.30241135 0.28211292 0.317331  ]
95 66.42102868758462 [0.24555248 0.25523149 0.2144174  0.27232661 0.29025323 0.2623376
 0.32369288 0.30362833 0.28214959 0.31699842]
96 81.90995299335151 [0.24590672 0.25484981 0.21422278 0.27215149 0.28923341 0.26276751
 0.32387217 0.30475736 0.28222152 0.31682602]
97 61.31201607324156 [0.24606623 0.2544042  0.21413942 0.2719087  0.28855961 0.26310602
 0.32412071 0.30597328 0.28228417 0.3170515 ]
98 69.96263039781405 [0.24614233 0.25412707 0.2139283  0.27152773 0.28786806 0.26334135
 0.32420822 0.30730333 0.28259582 0.31726252]
99 78.0495507002631 [0.24617328 0.2540163  0.21378328 0.27112181 0.28708769 0.26359925
 0.32422386 0.3085545  0.28265434 0.31769651]
100 68.7905098575115 [0.24616777 0.25351979 0.21370006 0.27071138 0.28633745 0.26353265
 0.32427739 0.30983807 0.282579   0.31859653]
101 64.956408794633 [0.24621042 0.25314019 0.21360269 0.2704123  0.28568036 0.26350961
 0.32421444 0.31127441 0.28300705 0.31963234]
102 75.08312351398115 [0.24601634 0.25293936 0.21353154 0.27015425 0.28468605 0.26344993
 0.32437803 0.3127462  0.28364406 0.32050772]
103 58.79664518352298 [0.24572892 0.2526731  0.21347968 0.26997825 0.2837806  0.26329881
 0.32453509 0.31417956 0.28401305 0.32152155]
104 58.5243163360654 [0.24535259 0.25204703 0.21339251 0.26989255 0.28302702 0.26307279
 0.32457635 0.31582246 0.28425809 0.32250413]
105 58.81777328239434 [0.24507187 0.25158637 0.21326076 0.26985946 0.28232921 0.2628973
 0.32453632 0.31726184 0.28435219 0.32325529]
106 61.44910876058927 [0.24480581 0.25119687 0.21325686 0.27000476 0.28178384 0.26274211
 0.3242859  0.31877851 0.2845921  0.32411646]
107 71.92761637595551 [0.24446925 0.25084475 0.21321046 0.27022525 0.28144193 0.26252754
 0.32409257 0.32030281 0.28504969 0.32508174]
108 63.02600919894273 [0.2442653  0.25034005 0.21316416 0.27024539 0.28132199 0.2623108
 0.32393692 0.32142128 0.2851356  0.32588773]
109 62.774493824769834 [0.24422718 0.2499493  0.21313072 0.27024053 0.28122938 0.26193852
 0.32388719 0.32262766 0.28505504 0.32717513]
110 64.22952020929864 [0.24388676 0.24961454 0.21303592 0.27043441 0.28136828 0.26181438
 0.32398118 0.32357597 0.28490717 0.32868038]
111 66.13319639126757 [0.24321875 0.24936375 0.21302891 0.27054883 0.28153296 0.26171031
 0.32406013 0.32463568 0.28485792 0.33018086]
112 69.28923008269476 [0.24257868 0.24896028 0.21296014 0.27063035 0.28170306 0.26189537
 0.32422946 0.3256831  0.28495411 0.33155872]
113 88.22399325093659 [0.24191113 0.24862117 0.2129101  0.27081197 0.2819924  0.26191853
 0.32455033 0.32589364 0.28496721 0.33271765]
114 58.37071524213229 [0.2412746  0.24825029 0.21274854 0.27069257 0.28197528 0.26226923
 0.32474241 0.32574255 0.28499472 0.33396776]
115 72.28656528106539 [0.24068833 0.24782603 0.21261406 0.27056987 0.28201428 0.26253064
 0.32486895 0.32555594 0.28494616 0.33498212]
116 51.67358481439111 [0.24022736 0.24731173 0.21256287 0.27071907 0.28214601 0.26236096
 0.32496823 0.32508236 0.28490455 0.33587337]
117 58.77772126023766 [0.23962235 0.24683113 0.21258293 0.27108174 0.28254461 0.26224593
 0.3251123  0.32453599 0.28493127 0.33634759]
118 61.94708669406815 [0.23917176 0.24645434 0.21251778 0.27121678 0.28311039 0.26212721
 0.32492476 0.32410254 0.28501775 0.3369675 ]
119 59.90581930424375 [0.23884892 0.24616324 0.21255969 0.27132567 0.2838091  0.26208062
 0.3246005  0.32384811 0.28525081 0.33802351]
120 62.025901223307386 [0.23852809 0.24580496 0.21258836 0.27141015 0.28441031 0.26185772
 0.32444372 0.3236692  0.28558555 0.33921123]
121 56.64480226306375 [0.23814201 0.24553617 0.21246004 0.2713927  0.2850031  0.26148086
 0.32415551 0.32353009 0.28603643 0.3402464 ]
122 59.76483940252286 [0.23778223 0.24553561 0.21208886 0.27131037 0.28548253 0.26150915
 0.32395295 0.32312479 0.28655048 0.34164543]
123 62.36623554460955 [0.23746631 0.24584254 0.21165748 0.27149662 0.28603799 0.26134486
 0.32385727 0.32259784 0.28684969 0.34283447]
124 56.53479308929127 [0.23725828 0.24597212 0.21117943 0.27147239 0.28665306 0.26079376
 0.32323466 0.32205648 0.28710887 0.34381816]
125 52.91282412845153 [0.23691791 0.24596297 0.21070133 0.27135392 0.28721301 0.26020874
 0.32258859 0.32177308 0.28755485 0.34466082]
126 59.06382831430423 [0.23616161 0.24584076 0.21016593 0.27108759 0.28763306 0.25988747
 0.32169005 0.32129844 0.28765568 0.34539535]
127 63.482273896796684 [0.23520111 0.24579302 0.20980527 0.27042371 0.28804613 0.25951199
 0.32107095 0.32076954 0.28753191 0.34628298]
128 48.2389388492911 [0.23427944 0.24574551 0.20960937 0.26943462 0.28806914 0.2592183
 0.32061014 0.32021532 0.28711791 0.34717185]
129 61.042765703210605 [0.2334482  0.24561455 0.20943177 0.26851967 0.28815277 0.25884256
 0.31991396 0.31998953 0.28671933 0.34809637]
130 50.11596344362056 [0.23282905 0.2454556  0.20941999 0.26780183 0.28797203 0.25866073
 0.3196138  0.31999658 0.28645091 0.348463  ]
131 64.58304520547071 [0.23238958 0.24526504 0.20942418 0.26724818 0.28799382 0.25850627
 0.31930643 0.32024149 0.28609818 0.34899465]
132 60.864940388548206 [0.23190202 0.24513707 0.20962311 0.2669085  0.28795447 0.25819095
 0.31920557 0.32053997 0.2856765  0.34922349]
133 63.208839054526265 [0.23136423 0.24498613 0.20975809 0.26662231 0.2882051  0.25786117
 0.31898775 0.32092563 0.28506858 0.34968227]
134 52.08171898210823 [0.23080765 0.24493118 0.20982426 0.26615754 0.28812214 0.25762622
 0.31903521 0.32109175 0.28447264 0.34991685]
135 49.17649570723885 [0.22998864 0.24505134 0.20973438 0.2655429  0.28779097 0.2573924
 0.31894204 0.32146849 0.28370831 0.34984488]
136 57.27259918646168 [0.22924498 0.2448214  0.20966627 0.26507579 0.28733357 0.25740323
 0.31890582 0.32215486 0.28261371 0.34952791]
137 51.047765580147214 [0.22878559 0.24449514 0.20958754 0.26462927 0.28703914 0.25739399
 0.31891048 0.32225469 0.28146837 0.34941896]
138 54.61106053533253 [0.22849475 0.24406597 0.20958429 0.26422658 0.28684462 0.2573639
 0.31898024 0.32249438 0.28082531 0.34947625]
139 65.47318943666913 [0.22828237 0.24391247 0.2094651  0.26407936 0.28652525 0.25745106
 0.31936155 0.32275923 0.28045563 0.34923896]
140 54.56609500206645 [0.22787277 0.24380341 0.20910923 0.26375546 0.28638091 0.257747
 0.31951803 0.32335539 0.28009186 0.34913864]
141 45.07671249158696 [0.22743233 0.24365682 0.2087409  0.26344876 0.28629182 0.2581329
 0.3196365  0.32402009 0.27988852 0.34881417]
142 41.46416720297101 [0.22714855 0.24354461 0.20834298 0.26337614 0.28594445 0.25847845
 0.31972913 0.32465736 0.27975219 0.34864715]
143 47.1487828333874 [0.2267506  0.24348009 0.20799729 0.2635179  0.28571476 0.25886765
 0.3199418  0.3254147  0.27966324 0.34851928]
144 46.83472583385735 [0.22659199 0.24352441 0.20756716 0.26360807 0.28550041 0.25945023
 0.31993085 0.32624399 0.27970524 0.34853512]
145 44.692772784524486 [0.22644633 0.24366883 0.20706995 0.26376179 0.28511083 0.26010956
 0.31994858 0.32733205 0.27987139 0.34903474]
146 45.39794495276342 [0.2263768  0.24385713 0.2065957  0.26393713 0.2847296  0.26088163
 0.31971205 0.32835542 0.28025974 0.3494458 ]
147 66.85765966399998 [0.22626916 0.24387121 0.20616607 0.26399914 0.28441611 0.26161374
 0.31929581 0.32941405 0.28064467 0.34959555]
148 54.08908032106778 [0.22583227 0.2441762  0.20555455 0.26377442 0.28427554 0.26216251
 0.31859986 0.33035703 0.28074766 0.34998201]
149 52.100027684907204 [0.22545127 0.24456182 0.20484177 0.26356803 0.28401984 0.26256059
 0.31801853 0.33162405 0.28087402 0.3501956 ]
150 52.26042261828529 [0.22513106 0.24482964 0.20415048 0.26333953 0.28367027 0.26260699
 0.31751331 0.3326209  0.28100429 0.35055669]
151 43.386883135733726 [0.22482475 0.24501549 0.20346578 0.26314132 0.28317789 0.26268065
 0.31694838 0.33321687 0.28124211 0.35109755]
152 56.4520119562653 [0.22445298 0.24515185 0.2030574  0.26297631 0.28284646 0.26311132
 0.31650002 0.33396026 0.28150949 0.35193016]
153 46.3237998980836 [0.22412704 0.24547179 0.20273134 0.26278258 0.2824662  0.26345418
 0.31601716 0.33469154 0.28180794 0.35264902]
154 45.974143528064204 [0.22390467 0.24550764 0.20240469 0.26245586 0.28206148 0.26364617
 0.3154741  0.33558614 0.28213132 0.35355479]
155 45.740221286075055 [0.22346771 0.24569866 0.20205658 0.26232436 0.28155321 0.26400516
 0.3146818  0.33619491 0.28236571 0.35425003]
156 44.002357600246725 [0.22310104 0.24582624 0.20178648 0.2622803  0.28053798 0.26467879
 0.31418825 0.33645485 0.28256726 0.35493578]
157 46.08516855077463 [0.22289446 0.24608154 0.20155736 0.26233375 0.27966499 0.26494913
 0.31361196 0.33679451 0.2827788  0.35577058]
158 38.85823442352378 [0.2227452  0.24615047 0.20146224 0.26231022 0.27876517 0.26549632
 0.31294136 0.33743547 0.28283525 0.35670953]
159 46.67492982340413 [0.22263213 0.24629247 0.20141725 0.26239375 0.27798076 0.26603997
 0.31243075 0.33825156 0.28316792 0.35760245]
160 41.135896244969636 [0.22263459 0.24592168 0.20121984 0.26243084 0.27709239 0.26644478
 0.31205824 0.33880243 0.28354517 0.35867816]
161 46.94536809484916 [0.22253085 0.24560054 0.20099494 0.26253846 0.27627367 0.26654875
 0.31159306 0.33934754 0.28372063 0.36032535]
162 50.136900863818695 [0.22246598 0.2450796  0.20082857 0.26271437 0.27519658 0.26671296
 0.31057939 0.33996409 0.28405242 0.36147397]
163 46.18246998965585 [0.22263215 0.24450307 0.20058614 0.26273464 0.27431143 0.26696609
 0.30991339 0.34077251 0.28427345 0.36234203]
164 45.95958160785112 [0.22251718 0.24383105 0.20062862 0.26290225 0.2736189  0.26727455
 0.30939746 0.34142438 0.28502609 0.36340031]
165 45.45989339448138 [0.22233022 0.24343583 0.20055525 0.26300198 0.27286891 0.26760479
 0.30913423 0.34185401 0.28571238 0.36420751]
166 45.18452576073065 [0.22210095 0.24289921 0.20035924 0.26316405 0.2722887  0.26809357
 0.30891922 0.34229937 0.28653042 0.36510912]
167 44.28124256403993 [0.22193741 0.24258852 0.20019443 0.26320965 0.27181886 0.26843736
 0.3086164  0.34223967 0.28747684 0.36611377]
168 50.66172617908464 [0.22191201 0.24233057 0.20005568 0.26328236 0.27141564 0.26888912
 0.3083186  0.34205366 0.28820633 0.36735872]
169 45.39435552105931 [0.22182421 0.2421159  0.20011164 0.26318259 0.27082838 0.26964402
 0.30783534 0.34222303 0.28879621 0.36768694]
170 35.60523928703 [0.22152932 0.2419902  0.20017998 0.26307147 0.27043563 0.27016634
 0.30714294 0.34245439 0.28918577 0.36771126]
171 41.96452818146814 [0.22123003 0.24191657 0.20012891 0.26298151 0.26987163 0.27059176
 0.30644246 0.3425481  0.28968129 0.36811541]
172 47.40005762681978 [0.22100508 0.24181898 0.2000386  0.26284369 0.26931171 0.2710856
 0.30578473 0.34288546 0.28990195 0.36833563]
173 36.11830527778028 [0.22062509 0.24161733 0.19999195 0.26262928 0.26867481 0.27176017
 0.30526996 0.34303092 0.2899343  0.36877815]
174 40.46200417776567 [0.22023843 0.24152811 0.19998368 0.2624037  0.26794655 0.27243757
 0.30475323 0.34316493 0.28989688 0.36936143]
175 45.12837043424229 [0.22007426 0.24138935 0.1998159  0.26200163 0.26759188 0.27287716
 0.30413424 0.34283556 0.29000185 0.37017329]
176 34.179892723676105 [0.21980302 0.24109213 0.19969648 0.26161723 0.26732942 0.27316046
 0.30359008 0.34222748 0.29012634 0.37113761]
177 41.602184985587854 [0.21934347 0.2410452  0.19968096 0.26134284 0.2671357  0.27340083
 0.30292725 0.34156649 0.29045804 0.37175058]
178 45.088743057529996 [0.21890775 0.24090584 0.19973019 0.26107975 0.26682834 0.27342119
 0.30233312 0.34117845 0.29049104 0.3717677 ]
179 47.0529066345843 [0.21857116 0.24099974 0.1997154  0.26071742 0.26651885 0.27328133
 0.30174187 0.34100691 0.29040595 0.37164446]
180 53.94426874155407 [0.21834704 0.24117379 0.19995549 0.26000455 0.26615216 0.27340432
 0.30104481 0.34094563 0.29015767 0.37131787]
181 38.36128855971448 [0.21817464 0.24135874 0.20032205 0.25955609 0.26596329 0.27360549
 0.30037807 0.340695   0.28963078 0.37094843]
182 38.08301640125164 [0.2180308  0.24147799 0.20062559 0.25904172 0.26595514 0.27390643
 0.29979397 0.34035535 0.28884846 0.37048304]
183 40.26484567700753 [0.21791401 0.24173814 0.20090888 0.2587718  0.26592825 0.27430396
 0.29931171 0.34001336 0.28805799 0.37016521]
184 56.29669991450544 [0.21798179 0.24185466 0.2012953  0.2585497  0.26603166 0.27505208
 0.29904569 0.34005152 0.28699204 0.36969769]
185 45.41751863999783 [0.21801841 0.24178294 0.20181198 0.25832339 0.26605088 0.27551562
 0.2987764  0.3405982  0.28622241 0.36918998]
186 43.12247835388356 [0.2179879  0.24123401 0.20213373 0.25808677 0.26623909 0.27573383
 0.2986229  0.34089313 0.28556652 0.36912443]
187 49.50345764501753 [0.21795187 0.24052577 0.20229297 0.25782822 0.26668064 0.27575863
 0.29849315 0.3411487  0.2850297  0.36923313]
188 36.04570980929916 [0.21799877 0.23992183 0.20250999 0.2574174  0.26703146 0.275874
 0.29850268 0.34129942 0.28459237 0.36943072]
189 44.60151670790455 [0.21796661 0.23928001 0.20284356 0.2570579  0.26745379 0.27630913
 0.29848412 0.34144754 0.28424894 0.36961312]
190 37.350735502112805 [0.21791012 0.23889954 0.20303375 0.25688003 0.26783774 0.27660026
 0.29837998 0.34177727 0.28375284 0.36984211]
191 42.97879891359829 [0.21790855 0.23843716 0.20343537 0.25668465 0.26807007 0.27656131
 0.29842717 0.34197821 0.28297541 0.37021034]
192 42.41974794321345 [0.21802456 0.23799854 0.20385031 0.25673528 0.26830552 0.27664812
 0.29840735 0.34239594 0.28245183 0.37025092]
193 47.27933886349828 [0.21793709 0.23740364 0.20439033 0.25659872 0.26842794 0.27669863
 0.29824008 0.34270337 0.28199601 0.37028425]
194 43.62970326882626 [0.21802351 0.23680476 0.20490491 0.25643167 0.26855308 0.27715207
 0.29794588 0.34312104 0.28164034 0.37007524]
195 42.30742007721629 [0.21776702 0.23625166 0.20526698 0.25632178 0.26894945 0.27763383
 0.29783377 0.34325629 0.28146261 0.36973394]
196 54.34471797739249 [0.21772828 0.23593373 0.2056441  0.25629588 0.26922218 0.27806021
 0.29768821 0.34329868 0.28159199 0.37004157]
197 48.32559031284963 [0.21779425 0.23563522 0.20581266 0.25650564 0.26924919 0.2785228
 0.29777713 0.3435698  0.28177528 0.37022308]
198 37.63569194151272 [0.21781785 0.23519817 0.20602456 0.25657889 0.26940264 0.27885105
 0.29791545 0.34337507 0.2819117  0.37072949]
199 37.87390058892413 [0.21780394 0.23513831 0.20616383 0.25689569 0.26960312 0.27895018
 0.29767546 0.34332666 0.28188784 0.37132473]
200 48.652621030079 [0.21780744 0.23521748 0.20638905 0.25716697 0.26998354 0.27919154
 0.29758736 0.34267005 0.28183691 0.37206763]
201 40.980972181481874 [0.21776496 0.23528759 0.20655063 0.25743066 0.27041497 0.27927421
 0.29748953 0.34199929 0.28190921 0.37270001]
202 39.81164349126357 [0.21791627 0.23531669 0.20681576 0.25752658 0.2706867  0.27910389
 0.29800396 0.3415478  0.28208367 0.3737948 ]
203 40.114321390743086 [0.21818138 0.23524737 0.20684956 0.25745812 0.27120908 0.2785883
 0.29830774 0.34110898 0.2823562  0.37493512]
204 40.5522435123809 [0.21845265 0.23513027 0.2068574  0.25738809 0.2715739  0.27817912
 0.29881114 0.34072496 0.28274413 0.37568898]
205 47.77005583108698 [0.21867048 0.23504043 0.2068502  0.25737215 0.27182982 0.27780535
 0.2991671  0.34036908 0.28319735 0.37591225]
206 33.19840764648062 [0.21885182 0.23507964 0.20685804 0.25706262 0.27213737 0.27748787
 0.29962008 0.34003196 0.28386765 0.37604503]
207 33.56386244695996 [0.21900033 0.23507004 0.20669212 0.2567185  0.27266418 0.27693751
 0.30010571 0.33960115 0.28461925 0.37569014]
208 39.67282393671765 [0.21917761 0.23495299 0.2065352  0.2565047  0.27330659 0.27617082
 0.30027642 0.33954512 0.28557562 0.37485952]
209 42.43459156480429 [0.21923472 0.23480622 0.20643862 0.25623679 0.2740468  0.27545229
 0.30064796 0.33960071 0.28638418 0.37426706]
210 44.97540009702789 [0.21903673 0.23486294 0.20630814 0.25581323 0.27435903 0.27478261
 0.30102934 0.3393508  0.28734615 0.37340374]
211 48.59294636872389 [0.21897477 0.23492444 0.20609356 0.25534879 0.27454778 0.27455834
 0.30138451 0.33957382 0.28850702 0.37268506]
212 39.08736031621976 [0.21873759 0.23485948 0.20584195 0.25475092 0.27451093 0.27451977
 0.30160216 0.33937503 0.28946304 0.37200525]
213 54.61095328346211 [0.2183045  0.23495282 0.20568503 0.25453531 0.27436761 0.27414253
 0.30189354 0.33948223 0.29012804 0.37147371]
214 51.36322140701383 [0.21786973 0.23518726 0.20562196 0.25457346 0.27411693 0.273807
 0.30226658 0.33972985 0.29071414 0.37138716]
215 58.41845585015979 [0.21749798 0.23557443 0.20557247 0.25446974 0.2737955  0.27345563
 0.30291248 0.34021374 0.29157759 0.37129218]
216 58.90805496910842 [0.21699421 0.2359403  0.20545366 0.25465883 0.2736635  0.27336169
 0.30356862 0.34063398 0.29239155 0.3712997 ]
217 50.842905791627445 [0.2164251  0.23643168 0.20532192 0.25479037 0.273616   0.27365465
 0.30415417 0.34097798 0.29311645 0.37176959]
218 50.99831810828201 [0.21595797 0.23710989 0.20508554 0.25506265 0.27320264 0.27400992
 0.30459443 0.34145831 0.29336099 0.37207262]
219 36.08397634156768 [0.21558926 0.23764912 0.20486969 0.25537364 0.27296829 0.27454454
 0.30523094 0.34206582 0.29357402 0.37221685]
220 39.34581758345924 [0.21520548 0.23806485 0.20457397 0.25569879 0.27250942 0.27506895
 0.30585138 0.34257696 0.29346208 0.37231619]
221 40.802047204962506 [0.21470267 0.23826689 0.20455691 0.25570756 0.2722397  0.27552604
 0.30622497 0.3430708  0.29353256 0.37229955]
222 37.755686120015 [0.21420573 0.23821286 0.20431446 0.25544961 0.27199622 0.27595283
 0.30672827 0.34301546 0.29295261 0.37217628]
223 47.45829319730848 [0.21386077 0.23837763 0.20381473 0.25492955 0.27195059 0.27631185
 0.30718473 0.343011   0.2922116  0.37147113]
224 45.01491702318475 [0.21361444 0.23873335 0.20339278 0.25445349 0.27189681 0.27671704
 0.30770096 0.34277859 0.2914798  0.37085873]
225 42.956566528820225 [0.21348795 0.23935884 0.202912   0.25410594 0.27178918 0.27708621
 0.3083429  0.34273264 0.29076802 0.37040197]
226 406.69881042829246 [0.21351017 0.24004635 0.20256241 0.25384422 0.27165138 0.2776108
 0.30905259 0.34264204 0.29008949 0.36984499]
227 41.541275451486854 [0.2134652  0.24082415 0.20217518 0.25345573 0.27143503 0.27790185
 0.30944887 0.34223964 0.28967483 0.36926547]
228 51.21644555889533 [0.21350059 0.24169837 0.20184285 0.25323461 0.27116399 0.27805541
 0.30990872 0.34211394 0.28939124 0.36852704]
229 50.40544074755881 [0.21363407 0.2424763  0.20127492 0.25297209 0.2709685  0.2784919
 0.3104735  0.34224536 0.28919526 0.36815741]
230 40.32541318533923 [0.21360304 0.24324372 0.20064198 0.25264714 0.27053658 0.27878297
 0.31116194 0.34268807 0.2881777  0.36792657]
231 47.79873355455982 [0.21361147 0.24395402 0.20000567 0.25246176 0.27015649 0.27915095
 0.31181218 0.34328161 0.28733825 0.36791425]
232 53.460437669831116 [0.21386265 0.24465968 0.19921295 0.25257892 0.26973734 0.27931879
 0.31247421 0.34391849 0.28707483 0.36795439]
233 49.01842254099881 [0.21386032 0.24525182 0.19842594 0.2527974  0.26922413 0.27931479
 0.31337029 0.34410581 0.28674805 0.36822302]
234 45.59717449205546 [0.21382534 0.2459397  0.19781675 0.25306952 0.26867024 0.27905354
 0.31401246 0.34443473 0.28658785 0.36820222]
235 51.634380926917004 [0.21375339 0.24656763 0.19726056 0.25328851 0.26758528 0.27924217
 0.31427873 0.34452936 0.28630988 0.36847295]
236 50.452101153823655 [0.21354651 0.24695149 0.19669364 0.25349267 0.26655246 0.2795688
 0.31427081 0.34471372 0.28599666 0.3684358 ]
237 61.56026248611503 [0.21322428 0.24735291 0.19634487 0.253426   0.26533466 0.27978273
 0.31426634 0.34504575 0.28582722 0.36835496]
238 54.08364008340927 [0.21292418 0.24754619 0.19608939 0.25333049 0.26430866 0.28002637
 0.31445212 0.34537662 0.28559425 0.36817658]
239 49.17953045693736 [0.21255066 0.24789552 0.19570963 0.25319463 0.26298262 0.27973466
 0.31476938 0.34535898 0.2854773  0.36797519]
240 53.266447847625656 [0.21211347 0.24778556 0.19521403 0.25317549 0.26172527 0.27922733
 0.31500261 0.3453806  0.28525155 0.36736346]
241 53.44977278251709 [0.21166367 0.24760454 0.19466444 0.25314525 0.26043627 0.27888283
 0.31495806 0.34556059 0.28515029 0.36690134]
242 49.16193339100513 [0.21126243 0.24744328 0.19419059 0.25298378 0.25894569 0.2787525
 0.31461481 0.34541927 0.28528727 0.36669447]
243 56.30672465646275 [0.21101763 0.24725441 0.19368529 0.25267312 0.25763982 0.27900353
 0.31425057 0.3451131  0.28527879 0.36584276]
244 50.10830524580176 [0.21075217 0.24698823 0.19329189 0.25238368 0.25641759 0.27914661
 0.31429412 0.34507851 0.28557063 0.36498457]
245 44.25888480210158 [0.21038886 0.24711422 0.19288436 0.25252165 0.25520215 0.27892556
 0.31484574 0.34488203 0.28609627 0.36422739]
246 43.702643307955164 [0.21006026 0.24750975 0.19240514 0.25265198 0.25410859 0.27898423
 0.31526375 0.34464362 0.28676381 0.36322963]
247 44.453082437660555 [0.20952635 0.24784103 0.19205355 0.25289214 0.25325521 0.27898042
 0.3158602  0.34423142 0.28715256 0.36211442]
248 49.55163985880901 [0.2088872  0.24821633 0.19163557 0.25308309 0.25245437 0.27871897
 0.31644302 0.34388596 0.28745363 0.36095869]
249 56.26263211686406 [0.20834704 0.2485775  0.19122472 0.25311555 0.25175932 0.27844154
 0.31728504 0.34359836 0.28779383 0.3597276 ]
250 42.06699464908663 [0.20805203 0.24871664 0.19097792 0.25313926 0.250937   0.27823524
 0.31836785 0.34279014 0.28808793 0.35898176]
251 42.90556443481947 [0.20775289 0.24878889 0.19056458 0.25323332 0.25007268 0.27794802
 0.3193913  0.34215079 0.28857371 0.35851144]
252 52.924636017632515 [0.20734342 0.24897654 0.19006549 0.25309106 0.24920868 0.27759411
 0.32029814 0.34194385 0.28904616 0.35801395]
253 47.50772663104739 [0.20703795 0.24891851 0.18968515 0.25295732 0.24824948 0.27735955
 0.32097956 0.34183141 0.28928496 0.35729499]
254 43.66219185641581 [0.20671409 0.24863798 0.18936717 0.25286466 0.24749595 0.27690322
 0.32200662 0.34197921 0.28950595 0.35684345]
255 42.774529040086875 [0.20633914 0.24828526 0.18902266 0.25288763 0.24670682 0.27643095
 0.32276257 0.34198922 0.28978983 0.35616043]
256 38.31846389448593 [0.20613358 0.24792284 0.18861088 0.25293923 0.24600754 0.27596038
 0.32344785 0.3418753  0.29002561 0.35501778]
257 41.734153772066435 [0.20593436 0.24777762 0.18819712 0.25292805 0.24556706 0.27559921
 0.32362837 0.34185585 0.28994435 0.35428127]
258 52.627034898775506 [0.205761   0.24788535 0.18779539 0.25292072 0.24522252 0.27538859
 0.32409705 0.34207364 0.28982705 0.353846  ]
259 47.90481909214489 [0.20549517 0.24837501 0.18732887 0.25346403 0.24496469 0.27506223
 0.32459775 0.34204172 0.28967192 0.35329433]
260 52.81829647939408 [0.20524588 0.24904219 0.18687054 0.25393652 0.24492083 0.27481079
 0.3247918  0.34242565 0.289587   0.35260543]
261 51.91941240793162 [0.20505206 0.2497107  0.18647428 0.254408   0.24484418 0.27410733
 0.32445359 0.34263311 0.28947571 0.35224731]
262 47.47432216005163 [0.20470289 0.2501064  0.18605826 0.25477415 0.24450088 0.27336243
 0.32430944 0.34283485 0.28942218 0.35189165]
263 40.60937601003396 [0.20452384 0.25028969 0.18563551 0.25483733 0.24385358 0.27278648
 0.3238941  0.34307733 0.28935772 0.35223161]
264 46.1836954957311 [0.20446834 0.25046911 0.18512067 0.25493442 0.24343981 0.27231876
 0.32405898 0.34320346 0.28923337 0.35244449]
265 38.93088641608237 [0.20440494 0.25066886 0.18464364 0.25513224 0.24299741 0.27184337
 0.32414704 0.34342291 0.28910556 0.35270774]
266 37.48356870099194 [0.20447032 0.25094514 0.18431362 0.25537423 0.2427913  0.27134247
 0.32458322 0.34342049 0.28876907 0.35284374]
267 42.107622700736535 [0.20463761 0.25136359 0.18389865 0.25542325 0.242585   0.27105913
 0.3248274  0.3436056  0.28841526 0.35284832]
268 42.47022683862933 [0.20484419 0.25161245 0.18356606 0.25561962 0.24226518 0.27031353
 0.32519619 0.34332701 0.28824963 0.35321574]
269 48.54538963947088 [0.20478395 0.25178792 0.18330831 0.25574295 0.24189251 0.26963714
 0.32538866 0.34307018 0.28822954 0.35326899]
270 37.382947333787016 [0.20463329 0.25176735 0.18301579 0.25606331 0.2415932  0.26898017
 0.32497631 0.34285682 0.28840055 0.35291631]
271 41.49583085084382 [0.20451005 0.25158387 0.18260522 0.25639204 0.24127647 0.26819009
 0.32419849 0.34268091 0.28876878 0.3528627 ]
272 33.90434763169573 [0.20448152 0.25178294 0.18218083 0.25685259 0.24096063 0.26763334
 0.32369132 0.34274914 0.28948789 0.35253034]
273 47.36226116253284 [0.20456652 0.25203963 0.18185526 0.25719182 0.24075624 0.26727819
 0.32298917 0.34298841 0.28993232 0.35269415]
274 39.2251836267115 [0.20436398 0.2520632  0.18145194 0.25773974 0.24061331 0.26730375
 0.32273679 0.34292103 0.29060556 0.35318634]
275 39.50208780975353 [0.20408729 0.25173118 0.18101207 0.25797561 0.24049518 0.26710011
 0.32246196 0.34308673 0.29156911 0.35403849]
276 38.19479163824904 [0.20384865 0.25167667 0.1806647  0.25826491 0.24037132 0.26682165
 0.32227103 0.34308946 0.2926232  0.35483451]
277 37.754672194421545 [0.20368307 0.25166556 0.18033062 0.25842434 0.24021111 0.26658792
 0.32211493 0.34288797 0.29367028 0.35577798]
278 34.939868640544795 [0.20324593 0.25145842 0.17988886 0.25867976 0.24002469 0.26631004
 0.32191206 0.34310111 0.29445672 0.35665692]
279 44.647946559776855 [0.20286326 0.25130017 0.17959161 0.25887306 0.240046   0.26594352
 0.32232183 0.34326495 0.29529079 0.35772917]
280 42.78095442605907 [0.20267351 0.25080296 0.17937619 0.2589183  0.24018298 0.26551397
 0.32255991 0.3433205  0.29640324 0.35879691]
281 29.988672247735423 [0.20228063 0.24984561 0.17912855 0.25863348 0.24003074 0.26498333
 0.3223485  0.34328112 0.29748019 0.35927255]
282 48.43288290591225 [0.20185471 0.24884652 0.17884943 0.25865624 0.23991972 0.26443787
 0.32227172 0.34335612 0.29834391 0.35962059]
283 36.28613774243595 [0.20124038 0.24787933 0.17858922 0.25883604 0.24003364 0.26400193
 0.32170866 0.34344782 0.29932303 0.36038827]
284 33.91815187969158 [0.20044376 0.24670752 0.17817719 0.25911293 0.23993004 0.26370832
 0.32131882 0.34308453 0.30059027 0.3611897 ]
285 33.9393537201632 [0.19970014 0.24562922 0.17782156 0.25906094 0.23971602 0.2635046
 0.32085676 0.343024   0.30158293 0.36199292]
286 40.00803714353758 [0.1993565  0.24465748 0.17758349 0.25905921 0.239481   0.26355355
 0.3204643  0.34298518 0.30248648 0.36283841]
287 35.28902775597582 [0.19911034 0.24369657 0.17731524 0.25890944 0.23934894 0.26387821
 0.32028099 0.34286982 0.30345465 0.36343704]
288 34.39680033818432 [0.19866601 0.24292349 0.17701582 0.25854113 0.23927827 0.26407507
 0.32015185 0.34294381 0.30447154 0.36393581]
289 35.449471819084096 [0.19824125 0.24215027 0.17665424 0.25808136 0.23921083 0.26419549
 0.31974158 0.34301513 0.30576305 0.36460273]
290 36.51024986384317 [0.19804953 0.2412686  0.17631508 0.25757277 0.23937685 0.26429056
 0.31946721 0.34323334 0.30719271 0.36487987]
291 34.23914071169777 [0.19790495 0.24006117 0.17606212 0.25719909 0.23949103 0.26453949
 0.31935936 0.34318521 0.30828425 0.36554166]
292 27.52463522490304 [0.19769382 0.23884925 0.17603302 0.25709864 0.23937444 0.26450675
 0.31946184 0.34317675 0.30870062 0.36608281]
293 32.86107241712685 [0.19745706 0.23789018 0.17606535 0.25712763 0.23910669 0.26440971
 0.3197102  0.34350828 0.30948901 0.36684162]
294 40.65872117467817 [0.19720725 0.2372103  0.17597532 0.25712677 0.23898864 0.26430406
 0.31989044 0.34399707 0.31020578 0.36730376]
295 38.94627496484988 [0.19688874 0.23679207 0.17584294 0.25713208 0.23890758 0.26431957
 0.31993012 0.34440271 0.31086429 0.36759089]
296 36.45920647312668 [0.19644418 0.23641577 0.17575138 0.25723838 0.23869472 0.26435969
 0.32044362 0.34513439 0.31140893 0.36795827]
297 40.304228218786754 [0.19597848 0.2360204  0.1756195  0.25737347 0.23850691 0.26446361
 0.32096395 0.34574084 0.31196771 0.36836746]
298 38.09744154189985 [0.19541141 0.23562057 0.17562479 0.25761295 0.23834558 0.26461003
 0.32177299 0.34652139 0.31255563 0.36866874]
299 44.512636747091605 [0.19484093 0.23542388 0.17572166 0.25763367 0.23795475 0.26462352
 0.32229512 0.3473976  0.31300772 0.3685771 ]
300 49.04302452757605 [0.19436283 0.23522799 0.17564537 0.25761021 0.23755924 0.26473883
 0.32268777 0.34800076 0.3133068  0.36863131]
301 50.52515529190001 [0.19382062 0.23523871 0.17544706 0.25754329 0.23719266 0.26481667
 0.32291142 0.34867058 0.3136798  0.36866146]
302 46.50676839808523 [0.19340388 0.23508482 0.17512744 0.25727185 0.23682195 0.2647853
 0.32316159 0.34916332 0.31396516 0.36901508]
303 43.05685453125881 [0.19292133 0.23526183 0.17481982 0.2566359  0.23680924 0.26465656
 0.32301319 0.34873723 0.31450219 0.36926248]
304 52.26385343489551 [0.19247402 0.23510589 0.17463232 0.25582422 0.23678129 0.26457645
 0.32236077 0.34829836 0.31486346 0.36941311]
305 43.44689397759561 [0.19194301 0.2349391  0.17433161 0.25479247 0.23656138 0.26477584
 0.32219932 0.34775134 0.31521821 0.36964107]
306 40.73727146053717 [0.19151812 0.23468016 0.17405823 0.25382152 0.23638664 0.26487108
 0.32181364 0.34739993 0.31568585 0.3697973 ]
307 49.46679101543154 [0.19096334 0.23440948 0.17363272 0.25280989 0.23598164 0.26508858
 0.32164505 0.34687724 0.31607329 0.36964848]
308 46.64104134367984 [0.1903246  0.23422207 0.17321387 0.25199617 0.23553071 0.26552126
 0.32107994 0.3467894  0.31658214 0.36940496]
309 42.189587587027674 [0.1896022  0.2342195  0.17293696 0.25125692 0.23500913 0.26594382
 0.3206958  0.34642145 0.31723991 0.36940399]
310 41.096402348359135 [0.18894483 0.23400648 0.1727496  0.25072865 0.23453067 0.26645236
 0.32008537 0.34599193 0.31772076 0.36895816]
311 37.210926512865015 [0.1883432  0.23388351 0.17255414 0.25039106 0.23420249 0.26706706
 0.31945284 0.3454066  0.31810558 0.36852116]
312 41.10735037678766 [0.18783278 0.23358437 0.17255217 0.24999081 0.23409838 0.26754658
 0.31880996 0.34472668 0.31858614 0.36801327]
313 33.704154736121765 [0.18723855 0.23314221 0.17256249 0.24960353 0.23403404 0.26810866
 0.31806346 0.34436739 0.31951486 0.36766514]
314 39.820180925298715 [0.18670922 0.23261864 0.17250388 0.24930051 0.23383721 0.26857247
 0.31698904 0.34386265 0.32045408 0.36702373]
315 41.34562305724957 [0.18613313 0.23173879 0.17252282 0.24902486 0.23374363 0.26908895
 0.31556996 0.3439737  0.32152848 0.3666768 ]
316 31.053896115134492 [0.18575533 0.23122522 0.1723839  0.24884651 0.23366835 0.26944653
 0.31443911 0.34444415 0.32203771 0.36655198]
317 36.88048349709511 [0.1854206  0.23065065 0.17226997 0.24879105 0.23377621 0.26978195
 0.31254544 0.34545493 0.3221163  0.36655167]
318 42.96511085544614 [0.18512768 0.23014459 0.17207756 0.24851125 0.23357474 0.27030887
 0.31076876 0.34720687 0.32199174 0.36671413]
319 41.453292922687396 [0.18485817 0.22970319 0.17180048 0.24835572 0.23326016 0.27113099
 0.30936027 0.34870814 0.32186643 0.36673398]
320 33.273375412067054 [0.18454367 0.22918217 0.17154824 0.2482713  0.23302199 0.27170035
 0.30793123 0.35038259 0.32181477 0.36703416]
321 35.03637250713368 [0.18415062 0.22874799 0.17131871 0.24819702 0.23273383 0.27203013
 0.30654107 0.35160333 0.32163    0.36711501]
322 41.666920131426394 [0.18358419 0.22836298 0.17132102 0.24795859 0.23267945 0.2720106
 0.30550364 0.35268807 0.32157732 0.36706967]
323 35.98151977088952 [0.18298485 0.22798988 0.17142672 0.24781026 0.23285518 0.27193056
 0.30501776 0.35364921 0.3215198  0.3672205 ]
324 33.29001061775732 [0.18260587 0.22753795 0.17155671 0.24791323 0.23288677 0.27192256
 0.30477158 0.35485193 0.32182201 0.36712306]
325 38.12479829280799 [0.18218121 0.22724214 0.17171335 0.2479869  0.23289105 0.27188899
 0.3044647  0.3556987  0.32233963 0.36678117]
326 37.398857691288185 [0.18179416 0.22668481 0.17206123 0.24781537 0.23277887 0.27181489
 0.30431294 0.35648236 0.32212576 0.36652514]
327 40.781630413229564 [0.18128774 0.22652777 0.17240001 0.24747818 0.2327938  0.27189293
 0.30446701 0.35670112 0.32218504 0.36682437]
328 30.982233319499187 [0.18078217 0.22642409 0.17263089 0.24699595 0.23292086 0.27190001
 0.30469663 0.3572663  0.32205964 0.36717577]
329 38.64302210940461 [0.18033912 0.22638936 0.17285737 0.24668986 0.23291042 0.27202214
 0.30491412 0.35793369 0.32162745 0.36750273]
330 36.82430690435479 [0.17992233 0.22642071 0.17311006 0.24656578 0.23298015 0.27208782
 0.30518217 0.35841532 0.3213046  0.36818042]
331 42.8402431514812 [0.17943178 0.22648901 0.17313788 0.24623514 0.23292836 0.27224169
 0.30548101 0.35884645 0.32072573 0.36895291]
332 38.40978557558281 [0.1790319  0.22653984 0.17318986 0.24571162 0.23279496 0.27225842
 0.30588107 0.35885347 0.31998395 0.36935105]
333 40.918652101694306 [0.178578   0.22660328 0.17314662 0.24538081 0.23273366 0.27260327
 0.30600578 0.35840464 0.31909995 0.37018747]
334 36.298455663140444 [0.17823763 0.22650878 0.17320754 0.24515297 0.23278882 0.27317532
 0.30616925 0.35819901 0.31824738 0.37093409]
335 36.23567141987271 [0.17795816 0.22649894 0.1732244  0.24520722 0.2327831  0.27368055
 0.30635915 0.35782585 0.31767838 0.37227225]
336 41.94179369010817 [0.17779232 0.22635572 0.1731289  0.24542224 0.23299491 0.27408604
 0.30666137 0.3573523  0.31719663 0.37279811]
337 40.11537227067341 [0.1776292  0.22625572 0.17297445 0.24552706 0.23306659 0.27442967
 0.30706239 0.3571354  0.3166412  0.37317975]
338 43.89130326004698 [0.17749284 0.22626272 0.17282606 0.24549145 0.23302866 0.27462861
 0.30749934 0.35688077 0.31617232 0.37343567]
339 38.90122686678424 [0.17731568 0.22650232 0.17257752 0.24546914 0.23279252 0.27500842
 0.30805101 0.35655366 0.31595693 0.37356704]
340 40.70908828444578 [0.17705633 0.22676417 0.17238029 0.24541718 0.23221044 0.27570401
 0.3086618  0.35599608 0.31602194 0.37387034]
341 39.66297654156487 [0.17686349 0.22704479 0.17238092 0.24519314 0.23189244 0.27628463
 0.30929581 0.35576897 0.31642744 0.37428008]
342 36.63550519443447 [0.17667291 0.22735249 0.17234929 0.24516215 0.2313292  0.27679904
 0.31020286 0.35558057 0.31707347 0.37472713]
343 37.74156339027204 [0.17654856 0.22752415 0.17228553 0.24505237 0.23079893 0.27730443
 0.31110482 0.35525226 0.31789643 0.37519414]
344 41.86129227912432 [0.17638107 0.22752725 0.17231825 0.24519837 0.23021717 0.27748646
 0.31151434 0.35505049 0.31873465 0.37551147]
345 32.85255993752325 [0.17624905 0.22757652 0.17226045 0.24530206 0.22987677 0.27744923
 0.31200259 0.35525341 0.31955403 0.37602881]
346 39.507068667653364 [0.17619926 0.22773914 0.17207125 0.24556302 0.22958642 0.27787304
 0.31184991 0.35532114 0.32067393 0.3763464 ]
347 32.14831141895896 [0.17618884 0.22771181 0.17187596 0.24567419 0.22952324 0.27806248
 0.31194644 0.3561113  0.32205578 0.37656088]
348 33.12101533326107 [0.17628341 0.22711223 0.17171713 0.24577795 0.22960159 0.27795479
 0.31226661 0.35669143 0.32330677 0.37662456]
349 37.635164835995035 [0.17629774 0.22673624 0.17158227 0.24600741 0.22962091 0.27752436
 0.31258171 0.35734901 0.32475693 0.37682974]
350 42.25824833940581 [0.17623782 0.2261624  0.17142274 0.24614194 0.22942486 0.27691795
 0.31214768 0.35812663 0.32644618 0.37717191]
351 37.748942440319354 [0.17611853 0.225686   0.17113248 0.24607661 0.22937456 0.27633615
 0.3115697  0.35819407 0.32818834 0.37767545]
352 44.32940869032089 [0.17601395 0.22538259 0.17093475 0.24570067 0.2291805  0.27521857
 0.31083854 0.35812815 0.32983021 0.37790083]
353 38.032307674139815 [0.17591492 0.22512072 0.17095143 0.24481166 0.22911632 0.27450497
 0.30972822 0.35846947 0.33124763 0.37807387]
354 46.80850570664248 [0.17583122 0.22504586 0.17083761 0.24395933 0.2290667  0.27433279
 0.30850316 0.35863684 0.33235423 0.37849549]
355 43.37387771501645 [0.17550875 0.22492133 0.17070987 0.24310221 0.22926588 0.27415075
 0.30720711 0.35852442 0.33333583 0.37850634]
356 46.59279817650648 [0.17518015 0.22464526 0.17055431 0.24232759 0.22941207 0.27367573
 0.30631137 0.35822447 0.33479819 0.37867576]
357 38.89445999926936 [0.17489679 0.2245755  0.17069162 0.2417805  0.22962187 0.27306142
 0.30538879 0.35723837 0.336536   0.37855171]
358 42.13632685418393 [0.17451004 0.22462422 0.17072649 0.24121799 0.22963048 0.27242737
 0.30499992 0.35679592 0.3382073  0.37875097]
359 40.70005370959006 [0.17418311 0.22478072 0.17076669 0.24047016 0.22972055 0.27190049
 0.30431425 0.35625927 0.33971579 0.37875922]
360 37.995713757301814 [0.17381878 0.22482452 0.17078312 0.23992818 0.22970014 0.27128963
 0.30392527 0.35491086 0.3414923  0.37892397]
361 37.592688068780696 [0.1735583  0.22480107 0.17084936 0.23943912 0.22966457 0.27094649
 0.30359693 0.35351793 0.34274702 0.378629  ]
362 37.4185386726238 [0.17323173 0.2246379  0.17087521 0.23921724 0.22960516 0.27025547
 0.30316545 0.35202552 0.34404657 0.37836257]
363 40.54122076336816 [0.1729477  0.22466095 0.17086173 0.23908322 0.22959701 0.26985224
 0.30313054 0.35060573 0.34576893 0.37799411]
364 34.71597784524768 [0.1727858  0.22454075 0.170841   0.23894414 0.2296702  0.2697257
 0.30299956 0.34871575 0.34770855 0.37737083]
365 32.19465862928611 [0.17265294 0.22425552 0.17072961 0.23882863 0.22988713 0.26954621
 0.3031271  0.34714867 0.34935312 0.37722259]
366 35.05609622281638 [0.17251474 0.22390805 0.17056064 0.23872456 0.23029303 0.26906934
 0.30326467 0.34575952 0.3508359  0.37703526]
367 50.43084384446236 [0.17236525 0.22366352 0.17025434 0.23860585 0.23074232 0.26867248
 0.30333469 0.34454394 0.3525765  0.37723831]
368 31.62714424842393 [0.17225782 0.22329762 0.17006215 0.23852623 0.23116713 0.26825179
 0.30359012 0.34326932 0.3545788  0.37742743]
369 31.70078600090582 [0.17221192 0.22274557 0.16987387 0.23831067 0.23125671 0.26799477
 0.3040407  0.34197703 0.35630537 0.37747127]
370 42.68145821377864 [0.17213566 0.2220948  0.16966211 0.23804864 0.23142479 0.26794684
 0.30435087 0.34084449 0.35788048 0.37733899]
371 43.276400626103914 [0.17209112 0.22157255 0.1694639  0.23767172 0.23153479 0.26784036
 0.30458599 0.33984595 0.35921863 0.37737118]
372 41.14508320294321 [0.17213498 0.22099015 0.16915495 0.23724319 0.23153768 0.2676864
 0.30504711 0.33892751 0.36018063 0.37766409]
373 47.878031496207576 [0.17218793 0.22045945 0.16885914 0.23685378 0.23161241 0.26758035
 0.30570768 0.33823081 0.36054449 0.37787761]
374 47.351404112078484 [0.17231171 0.22019285 0.1684965  0.23646191 0.23162383 0.26770452
 0.30626649 0.33795922 0.36089364 0.37790156]
375 43.42550355694769 [0.17246759 0.2197554  0.16808516 0.2362077  0.23158459 0.26800714
 0.30658297 0.3377088  0.36098338 0.37814291]
376 41.06199852294604 [0.17253788 0.21914425 0.16773136 0.23582718 0.23148864 0.26816136
 0.30679044 0.33733695 0.36110497 0.37840977]
377 38.939383238253214 [0.17250989 0.21872555 0.16751552 0.23553069 0.23136947 0.26837807
 0.30716325 0.33684435 0.3614281  0.37845251]
378 42.45957709488736 [0.17263443 0.21849116 0.16719688 0.23564421 0.23096007 0.26882831
 0.30790082 0.33639949 0.36119094 0.37791394]
379 37.8653053579838 [0.17268571 0.2184811  0.16697326 0.23590413 0.23061099 0.26921548
 0.30848991 0.33604434 0.36144085 0.37698789]
380 34.68491559148334 [0.17259854 0.21844664 0.16680327 0.23612374 0.23015465 0.26952523
 0.30897623 0.33563006 0.36161379 0.37612598]
381 36.5355349412323 [0.17253252 0.21846773 0.16670357 0.23644561 0.22995172 0.26967537
 0.30958255 0.33559848 0.36158178 0.37518902]
382 32.193100038444925 [0.17240505 0.2181426  0.16668793 0.23650995 0.22982687 0.26951341
 0.31018224 0.33545626 0.36147068 0.37432466]
383 37.93351453297504 [0.17232963 0.21763113 0.16664576 0.23666713 0.2297883  0.26897181
 0.31070142 0.33535258 0.36199569 0.37359712]
384 42.81187951230766 [0.17226374 0.21719135 0.16670916 0.23683446 0.22962434 0.26862542
 0.31114562 0.33527472 0.36262116 0.37272755]
385 37.47195216381171 [0.17235739 0.2170331  0.16684725 0.23709585 0.22933658 0.26870474
 0.31105921 0.33540599 0.36345433 0.37188995]
386 38.01398513450902 [0.17244973 0.21686041 0.16672406 0.23752337 0.22910193 0.26893038
 0.31076476 0.33529517 0.36473275 0.37152294]
387 375.58596807578294 [0.17255766 0.21676728 0.16664521 0.23776769 0.22899945 0.26937526
 0.31070038 0.33508944 0.3657803  0.37125161]
388 40.104032573487096 [0.17266209 0.21657348 0.16665884 0.23788544 0.22894552 0.27025728
 0.31036789 0.33467888 0.36626331 0.37062566]
389 34.58519423783813 [0.17278327 0.21638335 0.16668924 0.23823776 0.22896277 0.27105988
 0.31023537 0.33416015 0.36650308 0.37002849]
390 37.356843828897006 [0.17293798 0.2162595  0.16678874 0.23859576 0.22919221 0.27163992
 0.30990892 0.33419589 0.36701052 0.36969178]
391 30.34962131439178 [0.17300858 0.21612615 0.16683466 0.23853727 0.22939903 0.27230062
 0.30947846 0.33418915 0.36732899 0.36911136]
392 38.226681780633676 [0.17299321 0.21592823 0.16683556 0.23870204 0.22975538 0.27325076
 0.30893176 0.33436361 0.36793538 0.36870685]
393 34.7639873512766 [0.17304719 0.2157151  0.16680328 0.23876412 0.23012416 0.27410821
 0.30847703 0.33467533 0.36887752 0.368563  ]
394 37.92195865600361 [0.17301711 0.21536461 0.16678682 0.23885124 0.23059891 0.27492864
 0.30799344 0.33478451 0.36948566 0.36829596]
395 34.87762164042224 [0.17298205 0.21503322 0.16687081 0.2391084  0.23107041 0.27576875
 0.30780402 0.33526938 0.36989375 0.36777595]
396 34.32720738933095 [0.17301838 0.21479579 0.16697669 0.23931556 0.23136308 0.2761157
 0.30787749 0.3357593  0.37003178 0.36730711]
397 37.165542031473905 [0.17308753 0.21450956 0.16706705 0.23943247 0.23151903 0.27658421
 0.3078346  0.33653673 0.37063021 0.36658545]
398 29.522966930735606 [0.17307814 0.21427046 0.16707462 0.23959497 0.23146399 0.2766376
 0.30774861 0.33722549 0.37048391 0.36587624]
399 35.66284995426827 [0.17316632 0.21412974 0.16715871 0.23975714 0.2314038  0.27683249
 0.30817874 0.33785566 0.37034961 0.36537062]
400 39.69562478739054 [0.17329382 0.21376381 0.16734003 0.23947525 0.23142482 0.27694035
 0.30854185 0.33822656 0.37049182 0.36471022]
401 31.71112061205133 [0.17344146 0.21354195 0.16747322 0.23930412 0.23141765 0.27694347
 0.30885689 0.33874466 0.37094115 0.36411705]
402 31.822573369279993 [0.17352828 0.21338667 0.16764209 0.23925358 0.23143505 0.27698464
 0.30937798 0.33938009 0.37182481 0.36363575]
403 401.38139838517174 [0.17358126 0.2131585  0.1678422  0.23921678 0.23120163 0.2772569
 0.30981614 0.3399984  0.3723266  0.36305807]
404 402.37486965173326 [0.17358525 0.21274842 0.16789643 0.23922736 0.23090868 0.27771329
 0.31011934 0.34061053 0.37247798 0.3625883 ]
405 38.233896787574984 [0.17358508 0.21255974 0.16808465 0.23925895 0.23045554 0.27809431
 0.31087249 0.3413135  0.37275492 0.36189393]
406 33.787258537669594 [0.17368531 0.21255038 0.1682336  0.23949748 0.22985853 0.27851895
 0.31141823 0.3418179  0.37299295 0.3612051 ]
407 36.702147128859906 [0.17373644 0.21258591 0.16842222 0.23968604 0.229363   0.27877305
 0.31180526 0.34248822 0.37314974 0.36050026]
408 38.68896949014561 [0.17381541 0.21255871 0.16845364 0.23963755 0.22902359 0.27885591
 0.3120855  0.34284982 0.37376369 0.35901524]
409 37.701857533396186 [0.17388905 0.21268252 0.16832082 0.23980468 0.22866634 0.27873531
 0.31178125 0.34348683 0.37478778 0.35786559]
410 34.49952505038356 [0.17389617 0.21286381 0.16822158 0.23990512 0.22825088 0.27844041
 0.31161619 0.34366232 0.37580838 0.35723789]
411 40.53850551385072 [0.17395898 0.21292189 0.16796812 0.23999638 0.22743864 0.27795913
 0.31104594 0.34401714 0.37697495 0.35607081]
412 64.20381518864411 [0.17420391 0.21315684 0.16766751 0.23993358 0.2268114  0.2775195
 0.31025564 0.34426291 0.37772531 0.35493622]
413 38.39220711566904 [0.17440985 0.21343135 0.16736069 0.23997004 0.22607133 0.277112
 0.31009054 0.34419198 0.37860961 0.35434122]
414 49.84481657365974 [0.17452636 0.21392057 0.1670259  0.23992551 0.22534367 0.27627443
 0.31021898 0.34423838 0.37950074 0.35377751]
415 48.311431051303224 [0.17458617 0.21414934 0.16665951 0.23951251 0.22455621 0.27519201
 0.31015007 0.34444659 0.38016345 0.35302548]
416 36.93272095236064 [0.1745405  0.21452771 0.16624479 0.23914542 0.22367583 0.27420959
 0.31003731 0.3448651  0.38086834 0.35234167]
417 46.31873168886325 [0.17458583 0.2147517  0.16574377 0.23878171 0.22281396 0.27343106
 0.30990928 0.34514634 0.38132939 0.35181472]
418 47.315901276377886 [0.17460982 0.21496443 0.16504062 0.23885999 0.22181521 0.27261576
 0.30929459 0.34507466 0.38149817 0.35151352]
419 38.57405745924508 [0.17467844 0.21516224 0.1645424  0.23913363 0.22118626 0.27158814
 0.30870403 0.34496941 0.38238122 0.35136776]
420 39.07772327515484 [0.17465026 0.21521998 0.16404787 0.23906657 0.22060104 0.27066892
 0.30824523 0.34491102 0.38333121 0.35116331]
421 36.516088747647096 [0.1744466  0.21555605 0.16364729 0.23847626 0.22004502 0.2699779
 0.30801967 0.34501803 0.3835482  0.35128002]
422 36.832212761943666 [0.17403903 0.21581877 0.16326687 0.23772412 0.21945004 0.26917141
 0.30767073 0.34558238 0.38443555 0.35167841]
423 39.21887211456736 [0.17368505 0.21597113 0.16295891 0.23706514 0.21878014 0.26841261
 0.30738737 0.34602137 0.3855609  0.35196154]
424 39.02487643289538 [0.17346944 0.21636395 0.16269931 0.23597443 0.21814177 0.26777151
 0.30701759 0.34673534 0.38671179 0.35183612]
425 42.092136013188274 [0.17327825 0.21665541 0.16242155 0.23516782 0.21756745 0.26725167
 0.30681506 0.34720134 0.38789593 0.35184295]
426 40.006315856505196 [0.173204   0.2168272  0.16192825 0.23441498 0.21695957 0.26671586
 0.30672956 0.34767581 0.38889711 0.35151877]
427 46.23745863501286 [0.17298707 0.21684176 0.16126413 0.23360912 0.21641824 0.26556467
 0.30664584 0.34754474 0.38822933 0.35159386]
428 33.025773073686054 [0.17283665 0.21689414 0.16064873 0.23285055 0.21594041 0.2643544
 0.30683363 0.34718091 0.38762754 0.35099539]
429 33.03517626481485 [0.1727703  0.21696678 0.16006624 0.23237596 0.21559449 0.26303072
 0.30709275 0.34693073 0.38822195 0.3505318 ]
430 44.76370628027978 [0.17278344 0.21706306 0.1595528  0.23216225 0.21549672 0.26206962
 0.30723254 0.34665842 0.38818015 0.35000639]
431 45.50601334388617 [0.1728441  0.21719487 0.15908914 0.23196674 0.21530301 0.26122461
 0.30722104 0.34595913 0.3883764  0.34925834]
432 41.25706538924162 [0.17307069 0.217211   0.15857054 0.23152525 0.21508206 0.26066596
 0.30738405 0.34510781 0.38867301 0.34873829]
433 45.55406272529052 [0.17323053 0.21728067 0.15796181 0.23130129 0.21513908 0.26025294
 0.30750368 0.34440291 0.38863745 0.34810378]
434 37.63444854121548 [0.17341853 0.21737851 0.15729446 0.23112554 0.21501131 0.25993507
 0.30786857 0.34386451 0.38864199 0.34743677]
435 39.667107306884155 [0.17349965 0.21726844 0.15663233 0.23102302 0.21493521 0.25947234
 0.3077634  0.34349396 0.38846782 0.34703309]
436 45.363038953802686 [0.17347776 0.21714253 0.15595062 0.23091646 0.21482251 0.25903717
 0.30746304 0.3431669  0.38856984 0.3466903 ]
437 41.724199861326156 [0.17365251 0.21699316 0.1555246  0.23079704 0.2147571  0.25894847
 0.3072153  0.34280238 0.38917348 0.34644818]
438 38.632550855763085 [0.17368593 0.21691791 0.155203   0.23052397 0.21479394 0.25873075
 0.30770928 0.34287021 0.3896462  0.34621283]
439 32.38870526116593 [0.17371829 0.21715407 0.15484976 0.23012543 0.2143269  0.25891032
 0.30803709 0.3430547  0.39096811 0.34580846]
440 34.1501154488272 [0.173753   0.21735217 0.15450557 0.22978519 0.21387751 0.25911347
 0.308329   0.34333396 0.39235461 0.3452187 ]
441 36.09652103288667 [0.17376644 0.21738497 0.1542317  0.22945971 0.21341343 0.25944301
 0.30832833 0.34378984 0.39357496 0.34472939]
442 36.96861307879455 [0.1737163  0.21731637 0.15389464 0.22919511 0.21293544 0.25970149
 0.30827921 0.34437035 0.39442519 0.34420557]
443 35.23414411651987 [0.17347965 0.21732236 0.15361539 0.22883726 0.21258821 0.25984112
 0.30819711 0.34493764 0.39576955 0.34386783]
444 37.3549869298122 [0.1732475  0.21737304 0.15339079 0.22860278 0.21217895 0.25998635
 0.30807621 0.34553155 0.39693318 0.34357481]
445 36.32010035847663 [0.17291309 0.21749719 0.15312807 0.22834525 0.2120895  0.26047934
 0.30805092 0.34598754 0.39799253 0.34354865]
446 33.39818750864359 [0.1725396  0.21772847 0.1529011  0.22804743 0.21203204 0.26098234
 0.3081337  0.3463236  0.398899   0.34356017]
447 39.54890193655473 [0.17217757 0.21789608 0.15270182 0.22757835 0.21188184 0.2611845
 0.30864981 0.34647149 0.39906837 0.34373466]
448 41.467595477762686 [0.17171764 0.21803118 0.15259601 0.22698544 0.21176977 0.26177107
 0.30931831 0.3465511  0.39901238 0.34404136]
449 41.958297255692045 [0.17114817 0.21819453 0.1526191  0.22640651 0.21169766 0.26281302
 0.30935357 0.346665   0.39865288 0.34420552]
450 36.48748065742215 [0.1705322  0.21833812 0.15249732 0.22575658 0.21174815 0.26383599
 0.30943558 0.34695764 0.39846644 0.34441627]
451 41.104198427632056 [0.16993854 0.21829359 0.15235524 0.22522006 0.21180586 0.26467644
 0.30963105 0.34740194 0.39851763 0.34439113]
452 35.72935988620149 [0.16930708 0.2181277  0.1522699  0.22462982 0.2119843  0.265407
 0.3100392  0.34756523 0.39920256 0.34472707]
453 36.239423740207 [0.16882609 0.21805741 0.15209516 0.22400145 0.21199349 0.26602769
 0.31051858 0.34776273 0.39986716 0.34513079]
454 34.012939724866506 [0.16829816 0.21788684 0.15200402 0.22343228 0.21191446 0.26658812
 0.31105859 0.34812511 0.40049587 0.34554884]
455 28.836747706377718 [0.16781282 0.21768267 0.15194039 0.22317141 0.21175093 0.26672487
 0.31119313 0.34807764 0.40093518 0.34621091]
456 38.603068299098666 [0.16736201 0.2176125  0.1518644  0.22305262 0.21179468 0.26699494
 0.3112168  0.34776173 0.40105639 0.3469159 ]
457 40.297023835658834 [0.1669535  0.21776505 0.151638   0.22314513 0.21197329 0.26759118
 0.31095157 0.34718814 0.40077337 0.34740642]
458 36.909253295729144 [0.16654928 0.21786562 0.15139301 0.22333668 0.21218617 0.2681571
 0.31053301 0.34657208 0.40116482 0.34781468]
459 33.81381157710318 [0.16624099 0.2181042  0.15117996 0.2234888  0.21237375 0.2685676
 0.31024101 0.34592016 0.40153288 0.34814259]
460 38.50825325923829 [0.16602713 0.2183599  0.15105614 0.22356641 0.21244025 0.26867792
 0.3096209  0.34526827 0.40269108 0.348475  ]
461 34.12107459692799 [0.16586512 0.21871472 0.15089208 0.22371178 0.21237226 0.26873278
 0.30900828 0.34454973 0.40448507 0.34883781]
462 45.443688911464335 [0.16568456 0.21899731 0.15070054 0.22401326 0.21205107 0.26873897
 0.30831476 0.34445054 0.40596111 0.34926291]
463 34.55274796453337 [0.16544853 0.21913248 0.15053333 0.22418757 0.21153312 0.2689687
 0.30772108 0.34438695 0.40830444 0.34965723]
464 36.54097145602538 [0.16530741 0.21920327 0.15040411 0.22426467 0.211056   0.26911072
 0.30710411 0.34470558 0.41066424 0.34998434]
465 42.9173750444917 [0.16525958 0.21908314 0.15035357 0.22435591 0.21054625 0.26907953
 0.3066653  0.34533741 0.41174521 0.35054564]
466 35.78222820215602 [0.16526444 0.21911887 0.15036516 0.22448945 0.21007777 0.26928789
 0.30649966 0.34566527 0.41288582 0.35029999]
467 35.546245184955836 [0.16527147 0.21911432 0.15035113 0.22456352 0.20966334 0.26912226
 0.30626352 0.3459756  0.41390477 0.35019282]
468 40.61072278116515 [0.16531908 0.21925354 0.15030842 0.22469201 0.2092883  0.26862382
 0.30621891 0.3461507  0.41536193 0.35028614]
469 32.8481235001861 [0.16541549 0.21946785 0.15034839 0.22496158 0.20889417 0.26830201
 0.3061298  0.34649885 0.41591389 0.35023285]
470 30.10352935062334 [0.16554124 0.21978608 0.15044907 0.22513317 0.20849941 0.26766387
 0.30603703 0.34699705 0.41635096 0.3501381 ]
471 29.83933123672989 [0.16569925 0.22005052 0.15043004 0.22520626 0.20806822 0.26688189
 0.30603904 0.34741327 0.41647684 0.3496109 ]
472 41.89295889651254 [0.16592042 0.22011058 0.15044879 0.22532513 0.20752898 0.26606748
 0.30599327 0.34797464 0.41664508 0.34856222]
473 33.51461814912808 [0.16622416 0.22008029 0.15053451 0.22530969 0.20701706 0.26523161
 0.30589106 0.34823754 0.41685467 0.34755503]
474 42.66902415777808 [0.1664448  0.21985011 0.15061322 0.22533255 0.20667124 0.26454969
 0.30574718 0.34816219 0.41746771 0.34665013]
475 34.13158979954828 [0.16663604 0.21968431 0.15070742 0.22531835 0.20640252 0.26410105
 0.30572517 0.34820483 0.41764113 0.34583481]
476 33.73742608796785 [0.16684293 0.21934822 0.15078562 0.22523144 0.20596957 0.26401607
 0.30566764 0.34834196 0.41817775 0.34474275]
477 34.29171204493771 [0.16694261 0.21852148 0.15087249 0.22503926 0.20567507 0.26373795
 0.3058025  0.34857764 0.41900177 0.34404762]
478 43.46473171554908 [0.16705042 0.21803903 0.15099158 0.22491229 0.20543705 0.26355364
 0.30601014 0.34853763 0.42010529 0.34331321]
479 43.187155509007454 [0.16713399 0.21776749 0.15109714 0.22474027 0.20517321 0.26344655
 0.30639641 0.34863208 0.42100036 0.34185247]
480 48.036932334197765 [0.16719899 0.21765376 0.15121793 0.22453911 0.2050077  0.26356641
 0.30653988 0.34862238 0.42171692 0.34058244]
481 50.059295258431234 [0.16734873 0.21731025 0.15121817 0.22452568 0.20490918 0.26365633
 0.30670239 0.34838538 0.42224403 0.33952935]
482 52.05222046288315 [0.16739782 0.2172307  0.15120797 0.22440129 0.20470061 0.26399971
 0.30676761 0.34846108 0.42262432 0.33870543]
483 26.731494293155514 [0.16744727 0.21723156 0.15122699 0.22423943 0.20452091 0.26424215
 0.30702835 0.34861425 0.42211336 0.33820804]
484 33.7032986027789 [0.16754134 0.21714816 0.15122168 0.22400723 0.2043549  0.26458589
 0.30751079 0.34878076 0.42158162 0.33762312]
485 33.27765079543224 [0.16753916 0.21702744 0.15117616 0.22384639 0.20414724 0.26495006
 0.30798902 0.34845588 0.42073181 0.33729021]
486 33.70781262190218 [0.16763695 0.2165862  0.15106323 0.22371143 0.20405454 0.26524144
 0.30863165 0.34852301 0.42034165 0.33713291]
487 35.828392150857624 [0.16774589 0.21621637 0.15094453 0.2234356  0.20401698 0.2655068
 0.30922753 0.3483599  0.41991143 0.33717405]
488 31.702213472633126 [0.16805346 0.21603232 0.15085818 0.22316895 0.20396786 0.26568755
 0.3100145  0.34820158 0.42020781 0.33740606]
489 28.08433996037144 [0.16832776 0.21576026 0.15085121 0.2227178  0.20392336 0.26595612
 0.31088691 0.34801469 0.42026274 0.33741867]
490 36.111037743332 [0.16855349 0.21537202 0.15083407 0.22232412 0.20395841 0.26578887
 0.31162433 0.34745685 0.42012644 0.33754027]
491 40.26194510937439 [0.16873947 0.21491128 0.15089588 0.2218186  0.20379248 0.26552701
 0.31214233 0.34690339 0.41997573 0.33782127]
492 34.25354624696426 [0.16869493 0.21416419 0.15091518 0.22129316 0.20361816 0.2653234
 0.31217578 0.34638058 0.41963811 0.33851995]
493 38.56301879104869 [0.16865941 0.21355212 0.15093444 0.22094184 0.20351086 0.26484207
 0.31203431 0.34595097 0.41960087 0.33931776]
494 28.137444511194758 [0.16847342 0.21314713 0.1507079  0.22076799 0.20342276 0.26455617
 0.31195617 0.34505433 0.41985152 0.34006106]
495 33.777032174825386 [0.16830553 0.21280325 0.15050358 0.220756   0.20324839 0.26433317
 0.31199772 0.34430887 0.42068081 0.34097934]
496 32.61668717096592 [0.16815932 0.21268456 0.15025988 0.2208845  0.20316447 0.26437172
 0.31214966 0.34390229 0.42160847 0.34127428]
497 30.782307188970606 [0.16815464 0.21280889 0.14993381 0.22130372 0.20305844 0.26484178
 0.31226452 0.34393279 0.42363254 0.34182022]
498 35.572558012987095 [0.16816168 0.21283077 0.14956972 0.22158781 0.20292614 0.2653392
 0.31216079 0.34458322 0.42528145 0.34232768]
499 35.39961934535782 [0.16815294 0.21287799 0.14929409 0.22200812 0.20289295 0.26605246
 0.31175884 0.34537149 0.42629063 0.34278959]
