0 228.47709994964475 [0.29728096 0.29915616 0.30009375 0.29821856 0.29915616 0.30009376
 0.30384414 0.30290655 0.30009376]
1 246.34412359048005 [0.2946166  0.29964204 0.30024651 0.29552738 0.29876858 0.30102613
 0.30648162 0.3019014  0.30117704]
2 214.26336871779253 [0.2920752  0.29987101 0.29983074 0.2939958  0.29731805 0.30195174
 0.30809137 0.3002201  0.30066281]
3 229.35872370088254 [0.28982299 0.30050937 0.30003266 0.29295016 0.29585932 0.30160202
 0.30902805 0.29947161 0.30086835]
4 221.5879038100207 [0.28834214 0.30041343 0.29951839 0.2919895  0.29560046 0.301553
 0.30912953 0.29911881 0.30140224]
5 207.33186107415963 [0.28715418 0.30045303 0.29843407 0.29100062 0.2953893  0.30192217
 0.30825268 0.29945971 0.30147481]
6 220.72817215297877 [0.28530233 0.30021812 0.29765824 0.29029694 0.29468106 0.3022361
 0.30791411 0.30008256 0.30212931]
7 181.3495851351915 [0.28366244 0.30027034 0.29738606 0.29020107 0.29361059 0.3021529
 0.30825076 0.30072188 0.30224864]
8 200.4493085461708 [0.28236983 0.299984   0.29713245 0.29053596 0.29264574 0.30114135
 0.3085707  0.30129334 0.30256245]
9 190.30434719783204 [0.28160203 0.30012996 0.29748292 0.29052842 0.29168637 0.30024017
 0.30880346 0.30217802 0.3030858 ]
10 182.1797463187096 [0.28096763 0.29996934 0.29781094 0.29032509 0.29078103 0.29980683
 0.30893274 0.30291508 0.3033515 ]
11 193.51425369761142 [0.280559   0.3005147  0.29774227 0.28991313 0.29016933 0.29921953
 0.30905199 0.30372759 0.30353828]
12 211.9320545939475 [0.28019434 0.30111472 0.29738582 0.28975364 0.28967917 0.29832402
 0.30889223 0.30475784 0.30379736]
13 173.79710375382803 [0.27980605 0.30184315 0.29680298 0.28968564 0.28885515 0.29802436
 0.3090848  0.30560163 0.30390706]
14 201.0673798438117 [0.27940258 0.30261891 0.29637399 0.28922142 0.28820584 0.2976288
 0.30943483 0.30623416 0.30369076]
15 192.75838949306092 [0.27889075 0.30323187 0.29556012 0.28920176 0.28782877 0.29724238
 0.30955377 0.30604242 0.30396578]
16 150.90597928858983 [0.27815233 0.30377214 0.29455821 0.28885819 0.28742027 0.29671337
 0.30983159 0.30600331 0.30420211]
17 128.52232379521286 [0.27754769 0.3037681  0.29374028 0.28837758 0.28707213 0.29600389
 0.30987434 0.30654419 0.30471968]
18 146.41108672995978 [0.27705328 0.30375335 0.29281697 0.2879113  0.28677134 0.29505833
 0.31004641 0.30748826 0.3050024 ]
19 130.25626378128888 [0.27640074 0.30414986 0.29189835 0.28711131 0.28629131 0.29366244
 0.31001357 0.30867294 0.30504037]
20 165.46668552383653 [0.27606335 0.30456329 0.29110171 0.28629706 0.28607828 0.29254262
 0.30988736 0.31007251 0.30519541]
21 125.95499079224555 [0.27580757 0.30464127 0.29049035 0.2850435  0.28608309 0.291859
 0.3093381  0.31152005 0.30525421]
22 131.07981607601653 [0.27569417 0.30471529 0.28997683 0.28378184 0.28607429 0.29114537
 0.30874752 0.31293402 0.30519805]
23 155.42083882179824 [0.27560743 0.30418448 0.28900456 0.28210646 0.28608968 0.29043985
 0.30856282 0.31447583 0.30507269]
24 110.84440321381244 [0.27533612 0.30342817 0.28804327 0.28052556 0.28607333 0.28999481
 0.30861505 0.31608589 0.30493399]
25 120.75923878061653 [0.27512318 0.30249933 0.28738612 0.27890045 0.28618165 0.28980316
 0.30887549 0.31749282 0.30474999]
26 96.02450398001797 [0.27489014 0.30119668 0.28667822 0.27720568 0.2861653  0.28922664
 0.30938433 0.31855157 0.30476884]
27 114.12357588879385 [0.27485997 0.30001418 0.28547837 0.27583487 0.28640799 0.28878292
 0.30969173 0.31954509 0.30481081]
28 111.56379542916721 [0.27458279 0.29848517 0.28399175 0.27420403 0.28672019 0.28845996
 0.30975692 0.32018022 0.30486055]
29 90.13911982517874 [0.27432506 0.29717901 0.28274152 0.27270131 0.28695667 0.28823951
 0.30949008 0.32074884 0.30503554]
30 97.12776550988025 [0.27398718 0.2957222  0.281509   0.27136111 0.28682219 0.28774632
 0.30917923 0.3213124  0.30533285]
31 122.81624279682522 [0.27377375 0.29415544 0.28011015 0.27034258 0.28643948 0.2872279
 0.30892523 0.32209763 0.30555623]
32 99.97249501652136 [0.27343344 0.29259956 0.27902926 0.26957417 0.28646403 0.28670694
 0.30842742 0.32302819 0.30584448]
33 105.88097388811033 [0.27319482 0.29087263 0.27808759 0.26869498 0.2861808  0.28612115
 0.30752062 0.32397363 0.30580067]
34 105.0200856798555 [0.27295766 0.28938695 0.27732294 0.26805109 0.28596038 0.2856336
 0.30692129 0.32483336 0.30572284]
35 112.3134734048628 [0.27312973 0.28815839 0.27664946 0.26759937 0.28578539 0.28551198
 0.30634177 0.32533324 0.30597671]
36 99.63411506200916 [0.27297753 0.28715468 0.27602185 0.26708835 0.2853551  0.28540853
 0.30562415 0.32563143 0.30635433]
37 118.97950447144433 [0.27285794 0.28628123 0.2751286  0.26671227 0.28514801 0.28547022
 0.3049675  0.32602342 0.30667201]
38 92.98602868640324 [0.27259595 0.28562711 0.27432872 0.26643385 0.28498604 0.28552948
 0.30444318 0.32651753 0.3070245 ]
39 95.23718402135866 [0.27226281 0.28475043 0.27356667 0.26626415 0.28495433 0.28581736
 0.30411339 0.3269109  0.3071155 ]
40 111.93158939421123 [0.27174572 0.28394281 0.27323319 0.26641962 0.28464331 0.2857497
 0.30364545 0.3274527  0.30731393]
41 98.27830877611865 [0.2713535  0.28324995 0.27304517 0.26653391 0.28420316 0.28591397
 0.30325792 0.32789998 0.30759513]
42 102.02665311919364 [0.27095458 0.28258882 0.27311287 0.2665588  0.28391044 0.28606896
 0.30300846 0.32823865 0.30789341]
43 123.23567939794447 [0.27045848 0.28203551 0.27307784 0.26649478 0.28366063 0.28623684
 0.30250432 0.32834631 0.30819   ]
44 128.07402442223332 [0.26999306 0.28138432 0.27289359 0.26636902 0.28347772 0.28629062
 0.30202778 0.32829491 0.30830579]
45 106.37072812594782 [0.26952213 0.2806165  0.27278795 0.26604613 0.28328933 0.28629919
 0.30139064 0.32843508 0.30815593]
46 82.01334510982957 [0.26898177 0.27994106 0.27278308 0.26585202 0.28296881 0.28630419
 0.30082905 0.32831156 0.30804314]
47 102.38722928294303 [0.26839989 0.27914958 0.27284549 0.26559528 0.28275554 0.28647239
 0.30054453 0.32848979 0.30784755]
48 102.9968244875343 [0.26784388 0.27846001 0.27300245 0.26572515 0.28255774 0.28657577
 0.30000882 0.3289004  0.30772267]
49 94.31513819468537 [0.26719063 0.27775396 0.2731306  0.26601552 0.28228377 0.28663655
 0.29925999 0.32953897 0.30723473]
50 99.82867118004087 [0.26642552 0.27713728 0.27308719 0.26617618 0.2818989  0.28704356
 0.29892346 0.33009772 0.30674928]
51 92.03704717902716 [0.26560308 0.27609967 0.27291574 0.2660727  0.28153111 0.28755627
 0.29868827 0.3304344  0.30619992]
52 76.78457433039894 [0.2647847  0.27514053 0.27256122 0.265932   0.28104438 0.28813212
 0.29831393 0.33057717 0.30590894]
53 80.06098239042477 [0.26411023 0.27426711 0.27230977 0.26575666 0.28044367 0.28858886
 0.29818512 0.33078478 0.30566037]
54 78.53020214754505 [0.26338456 0.27334442 0.2718784  0.26591874 0.2799756  0.28879866
 0.29806817 0.3313658  0.30560434]
55 95.58184346680824 [0.26266301 0.27242811 0.27131401 0.2660436  0.27965149 0.28915102
 0.29767648 0.33161325 0.30546864]
56 95.57892241328886 [0.26206833 0.27133661 0.27064741 0.26629131 0.27938309 0.28945287
 0.29746675 0.33169586 0.3056031 ]
57 109.27628865768429 [0.26159046 0.27025815 0.26990362 0.26643232 0.27919854 0.28955587
 0.29713457 0.33174969 0.3056743 ]
58 79.45069259178936 [0.26131329 0.26932662 0.26947416 0.26664669 0.27884983 0.28973892
 0.29696195 0.33219671 0.30615581]
59 91.70358847483482 [0.2609788  0.26840912 0.26911239 0.26659984 0.27853314 0.28995229
 0.29693456 0.33290545 0.30667635]
60 108.82039614345702 [0.26066621 0.26749108 0.26882487 0.26671473 0.27822413 0.2902645
 0.29702875 0.33367771 0.30731353]
61 82.22363309423679 [0.26019751 0.26673079 0.2684904  0.26688984 0.27792512 0.29074006
 0.2973478  0.33413674 0.30797983]
62 92.84450798558244 [0.26005765 0.26626042 0.26838953 0.2669848  0.2774911  0.29094622
 0.2975244  0.33481293 0.30866196]
63 98.00833295664592 [0.25977494 0.2657316  0.2683836  0.26703073 0.2770809  0.29138969
 0.29787661 0.33555284 0.30933043]
64 89.66161306500067 [0.25958867 0.2653713  0.2684323  0.26693363 0.27656028 0.2920283
 0.29838544 0.33615808 0.30978464]
65 92.45350440672058 [0.25931634 0.2645597  0.26822819 0.26696928 0.2758414  0.29258256
 0.29870948 0.33620796 0.31004435]
66 100.03355540344546 [0.2591287  0.26349963 0.26817637 0.26672862 0.27509417 0.29307454
 0.29907125 0.33581391 0.31041308]
67 93.72841917318354 [0.25899083 0.26258889 0.26800775 0.26612866 0.27448406 0.29346077
 0.29947359 0.33533754 0.31067869]
68 104.91298359970155 [0.25898386 0.26183039 0.26764354 0.26574862 0.2740528  0.29367304
 0.29975594 0.33511833 0.31091901]
69 93.56096929262844 [0.2586657  0.26136137 0.26721576 0.26546161 0.27356332 0.29394045
 0.29999725 0.33493801 0.31116117]
70 96.14895677290835 [0.25807875 0.26086973 0.26709142 0.26509988 0.27308271 0.29396544
 0.30039682 0.3348314  0.31122154]
71 82.7382152063008 [0.25752062 0.2603555  0.26688959 0.2648384  0.27277129 0.29414923
 0.30076729 0.33503729 0.31111145]
72 77.2577146408286 [0.25680388 0.25981507 0.26667332 0.26453847 0.27249119 0.29442027
 0.30132136 0.33507569 0.31119857]
73 94.36280319409242 [0.25627261 0.25933661 0.26646587 0.26462413 0.27242149 0.29479779
 0.30163873 0.33509627 0.31098704]
74 75.33384906674215 [0.25593666 0.25874032 0.26632457 0.26473895 0.27243246 0.29505134
 0.30186182 0.33534371 0.31079215]
75 91.82392605615817 [0.25551822 0.25830602 0.26629144 0.26478705 0.27267557 0.29542905
 0.3021452  0.33554199 0.310372  ]
76 91.02675328872932 [0.25495192 0.25783998 0.26593375 0.2650728  0.27294126 0.29593717
 0.302215   0.33574717 0.31015711]
77 64.7526063544171 [0.25445589 0.2573967  0.265662   0.26540586 0.27295365 0.29637275
 0.30245649 0.33569517 0.30971625]
78 86.8815277421382 [0.25382913 0.25709865 0.2655572  0.2654293  0.27323957 0.29698445
 0.30252546 0.33579726 0.30914664]
79 83.15517490101197 [0.25328847 0.25668449 0.26532902 0.26507679 0.2734086  0.29735758
 0.30266677 0.33577837 0.30879832]
80 64.04067047528703 [0.25267849 0.25633208 0.26511866 0.26455782 0.27358934 0.29768188
 0.30292376 0.33588502 0.30824718]
81 78.18302531768 [0.25259501 0.25588607 0.26507449 0.26383529 0.27338692 0.29784937
 0.30307716 0.33529949 0.30764218]
82 84.13996797405605 [0.25225714 0.25563227 0.26499591 0.26314847 0.27310247 0.29788935
 0.30306803 0.33460276 0.30725665]
83 67.97966139464029 [0.25182575 0.25537358 0.26477196 0.26246785 0.27275    0.29801633
 0.30324767 0.33437048 0.30700736]
84 81.7131371999024 [0.25133601 0.25516383 0.26452969 0.26192026 0.27234999 0.29839837
 0.30343934 0.33421504 0.30697194]
85 92.4636837279964 [0.25099141 0.25494698 0.26473333 0.26138821 0.27161108 0.29847248
 0.30359173 0.33404156 0.30721642]
86 86.11473503199079 [0.25074032 0.25464244 0.26495246 0.26093401 0.27109972 0.298047
 0.30362627 0.33389093 0.30731893]
87 82.12125175318204 [0.25065574 0.25407153 0.2651053  0.26020615 0.2706579  0.29768691
 0.30369995 0.33369604 0.30709862]
88 89.90396403302347 [0.25065224 0.25362039 0.26501421 0.25928025 0.27012122 0.29729328
 0.30417905 0.33331237 0.30725707]
89 78.5301331375222 [0.25072373 0.25296307 0.26484873 0.25821497 0.26960704 0.2974412
 0.30432645 0.33261744 0.30733855]
90 475.32058138213034 [0.2508356  0.25238087 0.26476042 0.25720715 0.26905531 0.29761605
 0.30448821 0.3317318  0.3076553 ]
91 84.5025027260183 [0.25069674 0.25196521 0.26452006 0.25646105 0.26834936 0.29799374
 0.30464071 0.33055449 0.30784994]
92 84.63878990219432 [0.25063953 0.25133351 0.26444239 0.25527946 0.26780364 0.2983724
 0.30444914 0.32958415 0.30831511]
93 461.68799735078466 [0.25065664 0.25084555 0.26431573 0.25404235 0.26740692 0.29877888
 0.3045695  0.32854153 0.30879436]
94 78.6697856516679 [0.25050937 0.25045512 0.26437    0.25296931 0.26714396 0.29913042
 0.30457271 0.32764535 0.30942936]
95 64.72680986421824 [0.25038679 0.25015789 0.26450886 0.25189965 0.2671106  0.29966864
 0.30448996 0.32727509 0.30968778]
96 86.43049338019202 [0.25001447 0.2496311  0.26457907 0.2506387  0.26716015 0.29996426
 0.30464901 0.32724666 0.30976503]
97 80.89679151989117 [0.24986573 0.24918451 0.26445864 0.24954248 0.2673128  0.30026068
 0.30483078 0.32721922 0.30947466]
98 85.17413469469139 [0.24962091 0.2487643  0.26430653 0.24840102 0.26735628 0.30042826
 0.30475861 0.32710785 0.3091071 ]
99 108.66131542239094 [0.24945253 0.24848478 0.26427317 0.24731231 0.26758783 0.30054246
 0.30474118 0.32710645 0.30884687]
100 81.46921575446702 [0.24900579 0.24822489 0.26437138 0.24608411 0.26760432 0.30074418
 0.30440447 0.32719702 0.30843864]
101 69.87506631468432 [0.24887844 0.24811999 0.26438357 0.24505158 0.26776735 0.30107641
 0.30433582 0.32704482 0.30777479]
102 79.20549192455863 [0.24883398 0.24805873 0.2643084  0.24416584 0.26809279 0.30161749
 0.30469416 0.32683187 0.30736862]
103 80.46934104628238 [0.24898981 0.24766343 0.26426539 0.24345109 0.26844752 0.30250143
 0.30475968 0.32624629 0.30732858]
104 824.7624779824721 [0.24912191 0.24753036 0.26410366 0.24279951 0.26875038 0.30351724
 0.30498796 0.32580821 0.3071868 ]
105 82.39021683667794 [0.24924734 0.24745893 0.26403479 0.24211461 0.26895793 0.30446427
 0.30545501 0.32557275 0.30711864]
106 453.36814916961094 [0.24928143 0.24752605 0.26389217 0.24155801 0.26924688 0.30537629
 0.30599099 0.32540177 0.30726491]
107 72.7123594830941 [0.24928175 0.24735425 0.26380017 0.24114001 0.26941565 0.30608914
 0.30643453 0.32546354 0.30728679]
108 68.04698893292817 [0.24917198 0.24704961 0.26378887 0.2407565  0.26963223 0.30686466
 0.30645969 0.32516653 0.30721982]
109 69.85648252564908 [0.24911472 0.24692987 0.26380997 0.24041549 0.2693811  0.30737569
 0.30684985 0.324728   0.30733228]
110 62.84168337370352 [0.24902059 0.24668786 0.26391957 0.24016374 0.26914706 0.30801296
 0.30721848 0.32414791 0.30778599]
111 64.42802709576871 [0.24899021 0.24633567 0.26385645 0.23994973 0.26872265 0.30890557
 0.30707869 0.32385088 0.30820685]
112 63.97974638565237 [0.2489632  0.24602436 0.26388543 0.23969842 0.26799586 0.30940468
 0.30706839 0.3234578  0.30876273]
113 76.32653492952784 [0.24902395 0.2456773  0.26386652 0.23936705 0.26712468 0.30959661
 0.30668764 0.3232458  0.30917793]
114 70.04320590186256 [0.24889626 0.24533305 0.26357698 0.23901662 0.26637035 0.30988197
 0.30664495 0.32330594 0.30965923]
115 89.02000648881972 [0.24867616 0.24467103 0.26333212 0.23866069 0.2659724  0.31019016
 0.3066274  0.32316762 0.30997569]
116 63.49147696420806 [0.24821819 0.24413669 0.26303974 0.23844074 0.26554832 0.31039126
 0.30620544 0.32324841 0.31031127]
117 63.625374493619404 [0.24760755 0.24369309 0.26289602 0.23809722 0.26504444 0.31067722
 0.30613    0.32327123 0.31068226]
118 79.9876527878605 [0.2470488  0.24305523 0.26280698 0.23771972 0.26473536 0.31110404
 0.30648858 0.3228691  0.3107129 ]
119 89.62887824717467 [0.24656756 0.24251189 0.26242983 0.23762283 0.2646054  0.31168852
 0.3069551  0.32228577 0.31037249]
120 82.90078895492965 [0.24626494 0.24212556 0.26214142 0.23760271 0.26455438 0.31204164
 0.30747764 0.32183794 0.31019965]
121 68.75769890320049 [0.24606134 0.24165719 0.26190285 0.23753378 0.26435174 0.31199156
 0.30827838 0.32167663 0.3100684 ]
122 60.04129682097929 [0.24613779 0.24106251 0.26174803 0.23747692 0.26446858 0.31203574
 0.30915096 0.32167024 0.31002272]
123 70.65118195878955 [0.24613896 0.2404966  0.26142588 0.2372955  0.26454842 0.31229505
 0.31000906 0.3217184  0.310235  ]
124 78.45570105656768 [0.24593822 0.23991117 0.26109571 0.23683825 0.26473734 0.31206425
 0.31091254 0.32186929 0.31044473]
125 66.21501108171599 [0.24584338 0.23933564 0.2604688  0.23639047 0.26480048 0.3121592
 0.31193831 0.32210213 0.31061137]
126 71.55492397832933 [0.24574105 0.23884097 0.25956398 0.23577924 0.26506391 0.3119262
 0.31311016 0.32240466 0.31066749]
127 62.98345412174788 [0.24555922 0.23821104 0.25871819 0.23545984 0.26530609 0.31170625
 0.3142215  0.32262501 0.31053591]
128 75.48778081364404 [0.24554324 0.23761954 0.2581354  0.23517556 0.2654683  0.31144135
 0.3153612  0.32290464 0.3105481 ]
129 64.16694514353964 [0.24572026 0.23689783 0.25759704 0.23508964 0.26565984 0.31111668
 0.31615708 0.3230053  0.31052934]
130 68.16029955737821 [0.24594483 0.23630479 0.25716429 0.23490736 0.26602216 0.31088058
 0.31697215 0.32312711 0.3106484 ]
131 68.26677135713844 [0.2463099  0.23591    0.25691092 0.23440352 0.26642917 0.31081237
 0.31785749 0.32325985 0.31092612]
132 66.45719151878627 [0.246636   0.23552297 0.25687353 0.23362739 0.2672431  0.31101293
 0.31852314 0.32334725 0.31123413]
133 68.73174903395973 [0.24665668 0.23511189 0.25685283 0.23295457 0.26772677 0.31131806
 0.31922139 0.32368572 0.31173045]
134 69.22745410868534 [0.24669162 0.23460023 0.25713835 0.23235291 0.2683415  0.3115469
 0.31995458 0.32412389 0.31218787]
135 63.972315679456216 [0.24651396 0.23412799 0.25749099 0.23178741 0.26899583 0.31168319
 0.32067069 0.32465053 0.31269542]
136 57.31273421194865 [0.24609006 0.23358662 0.25816023 0.23136878 0.26976573 0.31185475
 0.32087601 0.32507977 0.31277208]
137 62.786735124906464 [0.24568889 0.23319943 0.25895912 0.23097485 0.27062773 0.31200887
 0.32121401 0.32536868 0.31323242]
138 58.746023533348904 [0.24526044 0.2325067  0.25955238 0.2304873  0.27152397 0.31227692
 0.32171536 0.32575236 0.31360035]
139 49.28019695166623 [0.24495558 0.23183931 0.26020748 0.22985393 0.27213082 0.31248742
 0.32226346 0.32605548 0.3138928 ]
140 62.16631011364934 [0.24454301 0.23140211 0.26044262 0.22935983 0.27241616 0.31250215
 0.32227146 0.32653005 0.31413785]
141 51.51733297806229 [0.24419998 0.23098611 0.26077682 0.22883662 0.27266983 0.31243886
 0.32260118 0.3268754  0.3143955 ]
142 51.9198379427271 [0.24389739 0.23074149 0.26084305 0.22837209 0.27279877 0.3125322
 0.32286113 0.32735966 0.31494661]
143 56.45299309784381 [0.24378701 0.23034649 0.26110001 0.2280944  0.27293021 0.31249626
 0.32329772 0.32766114 0.31574906]
144 51.54175484615804 [0.24356089 0.22995096 0.26113458 0.22782945 0.27276151 0.31223844
 0.32404365 0.32782363 0.31646402]
145 61.13839041619073 [0.24347026 0.22968448 0.26126302 0.22765791 0.27265322 0.31187195
 0.32497468 0.32777243 0.31726176]
146 53.679588384368344 [0.24340666 0.22924671 0.26142122 0.22750279 0.27247059 0.31155014
 0.32570154 0.32792343 0.31804865]
147 65.52548664888154 [0.24329541 0.22851106 0.26174052 0.22729692 0.27248738 0.31105328
 0.32610042 0.32810829 0.31881553]
148 58.41002252262564 [0.24317496 0.22795097 0.26223344 0.22688829 0.27288457 0.31090934
 0.3268299  0.32849137 0.31926932]
149 47.51739891110347 [0.24290797 0.22746165 0.26261726 0.2265163  0.27326083 0.31071178
 0.32745341 0.32898341 0.31949414]
150 53.352231001124196 [0.24262748 0.22712081 0.26295784 0.22612497 0.27360829 0.31071146
 0.3277955  0.32962392 0.31960234]
151 50.437568615714 [0.24234483 0.22652068 0.26335987 0.22566236 0.27393509 0.31075957
 0.32809241 0.33032842 0.31967256]
152 47.76395041666662 [0.24212228 0.22607726 0.26382755 0.22527394 0.27409579 0.31094526
 0.32861992 0.33098187 0.31978543]
153 52.12168737800337 [0.24190142 0.22572214 0.26429078 0.22491574 0.27418098 0.3111516
 0.32964563 0.33139347 0.32017115]
154 46.23431636345791 [0.24198167 0.22547237 0.26469086 0.2245444  0.27438669 0.31156544
 0.33014073 0.3319086  0.32085279]
155 59.264561370989156 [0.24193114 0.2250986  0.26498723 0.22418329 0.27451954 0.31226915
 0.33062484 0.33210228 0.32151363]
156 47.850188690015486 [0.24163504 0.2245659  0.26529795 0.22397937 0.27465909 0.31266623
 0.33109309 0.33236892 0.32238665]
157 59.57694903366245 [0.24136784 0.22399121 0.26512347 0.22388417 0.27468314 0.31303107
 0.33170874 0.33246456 0.32323864]
158 66.49443156322731 [0.24113734 0.22348848 0.26511684 0.2236961  0.27468222 0.31338761
 0.33263896 0.33284555 0.32357333]
159 63.50593797850068 [0.24088066 0.22294075 0.26497484 0.22354756 0.27489647 0.31391718
 0.33346077 0.33317314 0.3234709 ]
160 57.335930195008814 [0.24050538 0.22248846 0.26467913 0.22361553 0.27500311 0.31469349
 0.33387008 0.3334009  0.32360464]
161 50.45327829033852 [0.24041773 0.22189165 0.26420383 0.22365815 0.2751385  0.31537001
 0.33445369 0.33384775 0.32327007]
162 431.9476210501451 [0.240208   0.22129787 0.26379792 0.22377657 0.27531169 0.31620267
 0.33508579 0.33400215 0.32253507]
163 53.34445351559471 [0.23996493 0.22069755 0.2634304  0.22386964 0.27524899 0.31688628
 0.33537669 0.33408096 0.32209251]
164 58.29451702816337 [0.23954362 0.22006522 0.26255221 0.22387036 0.27509512 0.31767751
 0.33564799 0.33420447 0.32134709]
165 63.71114257346931 [0.23903014 0.21926638 0.26182961 0.223988   0.27472063 0.31865102
 0.33598245 0.33416707 0.32076521]
166 53.47905749869484 [0.2383571  0.21837174 0.26124713 0.22381851 0.27420869 0.3197528
 0.33636877 0.33398865 0.31972819]
167 55.726074813802725 [0.23775218 0.21770424 0.26044301 0.2235624  0.27362965 0.32093236
 0.33657497 0.33395032 0.31872082]
168 66.51890449328246 [0.2372327  0.21704891 0.25934306 0.22305925 0.27301326 0.32204331
 0.33652379 0.3336472  0.3175953 ]
169 56.1116965943511 [0.23677457 0.21639047 0.25821525 0.22255342 0.27265199 0.32307894
 0.33619978 0.3335361  0.3166506 ]
170 56.610300221289236 [0.2364947  0.21574387 0.25710491 0.22213763 0.27244323 0.32414104
 0.33601205 0.33377584 0.31612886]
171 62.25357380959176 [0.23625038 0.21508619 0.25599881 0.22189785 0.27224944 0.32532957
 0.33581853 0.33390289 0.31594567]
172 51.149997140404125 [0.23599102 0.21442161 0.25477103 0.22162083 0.2721399  0.32598107
 0.33560483 0.33424121 0.31530713]
173 58.6527608630034 [0.23599058 0.21381301 0.25361384 0.22150046 0.27208439 0.32626018
 0.33528927 0.33458488 0.31505804]
174 55.00640765160141 [0.23601099 0.2131676  0.25262653 0.22148255 0.27202963 0.32646039
 0.33494238 0.33476649 0.31502472]
175 50.85921216913128 [0.23632854 0.21262859 0.25170612 0.22145595 0.27214924 0.32582165
 0.33456103 0.3350015  0.31440863]
176 50.908927555091374 [0.23673356 0.21189942 0.2510838  0.22110489 0.27249834 0.32516301
 0.33435348 0.33546828 0.31394703]
177 48.04065387812109 [0.23636198 0.21115535 0.25023293 0.22093714 0.27231392 0.32455975
 0.33390978 0.33562488 0.31327418]
178 41.324289677045954 [0.23584445 0.2103677  0.24915424 0.22070436 0.27209217 0.32397184
 0.33314281 0.33621525 0.31294332]
179 57.74826008679861 [0.23543728 0.20974798 0.24801807 0.22068596 0.27194948 0.32336512
 0.33230257 0.33686509 0.31235902]
180 51.31365811558571 [0.23489051 0.2090301  0.24691128 0.22062253 0.27192696 0.32277216
 0.33162586 0.33754854 0.31171966]
181 40.43820112673433 [0.23422921 0.20833939 0.24603368 0.2205948  0.27178137 0.3224951
 0.33089013 0.33810591 0.31107467]
182 49.41465377067846 [0.23366939 0.20765706 0.24527788 0.22052895 0.27165853 0.32226959
 0.33001899 0.33830326 0.31085001]
183 49.18829963768515 [0.23324782 0.2070221  0.24467217 0.22061832 0.27186197 0.32217344
 0.32899459 0.33865669 0.31052617]
184 52.62222960883197 [0.23296047 0.2064287  0.24393974 0.22057877 0.27199379 0.32185656
 0.32798161 0.33921126 0.31018532]
185 51.5858828422601 [0.23277669 0.20589012 0.2432811  0.22039695 0.27199259 0.32176447
 0.32696722 0.33955349 0.30986689]
186 49.753114976519086 [0.23272566 0.20536204 0.24271109 0.22041033 0.27192222 0.32115745
 0.32623295 0.33958315 0.30959328]
187 54.59785790785165 [0.23267416 0.20474438 0.24222784 0.22048167 0.27199755 0.31971251
 0.32532002 0.33976779 0.30951338]
188 58.0882903321053 [0.23274642 0.20412405 0.2418319  0.22065697 0.27207242 0.31831775
 0.32436529 0.33980924 0.30955546]
189 44.32672030441799 [0.2328138  0.20346247 0.24117853 0.22072358 0.27199522 0.31754685
 0.32358357 0.33985849 0.30935392]
190 52.550803806494336 [0.23291242 0.20281939 0.2406827  0.22063866 0.2720194  0.31688453
 0.32278072 0.3398233  0.30911803]
191 49.52940597331095 [0.2330089  0.20213718 0.24001001 0.22055947 0.27168579 0.31662908
 0.32224393 0.33967482 0.30913556]
192 55.098314319276504 [0.23292307 0.2016018  0.23939551 0.22050686 0.27126275 0.31578239
 0.32143823 0.33966495 0.30910869]
193 57.69532726962378 [0.23277675 0.20117861 0.23897081 0.22033319 0.27080551 0.31503584
 0.32073996 0.33984526 0.30860017]
194 48.92612336709689 [0.232671   0.20079362 0.23851497 0.22022182 0.27046226 0.31429171
 0.3201194  0.34017102 0.30780325]
195 56.41198578646144 [0.23229242 0.20048483 0.23798597 0.22012708 0.26977253 0.31334991
 0.31971364 0.34010718 0.30744159]
196 44.03363051428562 [0.23192334 0.20013391 0.23734988 0.22024846 0.2690047  0.31231253
 0.31943203 0.33994355 0.307073  ]
197 58.71662245852564 [0.23148192 0.19971681 0.23677064 0.22047023 0.26837767 0.3114947
 0.31936523 0.33993773 0.30643783]
198 56.68246568591357 [0.23124911 0.19941497 0.2362898  0.22083148 0.26779042 0.3107785
 0.31913034 0.33979109 0.30571704]
199 41.84170689191305 [0.23106883 0.19918221 0.23556271 0.22119611 0.26727225 0.31021859
 0.318932   0.33950863 0.30488016]
200 50.41085309735992 [0.23099337 0.19891728 0.23438017 0.2217341  0.26665268 0.30979359
 0.31881599 0.33932418 0.30438741]
201 45.42441369436617 [0.23099174 0.19865333 0.23322815 0.22202766 0.26589815 0.30925689
 0.31905442 0.33966321 0.3039313 ]
202 39.938677329072966 [0.23094306 0.19846111 0.23221417 0.22236699 0.26530652 0.30885109
 0.31946183 0.34003777 0.30354124]
203 55.06063466660684 [0.23091516 0.19842162 0.23135558 0.22269335 0.26427228 0.30849474
 0.3198352  0.34024318 0.30317713]
204 43.57279248594256 [0.23081645 0.19831676 0.23049765 0.22293852 0.26358392 0.30803203
 0.32039693 0.34047484 0.30290911]
205 53.36215914089185 [0.23080683 0.19813868 0.22963273 0.2231599  0.26289601 0.30760033
 0.32104671 0.34084285 0.30245473]
206 53.40499992313094 [0.23076794 0.19800187 0.22874348 0.22346088 0.26255317 0.30714596
 0.32159683 0.34132004 0.30159483]
207 55.094684478220394 [0.23072392 0.19783945 0.22796475 0.22374777 0.26232821 0.3070519
 0.32189942 0.34173178 0.30085554]
208 50.777661290048684 [0.23043971 0.19775419 0.22736626 0.22425231 0.26222337 0.30680828
 0.322203   0.34174487 0.30043948]
209 61.71176009812987 [0.23043519 0.19761028 0.22673296 0.22457324 0.26197119 0.30676453
 0.32268935 0.34163712 0.30014298]
210 56.378066982206846 [0.23008923 0.19742535 0.2260891  0.22500566 0.26165087 0.30711947
 0.32355888 0.34169277 0.29970118]
211 50.37053924839974 [0.22959207 0.19734206 0.22558906 0.22534601 0.2613947  0.30737614
 0.32452546 0.34176239 0.29920936]
212 53.82009918738213 [0.22927969 0.19736567 0.22506181 0.22581228 0.26107335 0.30752364
 0.32563748 0.34198817 0.29875073]
213 71.03517008561553 [0.22900209 0.19714308 0.22459926 0.22637681 0.26106481 0.3075221
 0.32657785 0.34239704 0.29825569]
214 57.754286365736874 [0.22871302 0.19683252 0.22408768 0.226684   0.26126199 0.30768146
 0.32733143 0.34294798 0.29792744]
215 50.53778669536692 [0.22868906 0.19654332 0.22368994 0.22696619 0.26133344 0.30773607
 0.32825159 0.34370051 0.29775022]
216 52.02669667958132 [0.22870719 0.19633916 0.22330909 0.2272779  0.26154626 0.30773475
 0.3292926  0.34424816 0.29745862]
217 42.2587580373371 [0.22881571 0.196094   0.22298063 0.22762374 0.26154525 0.30805265
 0.330189   0.34430103 0.29702233]
218 45.406832365012136 [0.22883087 0.19589274 0.22257855 0.227811   0.26173355 0.30816314
 0.33105745 0.34481005 0.29675833]
219 44.66100606350902 [0.2289394  0.1957624  0.22227362 0.22797652 0.26214054 0.30807411
 0.33189139 0.34540247 0.29656231]
220 53.7382606288291 [0.22910122 0.19562621 0.22199699 0.22799771 0.2624065  0.30787515
 0.33253275 0.3459945  0.29616997]
221 48.600145457755076 [0.22930696 0.19519328 0.22177149 0.22785368 0.26261397 0.30776767
 0.33235376 0.34632043 0.29583302]
222 54.0576593494105 [0.22921231 0.19472392 0.22161223 0.22774763 0.26266534 0.30789455
 0.332284   0.34668037 0.29512297]
223 50.762038330387256 [0.22885808 0.19454874 0.22128854 0.22746201 0.26288385 0.3078156
 0.33247625 0.34709345 0.2943391 ]
224 48.42165328266047 [0.22875026 0.19433664 0.22086734 0.22727543 0.26301648 0.30801706
 0.33231099 0.34761368 0.29365897]
225 43.935360583485135 [0.22866132 0.19435666 0.2205161  0.22707329 0.26286981 0.30801613
 0.33219288 0.34782653 0.29283959]
226 60.33354207035329 [0.22838682 0.19435643 0.22009965 0.22719711 0.26269973 0.30785655
 0.33169679 0.34797229 0.29218425]
227 49.11785634112513 [0.22828438 0.19465571 0.21969217 0.22738289 0.26246971 0.30767659
 0.33156386 0.34804425 0.29189794]
228 50.3230444048925 [0.22801866 0.19503238 0.21937576 0.2274257  0.26225458 0.30741299
 0.3314682  0.34794679 0.29174506]
229 54.89557858268827 [0.22780512 0.19541128 0.21903451 0.22739714 0.26199278 0.30743591
 0.33121654 0.34767802 0.29143463]
230 52.53629734370858 [0.227597   0.19584434 0.2186556  0.22745506 0.26168506 0.30794478
 0.33127596 0.34789842 0.29128222]
231 50.68244598693156 [0.22743962 0.19617092 0.21825304 0.22766352 0.26127735 0.30804494
 0.33150759 0.34827205 0.29092563]
232 52.1609415263718 [0.22676931 0.19634607 0.2175506  0.22803421 0.26095851 0.30812548
 0.33204068 0.34853406 0.29015832]
233 58.64371158306349 [0.22607122 0.1965039  0.2168263  0.22800845 0.2607452  0.30828738
 0.3323464  0.34893386 0.28935608]
234 41.23778441754281 [0.22519543 0.19662205 0.21607435 0.22802766 0.26081153 0.30865567
 0.33233934 0.34912294 0.28860464]
235 57.47245908954217 [0.22431147 0.19681825 0.21534872 0.22813476 0.26086895 0.30874476
 0.33239546 0.34933295 0.28773813]
236 48.82044333484846 [0.22353285 0.19683606 0.21452901 0.22854969 0.26090891 0.30890733
 0.33284033 0.34907564 0.28700612]
237 41.31920881576967 [0.22277413 0.19697488 0.21398927 0.22888633 0.26091781 0.30914732
 0.33330158 0.34897197 0.28632927]
238 44.583869256105984 [0.22210663 0.19695687 0.21326979 0.22927093 0.26102891 0.30965158
 0.33353505 0.34900352 0.28564671]
239 43.352763780342485 [0.2216714  0.19704054 0.21265041 0.22965939 0.26089321 0.31023728
 0.33334071 0.34954025 0.28477746]
240 48.888993554653894 [0.22120507 0.19697549 0.21207292 0.2298577  0.26085071 0.31103768
 0.33300864 0.35017934 0.28371955]
241 40.60708767629826 [0.22088317 0.19694884 0.21154211 0.23009907 0.26125677 0.31129883
 0.33204572 0.35042303 0.28264087]
242 41.13987077346798 [0.220641   0.19691004 0.21101589 0.23049546 0.26175809 0.31166902
 0.33097163 0.35101998 0.28167731]
243 52.31988837547982 [0.22065314 0.19693664 0.21044279 0.23093069 0.26222987 0.31199555
 0.32993273 0.35112771 0.28091265]
244 43.005865923261894 [0.22051144 0.19701182 0.2098759  0.23162428 0.26253731 0.31241322
 0.32910572 0.35100095 0.28023181]
245 46.51257330908023 [0.22068314 0.19727616 0.20948417 0.23220582 0.2633235  0.3125896
 0.32831895 0.35067149 0.27943024]
246 42.31130162875395 [0.22081404 0.19746493 0.20922374 0.23272127 0.26427042 0.31272932
 0.32776994 0.35037696 0.2789183 ]
247 59.102489515292895 [0.2206484  0.19760453 0.20884343 0.23322955 0.26489828 0.31335532
 0.32724319 0.35021213 0.27834655]
248 47.58487224282891 [0.22057234 0.19772255 0.20849706 0.23366973 0.26564913 0.31395607
 0.32697007 0.35016364 0.27798569]
249 49.28621068761186 [0.22061368 0.19780525 0.20806817 0.2339601  0.26647921 0.31462718
 0.32659743 0.35010018 0.27763113]
250 47.82968756611763 [0.22063863 0.19776713 0.207784   0.2342422  0.26704341 0.31502574
 0.32631609 0.35031841 0.27705136]
251 44.40985938161184 [0.22078307 0.19769227 0.2075972  0.23452384 0.26751324 0.31539608
 0.32612639 0.35044696 0.27646458]
252 51.43189775625923 [0.2208909  0.19750752 0.20744699 0.2347109  0.26841043 0.31549453
 0.32593563 0.35108842 0.27605387]
253 55.012750152007925 [0.22113788 0.1972738  0.20723701 0.23485979 0.26928263 0.31588861
 0.32549429 0.35150437 0.27560203]
254 50.310998119106735 [0.221445   0.19703068 0.20692087 0.23510537 0.27035037 0.31639088
 0.32557429 0.35174589 0.27516868]
255 52.43766006762206 [0.22169901 0.19672685 0.20654232 0.23509352 0.27134551 0.31673995
 0.32572246 0.35167685 0.27486293]
256 60.37555078688653 [0.22189216 0.19639358 0.20621991 0.23517206 0.27227166 0.31713708
 0.32606238 0.35151164 0.27458867]
257 58.68255361609121 [0.22208883 0.19606969 0.20577658 0.23510623 0.27296744 0.31748101
 0.32660301 0.35105702 0.27431809]
258 56.29031841900621 [0.22212396 0.19565419 0.20533572 0.23472364 0.27370389 0.31753736
 0.32698339 0.35051696 0.27433799]
259 52.656174695144074 [0.22231305 0.19515868 0.20493691 0.23449957 0.2743097  0.317447
 0.32749719 0.3502329  0.2746541 ]
260 54.28445003937596 [0.22255467 0.19477707 0.20463628 0.23427726 0.27557205 0.31753367
 0.32775375 0.34975703 0.27507596]
261 41.234177888296244 [0.22314744 0.19439025 0.20440274 0.23418479 0.27667454 0.31756433
 0.32817087 0.34931262 0.2754881 ]
262 60.31947282828433 [0.22394085 0.19399041 0.20435565 0.23422968 0.27747853 0.31774069
 0.32873257 0.34896009 0.27590119]
263 51.86839565945233 [0.22475141 0.19364951 0.20432063 0.23434645 0.2784967  0.31770022
 0.32871153 0.34845463 0.27613437]
264 44.93733329641005 [0.22537575 0.1932981  0.20432344 0.23448706 0.27973922 0.31760128
 0.32833001 0.34801588 0.27622665]
265 54.1901214092297 [0.22619068 0.19292074 0.20432941 0.2347419  0.28089047 0.31727534
 0.32792839 0.3476125  0.27626105]
266 46.381469638467614 [0.2269459  0.19264688 0.2043839  0.23477534 0.28196493 0.31713863
 0.32787323 0.34727718 0.27620408]
267 51.96544060870856 [0.22764275 0.19244204 0.20445836 0.23482462 0.28265872 0.31726409
 0.32777375 0.34716406 0.27648114]
268 57.99001577181899 [0.22816299 0.19218689 0.20458696 0.23486497 0.28333347 0.31713347
 0.32778482 0.34713    0.27678442]
269 51.524400099367824 [0.22875067 0.19201755 0.20465378 0.23488    0.28381126 0.31711308
 0.32779721 0.34713697 0.27708684]
270 47.43597262643041 [0.22921469 0.19170593 0.20479341 0.23487722 0.28395905 0.31754147
 0.32777235 0.34703067 0.2774938 ]
271 45.7755712455392 [0.22993248 0.19137877 0.20481703 0.23479961 0.28417138 0.31837178
 0.32773671 0.34688555 0.2779005 ]
272 45.807847043192254 [0.23045267 0.19118785 0.20491559 0.23497143 0.2845289  0.31912342
 0.32751268 0.34654632 0.27830488]
273 44.34195423536677 [0.23092671 0.19112268 0.20501959 0.23477412 0.28505421 0.320341
 0.32741359 0.34631441 0.27886921]
274 39.02715502667407 [0.23114907 0.19100496 0.20513958 0.23460214 0.28590322 0.32145721
 0.32742901 0.3462326  0.27945367]
275 44.28674324604228 [0.23126047 0.19089057 0.20534805 0.23451548 0.28587098 0.32257721
 0.32825293 0.34586416 0.28011488]
276 41.7071464727815 [0.2315697  0.19075795 0.2054974  0.2342268  0.28604094 0.32354458
 0.32917372 0.34536163 0.28077292]
277 52.31995391925564 [0.23162013 0.19043769 0.2056581  0.23397804 0.28619824 0.32438809
 0.3297402  0.34515948 0.28140297]
278 47.20720094629699 [0.23182114 0.1900555  0.20583272 0.23283179 0.28615628 0.32546787
 0.3303467  0.34427684 0.28169976]
279 44.16262296970527 [0.2321975  0.18957804 0.20599906 0.23166559 0.28604337 0.32654461
 0.33074583 0.34345535 0.28171192]
280 57.01891022292746 [0.23277867 0.18916809 0.20616894 0.2307305  0.2858812  0.32699757
 0.33116599 0.34279079 0.28185266]
281 43.46563901477188 [0.233415   0.18869121 0.20623661 0.23002877 0.28598707 0.32706912
 0.331801   0.34180766 0.28180503]
282 55.18055354762644 [0.23394037 0.18812438 0.20626358 0.22932454 0.28594869 0.32767564
 0.33230235 0.34117133 0.28152473]
283 54.443192384078436 [0.2343872  0.18762169 0.2062681  0.22880752 0.28579743 0.3286857
 0.33317621 0.34077331 0.28143737]
284 56.69930290323884 [0.23484688 0.18719769 0.20633815 0.22852737 0.28560158 0.32977004
 0.33403475 0.3405607  0.28133874]
285 67.3286733121288 [0.23514028 0.18685409 0.20634804 0.22823296 0.28541614 0.33117023
 0.33519805 0.34087549 0.28137629]
286 43.73872329265183 [0.23516243 0.18661312 0.20623002 0.22790066 0.28539506 0.33283702
 0.33640715 0.34125965 0.28162477]
287 61.33691300888776 [0.23503156 0.18648359 0.20615552 0.22776093 0.28539963 0.33485955
 0.33739469 0.34184484 0.2819453 ]
288 53.041452170173486 [0.23513727 0.18654842 0.20608179 0.22724863 0.28523008 0.33630156
 0.33867017 0.34208889 0.28215181]
289 48.19015788285826 [0.23534745 0.18661018 0.20589674 0.22683718 0.28510038 0.33817903
 0.33939915 0.34211541 0.28262429]
290 46.42560394551295 [0.23558487 0.18660887 0.20561582 0.22660016 0.28483089 0.33989771
 0.34022595 0.34242135 0.28297594]
291 56.10606529085551 [0.23571074 0.18673052 0.2051492  0.22632819 0.28476483 0.34143723
 0.34068118 0.34287274 0.28337703]
292 55.87640730494661 [0.2358251  0.18688747 0.20470273 0.2261655  0.28475082 0.34311589
 0.34076892 0.34290853 0.28389699]
293 59.38183196151321 [0.23584489 0.18694679 0.20428841 0.22588709 0.28471056 0.34455116
 0.34124034 0.34296166 0.28466401]
294 53.07676534521478 [0.23595116 0.18693614 0.20381809 0.22555713 0.28489641 0.3459585
 0.34171723 0.34247538 0.28548091]
295 47.98080032938246 [0.2360293  0.1868719  0.20340747 0.22534655 0.28505587 0.34755692
 0.34217601 0.34206685 0.28609972]
296 47.634023402590216 [0.23602685 0.18678355 0.20304912 0.22530718 0.28527443 0.34913544
 0.34267246 0.34138049 0.28697195]
297 41.97212979719847 [0.23581899 0.18675506 0.20272199 0.22521291 0.2853796  0.35045215
 0.34258051 0.34104189 0.28784157]
298 44.74176992271239 [0.23556388 0.1867872  0.20233307 0.22489754 0.28537492 0.35188553
 0.342578   0.34092594 0.28853436]
299 36.14872838897638 [0.23526415 0.18673613 0.20204912 0.22461607 0.28547652 0.35272419
 0.34226087 0.34044271 0.28920166]
300 39.06465577113674 [0.23498799 0.18673477 0.20178381 0.22461638 0.28594407 0.35350012
 0.34214406 0.3395376  0.28971221]
301 43.46978870531301 [0.23495904 0.18674948 0.20146466 0.22475087 0.28657251 0.3542953
 0.34215693 0.33888885 0.29021271]
302 36.18410930893237 [0.23477816 0.18677635 0.20106982 0.22477625 0.28701116 0.35537948
 0.34244826 0.3383602  0.2902465 ]
303 48.12468023691574 [0.23435773 0.18685195 0.20072166 0.22467304 0.28741144 0.3555279
 0.34293988 0.33813802 0.29043951]
304 40.93315611844426 [0.23426076 0.18679732 0.20049786 0.22475502 0.28722854 0.35590625
 0.3435325  0.33823844 0.29087264]
305 50.2581909919172 [0.23427263 0.18670678 0.20026167 0.22476877 0.28692796 0.35611041
 0.3440107  0.33825817 0.29097015]
306 44.87345987966533 [0.234255   0.18652721 0.19999474 0.22488762 0.28644682 0.35616852
 0.34460645 0.33827309 0.29150153]
307 49.15657751169579 [0.23420001 0.18635012 0.19982345 0.22515149 0.28585786 0.35656411
 0.34530549 0.33857886 0.29177424]
308 41.11343750021977 [0.23420921 0.18618858 0.19962913 0.2255358  0.28536076 0.35681786
 0.34587334 0.33892423 0.29189809]
309 46.45745302268281 [0.23423509 0.18582344 0.19953374 0.22584309 0.28531301 0.35724191
 0.34661708 0.33938521 0.29209586]
310 43.876566708779876 [0.23447614 0.18539263 0.19932726 0.22603103 0.28574225 0.35738611
 0.3473376  0.33986985 0.29234536]
311 49.60053264889286 [0.2346974  0.18504963 0.19919256 0.22639413 0.28619471 0.35683623
 0.34812386 0.34046    0.29250675]
312 37.320283591775905 [0.23507408 0.18474959 0.19908454 0.22687283 0.2864414  0.35609567
 0.34866378 0.34133018 0.29262049]
313 35.09316680720441 [0.23530686 0.18443388 0.19901481 0.22722829 0.28722371 0.3554569
 0.34908436 0.34203812 0.29306197]
314 42.49646534644115 [0.23537943 0.18421633 0.19902578 0.227582   0.2880501  0.35488045
 0.34942887 0.34271547 0.29337348]
315 36.2411015298229 [0.23581183 0.18406176 0.19894026 0.22801189 0.28864885 0.35481061
 0.349567   0.34319777 0.29378461]
316 42.20696972934779 [0.23617161 0.1839963  0.19878097 0.2287364  0.28867664 0.35497066
 0.34960507 0.34325069 0.29423617]
317 49.448293798877415 [0.23638463 0.18399959 0.19859019 0.22955038 0.28876522 0.3553453
 0.34969624 0.34330928 0.29477888]
318 36.57985767319203 [0.23659401 0.18405199 0.19844869 0.22979258 0.28914426 0.35551962
 0.3495286  0.34355375 0.29520217]
319 37.283632643778546 [0.23682573 0.18409663 0.19846342 0.22985321 0.28947539 0.35585909
 0.34924763 0.34385609 0.29578962]
320 32.869423779553415 [0.23745665 0.1841774  0.1984444  0.22965074 0.28957209 0.35616003
 0.34907568 0.34444745 0.2964384 ]
321 48.09436254795183 [0.2379157  0.18432812 0.19838371 0.22937564 0.28951399 0.35644813
 0.34864764 0.34489149 0.29710112]
322 27.579868006819552 [0.23834635 0.18443059 0.19844121 0.22908685 0.28939719 0.3570665
 0.34819464 0.34526314 0.29774828]
323 38.38822314284511 [0.2392277  0.18448035 0.19857057 0.22941822 0.28908247 0.35739209
 0.34776028 0.34538394 0.29864232]
324 35.371766483987436 [0.24044905 0.18443342 0.1984601  0.2299518  0.28897818 0.35763332
 0.34731694 0.3457472  0.29946937]
325 37.316998511861314 [0.24148488 0.18439514 0.19835549 0.23049712 0.28905915 0.3578138
 0.34682878 0.34596936 0.30010734]
326 32.68314768614832 [0.2423667  0.18443874 0.19830227 0.23088766 0.28914153 0.35730522
 0.34630146 0.34617614 0.30082474]
327 30.94371653338512 [0.24303178 0.18439782 0.19814662 0.23112887 0.28942857 0.35672434
 0.34569489 0.34639041 0.30145515]
328 42.22652028374422 [0.24366811 0.18432813 0.19800063 0.23127026 0.28990457 0.35541995
 0.3447878  0.34640519 0.30202586]
329 40.34881384786962 [0.24410591 0.18419749 0.19788111 0.23135351 0.29022997 0.35395709
 0.34376359 0.34629975 0.3025989 ]
330 39.43587423608717 [0.24487684 0.18392208 0.19777951 0.23139012 0.29066659 0.35261539
 0.34278023 0.3463443  0.30314458]
331 30.457001095416054 [0.24584439 0.18346942 0.19772387 0.23134226 0.2907997  0.35067547
 0.34192661 0.34666686 0.30290022]
332 43.07073319662305 [0.24656653 0.18301566 0.19785817 0.23162235 0.29120853 0.34918543
 0.3411041  0.34733245 0.30226468]
333 41.35770945656979 [0.24725755 0.18263519 0.19786322 0.23187099 0.29179451 0.34825999
 0.34037905 0.34797556 0.30176295]
334 43.59764946238023 [0.24765776 0.1822386  0.19805775 0.23239084 0.29223103 0.3480568
 0.33989276 0.34855117 0.30114632]
335 40.96024149912409 [0.24797936 0.18185799 0.1982563  0.23318213 0.2924361  0.34801905
 0.33926142 0.3490191  0.30067394]
336 39.57899068201942 [0.24861573 0.18164387 0.19844574 0.23406584 0.29246648 0.34789829
 0.33835419 0.34911551 0.30008271]
337 41.20427118897189 [0.24926303 0.18131845 0.1985529  0.23482531 0.29265248 0.34755043
 0.33723404 0.34881964 0.2997155 ]
338 39.07251347487017 [0.24991858 0.18094807 0.19869962 0.23536013 0.29232    0.3474564
 0.33576692 0.34887175 0.29924508]
339 47.1242324284762 [0.25037076 0.18054431 0.19888842 0.23596817 0.29207543 0.34773039
 0.33478907 0.34895281 0.29890202]
340 39.5403243700226 [0.25079861 0.18026608 0.19890071 0.23621678 0.29218948 0.3474878
 0.33364264 0.34957242 0.29909776]
341 41.89710713724324 [0.25123873 0.17989954 0.19879179 0.23655026 0.29233022 0.34743693
 0.33267736 0.3505323  0.29912541]
342 35.40735795490889 [0.25176581 0.17956769 0.19855752 0.23690635 0.29142345 0.34769927
 0.33161897 0.35174155 0.29915181]
343 40.94449848350956 [0.25233677 0.17918259 0.19846306 0.23720523 0.29064499 0.3478865
 0.33057979 0.35264536 0.29892147]
344 39.036318103148204 [0.25320556 0.17887239 0.19839054 0.23703442 0.29018057 0.34806031
 0.3295794  0.35386085 0.29847849]
345 41.15156601417796 [0.25451855 0.17855217 0.19843559 0.23708174 0.29002631 0.3481733
 0.3285847  0.35510222 0.29823493]
346 41.71452617320872 [0.25580856 0.17832273 0.19843146 0.23749473 0.28988578 0.34853714
 0.32742361 0.35636459 0.29801983]
347 43.08361272051232 [0.2568656  0.17825644 0.19854246 0.23779157 0.28959333 0.34912153
 0.32664768 0.35775338 0.29799105]
348 43.219131868005434 [0.25769185 0.17813446 0.19859088 0.23773134 0.28910856 0.34935435
 0.32569807 0.3590154  0.29781977]
349 39.257147575943804 [0.25807024 0.17806694 0.19843921 0.23730841 0.28879645 0.3498718
 0.32490354 0.36070929 0.29752354]
350 40.284789200837324 [0.25864194 0.17792171 0.19851003 0.23698176 0.28860391 0.35077034
 0.3248019  0.36156138 0.29738082]
351 43.003039908494074 [0.25881962 0.17771861 0.19855001 0.23666907 0.28836436 0.35175863
 0.32478348 0.36244293 0.29701601]
352 41.332816331184546 [0.25892444 0.17744984 0.19861245 0.23611813 0.28818443 0.35193287
 0.32510773 0.36355356 0.29673913]
353 43.22879953805873 [0.25955837 0.17727725 0.19861869 0.23480646 0.28792549 0.3521044
 0.32537588 0.36449039 0.29661541]
354 39.37292884741649 [0.25998708 0.17710618 0.19856165 0.23372735 0.28777866 0.35305722
 0.32575839 0.36548928 0.29722274]
355 50.43881751050587 [0.26047894 0.17686926 0.19850011 0.23270149 0.28756846 0.35384179
 0.32626056 0.36642305 0.29793398]
356 39.601305378025245 [0.26090806 0.17655538 0.19844055 0.23172572 0.28742504 0.35477414
 0.32657714 0.36698742 0.29876591]
357 30.30201395254457 [0.26150647 0.17629793 0.1985326  0.23095657 0.28735598 0.35563795
 0.32690439 0.36775174 0.2994694 ]
358 39.1229441661261 [0.26205107 0.1759962  0.19859826 0.23036186 0.28720817 0.35651122
 0.32723092 0.36851652 0.30019838]
359 45.77140292078002 [0.26230181 0.17579209 0.19872997 0.22985135 0.28697773 0.35763885
 0.32777633 0.36936334 0.30074809]
360 40.19872576436467 [0.26279288 0.17571009 0.19883282 0.22943455 0.28677291 0.35874912
 0.32846746 0.37016338 0.30104022]
361 32.12931242112708 [0.26248269 0.17552957 0.19897312 0.22915531 0.28666678 0.36001553
 0.32921103 0.37110288 0.30140448]
362 38.50947530118225 [0.26220042 0.17537629 0.19917297 0.22887883 0.28632782 0.36142863
 0.33027601 0.37227335 0.30179041]
363 42.940243244914626 [0.26231573 0.17529227 0.19933331 0.22865749 0.28594174 0.3625668
 0.33135877 0.37316884 0.30229543]
364 36.630176497456716 [0.26192059 0.17502582 0.19932927 0.22866872 0.28544168 0.36391553
 0.33255573 0.37420181 0.30264916]
365 40.888890515863906 [0.26214888 0.17464068 0.19928277 0.2283057  0.28471258 0.36529476
 0.33345576 0.37483305 0.30319912]
366 44.30002539604172 [0.26254745 0.17427026 0.19916821 0.22737197 0.28402573 0.36575023
 0.33421232 0.37529542 0.30407334]
367 48.99817834144844 [0.26287927 0.1739498  0.19917978 0.22679211 0.28342905 0.36631771
 0.33490587 0.37598228 0.30512117]
368 40.057548341057434 [0.26336049 0.17363486 0.19922754 0.22656248 0.28282753 0.36641812
 0.33570327 0.37705814 0.30625157]
369 39.46893590417356 [0.26458818 0.17332728 0.19911831 0.22616412 0.28222579 0.36657687
 0.3366569  0.37715607 0.30714671]
370 46.5133524305307 [0.26538356 0.17287346 0.19896874 0.22600719 0.28187911 0.36620119
 0.3373791  0.37754527 0.30811512]
371 44.887414232738166 [0.26630728 0.17244111 0.19878846 0.22547883 0.28142407 0.36601808
 0.33837177 0.37648978 0.3091065 ]
372 41.32968843719278 [0.2674992  0.17201223 0.1986084  0.22479283 0.2809204  0.36567228
 0.3391753  0.3758772  0.3098573 ]
373 53.509144040715285 [0.2682752  0.17164627 0.19842485 0.22428131 0.28028339 0.36516783
 0.33948809 0.37556142 0.31039455]
374 40.44453718533234 [0.26892599 0.17131834 0.19808573 0.22391166 0.27977964 0.36459058
 0.33962686 0.3756905  0.31093372]
375 37.49645541578957 [0.26959123 0.17097213 0.19790219 0.22353604 0.27947767 0.36377883
 0.33962946 0.37550801 0.31143224]
376 41.035445684427 [0.2706468  0.17063143 0.19788268 0.22295548 0.27894967 0.36354655
 0.33965309 0.3753003  0.31188416]
377 42.90642532493262 [0.27157102 0.17046941 0.1979102  0.22231321 0.27841641 0.36290553
 0.33958969 0.37513273 0.31182637]
378 47.410287037978705 [0.27242828 0.17040249 0.19795688 0.22174816 0.27783489 0.36287421
 0.33953914 0.37478803 0.31181779]
379 39.02462428892214 [0.27340173 0.17018197 0.19814714 0.22106296 0.27723467 0.36230143
 0.3392215  0.37526459 0.31175929]
380 42.33688981144378 [0.27387723 0.17007345 0.19810427 0.22010948 0.27680192 0.36213291
 0.33896212 0.3759853  0.31114138]
381 47.48703713241038 [0.27442116 0.16988978 0.19795195 0.2191473  0.2762612  0.36234056
 0.33895301 0.37695118 0.31044129]
382 36.58332262487233 [0.27595224 0.16972211 0.19778747 0.21844652 0.27567852 0.36290356
 0.33906201 0.37745406 0.30978189]
383 40.7612447721902 [0.27695265 0.16955755 0.19769602 0.21802091 0.27517449 0.36357951
 0.33918766 0.37846109 0.30931453]
384 52.126804014453 [0.27785582 0.16939131 0.19755399 0.21749233 0.27484455 0.3641465
 0.33958961 0.37872421 0.30854499]
385 50.61109538325972 [0.27910165 0.1693041  0.19739549 0.21716731 0.27447739 0.36471989
 0.33958655 0.37924863 0.30799145]
386 47.90908029222755 [0.27965147 0.16917038 0.19718838 0.21691747 0.27407172 0.36509306
 0.33981601 0.37988634 0.30738715]
387 35.85923754520432 [0.28058617 0.16920146 0.19704331 0.21666312 0.27376264 0.36570332
 0.34008337 0.38028765 0.30700557]
388 43.03476639053088 [0.28113746 0.16903286 0.19692137 0.21654457 0.27327389 0.36666422
 0.3404651  0.38131538 0.30669805]
389 40.34600584466655 [0.28149561 0.16882996 0.1967877  0.21673518 0.27303352 0.36772447
 0.3407949  0.38258106 0.30695772]
390 37.97378885992471 [0.28225278 0.16872488 0.19670228 0.21697816 0.27295547 0.36818654
 0.34124944 0.38411679 0.30739793]
391 34.00281058496314 [0.28289165 0.1686966  0.19662837 0.21742411 0.27292452 0.36907857
 0.34150507 0.38604402 0.30811615]
392 43.585081967523436 [0.282484   0.16861339 0.1967382  0.21768426 0.27298535 0.3697329
 0.34211572 0.38763516 0.30879997]
393 39.19289950739943 [0.28204753 0.16859587 0.19663608 0.21793802 0.27337123 0.37023046
 0.34252361 0.38914079 0.30967176]
394 39.6027482518935 [0.28241478 0.16860522 0.19658349 0.21814608 0.27403872 0.37056135
 0.34306231 0.39061218 0.31085839]
395 36.60377874220619 [0.28222441 0.16860002 0.19648091 0.21828379 0.27456193 0.37084099
 0.34361404 0.39187841 0.31205206]
396 37.62435222564118 [0.28181145 0.16854073 0.19640077 0.21818468 0.27522162 0.37105536
 0.34415391 0.39259192 0.31344907]
397 39.617165793261975 [0.28209257 0.16842701 0.19634471 0.21799838 0.27592635 0.37161858
 0.34473539 0.39320334 0.31503088]
398 36.12842562723072 [0.28252441 0.16836105 0.1962995  0.21781845 0.27664866 0.37241314
 0.34532821 0.39376389 0.31682299]
399 37.435501214015545 [0.28295241 0.16826072 0.19625727 0.21760922 0.27720527 0.37305494
 0.34573238 0.39408829 0.31877959]
400 54.848080355454286 [0.28339864 0.16825986 0.19620319 0.217398   0.27722512 0.37403681
 0.3463404  0.3945176  0.3207202 ]
401 39.8308180637528 [0.28429238 0.16802876 0.19614283 0.21714577 0.27744418 0.37495826
 0.34677436 0.394738   0.32227284]
402 40.076059173130396 [0.2850566  0.16780878 0.19603648 0.21700309 0.27731104 0.37590178
 0.34701266 0.39465897 0.32360711]
403 44.02031778434551 [0.28516935 0.16744413 0.19605082 0.21682176 0.27699739 0.37669347
 0.34701034 0.39454707 0.32364476]
404 36.54691498840386 [0.28546097 0.16706633 0.1960724  0.21658843 0.27672105 0.37750081
 0.34696405 0.39446776 0.32390171]
405 34.903585673591145 [0.28605717 0.1667867  0.19604701 0.21651781 0.27642997 0.37836388
 0.34662828 0.39485605 0.3241964 ]
406 34.78951463221543 [0.28668998 0.16642343 0.19619027 0.21650258 0.27610913 0.37965754
 0.3460342  0.39509986 0.32460632]
407 47.51909299685984 [0.28757788 0.16613304 0.19632289 0.21654431 0.2760671  0.38029905
 0.34526166 0.39518669 0.32519198]
408 38.60429653044173 [0.28852484 0.1659088  0.1964859  0.21651365 0.27604214 0.38094112
 0.3444416  0.39544615 0.32584817]
409 34.36020925733734 [0.28937397 0.16578876 0.19631322 0.21650055 0.27580302 0.38020525
 0.34357343 0.39556394 0.32647336]
410 30.724268099398117 [0.2900504  0.16562958 0.19596928 0.2165185  0.27588688 0.37936953
 0.34282558 0.3952103  0.32661314]
411 37.75808644171886 [0.29016613 0.1654389  0.19572071 0.21651942 0.27599905 0.37958731
 0.34188463 0.3947937  0.32640258]
412 39.74418400591102 [0.29087548 0.16539573 0.19551235 0.21665301 0.27604441 0.38014848
 0.34098108 0.39441628 0.32618179]
413 42.01965997714191 [0.29123343 0.16534572 0.19531451 0.21668299 0.27580273 0.38130776
 0.33994722 0.3939994  0.32606515]
414 37.413092015137735 [0.29191235 0.16532023 0.19500929 0.21658821 0.27556487 0.3819081
 0.33878088 0.39393273 0.32593871]
415 43.18986966797526 [0.29176825 0.16536559 0.19473759 0.21644135 0.2748965  0.38128619
 0.33789581 0.39426788 0.32571076]
416 42.23803800847659 [0.29108721 0.16551685 0.19451804 0.21610117 0.27424559 0.38009675
 0.33726042 0.3947509  0.32558747]
417 34.06825072945318 [0.28996042 0.16560042 0.19427357 0.21580004 0.27353766 0.37940183
 0.33676725 0.39521215 0.325649  ]
418 44.627639189600586 [0.28931242 0.16561568 0.1939715  0.21565469 0.27282752 0.37880429
 0.33549477 0.39612575 0.32570617]
419 55.4532483183787 [0.28856542 0.16550509 0.19360991 0.21559869 0.27227362 0.37842456
 0.33407613 0.39717519 0.32592147]
420 41.535452735640646 [0.28686204 0.16551251 0.19316601 0.2155562  0.27183545 0.37782715
 0.33288623 0.39793694 0.32637837]
421 45.69043713806663 [0.28487263 0.16550489 0.19292236 0.21582029 0.27138843 0.37803364
 0.33153497 0.39848399 0.32679929]
422 42.21069047698636 [0.282908   0.16541656 0.19287284 0.21608794 0.27102996 0.37811474
 0.33043272 0.39911104 0.326806  ]
423 41.88507188465473 [0.28151949 0.16533719 0.19262319 0.21633005 0.27104448 0.37731887
 0.32949078 0.39947252 0.32697858]
424 49.60031572500587 [0.28037296 0.16524097 0.19247425 0.21646063 0.27100031 0.37696149
 0.3284827  0.39958017 0.32698603]
425 36.37218844411013 [0.279771   0.16494533 0.19225613 0.2167184  0.27084004 0.37675555
 0.32704709 0.399924   0.32719292]
426 39.64116675445539 [0.27932867 0.16451241 0.19215201 0.21690833 0.2706008  0.3763132
 0.32574148 0.40025248 0.32719735]
427 48.01488266386423 [0.27921773 0.16426284 0.19213788 0.21725834 0.27047928 0.37562824
 0.32465328 0.40048513 0.32682814]
428 38.52123502927301 [0.27923484 0.16409276 0.1921533  0.21771828 0.27028502 0.37468765
 0.32369512 0.40057225 0.32667545]
429 36.31155096931124 [0.27874392 0.16406062 0.19215323 0.21836289 0.26972367 0.37385798
 0.32309689 0.40122201 0.32668625]
430 33.473809649507714 [0.2783873  0.16399024 0.19222207 0.21897545 0.26920093 0.37322698
 0.32245649 0.40190879 0.32660809]
431 37.570895705389496 [0.27820983 0.16392389 0.19209827 0.21963349 0.26867535 0.37264841
 0.32217157 0.4032057  0.32691238]
432 40.96649320078404 [0.27804867 0.16383581 0.19191608 0.22048599 0.26848719 0.37145736
 0.32203911 0.40408919 0.32699872]
433 40.507053117319884 [0.27762506 0.16366244 0.19160767 0.2211635  0.26803136 0.37043579
 0.3216628  0.40451207 0.32723797]
434 38.03928506507512 [0.27736961 0.16346101 0.19139323 0.22169621 0.26765265 0.3682209
 0.32115667 0.40483884 0.32750002]
435 46.21063217808917 [0.27719351 0.16315181 0.19111804 0.22221108 0.26732299 0.36605665
 0.3206152  0.40496668 0.32762203]
436 35.29305217978246 [0.27710672 0.16297181 0.19082627 0.22284014 0.26715452 0.3638111
 0.31985343 0.40509526 0.32812524]
437 33.85944685430852 [0.2779058  0.16277181 0.19063501 0.22313844 0.26668566 0.36200464
 0.3190977  0.40500666 0.32875409]
438 31.132234825315393 [0.27891611 0.16253963 0.19046704 0.22362073 0.2663665  0.36058324
 0.31842079 0.40423316 0.32897433]
439 35.35456384149436 [0.28005681 0.16232816 0.19023533 0.22420648 0.26584096 0.3598328
 0.3179553  0.40385785 0.32941155]
440 30.732421386135577 [0.28152183 0.16215917 0.18996341 0.22436756 0.26566878 0.35904783
 0.31736646 0.40360188 0.32979857]
441 37.46889863952867 [0.28294378 0.16201884 0.18969336 0.22442906 0.26567439 0.35867772
 0.31696416 0.40341999 0.33030943]
442 38.18046942028755 [0.28364    0.16196586 0.18938598 0.22443525 0.26565199 0.35881044
 0.3165776  0.40302292 0.33046249]
443 34.89676490058738 [0.2846093  0.16180591 0.18903028 0.22444071 0.26574237 0.35913354
 0.31596446 0.40276839 0.33051284]
444 40.93976515938147 [0.28462582 0.16167126 0.18872567 0.22442437 0.26583212 0.35961474
 0.31541591 0.40269656 0.33068126]
445 37.35935179372945 [0.28407609 0.16155175 0.18837308 0.22453897 0.26570758 0.36000561
 0.31510536 0.402437   0.33127911]
446 41.603528453014704 [0.28328496 0.16140067 0.18802925 0.22485924 0.26507259 0.36043671
 0.31477233 0.4016189  0.3319368 ]
447 37.30371643679297 [0.2821003  0.1612781  0.18775811 0.22531064 0.26470728 0.36069226
 0.31429862 0.40126838 0.33206536]
448 33.7309333848251 [0.28114376 0.16107509 0.18770688 0.22553241 0.26435265 0.36091876
 0.31409724 0.40035323 0.33197271]
449 36.92270960834974 [0.28020968 0.16087502 0.18766822 0.22559947 0.263704   0.36084929
 0.31425259 0.40010303 0.33146716]
450 37.47720317855547 [0.27933682 0.16077372 0.18770354 0.22578541 0.26292394 0.36057472
 0.3145003  0.39986917 0.33147003]
451 38.41809637487363 [0.27878071 0.16062116 0.18766282 0.22587836 0.26239667 0.36053149
 0.31466732 0.39945093 0.33137794]
452 32.34714033203824 [0.27780976 0.16042565 0.18778341 0.22601368 0.26228812 0.3606416
 0.31471368 0.39877647 0.33113941]
453 32.14715244443061 [0.27703302 0.16012904 0.18812645 0.2261041  0.26230325 0.3606403
 0.31475045 0.39817306 0.3307651 ]
454 36.16103532636505 [0.27633006 0.15977717 0.18840772 0.22630492 0.26234624 0.36068881
 0.31468415 0.39771484 0.33045979]
455 29.388461372032125 [0.27590161 0.15940241 0.18858886 0.22624127 0.26237648 0.36048213
 0.3149188  0.39657801 0.33032911]
456 36.5220470921826 [0.27540256 0.1590549  0.18868804 0.22617964 0.26254108 0.36055711
 0.31464071 0.39512949 0.33044052]
457 38.08504955077694 [0.27544575 0.15880174 0.18886247 0.22541541 0.26261796 0.36073096
 0.31446621 0.39316411 0.33033726]
458 30.27760527917947 [0.27548694 0.15865882 0.18892451 0.22485644 0.26277539 0.36071716
 0.31428031 0.39138702 0.32994953]
459 43.5125885896583 [0.27464183 0.15849788 0.18884486 0.22419282 0.26322101 0.36112712
 0.31414152 0.39005436 0.33004751]
460 29.783866478010445 [0.27441178 0.15835244 0.18886855 0.22348266 0.26366372 0.36145434
 0.31396099 0.38927835 0.33001085]
461 39.05726760634985 [0.27282462 0.158114   0.18887914 0.22310893 0.26421911 0.36152544
 0.31420809 0.3885625  0.32992706]
462 39.94373798026032 [0.27162155 0.1577974  0.18889824 0.22263302 0.26487025 0.36246743
 0.31413427 0.3873531  0.32974477]
463 31.55193504825761 [0.2705509  0.1574694  0.18886967 0.22232524 0.26543465 0.36297617
 0.31401473 0.38661989 0.3295917 ]
464 27.673260523207333 [0.26965193 0.15717204 0.18892707 0.22229365 0.2660187  0.36322059
 0.31367388 0.38534862 0.32908045]
465 29.97008447031655 [0.26871725 0.15671143 0.18894055 0.22210618 0.2669178  0.36336517
 0.31335781 0.38412125 0.32887413]
466 26.65802348285707 [0.26796584 0.15629808 0.18900456 0.22199396 0.26775083 0.36382097
 0.31346901 0.38295421 0.32833536]
467 27.667646372385555 [0.26717948 0.15585918 0.18896899 0.22180779 0.26846662 0.36354384
 0.31382074 0.38173892 0.32765178]
468 28.033218842894385 [0.26555627 0.15522117 0.18916758 0.22168296 0.26872289 0.36257462
 0.31436402 0.38089929 0.32679059]
469 33.361606606445484 [0.26339039 0.15455541 0.18942923 0.22150738 0.26892951 0.36092341
 0.31504974 0.37995913 0.32633769]
470 27.878427424508654 [0.26148877 0.15399093 0.18947812 0.22131893 0.26906458 0.35952648
 0.31569081 0.37925141 0.3259499 ]
471 31.179540551211716 [0.25994492 0.1534705  0.18940069 0.22118442 0.26917188 0.35825174
 0.3161015  0.37870483 0.32600229]
472 19.17979356585824 [0.25821723 0.1530091  0.18943943 0.22092284 0.26929028 0.35707798
 0.31658427 0.37802128 0.32603051]
473 26.74301524585892 [0.25669959 0.15258351 0.18959018 0.22070949 0.26963309 0.35632247
 0.31703576 0.37756615 0.32608194]
474 29.02018037257085 [0.25517982 0.15221427 0.18975829 0.22031843 0.27004201 0.35612732
 0.31715239 0.37677302 0.32653101]
475 35.814314499317284 [0.25389016 0.15174396 0.18982355 0.22013434 0.27023866 0.35568246
 0.31722893 0.3760213  0.32664471]
476 26.597947927371358 [0.25265754 0.15129711 0.18994862 0.22033068 0.27058228 0.35516969
 0.31721846 0.37535953 0.32656262]
477 27.444174256763066 [0.25187365 0.15100799 0.1900157  0.22069009 0.27102099 0.35438764
 0.3171113  0.37488513 0.32655149]
478 28.97002893207727 [0.25140262 0.15070953 0.19017004 0.22093911 0.2710909  0.35356835
 0.31715658 0.37457421 0.3267983 ]
479 30.05419496932542 [0.25085684 0.15043223 0.19007448 0.22106127 0.27118272 0.35285414
 0.31698789 0.37472644 0.32694231]
480 26.65539382553596 [0.25031135 0.15017858 0.19003309 0.22124578 0.27108035 0.35219719
 0.31674353 0.37503845 0.32713246]
481 36.303930705811155 [0.25007569 0.14994853 0.1899953  0.22115392 0.27113157 0.35188307
 0.31634766 0.37564961 0.32734376]
482 36.47928282582198 [0.24994189 0.14966494 0.19010192 0.22089323 0.27126281 0.35167031
 0.31571845 0.37601806 0.32767635]
483 37.535534155955325 [0.24949499 0.14940257 0.19008259 0.22065869 0.27178303 0.35164586
 0.31542231 0.37649898 0.32803776]
484 36.10158435642274 [0.24946756 0.14920738 0.19004033 0.22026325 0.27220443 0.35178139
 0.31497206 0.37682807 0.32879845]
485 35.154075025987716 [0.24947428 0.14908471 0.18999477 0.21972858 0.27297494 0.35163253
 0.3148363  0.37754925 0.3293975 ]
486 31.44252997884812 [0.24955745 0.14892784 0.19018227 0.21898348 0.27381342 0.35092502
 0.31456053 0.37844574 0.33036172]
487 31.31088288193485 [0.249553   0.14877968 0.19014995 0.21843082 0.27474135 0.35014241
 0.31427756 0.3791014  0.33112802]
488 31.683956344309443 [0.24941498 0.14860117 0.19026246 0.21792062 0.27579046 0.3494525
 0.31407809 0.3796834  0.33239317]
489 37.03493679934791 [0.24927892 0.14843674 0.19011583 0.2174259  0.2767891  0.34865159
 0.31391891 0.38054679 0.33374211]
490 29.696809194708315 [0.24938244 0.14818611 0.18985598 0.21700112 0.27790869 0.34820411
 0.31358252 0.38103549 0.3352062 ]
491 33.166507512889126 [0.2496315  0.14786431 0.18956086 0.21641113 0.27918044 0.34838645
 0.31390521 0.38119883 0.3360987 ]
492 23.362552327337838 [0.250017   0.14756636 0.18927647 0.21582786 0.28021045 0.34785249
 0.31416963 0.38142792 0.33672473]
493 25.12769890909523 [0.25036884 0.14735864 0.18883068 0.21537122 0.28104409 0.34760567
 0.31443434 0.38167142 0.33751987]
494 33.35739981602725 [0.25082424 0.1472572  0.18834034 0.21493537 0.28161148 0.34692051
 0.31474103 0.38178303 0.33847554]
495 28.030349648566215 [0.25150604 0.1472512  0.18772605 0.21445344 0.28217635 0.3458641
 0.31514738 0.38123083 0.33876563]
496 28.88652526250584 [0.251943   0.14724101 0.18730635 0.21400358 0.28288883 0.34494322
 0.31558421 0.38076651 0.33865642]
497 29.851899078013922 [0.2521077  0.1471667  0.18705309 0.21363908 0.2833581  0.34362523
 0.31596628 0.37983176 0.3383782 ]
498 28.348639446660812 [0.25207587 0.14699816 0.18678765 0.21341614 0.28406176 0.34245756
 0.31657487 0.37865266 0.33829915]
499 27.305045701491018 [0.25195982 0.14680356 0.18674823 0.21321525 0.2844479  0.34165978
 0.31710414 0.37687575 0.33829037]
