0 209.07441912909536 [0.29915616 0.30196895 0.30103135 0.30196894 0.30196894 0.30009376
 0.29915616 0.30009375 0.29821856]
1 180.0934910193185 [0.2992573  0.30206292 0.30291307 0.30186269 0.30275557 0.29973526
 0.30042409 0.29990489 0.29761335]
2 223.86986974888134 [0.30015033 0.30044115 0.30463894 0.30120963 0.30283318 0.29965678
 0.30115289 0.29857438 0.29689939]
3 194.4781512005639 [0.30084909 0.29834433 0.30637498 0.30078527 0.3025035  0.29941927
 0.30193268 0.29757393 0.29648513]
4 213.3322952407065 [0.30214828 0.29665753 0.3079004  0.30045695 0.30268695 0.29900183
 0.3024655  0.2968205  0.2962971 ]
5 224.97555130136362 [0.30321872 0.29483892 0.30812018 0.29997188 0.30205819 0.29843065
 0.30298941 0.29661765 0.29574766]
6 198.7967046085571 [0.30451312 0.29324101 0.30810272 0.29976423 0.30065421 0.29820396
 0.30362391 0.29651045 0.29597556]
7 216.36671570267566 [0.30588493 0.29170941 0.307917   0.29874049 0.2994577  0.29819487
 0.30402369 0.29660102 0.29613789]
8 213.0833885383261 [0.30666613 0.29015562 0.30775823 0.29765028 0.2984936  0.29787375
 0.30493673 0.29664895 0.29604004]
9 197.99710118525164 [0.30732542 0.28935133 0.30766633 0.29678988 0.29748793 0.29747536
 0.3057552  0.29685657 0.2957445 ]
10 191.7283016970989 [0.30825071 0.28892261 0.30725164 0.29616036 0.29658422 0.29731266
 0.3064198  0.29677668 0.29538571]
11 220.21579500252483 [0.30925347 0.28844541 0.3066053  0.29545002 0.29601975 0.2977514
 0.307007   0.29715875 0.29509489]
12 204.82106271336602 [0.30959589 0.28793278 0.30602542 0.29462251 0.29551794 0.2982066
 0.30734452 0.29768701 0.29462975]
13 156.3545812540233 [0.30993048 0.28742363 0.30544714 0.29384149 0.29507585 0.29867682
 0.30774716 0.29798161 0.2943042 ]
14 149.45116115308969 [0.31022097 0.28700681 0.30498082 0.29244723 0.29465339 0.29887437
 0.30779419 0.2986011  0.29426538]
15 532.0404636894108 [0.31051374 0.28676807 0.30404884 0.29142808 0.29444801 0.2994324
 0.307662   0.29950226 0.2941446 ]
16 151.30785018887798 [0.31062626 0.28654349 0.303195   0.29046291 0.2944356  0.29973068
 0.30758301 0.29990334 0.29405777]
17 122.81459579856877 [0.31081603 0.28653269 0.30235684 0.28947601 0.29404705 0.30024053
 0.30696877 0.29965595 0.29402618]
18 145.6061086813042 [0.31101489 0.28603699 0.30139067 0.28860912 0.29382238 0.30089599
 0.30686589 0.29930349 0.29416229]
19 125.36893838102834 [0.31109768 0.28562859 0.30027622 0.28778089 0.29363627 0.30135673
 0.30696545 0.29912536 0.29456278]
20 516.0085879387264 [0.31097389 0.28545188 0.29915445 0.28665779 0.29331235 0.30212161
 0.30694805 0.29881722 0.29485637]
21 135.01695095907144 [0.31096441 0.2854557  0.29819215 0.28558892 0.2927736  0.30273668
 0.30687543 0.29854531 0.29487553]
22 116.13210721743458 [0.31080527 0.28515398 0.29695223 0.28451449 0.2924359  0.30292126
 0.30685304 0.29859506 0.29514614]
23 511.30829191528983 [0.31058486 0.28511525 0.29583639 0.28331365 0.29252463 0.30286783
 0.30695376 0.29856933 0.29525376]
24 121.48205114120961 [0.31008526 0.28473773 0.29479056 0.28189704 0.29240684 0.30287541
 0.30691904 0.29870819 0.29576066]
25 487.152409580338 [0.30949063 0.28433781 0.29388052 0.28037955 0.29216125 0.3033179
 0.30686664 0.29876163 0.29638718]
26 503.9174508883599 [0.30902908 0.28390297 0.29296479 0.27886576 0.29196541 0.30336322
 0.3067116  0.29914223 0.29718985]
27 131.8801462354792 [0.3084952  0.28368679 0.29182322 0.277547   0.29159258 0.30364831
 0.3067373  0.29974707 0.29818897]
28 105.64685941509057 [0.30786656 0.28363671 0.29076036 0.27627794 0.29118246 0.30345729
 0.30681992 0.30039033 0.29882086]
29 112.88718684652076 [0.30734377 0.28325292 0.2896464  0.27507421 0.29094345 0.30387129
 0.30721546 0.30063773 0.29953979]
30 106.42127932078 [0.30644548 0.28292303 0.28874761 0.27378783 0.29113178 0.30422199
 0.30758952 0.30105626 0.30031347]
31 103.51298366479256 [0.30576377 0.28261387 0.28775416 0.27253499 0.29108591 0.30449866
 0.30796705 0.30165466 0.30125353]
32 108.44937285771054 [0.30504429 0.28196012 0.28657705 0.27116906 0.29082702 0.30495051
 0.30843648 0.30217374 0.30215578]
33 112.60165796737593 [0.30431954 0.28122591 0.28577499 0.27010125 0.29068078 0.30533783
 0.30887499 0.30275773 0.30346973]
34 121.87988681100917 [0.30350691 0.28049981 0.28509637 0.26921008 0.29057739 0.30556083
 0.30899788 0.30341034 0.3044852 ]
35 101.88490792229857 [0.30271127 0.28002329 0.28469684 0.26839183 0.29030159 0.30579838
 0.30928037 0.30413809 0.3052345 ]
36 100.22312282596098 [0.30217996 0.27949395 0.2843641  0.26776102 0.28989623 0.30592341
 0.30950949 0.30510799 0.30587159]
37 94.73685686325092 [0.30154368 0.27907203 0.2838285  0.26694794 0.28962433 0.30616003
 0.31024463 0.30570204 0.3063931 ]
38 93.96058832498349 [0.30091925 0.27862064 0.2831913  0.26625215 0.28895872 0.30659838
 0.31098898 0.30594206 0.30680658]
39 86.56773656613925 [0.30003781 0.27832399 0.28235548 0.26603291 0.28831588 0.30655736
 0.31170022 0.30607992 0.30707332]
40 85.35634610025315 [0.29920251 0.27826452 0.28142815 0.2659318  0.28785243 0.30651164
 0.31220761 0.30642434 0.30741683]
41 90.7252095436888 [0.29836641 0.2781976  0.28042123 0.26584024 0.28755627 0.30663436
 0.31275356 0.30699664 0.30782493]
42 98.17990487953233 [0.29792702 0.27807281 0.2793204  0.26541075 0.28723787 0.30685349
 0.31342129 0.30757637 0.30834592]
43 100.19493213366218 [0.29765603 0.27776405 0.2781606  0.26509286 0.28717536 0.30732871
 0.31396857 0.30812782 0.30876345]
44 88.5925140594785 [0.29721206 0.27751577 0.27726799 0.26493806 0.28684606 0.30766642
 0.3143246  0.30860549 0.30903652]
45 85.85321256396351 [0.29644873 0.27696532 0.2765214  0.26471691 0.2865126  0.30807797
 0.31452551 0.30927574 0.30886698]
46 848.0655972747304 [0.29579415 0.27644027 0.27614046 0.26431041 0.28647459 0.30851414
 0.31453259 0.31003786 0.30852757]
47 91.13461319176643 [0.29552599 0.27596721 0.27588084 0.26392807 0.28658078 0.30887134
 0.31415182 0.31073274 0.30799957]
48 464.0330820227912 [0.29519458 0.27572977 0.27538219 0.26355412 0.2866104  0.30934491
 0.31338794 0.31104184 0.30748437]
49 84.46597188833744 [0.29505614 0.27533482 0.27486059 0.2631067  0.28656197 0.30953147
 0.31261151 0.31141322 0.30711962]
50 92.91569127743165 [0.294987   0.27496473 0.27424941 0.2624435  0.2865203  0.3095785
 0.31187163 0.31190544 0.30683412]
51 96.05653993743394 [0.29490407 0.27456932 0.27372672 0.26186786 0.28639325 0.309408
 0.31146527 0.31225723 0.30638419]
52 89.81141954144118 [0.29462595 0.27397141 0.27319436 0.26135264 0.28647993 0.30929342
 0.31066398 0.31247013 0.30604999]
53 79.5164047948736 [0.29458265 0.27323901 0.27273947 0.26051234 0.28667445 0.3094176
 0.30978193 0.31304654 0.30605166]
54 87.70053011505362 [0.29445949 0.27214281 0.27222046 0.25988033 0.28678132 0.30969761
 0.30880314 0.3136921  0.30657015]
55 85.67380619969514 [0.29381031 0.27129545 0.27153924 0.25918508 0.28692375 0.30967659
 0.30797941 0.31429371 0.30715829]
56 81.52915065435646 [0.29322795 0.27028945 0.27077771 0.25869515 0.28705558 0.30985906
 0.30737552 0.31477027 0.30768239]
57 93.00163450597381 [0.29277964 0.26922113 0.27003327 0.25799738 0.28687079 0.31021056
 0.30662513 0.31538102 0.30838642]
58 80.34164693248866 [0.29238294 0.26813573 0.26919453 0.2575253  0.28712306 0.31057424
 0.30603583 0.31589006 0.30857188]
59 69.12307621823547 [0.29218531 0.26720081 0.26840419 0.25719872 0.28691927 0.31148603
 0.30575855 0.31633213 0.30883081]
60 83.82624570251267 [0.29201654 0.26656471 0.26769815 0.25718719 0.28691044 0.31223468
 0.30569033 0.31653987 0.30942336]
61 76.1084218517399 [0.29210056 0.26592383 0.26716287 0.25710956 0.2867225  0.31279641
 0.30561125 0.31690984 0.30989365]
62 75.99686338201023 [0.29213978 0.26537451 0.26651003 0.25716117 0.28619101 0.3135027
 0.30545682 0.31720984 0.31030981]
63 458.4212039531855 [0.29222258 0.26507306 0.26602714 0.25715307 0.28547473 0.31423871
 0.30541894 0.31751667 0.31022351]
64 98.02904804254325 [0.29230738 0.26471079 0.26574544 0.2572079  0.28478444 0.31531525
 0.30526793 0.31798143 0.3104921 ]
65 92.43254049668758 [0.29233139 0.26443808 0.26566556 0.25724259 0.28421447 0.31617977
 0.3050511  0.31825437 0.3108854 ]
66 83.0977193492769 [0.29246498 0.2642214  0.26541812 0.25712869 0.28363475 0.31707536
 0.30444944 0.31897245 0.31106415]
67 72.64780891047702 [0.29257016 0.26417308 0.26508758 0.25701125 0.28314524 0.3180245
 0.30410289 0.31977714 0.31114624]
68 72.42841872965998 [0.29260997 0.26407548 0.26503764 0.25717246 0.28291485 0.31865658
 0.30388959 0.32074838 0.31085132]
69 81.03189222041243 [0.2921817  0.2638441  0.26467081 0.25732078 0.2826135  0.31867046
 0.30380196 0.32162052 0.31068235]
70 67.02815464374545 [0.29215411 0.26358783 0.2643865  0.25747505 0.28229751 0.31889734
 0.30375073 0.32243061 0.31048442]
71 93.15457930743295 [0.29210748 0.26313244 0.26377234 0.25760895 0.28212588 0.31905566
 0.30345055 0.32345523 0.31007805]
72 844.5993014086606 [0.29198586 0.26245468 0.26336395 0.25758118 0.28199888 0.31930547
 0.30312152 0.32470392 0.30996159]
73 73.5247094074224 [0.29176865 0.26160408 0.26297697 0.25776535 0.28160232 0.3198063
 0.30278539 0.32571591 0.31001819]
74 69.93119476873223 [0.2911745  0.26090426 0.26251071 0.25809206 0.28127926 0.32065405
 0.30243012 0.32669477 0.30988484]
75 67.82384298277435 [0.29062257 0.26022892 0.26218857 0.25817228 0.2807769  0.321247
 0.30206194 0.32726588 0.31004147]
76 71.86455164690331 [0.28993586 0.25941574 0.26180046 0.25809558 0.28040408 0.32168353
 0.30172391 0.32790303 0.31028255]
77 74.1547337079296 [0.28901392 0.2584726  0.26159118 0.25825586 0.27990454 0.32204369
 0.30116186 0.32889812 0.310613  ]
78 69.9221228994673 [0.28799727 0.25757718 0.2614016  0.25851052 0.27958326 0.32211675
 0.3002281  0.32976803 0.31115998]
79 449.0392353583081 [0.28672885 0.25659021 0.26147288 0.25884592 0.2793359  0.32202233
 0.29930765 0.3304316  0.31150247]
80 63.05151817930219 [0.28550104 0.25576826 0.26131407 0.2592726  0.27909708 0.32213962
 0.29855111 0.33082983 0.31189804]
81 72.64666256925392 [0.28416485 0.25494739 0.26115528 0.25962941 0.27905538 0.32213229
 0.29780505 0.33128208 0.31279569]
82 68.48772385190249 [0.28290381 0.25425198 0.26088418 0.25988665 0.27899693 0.32213997
 0.29715779 0.33171605 0.31337555]
83 74.48239599740282 [0.28144953 0.25338021 0.26058107 0.26007881 0.27901669 0.32244464
 0.29665205 0.33216215 0.31383653]
84 67.21578044575207 [0.28002144 0.25248418 0.26045923 0.26004424 0.27903931 0.32282597
 0.29579535 0.33212046 0.31445164]
85 76.1304151024661 [0.27870575 0.2515761  0.26005712 0.26013685 0.27888129 0.32344717
 0.29483967 0.33217184 0.31478324]
86 63.349851650012255 [0.27767992 0.25057399 0.25958079 0.26047738 0.27917269 0.32369432
 0.29369345 0.33201228 0.31501508]
87 54.5572707297915 [0.27717851 0.24916788 0.25901626 0.26046427 0.27966533 0.32409972
 0.29263344 0.33188946 0.31530738]
88 441.05659769501506 [0.27647333 0.24792451 0.25840703 0.26058066 0.2801093  0.32463293
 0.29171357 0.3313621  0.31521839]
89 64.7960189658775 [0.275465   0.24705189 0.25763429 0.26052237 0.28044056 0.32513851
 0.2905006  0.33108646 0.3151134 ]
90 421.408479567294 [0.27465005 0.24621829 0.25710279 0.26034651 0.28096558 0.3257566
 0.2895827  0.3306691  0.31529273]
91 55.18680762507071 [0.27386632 0.24554687 0.25662308 0.2603866  0.28106608 0.32650528
 0.28866292 0.33063158 0.31559196]
92 60.4651145733571 [0.2732024  0.2449581  0.25605768 0.26047489 0.28110915 0.32693208
 0.28774079 0.33061956 0.31587423]
93 67.80590627999013 [0.27245568 0.24432524 0.25517935 0.26049773 0.28093853 0.32709965
 0.2872334  0.33081862 0.31623356]
94 56.67027928263267 [0.2717215  0.24367676 0.25397685 0.26058405 0.28078955 0.32760706
 0.28675725 0.33118329 0.31660731]
95 62.10278376531512 [0.27120598 0.24275459 0.25256896 0.26061407 0.28056163 0.32755558
 0.28623738 0.33190623 0.3171685 ]
96 56.51323526802821 [0.27091482 0.24211046 0.25119345 0.2606808  0.28040727 0.32752398
 0.2854795  0.33237127 0.31716054]
97 56.485867542306686 [0.27065912 0.24164328 0.24946944 0.26074384 0.28027836 0.32768803
 0.28467912 0.33275714 0.31735375]
98 62.17113935485374 [0.27023622 0.24109349 0.24793952 0.26072003 0.28019698 0.32790007
 0.28389677 0.33288059 0.31738475]
99 66.12196108835904 [0.27000189 0.24054203 0.24651256 0.26086787 0.28013009 0.32783407
 0.28316466 0.33291279 0.31706164]
100 58.307800116031785 [0.26953326 0.23997694 0.24522829 0.26116214 0.28001081 0.32833328
 0.28247094 0.33282835 0.31650736]
101 52.39823993020104 [0.26914001 0.23934059 0.24418787 0.26172272 0.27978057 0.32863723
 0.2818047  0.3330012  0.31595383]
102 52.791981743777015 [0.26875508 0.23854558 0.24322631 0.26206686 0.27959463 0.32946906
 0.28122636 0.33307574 0.31536484]
103 440.0497247564176 [0.26859145 0.23757078 0.24243402 0.26247688 0.27951215 0.33000504
 0.28069146 0.33341252 0.31493535]
104 819.1802856402201 [0.2682668  0.23677301 0.24156757 0.2629631  0.27943695 0.33028352
 0.27989162 0.33348144 0.31452961]
105 62.17821745573184 [0.26786606 0.23596516 0.24063439 0.26334615 0.27926075 0.33039837
 0.2788759  0.33345549 0.31449934]
106 52.6422568462222 [0.26742416 0.23526717 0.23972329 0.26383957 0.27941078 0.33096844
 0.27793492 0.33346183 0.31498114]
107 64.5934100616993 [0.26715614 0.23459832 0.23866262 0.26432387 0.27948201 0.33147607
 0.27703265 0.3337664  0.3154539 ]
108 56.41991357921794 [0.26671537 0.23397808 0.23775016 0.26502656 0.27972847 0.33199302
 0.27645599 0.33445621 0.3159078 ]
109 65.58988229414878 [0.26635259 0.23368086 0.23684201 0.26578538 0.2800731  0.33259469
 0.27598571 0.33523875 0.31653282]
110 68.72632588333485 [0.26597268 0.23326309 0.23575362 0.26617203 0.28085695 0.3328786
 0.27543007 0.33588431 0.31689231]
111 74.88903185385037 [0.26559411 0.23277648 0.23474186 0.26669734 0.28152416 0.33295461
 0.27482619 0.33644174 0.31760573]
112 62.273049805002756 [0.26523736 0.23219565 0.2338062  0.26706764 0.2822422  0.33299069
 0.27452258 0.33662199 0.31826911]
113 59.52764095991422 [0.26473487 0.23139421 0.23322593 0.2672119  0.28272199 0.33289651
 0.27397202 0.33649121 0.31861625]
114 427.0398102131931 [0.26437325 0.23062981 0.23264092 0.26739333 0.28309172 0.33221545
 0.27350978 0.33600608 0.31862097]
115 66.12769848527567 [0.26383905 0.22996604 0.2319046  0.26760008 0.28355193 0.33145964
 0.27331004 0.33527333 0.31860762]
116 52.16759682567978 [0.26318284 0.22937023 0.23112361 0.26784889 0.28392532 0.33072876
 0.27307789 0.33453779 0.31876542]
117 64.87630777058843 [0.26235635 0.22873376 0.23059126 0.26805126 0.28420916 0.3301765
 0.27240307 0.33399739 0.31867741]
118 52.56710123945828 [0.26157534 0.22816013 0.23009328 0.26815313 0.284552   0.32921683
 0.27178681 0.33363633 0.3186126 ]
119 49.70648496222411 [0.26091832 0.22741823 0.22950946 0.26806383 0.28470704 0.32825935
 0.27110171 0.33342234 0.31880364]
120 48.11179995059257 [0.26006445 0.22679324 0.2288217  0.26823602 0.28468755 0.32740161
 0.27046598 0.33294235 0.31895717]
121 438.7608240437814 [0.25950511 0.22628966 0.22834847 0.26818506 0.28470306 0.32682984
 0.26990902 0.33265272 0.31896626]
122 50.45937232568767 [0.25899336 0.22602647 0.22799631 0.26805893 0.2848237  0.32630022
 0.26921313 0.33213802 0.31898577]
123 46.73956744734947 [0.25850083 0.2260479  0.2278092  0.26780116 0.28440703 0.3258262
 0.26864362 0.33198376 0.31881742]
124 50.52489091317227 [0.2580024  0.22605486 0.22778047 0.26768869 0.28415432 0.32546392
 0.26805052 0.33224377 0.3191198 ]
125 49.449255548661284 [0.25739404 0.22630658 0.22779066 0.26755434 0.28373442 0.32516046
 0.26753025 0.33277105 0.31953706]
126 54.17493581729414 [0.25677142 0.22641302 0.22782981 0.26700621 0.2836606  0.32509334
 0.26714421 0.33326328 0.31984173]
127 51.70964654351509 [0.2561983  0.22630684 0.22796506 0.26636098 0.28343096 0.32520059
 0.26663089 0.33389326 0.31998996]
128 51.990783819469854 [0.25570418 0.22624164 0.22819195 0.26570169 0.28321454 0.32514281
 0.26624503 0.33471727 0.32034456]
129 44.010069170220866 [0.25515819 0.22589533 0.22832575 0.26507799 0.28294829 0.32488681
 0.2661289  0.33550519 0.32015627]
130 51.24821140496799 [0.25451328 0.22562244 0.22844088 0.26442324 0.28246299 0.3247432
 0.26609836 0.33606951 0.32040194]
131 55.127872458174274 [0.25358781 0.22522857 0.22872727 0.26391487 0.28220837 0.32419492
 0.26606638 0.3365672  0.32054392]
132 41.770153874621094 [0.25276615 0.22505339 0.22914322 0.26334206 0.28198521 0.32387176
 0.26611561 0.33648345 0.32121894]
133 48.20155894148204 [0.25212842 0.22484178 0.22954142 0.2629378  0.28179436 0.3233639
 0.26601745 0.33606285 0.32171532]
134 42.55006874756007 [0.25182999 0.22464078 0.22987797 0.26254659 0.2818279  0.32298109
 0.2659124  0.33574113 0.3220813 ]
135 45.16820087475277 [0.25163567 0.22426786 0.23009203 0.26222339 0.28174813 0.32260779
 0.26596751 0.3354821  0.32230299]
136 50.62686825291184 [0.25142151 0.22382444 0.23027675 0.26192177 0.28150532 0.32201387
 0.26600529 0.33528615 0.32273708]
137 44.83990625505193 [0.25090224 0.22342894 0.23025659 0.26177737 0.2815201  0.3214312
 0.26577546 0.33531002 0.32346925]
138 51.74575708940463 [0.25033216 0.2230746  0.2301988  0.2616643  0.28169307 0.32109912
 0.26553596 0.33543883 0.32460668]
139 51.80683326894302 [0.24990067 0.2227916  0.23005974 0.26138325 0.28122147 0.32083103
 0.26517747 0.33548763 0.32605151]
140 44.42822626756599 [0.24936678 0.22249964 0.22984246 0.26098547 0.2808344  0.32073348
 0.26504077 0.33569714 0.32744119]
141 44.01463217503599 [0.24890154 0.22206922 0.22961727 0.26042055 0.28036129 0.32041944
 0.26506938 0.33569714 0.32850943]
142 55.270032707169875 [0.2486083  0.22148942 0.22949275 0.26000513 0.27990191 0.32041886
 0.26504608 0.33561267 0.32938417]
143 40.463543910706406 [0.24805821 0.22081452 0.22934458 0.25960624 0.27992484 0.32052074
 0.26508404 0.33635803 0.32975553]
144 45.417726139533556 [0.24753577 0.22042007 0.22885693 0.2591796  0.27982174 0.3207868
 0.26499716 0.33699145 0.3301332 ]
145 57.347745634337684 [0.24702866 0.2200803  0.22821595 0.25869684 0.27970444 0.32099893
 0.26513694 0.33802926 0.33062138]
146 50.32795212143725 [0.24629962 0.2198074  0.22772444 0.2582139  0.27979462 0.3216026
 0.26551423 0.33895211 0.33120597]
147 45.72138593927255 [0.24557056 0.2195513  0.22699562 0.25785845 0.28014619 0.32210637
 0.2658088  0.33939904 0.33185707]
148 47.723737064469816 [0.24479245 0.21921242 0.22621666 0.25761565 0.2805301  0.32273068
 0.26574663 0.33985054 0.33275948]
149 46.571408753368495 [0.24388403 0.21875814 0.22543498 0.25760005 0.2811043  0.32322195
 0.26593287 0.33992434 0.33358379]
150 41.408763458964955 [0.24286356 0.21828844 0.22475538 0.25736276 0.28172428 0.32361799
 0.26602733 0.34031117 0.33403888]
151 49.618338201593446 [0.24193787 0.2179329  0.22425277 0.25705628 0.28235358 0.32377167
 0.26606214 0.34058495 0.33438434]
152 42.88778085809224 [0.24099334 0.21762244 0.22367007 0.25671343 0.28312463 0.32366674
 0.26600152 0.3410214  0.33463395]
153 50.267050812234636 [0.23987516 0.21720164 0.22287217 0.25615799 0.28427133 0.32344505
 0.26625338 0.34198743 0.33472045]
154 48.218017074202095 [0.23901754 0.2169536  0.22210566 0.25557927 0.28525411 0.32297869
 0.26640218 0.34306521 0.33505346]
155 49.15615275097638 [0.23810315 0.21655628 0.22133084 0.25549523 0.28505063 0.32256726
 0.26651257 0.34400053 0.3356309 ]
156 52.22275192390444 [0.23716659 0.21631783 0.22052515 0.25531073 0.28481358 0.32250118
 0.26655666 0.34488945 0.33602113]
157 42.68946169350657 [0.23632266 0.21613893 0.21982237 0.25506154 0.28491016 0.3222777
 0.26649223 0.34589058 0.33612529]
158 45.87103880954727 [0.23541578 0.21619173 0.21915847 0.25462827 0.28472285 0.3220406
 0.26645702 0.34691001 0.33657491]
159 33.316891879821966 [0.23458369 0.21629946 0.2184185  0.25397517 0.28487229 0.32207634
 0.2663105  0.34803513 0.33684967]
160 45.370167770704796 [0.2337221  0.21631344 0.21783434 0.25330127 0.2850865  0.32226555
 0.26641419 0.34914194 0.33736594]
161 44.55099839346418 [0.23278963 0.21621833 0.21737564 0.25257537 0.28548297 0.32205338
 0.26624387 0.35001716 0.33795671]
162 50.44205208643933 [0.23203242 0.21608303 0.21686823 0.25184366 0.28570541 0.32216373
 0.26600556 0.35079054 0.33816779]
163 36.91679927422133 [0.23130024 0.21587982 0.21621416 0.25120535 0.286187   0.32210109
 0.26579797 0.35120215 0.33828232]
164 38.30486819267248 [0.23056987 0.21558142 0.21585454 0.25075824 0.28665601 0.32210532
 0.26555157 0.35151171 0.33833775]
165 51.47409892541646 [0.23002223 0.21531963 0.21557771 0.25005532 0.28660524 0.32161758
 0.26476985 0.35162534 0.33861404]
166 40.94556158552081 [0.22963621 0.21520103 0.21524525 0.2495336  0.28692023 0.32115483
 0.26415802 0.35192192 0.33908464]
167 43.75548049476258 [0.22930568 0.21525459 0.2149437  0.2489685  0.28700241 0.32053451
 0.26335478 0.35228818 0.33942225]
168 41.70385854409073 [0.22886366 0.21530587 0.2146684  0.24810395 0.28699413 0.32029971
 0.26288639 0.3527588  0.33907927]
169 42.80360532604332 [0.22835305 0.21551516 0.21431211 0.24677941 0.28668981 0.31992035
 0.26260992 0.35285812 0.33882656]
170 38.34978582301201 [0.22787544 0.2156546  0.21409482 0.24552921 0.28637672 0.3198066
 0.26237123 0.35300262 0.33837662]
171 45.41456341804421 [0.22759229 0.21572686 0.2139248  0.24429236 0.28624484 0.31967629
 0.26202673 0.35322469 0.3379065 ]
172 33.970397198769334 [0.2273934  0.21605253 0.21385385 0.24326908 0.28588236 0.31913035
 0.26173691 0.35320207 0.33739735]
173 44.37733550400658 [0.22704677 0.21628649 0.21378036 0.24206175 0.28510381 0.31844703
 0.261444   0.35360831 0.3367992 ]
174 47.16485482072467 [0.226776   0.21645853 0.21367828 0.24100714 0.28423877 0.3174675
 0.26117655 0.35422308 0.33628115]
175 36.52103257456922 [0.22655664 0.21671803 0.21356143 0.24010587 0.2832201  0.3166193
 0.26098257 0.35455004 0.33560621]
176 39.682556555955586 [0.22610634 0.21694843 0.21351284 0.23913314 0.2821135  0.31547762
 0.26078642 0.35475506 0.33520203]
177 51.76027622593317 [0.22563704 0.21713429 0.21358853 0.23817241 0.28117271 0.31440228
 0.26050834 0.35483969 0.33468177]
178 421.5708706782275 [0.22510296 0.21710429 0.21360903 0.23716581 0.28030487 0.31350107
 0.26055401 0.35488725 0.33364445]
179 41.96633410547407 [0.22460109 0.21716654 0.2135715  0.2362151  0.27946944 0.31262813
 0.26068987 0.35509826 0.33273786]
180 35.97922769338637 [0.22414364 0.21700533 0.21339863 0.23547576 0.27874166 0.3118307
 0.26068888 0.35536395 0.33181186]
181 425.5435839989867 [0.22370964 0.21676612 0.21324202 0.23496546 0.27812487 0.31103348
 0.26076443 0.35567213 0.33090184]
182 37.08493325178958 [0.22317276 0.21632129 0.21289584 0.23437943 0.27748521 0.31039706
 0.26071913 0.35608066 0.33067018]
183 44.02560157765012 [0.22260127 0.21568041 0.21243094 0.23395017 0.27695731 0.30965138
 0.26057554 0.3569501  0.33064243]
184 40.33074393072196 [0.22221271 0.21514785 0.21198583 0.23344079 0.27638893 0.30976374
 0.26051446 0.35726057 0.33089446]
185 45.521420696946926 [0.22199494 0.21451455 0.21160193 0.23308962 0.2759043  0.30978259
 0.26044473 0.35732926 0.33091433]
186 39.7123370554265 [0.22186336 0.21404477 0.21120871 0.23276943 0.27543265 0.3100098
 0.26057975 0.35745235 0.3308976 ]
187 42.21445355392959 [0.22183698 0.21361815 0.21090666 0.23245987 0.2749069  0.31007493
 0.26088573 0.35804165 0.3309452 ]
188 52.76506790442224 [0.2215904  0.21323309 0.21053701 0.23204175 0.27434597 0.31042212
 0.26118573 0.35823432 0.33088586]
189 39.52576047553166 [0.22137291 0.21295524 0.21006591 0.23165804 0.27408414 0.31056385
 0.2614809  0.3586578  0.33070311]
190 40.386220105914035 [0.22113641 0.21294526 0.20955408 0.23119038 0.27378247 0.31084754
 0.26179041 0.35868382 0.33084614]
191 40.37796180119154 [0.22101669 0.21289572 0.20901551 0.23064596 0.27344135 0.31146148
 0.26197359 0.3588604  0.33134269]
192 42.601274541306026 [0.22082117 0.21282973 0.20850928 0.23015994 0.27318814 0.31188245
 0.26221032 0.35899892 0.33180562]
193 38.57822461902589 [0.22057901 0.21306256 0.20803233 0.22974925 0.27298392 0.31245873
 0.26228369 0.35965884 0.33196779]
194 41.07898125941552 [0.22042569 0.21349538 0.20749407 0.22948297 0.27266615 0.31268088
 0.26220088 0.36021786 0.3322469 ]
195 43.157610573749615 [0.22017989 0.21394738 0.20693471 0.22931591 0.27241917 0.3125832
 0.26221589 0.36105545 0.33247655]
196 38.971973396715036 [0.22002554 0.2144588  0.20635941 0.2291508  0.27226075 0.31235148
 0.2623132  0.36243752 0.33301128]
197 40.55795816269713 [0.21980386 0.21510205 0.20588343 0.22882496 0.27208277 0.31248673
 0.26180961 0.36350237 0.33342401]
198 40.01901411446694 [0.21964897 0.21563675 0.20553149 0.22865159 0.27178743 0.31266757
 0.26137413 0.36446741 0.333815  ]
199 41.86481870793887 [0.21923011 0.21615082 0.20533006 0.22824467 0.27170787 0.3127933
 0.26116719 0.36537587 0.33388976]
200 47.58184957183448 [0.21885915 0.21664543 0.20501474 0.22790716 0.27158683 0.31294579
 0.26090322 0.36612459 0.33389068]
201 30.61351897212105 [0.21834835 0.21718201 0.20475105 0.22756522 0.2712697  0.31306356
 0.26065558 0.36718787 0.33381947]
202 35.00406317337544 [0.2178596  0.21767171 0.2043425  0.22732375 0.2708875  0.31295188
 0.26042014 0.36796311 0.33407075]
203 36.5520692242287 [0.2174517  0.2181638  0.20396459 0.22712351 0.27032699 0.3126582
 0.26029385 0.36883848 0.33428873]
204 33.003974146686005 [0.21702534 0.21859524 0.20364668 0.22689098 0.27000075 0.31245009
 0.26016806 0.36956877 0.33448137]
205 37.35676488718328 [0.21668801 0.21910931 0.20333042 0.22684177 0.2699988  0.31237845
 0.25999554 0.37048663 0.33457749]
206 41.26879703193718 [0.216388   0.21933291 0.20321801 0.22669892 0.26986902 0.31270556
 0.2595718  0.37176586 0.33494527]
207 44.08400547193307 [0.2160716  0.21956449 0.20319933 0.22668387 0.26989222 0.31289329
 0.25928388 0.37324507 0.3350702 ]
208 29.22035562863278 [0.21561355 0.21969632 0.20307033 0.22678488 0.27005896 0.31328247
 0.25902788 0.37494303 0.33545603]
209 41.219693510185344 [0.21515775 0.21971829 0.20302872 0.22674188 0.27011213 0.31365993
 0.25907064 0.37630043 0.33595416]
210 37.08908196555978 [0.2146855  0.21961878 0.20277132 0.22668427 0.26999227 0.31437757
 0.25911943 0.37764773 0.33645984]
211 35.69468392820897 [0.21408662 0.21952298 0.20250903 0.22681892 0.26980298 0.31505783
 0.25931832 0.3791973  0.33712599]
212 40.87607517290205 [0.21351253 0.21919323 0.20215714 0.22688654 0.26992309 0.31537171
 0.25926461 0.38051659 0.33801615]
213 37.87317935064999 [0.21308363 0.21874232 0.20183208 0.22696617 0.26960573 0.31569176
 0.25901754 0.38183159 0.33912702]
214 30.653480972776364 [0.21253403 0.21824377 0.20153145 0.22710304 0.26930464 0.31594436
 0.25849381 0.38253533 0.3401753 ]
215 38.96356154538857 [0.21202039 0.21802315 0.2013772  0.22719322 0.26886581 0.31667113
 0.25800137 0.38356331 0.34104633]
216 35.24836561813464 [0.21145956 0.21778259 0.20133276 0.22725734 0.26851985 0.31705491
 0.25753472 0.38487713 0.34167235]
217 32.31632907460966 [0.21073959 0.21749169 0.20137558 0.22710721 0.26794941 0.31750007
 0.25733702 0.38646787 0.34249565]
218 33.029764050352135 [0.21000279 0.21709273 0.20138764 0.22691519 0.26748809 0.31798306
 0.2574384  0.38827018 0.3432284 ]
219 32.954239617858576 [0.20931077 0.21677601 0.20146586 0.22668626 0.26719398 0.31824652
 0.25768185 0.38986184 0.34411163]
220 33.686423164524896 [0.2085386  0.2163958  0.20148504 0.22636364 0.26711843 0.31868402
 0.25787466 0.39120858 0.34512169]
221 33.60107406756716 [0.20781138 0.21611561 0.20141156 0.22612968 0.26669673 0.31926437
 0.25790106 0.39239126 0.34643081]
222 29.02828367148382 [0.20714038 0.21589387 0.20121789 0.22584611 0.26614199 0.31957173
 0.25796073 0.3939183  0.347817  ]
223 30.92329974037051 [0.20657238 0.2153374  0.20096165 0.22569349 0.26554735 0.31972714
 0.2578606  0.3954794  0.34874428]
224 418.22032217495337 [0.2060737  0.21492422 0.2007024  0.22542313 0.2651834  0.31941036
 0.25767054 0.39737085 0.34964368]
225 38.23057337691358 [0.20563335 0.21455963 0.20045847 0.22514829 0.26483481 0.31887928
 0.25762882 0.39898497 0.35035081]
226 36.05509434134727 [0.20511315 0.21426127 0.20033095 0.22473912 0.26424972 0.31832334
 0.25760492 0.40085317 0.35058282]
227 35.42362772342834 [0.20460968 0.21387874 0.20042252 0.22436564 0.26338119 0.31837871
 0.25764516 0.40097813 0.35090825]
228 33.93725311581662 [0.20407461 0.21372473 0.20059746 0.22416592 0.26237132 0.31865342
 0.25780625 0.4010673  0.35133183]
229 32.70895294536856 [0.20324043 0.21343309 0.20075566 0.22411191 0.26176061 0.31887838
 0.2580916  0.40124121 0.35172705]
230 36.23237608154668 [0.20248111 0.21326848 0.20086266 0.22386777 0.261323   0.3192386
 0.25813855 0.40085143 0.35212026]
231 38.15711743036529 [0.2017358  0.212849   0.20102073 0.22343921 0.26072007 0.31967394
 0.25855135 0.40095694 0.3524568 ]
232 30.764345890268622 [0.2010384  0.21257786 0.2011764  0.22311921 0.26021902 0.31978755
 0.258806   0.40101485 0.35262245]
233 34.9564224440377 [0.20046302 0.21237913 0.2012178  0.22297545 0.25988358 0.32013803
 0.25900134 0.4014758  0.35224919]
234 28.60521411499856 [0.19987522 0.21229994 0.20130601 0.22285036 0.25957075 0.32042921
 0.25942645 0.40228475 0.35185113]
235 32.72980790009754 [0.19941543 0.21209213 0.20134669 0.22259373 0.25941899 0.32097
 0.25975573 0.4027532  0.35164151]
236 33.363337039795425 [0.1986568  0.21205147 0.20146869 0.22224886 0.258635   0.32179052
 0.26002758 0.40306352 0.35137555]
237 35.63043199367071 [0.19798006 0.2120306  0.20157293 0.22198564 0.25791182 0.32243854
 0.26041445 0.40334276 0.35076332]
238 36.70994910307655 [0.19747358 0.21195154 0.20168445 0.22170638 0.25720162 0.32314504
 0.26074084 0.40333707 0.35036014]
239 31.89275419213109 [0.19691401 0.21190183 0.20167171 0.2215051  0.25640217 0.32387865
 0.26124862 0.4031047  0.34990054]
240 38.67572084120016 [0.19653478 0.21184251 0.20161618 0.22132705 0.25573197 0.32448373
 0.26177452 0.40292007 0.34969039]
241 39.07904614607598 [0.19616229 0.21160494 0.20147256 0.221175   0.25528774 0.32535906
 0.26224659 0.40304552 0.34947701]
242 27.97371299332692 [0.1953214  0.21112909 0.20150579 0.22110825 0.25481695 0.32589275
 0.2627339  0.40379761 0.34875984]
243 35.956099388026146 [0.19454006 0.21077384 0.20158937 0.22105975 0.25425613 0.32635132
 0.26338518 0.40452193 0.34840212]
244 34.658977749184835 [0.19394204 0.21024475 0.20153804 0.22111386 0.25351281 0.32691684
 0.26403971 0.40474512 0.34762936]
245 38.53853351957393 [0.19349093 0.20952982 0.20135717 0.22110974 0.25303049 0.32749495
 0.26449025 0.40486489 0.3470101 ]
246 39.815424181604584 [0.19304459 0.20886039 0.20125823 0.22115199 0.25269436 0.3280068
 0.26470932 0.40589359 0.34625902]
247 33.447334144778 [0.19256136 0.20819556 0.2011473  0.22119942 0.25252653 0.3286972
 0.26494424 0.40646912 0.34556109]
248 31.523763509133687 [0.19194646 0.20748084 0.2011268  0.22097588 0.2525969  0.32918339
 0.26522304 0.40630689 0.34450338]
249 405.6849884041563 [0.19135992 0.20677756 0.2010256  0.22068094 0.25279308 0.32924249
 0.26552555 0.40654946 0.34355826]
250 40.19570724421597 [0.19086118 0.20640918 0.20084457 0.22041095 0.25292753 0.32943586
 0.26595401 0.40668391 0.34288431]
251 30.315524718225568 [0.19046536 0.20638502 0.2007044  0.22021797 0.25307937 0.32943935
 0.26640716 0.40642884 0.34219264]
252 29.74956049588527 [0.19015826 0.20646942 0.20047635 0.22019301 0.25289923 0.32970705
 0.2666946  0.40612338 0.34177376]
253 29.83679908561153 [0.18992068 0.20645283 0.20026925 0.22011986 0.25275638 0.32980005
 0.26714274 0.40625881 0.34147558]
254 29.527037745106377 [0.1895839  0.20667673 0.20012245 0.22007374 0.25237541 0.33015668
 0.26752233 0.40668524 0.34112221]
255 32.76605115194254 [0.18925577 0.20692871 0.2000538  0.21990376 0.25199603 0.33063007
 0.26778154 0.40671269 0.34105253]
256 34.67582592923526 [0.18890403 0.20726637 0.1999168  0.21963312 0.2516279  0.33120195
 0.26810818 0.40628723 0.34117962]
257 31.707792310105397 [0.18862161 0.20740764 0.19968452 0.21915393 0.25114124 0.33188507
 0.26801358 0.40599062 0.34108157]
258 28.354394326416134 [0.18826545 0.20759108 0.19957207 0.21872105 0.25059036 0.3318913
 0.2679089  0.40538533 0.34154202]
259 32.857179218737045 [0.18787951 0.20771867 0.19940729 0.21834994 0.25012583 0.33199506
 0.26795478 0.40491099 0.34205183]
260 36.1954993365389 [0.1874798  0.20781751 0.19924226 0.21807687 0.24975308 0.33203517
 0.26810062 0.40412379 0.34258675]
261 32.39327964420302 [0.18710015 0.20788272 0.19907902 0.21787383 0.24942627 0.3323374
 0.26841547 0.40321738 0.34319816]
262 31.41671924678037 [0.18699556 0.2082645  0.19889325 0.21756969 0.24887913 0.33254733
 0.26891739 0.40331976 0.34379132]
263 33.32045811645442 [0.18691262 0.2086508  0.19878058 0.21710457 0.24858746 0.332734
 0.26947229 0.40301283 0.34435479]
264 38.18762146490863 [0.1869065  0.20906291 0.19868882 0.21644643 0.24834167 0.33303967
 0.26993613 0.40218205 0.34488121]
265 33.98204600146847 [0.18674244 0.20948176 0.19848354 0.21577154 0.2482007  0.33337438
 0.27031536 0.40213418 0.34556491]
266 31.366979171639894 [0.18652575 0.20988215 0.1982465  0.21519709 0.24826311 0.33353639
 0.27060912 0.40203705 0.34606648]
267 33.287013606559135 [0.1863795  0.21024183 0.1980819  0.2146381  0.24847441 0.33340167
 0.27125288 0.40134329 0.34710411]
268 32.76921496978168 [0.1862529  0.21063576 0.19792893 0.21431034 0.24881288 0.33355985
 0.27177383 0.40062876 0.34822901]
269 33.918674188150625 [0.18602069 0.21090129 0.19750764 0.21398365 0.24913899 0.33380907
 0.27240115 0.40024377 0.34920249]
270 27.66945139876422 [0.18584177 0.21130374 0.19697773 0.21368019 0.24958431 0.33429241
 0.27311658 0.40011171 0.34950607]
271 36.980930916489385 [0.18559048 0.21167582 0.19647722 0.21350816 0.25001809 0.33482216
 0.27376909 0.39981222 0.34978743]
272 27.13914040042202 [0.18555786 0.21195778 0.19613416 0.21310384 0.25056144 0.33567401
 0.27421171 0.39970864 0.35036138]
273 28.49659068211738 [0.18555356 0.2121182  0.19575935 0.21273227 0.25107935 0.33692517
 0.27488977 0.39934425 0.35030802]
274 32.2647788228645 [0.18550474 0.21242885 0.1953849  0.21252083 0.25148775 0.3382175
 0.27545204 0.39934205 0.35034178]
275 34.17966801321075 [0.18550716 0.21287261 0.19516957 0.21242955 0.25188893 0.33889724
 0.27571342 0.39875558 0.35006787]
276 35.00713226601941 [0.18537936 0.21313856 0.1949366  0.21230702 0.25226136 0.33881181
 0.27585089 0.39782425 0.35006763]
277 36.89518873436945 [0.18514049 0.21347012 0.19477382 0.21216929 0.25266615 0.33890584
 0.2760474  0.39714757 0.34995361]
278 50.929046566456734 [0.18493041 0.21379712 0.19446512 0.21194866 0.25344562 0.339055
 0.2763283  0.3961924  0.3493676 ]
279 37.175861448506765 [0.18485371 0.21429768 0.19397715 0.21189251 0.25394536 0.33902633
 0.27647369 0.39518553 0.34878854]
280 38.842826434057294 [0.1847898  0.21467705 0.19359624 0.2117705  0.25432168 0.33907234
 0.27655954 0.39483347 0.34875578]
281 35.92541310299468 [0.18482522 0.21508862 0.19327937 0.21159022 0.25468514 0.33934917
 0.27672814 0.39550921 0.34841126]
282 52.388884807258826 [0.18471973 0.21537035 0.19310579 0.21137933 0.25494786 0.3392957
 0.27683161 0.39633881 0.34808727]
283 36.215575422242445 [0.18461833 0.21565768 0.19297204 0.21130182 0.25512813 0.33913687
 0.27682137 0.39726555 0.34772997]
284 44.71617755803375 [0.18444723 0.21586508 0.19291845 0.21124244 0.25512194 0.33866685
 0.27654721 0.39826839 0.34727858]
285 43.90842470261771 [0.18436165 0.21585276 0.19295962 0.2109264  0.25516212 0.33776782
 0.27639968 0.39890285 0.34678976]
286 44.82644341538831 [0.18420115 0.21587031 0.19293822 0.21059555 0.25532343 0.33677346
 0.27641707 0.39911244 0.34619494]
287 38.834252503484294 [0.18377586 0.21584842 0.19290945 0.2103737  0.25564004 0.33597097
 0.27658647 0.39947141 0.34570581]
288 39.697596485639274 [0.18352594 0.21576055 0.19282253 0.21038472 0.25586951 0.33553026
 0.27682533 0.39936372 0.34517353]
289 45.71000600251668 [0.18337854 0.21576214 0.19265168 0.21049496 0.25593941 0.33528511
 0.27698142 0.39937392 0.34461128]
290 39.73633577428803 [0.18321225 0.21583386 0.19264975 0.21070806 0.25623245 0.33473724
 0.2769707  0.39991627 0.34435109]
291 46.751474253893754 [0.18321748 0.21585073 0.19262819 0.21087639 0.25659168 0.33432955
 0.27700025 0.40053146 0.34413836]
292 45.59378236640356 [0.18325425 0.21587762 0.19265079 0.21107493 0.25704009 0.33385325
 0.27701335 0.40068381 0.34405154]
293 43.767592081252324 [0.18317217 0.21585377 0.19257085 0.21121176 0.2573937  0.33318756
 0.27686214 0.40044148 0.34377081]
294 41.53070888082074 [0.18305369 0.21591235 0.19255906 0.21134101 0.25793435 0.33208879
 0.27693577 0.40009508 0.34337405]
295 410.16376604566346 [0.18294737 0.21607143 0.19261926 0.21148472 0.25837695 0.33102626
 0.27715158 0.40017286 0.34290465]
296 34.70143208703201 [0.18288844 0.21622432 0.19262463 0.21152009 0.25915867 0.33014894
 0.27741803 0.40059053 0.34271248]
297 32.72423187068798 [0.18275452 0.21633529 0.19262371 0.21166261 0.25994119 0.3294387
 0.27773485 0.40066987 0.34244296]
298 40.09117908811097 [0.18268295 0.21632082 0.19247887 0.21148643 0.26060551 0.32883759
 0.27805115 0.40115623 0.34263968]
299 40.31142535358752 [0.18264362 0.21647115 0.19227503 0.21130499 0.26136242 0.32826851
 0.27839393 0.40163487 0.3431027 ]
300 34.853870992160445 [0.18260878 0.21642205 0.19194867 0.21090421 0.26153833 0.32748342
 0.27849958 0.40215835 0.34355579]
301 33.4753520882716 [0.18248824 0.21642477 0.19161586 0.21041504 0.26176571 0.32693483
 0.27869378 0.40289659 0.34377707]
302 31.65626826144276 [0.18230678 0.21650522 0.19128564 0.2098978  0.26202189 0.32636292
 0.27867798 0.40331805 0.34424108]
303 31.638794348313724 [0.18191467 0.21632729 0.19115589 0.20942317 0.26201188 0.3257389
 0.27873887 0.40456146 0.34469356]
304 31.49200312121647 [0.18143364 0.21599571 0.19103821 0.2090171  0.26212252 0.32519003
 0.27894029 0.40547845 0.3454886 ]
305 38.018812524670984 [0.18109386 0.21545926 0.19094837 0.20873982 0.26203595 0.32456038
 0.27923509 0.4063427  0.34606264]
306 39.13060460001394 [0.18072513 0.21513312 0.19093598 0.20838946 0.26155425 0.32426149
 0.27949169 0.40726753 0.34603419]
307 423.0572556874639 [0.1804507  0.21491534 0.19080383 0.20798251 0.26130063 0.32422599
 0.27958726 0.40821516 0.34628822]
308 38.40387037900666 [0.18015979 0.21487369 0.19075512 0.20767767 0.26100499 0.32448753
 0.27965583 0.4087571  0.34727453]
309 30.185767822931055 [0.17988934 0.21461606 0.19079242 0.20716311 0.26077764 0.32460323
 0.27956057 0.40877466 0.34818816]
310 32.547965719150305 [0.17968042 0.21447963 0.19089507 0.20661264 0.2607403  0.32489068
 0.2793244  0.40862086 0.34915407]
311 37.24396467070122 [0.17943735 0.21426151 0.19094409 0.20614367 0.26060144 0.32493578
 0.27910736 0.40808917 0.35001779]
312 35.66147423211871 [0.17925633 0.21399104 0.19109217 0.20578068 0.26029275 0.32483022
 0.27931365 0.40738581 0.35092789]
313 33.934647607699034 [0.17909091 0.21400328 0.1912612  0.20539599 0.25982543 0.32502182
 0.27968475 0.40620219 0.35167931]
314 42.12682359408515 [0.17881633 0.21404382 0.19149235 0.20489476 0.25964352 0.32528805
 0.28006484 0.40477116 0.35266783]
315 35.67639397680692 [0.17838609 0.21423347 0.19177877 0.20450723 0.25880859 0.32572859
 0.28037578 0.4037446  0.35328126]
316 37.67675846480769 [0.17809017 0.21432255 0.19204429 0.20402406 0.25823017 0.32625621
 0.28071707 0.40334247 0.35365162]
317 38.53618540835533 [0.17791994 0.21444788 0.19235737 0.20353519 0.25794389 0.3266401
 0.28104529 0.40282903 0.35410715]
318 39.829530087335954 [0.17779135 0.21469027 0.19254692 0.20303514 0.25763709 0.32680264
 0.28134321 0.40217518 0.35384716]
319 39.730701957479205 [0.17771635 0.21505062 0.19276539 0.20241352 0.25710443 0.32669817
 0.28164888 0.40168105 0.35341092]
320 41.453384513054765 [0.17770341 0.21557527 0.19281193 0.20203431 0.25650743 0.32690936
 0.28199292 0.40187406 0.35287471]
321 43.552227762994164 [0.17761189 0.21608529 0.19293214 0.20162929 0.25565433 0.32733633
 0.28217541 0.40268404 0.35253368]
322 32.23259325896809 [0.1776144  0.21632347 0.19306489 0.20130961 0.2550706  0.32790904
 0.28231208 0.40303647 0.35214942]
323 36.49841731899704 [0.17768438 0.21654956 0.19319355 0.20103574 0.25457298 0.328267
 0.28246784 0.40347972 0.35203183]
324 27.673251453736214 [0.17771816 0.21681036 0.19338458 0.20072746 0.25412496 0.32876102
 0.28278005 0.40415397 0.35228357]
325 33.70001411128359 [0.17764776 0.21699756 0.1934893  0.20030676 0.25361684 0.32958459
 0.28294924 0.40482641 0.35263407]
326 32.86345555744848 [0.17745825 0.2173059  0.19364204 0.1999955  0.25293271 0.33052411
 0.28355132 0.40546285 0.35312666]
327 48.68154210222322 [0.17723248 0.21757798 0.19397208 0.19988786 0.25233348 0.33112941
 0.28399635 0.40697816 0.35351642]
328 30.213520751756842 [0.17684544 0.21771952 0.19446365 0.1997338  0.25175387 0.33173917
 0.2844319  0.40822846 0.35400925]
329 35.97294854302402 [0.17647758 0.21778041 0.19477148 0.19955928 0.25140992 0.33213325
 0.28483845 0.40900761 0.35453417]
330 37.688526282396296 [0.17625215 0.21773143 0.19484456 0.19947659 0.25111906 0.33227446
 0.28532729 0.40994915 0.35496325]
331 39.31375625087969 [0.17610113 0.21772049 0.19496137 0.19940537 0.25082278 0.33259775
 0.2855893  0.41128786 0.35550623]
332 30.381150506793443 [0.17595392 0.21763765 0.19520237 0.19927522 0.25046487 0.33304418
 0.2859142  0.41218213 0.35558749]
333 30.259209557931577 [0.17582071 0.21738434 0.19553152 0.19907858 0.25018412 0.33339338
 0.28640201 0.41302561 0.35543768]
334 40.323514481899814 [0.17576563 0.21714707 0.19593832 0.19880206 0.25004251 0.33389222
 0.28726429 0.41337767 0.35506169]
335 36.589875210296405 [0.1756891  0.21703606 0.19634324 0.19854776 0.25000452 0.33423686
 0.28822384 0.4137028  0.35433002]
336 35.93623281844396 [0.17565657 0.21671352 0.19661417 0.1983625  0.2500082  0.33436973
 0.2888849  0.4140847  0.35357535]
337 33.77559063534755 [0.17565581 0.21652576 0.19688378 0.19805846 0.24994362 0.33462787
 0.28920549 0.41481559 0.35276382]
338 35.803658552891974 [0.17571531 0.21622357 0.19699553 0.19771552 0.24950445 0.33523821
 0.28929707 0.41558837 0.35188465]
339 45.6008908902212 [0.17565252 0.21606741 0.19692134 0.19740161 0.24888017 0.3360196
 0.28976893 0.41671457 0.3509132 ]
340 39.38333992618605 [0.17547386 0.21577318 0.19677092 0.19709896 0.24830925 0.33661034
 0.29032572 0.41774361 0.35009299]
341 30.387520942254213 [0.17521285 0.21549748 0.19669161 0.19685388 0.24771277 0.33717205
 0.29087968 0.41891536 0.34943769]
342 32.95781596446232 [0.1749177  0.21521595 0.19660667 0.19640829 0.24732356 0.33714552
 0.29116946 0.41980377 0.34854515]
343 32.600059144995235 [0.17463881 0.21486307 0.19655877 0.19606697 0.24691409 0.3367817
 0.29113585 0.42086514 0.34750158]
344 36.43196916444877 [0.17441793 0.21437993 0.19644369 0.19570074 0.24649211 0.33670745
 0.29138305 0.42128307 0.34664049]
345 35.07206084733697 [0.1742619  0.21375072 0.19635939 0.19536201 0.24610329 0.33677874
 0.2917804  0.42102649 0.34606423]
346 37.513218324310934 [0.17421297 0.21318044 0.19638513 0.19499163 0.24545052 0.33661265
 0.29191816 0.4190144  0.34554933]
347 33.19355795849867 [0.17436483 0.21270704 0.19615093 0.19452831 0.24495515 0.33590622
 0.29134159 0.41603206 0.34535676]
348 34.05831269164388 [0.17441825 0.21223932 0.1960007  0.19429586 0.24437175 0.33549096
 0.29141357 0.41321654 0.34478891]
349 34.55643458295762 [0.17446062 0.21195904 0.19602356 0.19372632 0.24413632 0.33500529
 0.29150591 0.41048144 0.34461646]
350 34.840979326126224 [0.17448654 0.21157358 0.1960898  0.19331718 0.24378312 0.33480261
 0.2913395  0.40759415 0.34436771]
351 33.283464245864295 [0.17455739 0.2110418  0.19624009 0.19298036 0.24348966 0.33458464
 0.29142821 0.40507926 0.34397907]
352 33.254639897821804 [0.17460019 0.21059156 0.19621805 0.19255279 0.24329904 0.33434488
 0.29188125 0.40272986 0.34364785]
353 33.3948887521524 [0.17455309 0.2101292  0.19605529 0.192185   0.24307776 0.33402782
 0.29237169 0.40021227 0.34371259]
354 34.29168877043314 [0.17454728 0.20983949 0.19582469 0.19208757 0.24284507 0.33386805
 0.29217473 0.39800301 0.34374428]
355 34.288957567063505 [0.17451273 0.20939641 0.19571361 0.19204107 0.24228091 0.33424227
 0.29294185 0.39607624 0.34386441]
356 36.581189842207436 [0.17443076 0.20884477 0.19560132 0.19192635 0.24148227 0.33487082
 0.29339973 0.3949848  0.34351117]
357 35.150442038746476 [0.17439837 0.20847432 0.19543067 0.19179454 0.2408991  0.33557385
 0.29385022 0.3934899  0.34359332]
358 38.69601112184727 [0.17428425 0.20815711 0.19535359 0.19178314 0.24038406 0.33646811
 0.29410469 0.39199669 0.34377473]
359 47.950297949559804 [0.17421739 0.20784917 0.1951605  0.19185534 0.23960132 0.33714341
 0.29424933 0.39070717 0.34392237]
360 36.75265168847636 [0.17418656 0.20738083 0.19489707 0.19189405 0.23889556 0.33733313
 0.29453189 0.38937665 0.34446895]
361 30.83131186064933 [0.17407108 0.20713898 0.19462109 0.19179273 0.23820228 0.3373809
 0.29505354 0.38760763 0.34508924]
362 36.40218786164862 [0.17388706 0.20701097 0.194307   0.19164594 0.23738501 0.33728676
 0.29577625 0.38599956 0.345489  ]
363 36.34951550938565 [0.17373703 0.20705804 0.19405708 0.19154612 0.2367529  0.33738508
 0.2963913  0.38469546 0.34607935]
364 37.13149142156771 [0.17355168 0.20707586 0.19362843 0.19138491 0.23611165 0.33745409
 0.29704334 0.38303826 0.34667584]
365 36.73502266175696 [0.17339657 0.20702989 0.19337529 0.1908954  0.23533848 0.33781741
 0.29779639 0.38191396 0.34699036]
366 38.40790595884427 [0.17333962 0.20702795 0.19322636 0.19042704 0.2344261  0.33727948
 0.29899834 0.38071829 0.34732691]
367 47.869312240526185 [0.17328565 0.20703068 0.19308003 0.19003108 0.23357865 0.3366645
 0.30011068 0.37962844 0.34786411]
368 34.139735839694495 [0.1730667  0.20721046 0.1928484  0.18966435 0.2328142  0.33604632
 0.30104788 0.37881464 0.34829624]
369 41.36597442058836 [0.17288263 0.2075845  0.19262556 0.18935423 0.2320896  0.33524523
 0.30181676 0.37756974 0.34891274]
370 36.99354500273778 [0.17276201 0.20814555 0.19239546 0.18913806 0.23145389 0.33435789
 0.30273711 0.37633671 0.34968201]
371 35.899154107203714 [0.17260822 0.2085839  0.19229218 0.1888436  0.2309359  0.33360084
 0.3032523  0.37518315 0.35031814]
372 33.87249114163019 [0.17257502 0.20897338 0.19224052 0.18859661 0.23044477 0.3326283
 0.30387488 0.37416024 0.3509341 ]
373 42.22342200929802 [0.17258077 0.20937407 0.19224187 0.18837612 0.23002941 0.3319237
 0.3047782  0.37344678 0.35143731]
374 41.045300540214605 [0.17260226 0.20968067 0.19223949 0.18803334 0.22977627 0.33152233
 0.3063941  0.37279211 0.35194495]
375 42.20981143233922 [0.17268869 0.2098823  0.19212775 0.18805481 0.22961011 0.3314998
 0.30854114 0.37202449 0.35237746]
376 32.12549296069117 [0.17277991 0.21002099 0.19202568 0.18814097 0.22951628 0.33138281
 0.3103731  0.3713622  0.35261566]
377 35.17803819280206 [0.17296781 0.21003632 0.19187705 0.18817134 0.22952779 0.33129766
 0.31169573 0.37113262 0.35215837]
378 37.39966691094983 [0.17313917 0.20982318 0.19163677 0.18812214 0.22970367 0.33128399
 0.31241935 0.37113928 0.35197129]
379 30.035350556167494 [0.17340615 0.20957497 0.19139294 0.18811237 0.22997457 0.33139792
 0.31338052 0.37134481 0.35165308]
380 26.91326682159562 [0.17348862 0.20917105 0.19127676 0.18813261 0.23003969 0.33156977
 0.31414469 0.37130142 0.35093061]
381 38.18801353593791 [0.17342306 0.20864252 0.19111061 0.18819121 0.2300734  0.33147271
 0.31522931 0.37061255 0.35055719]
382 28.552240677217142 [0.17344319 0.20819136 0.19064149 0.18808455 0.23012361 0.33114555
 0.31595139 0.37071665 0.3505831 ]
383 33.75379600079349 [0.17351032 0.20752572 0.19003572 0.18803402 0.23015757 0.3312154
 0.31644351 0.37060642 0.350719  ]
384 37.07293588347007 [0.17343319 0.20685726 0.18951494 0.18791081 0.23008286 0.33153927
 0.317218   0.37041115 0.35039273]
385 31.447260318562336 [0.1733017  0.20593047 0.188983   0.18781444 0.22969896 0.3320153
 0.31822764 0.37066825 0.34951556]
386 40.42195531362875 [0.17311996 0.20523118 0.18856175 0.18771659 0.22920719 0.33217558
 0.31880204 0.37087951 0.34904503]
387 30.580083754591897 [0.17284324 0.20449918 0.18805912 0.18757093 0.22880902 0.33237431
 0.3194202  0.3710281  0.34855777]
388 39.98741369360386 [0.1725841  0.20368562 0.18755457 0.18744842 0.22826996 0.33226471
 0.32013254 0.37096945 0.3485826 ]
389 39.16033171290701 [0.17235017 0.20299183 0.18703667 0.18737    0.22765001 0.33212574
 0.32041774 0.37064148 0.3484108 ]
390 50.07990569870822 [0.17211527 0.20216609 0.18653936 0.18721271 0.22714229 0.33182282
 0.32046689 0.36966158 0.34844152]
391 40.318112491991315 [0.17186669 0.20141662 0.1861364  0.18698799 0.22664961 0.33165939
 0.32097284 0.36919476 0.348979  ]
392 54.84235297268051 [0.17153463 0.20078136 0.18586629 0.18690488 0.2261336  0.33156118
 0.32046352 0.36852609 0.34959946]
393 42.770220664971404 [0.1712098  0.20008281 0.1856202  0.1869033  0.22565079 0.33165099
 0.31991101 0.36815138 0.35014881]
394 44.02095291664692 [0.17092674 0.19944255 0.18550796 0.18681095 0.22521421 0.33164972
 0.31947428 0.36811229 0.35089296]
395 43.54785616499547 [0.17053809 0.19890348 0.18562678 0.18675974 0.22479692 0.33151947
 0.31922653 0.36777609 0.35160011]
396 40.977785009936156 [0.17011669 0.19839678 0.18580657 0.18669335 0.22444733 0.33132327
 0.31910652 0.36734629 0.35207535]
397 38.513760749154656 [0.16978025 0.1978923  0.18599053 0.18661588 0.22417017 0.33161956
 0.31880408 0.36644372 0.35239862]
398 41.48336957746139 [0.16948768 0.19727116 0.18625423 0.18649759 0.2239862  0.33163984
 0.31832989 0.36560429 0.3527567 ]
399 35.97224362947 [0.16920023 0.19675062 0.18650456 0.18636028 0.22359019 0.33158499
 0.31777046 0.36502044 0.35291914]
400 34.622443727646385 [0.16879867 0.19639246 0.18656648 0.18629017 0.22302219 0.33140184
 0.31690482 0.36438044 0.35259129]
401 32.03289303016661 [0.16850407 0.1960912  0.18660202 0.1862398  0.2223968  0.33135196
 0.31636109 0.36348541 0.35229939]
402 39.202513714073426 [0.16824304 0.19583237 0.18662215 0.18631539 0.22173961 0.33115805
 0.31512672 0.36267793 0.35204399]
403 33.75917462656151 [0.16810217 0.19562091 0.18635917 0.18640281 0.22125889 0.33073528
 0.31396681 0.36218547 0.3518445 ]
404 35.094435324880166 [0.16797893 0.19527725 0.18599797 0.18636022 0.2207198  0.3302268
 0.31240872 0.36174958 0.35177908]
405 28.852459068580714 [0.1678413  0.19512708 0.1857056  0.18634503 0.22015031 0.32991492
 0.31092683 0.36137975 0.35179529]
406 27.22231947244041 [0.16755767 0.19506422 0.18553202 0.18629229 0.21968271 0.3297108
 0.30924526 0.36127821 0.35171645]
407 26.805397205508925 [0.16745246 0.19525628 0.1854764  0.18612335 0.21916551 0.32953416
 0.30774298 0.36146294 0.35165596]
408 34.2930574060718 [0.16745149 0.19538482 0.18530649 0.18585841 0.21875075 0.32929495
 0.3065927  0.36195642 0.35178218]
409 26.426257638449755 [0.16751684 0.19559738 0.18509063 0.18561883 0.21850477 0.32926659
 0.30557191 0.36235396 0.35167267]
410 25.534265690035134 [0.1675754  0.19565865 0.18481292 0.18549069 0.21829703 0.3292494
 0.30427803 0.36245349 0.35127803]
411 29.567926330077334 [0.16766043 0.19559202 0.18459921 0.18527496 0.21812909 0.32967689
 0.30336804 0.36302925 0.35089159]
412 31.788396844044 [0.16777514 0.19559858 0.18441598 0.18508188 0.21782062 0.33018061
 0.30203472 0.36420456 0.35051294]
413 35.29443052726364 [0.16787235 0.19549685 0.18414179 0.18486554 0.2176357  0.33055268
 0.30072194 0.36532948 0.35006958]
414 27.78511689756828 [0.16781371 0.19554379 0.18380744 0.1843858  0.21745835 0.33056898
 0.29895799 0.36645997 0.34940346]
415 29.94221529350535 [0.16772433 0.19575472 0.1834248  0.18396815 0.21713919 0.33080292
 0.29743555 0.36734616 0.34887752]
416 29.9083916813654 [0.16765906 0.19578068 0.18308648 0.18347763 0.21680386 0.33106586
 0.29589571 0.36790184 0.34863079]
417 33.504356129905915 [0.16745152 0.19571148 0.18287399 0.18294932 0.21672997 0.33108407
 0.29469094 0.36838445 0.34839702]
418 32.57985060530934 [0.16710379 0.19554911 0.18266198 0.18262207 0.2166414  0.33106886
 0.29360529 0.36887612 0.34818543]
419 31.73972087794507 [0.16681974 0.19527525 0.18244225 0.1822315  0.21650281 0.33035005
 0.29268221 0.36921281 0.3484305 ]
420 30.427420987752782 [0.16658678 0.19501955 0.18230754 0.18184945 0.21627838 0.32957038
 0.29181696 0.36963734 0.34866979]
421 30.691640828413654 [0.16619476 0.19478527 0.18221085 0.18152221 0.21611299 0.32895638
 0.29109739 0.37033025 0.34900155]
422 29.33606602555599 [0.16577789 0.19476607 0.18221226 0.18124662 0.21594833 0.3281275
 0.29053376 0.37114005 0.3496491 ]
423 35.958791216868875 [0.16550033 0.19482745 0.18236423 0.18075536 0.21582089 0.32733172
 0.29008512 0.37234931 0.35000745]
424 33.66098735874018 [0.16518243 0.19488102 0.18239592 0.18036076 0.21564099 0.32658529
 0.28953929 0.37346867 0.35079391]
425 33.088980116517284 [0.16499559 0.19488155 0.18242026 0.17992319 0.21540684 0.3257996
 0.28891649 0.3746185  0.35125691]
426 34.001354645495724 [0.16469119 0.1951028  0.18247044 0.1794798  0.21523248 0.32508301
 0.2883777  0.37570293 0.35163665]
427 31.85375684637429 [0.16437819 0.19504426 0.18262683 0.1789259  0.21501464 0.32448343
 0.28794812 0.37660581 0.35204292]
428 39.93063701073312 [0.16419162 0.19504667 0.18280951 0.17834815 0.21482672 0.32403427
 0.2875619  0.37729065 0.35231709]
429 27.894752046525056 [0.16409275 0.19510799 0.18292945 0.17791797 0.21461025 0.32362566
 0.28723917 0.37782015 0.35303549]
430 37.8204892311135 [0.16386636 0.19515042 0.18306322 0.17771402 0.21439133 0.32359342
 0.28689649 0.37792064 0.35412408]
431 35.55520502835347 [0.1636623  0.19500064 0.183229   0.17754992 0.21419976 0.3238136
 0.28660856 0.37853352 0.35524909]
432 35.859567001525306 [0.16344834 0.19478574 0.18326642 0.17740533 0.21394338 0.32367863
 0.28605865 0.3789806  0.35655209]
433 21.80655792492678 [0.16322197 0.19450566 0.18321782 0.17723912 0.21383212 0.32372516
 0.28526954 0.37989073 0.35716788]
434 29.160242092427296 [0.16315853 0.19450063 0.1830867  0.17704821 0.21359524 0.32425152
 0.28476417 0.38042088 0.35784733]
435 27.244098772143545 [0.16313696 0.19462377 0.18290752 0.1767884  0.21337662 0.32453452
 0.28434939 0.38078182 0.35827764]
436 32.516608417544084 [0.16309764 0.19485087 0.18277831 0.17643757 0.21323768 0.32457641
 0.28401508 0.38098535 0.35856251]
437 29.695603397774235 [0.16305391 0.19505125 0.18259175 0.17598848 0.21316764 0.32486332
 0.28308925 0.38129718 0.35892912]
438 32.252914393396495 [0.16296487 0.19530477 0.18243637 0.17566408 0.21301899 0.32507309
 0.28211839 0.3818336  0.35980027]
439 31.075627922294785 [0.1629466  0.19555053 0.18222981 0.17537378 0.21276395 0.32535234
 0.28119681 0.38227888 0.36098973]
440 30.92666163611267 [0.16284975 0.19578775 0.18208593 0.17524431 0.21263353 0.32588615
 0.28010047 0.38287088 0.36118464]
441 45.82073316962655 [0.16278899 0.1961989  0.18203912 0.17518917 0.21255158 0.32627287
 0.27922978 0.38328252 0.36083397]
442 40.610575414438095 [0.16270459 0.1964619  0.18181988 0.17499997 0.21233527 0.32624819
 0.278387   0.38351264 0.36066828]
443 44.743327024109696 [0.16259311 0.19672024 0.18180938 0.17481774 0.21218173 0.32621799
 0.27745208 0.38346113 0.36063972]
444 30.632753783702995 [0.16244867 0.19701251 0.18174292 0.17461738 0.2119617  0.32648301
 0.27654481 0.38391489 0.36059375]
445 28.63767735183839 [0.16249123 0.19737148 0.18166477 0.17435434 0.21175896 0.32649541
 0.27586038 0.38440579 0.36107193]
446 31.644339031559184 [0.16251952 0.19784618 0.18146742 0.17411767 0.21173236 0.32654686
 0.27518476 0.38463024 0.36160228]
447 39.412114491477105 [0.16261597 0.19845074 0.18127913 0.17393465 0.21194487 0.32636352
 0.27466354 0.38520853 0.36147511]
448 31.146409241206307 [0.16276884 0.19878191 0.18113315 0.17363689 0.2121559  0.32579134
 0.27418531 0.38590495 0.36142107]
449 34.60577805027156 [0.16287446 0.19899061 0.18099006 0.17334294 0.21235509 0.32518881
 0.27375761 0.38685057 0.36098514]
450 38.88394201862451 [0.16297341 0.19881896 0.18080187 0.17307041 0.21264724 0.32459942
 0.27323985 0.3878253  0.36073007]
451 31.475283636321734 [0.16310656 0.19877092 0.18061424 0.17263036 0.21284593 0.32408717
 0.27314282 0.38840485 0.36074706]
452 31.484415825496136 [0.16315591 0.19856517 0.18028219 0.17228438 0.21317174 0.32345517
 0.27320781 0.38915619 0.36083034]
453 32.74111105387439 [0.16320685 0.19822541 0.17994054 0.17195676 0.21351776 0.32307108
 0.27316727 0.38995891 0.36077823]
454 33.82727701429888 [0.16330861 0.19805018 0.17956803 0.17153867 0.21384126 0.32303415
 0.27314261 0.39097048 0.36075355]
455 38.40860818825478 [0.1634334  0.1978225  0.17905537 0.1711684  0.21401405 0.32305586
 0.27333078 0.39205493 0.36090313]
456 40.364294821746086 [0.16336887 0.19764161 0.17855156 0.17082621 0.21435779 0.32320084
 0.27339488 0.39345339 0.36128121]
457 36.609773166565546 [0.1632955  0.19746488 0.17788335 0.17062395 0.21462971 0.32332195
 0.27334959 0.39460287 0.36176487]
458 44.841407354684016 [0.16316269 0.19727425 0.17724876 0.17044468 0.21489291 0.32345577
 0.27342256 0.39585748 0.36210611]
459 40.630590695570675 [0.16308192 0.19693426 0.17667878 0.17035815 0.21511686 0.323604
 0.27371573 0.39684045 0.36280014]
460 38.07392716642696 [0.16304774 0.19649123 0.17623065 0.17032471 0.21523653 0.32388913
 0.27405322 0.39743171 0.36334965]
461 37.35554001099554 [0.16299438 0.19612938 0.17576827 0.17021421 0.21540606 0.32423037
 0.27425456 0.39780047 0.36369321]
462 40.99466903696123 [0.16257454 0.19576091 0.1753269  0.17011029 0.21554779 0.32414631
 0.27433766 0.39802504 0.36431707]
463 41.989433141153356 [0.16211282 0.19550961 0.17487261 0.16977338 0.21596228 0.32422692
 0.27450791 0.39811286 0.36491264]
464 37.64421491376354 [0.1616308  0.19521463 0.1744369  0.16959391 0.21628809 0.32439913
 0.27499157 0.39806856 0.36577642]
465 41.62731771779043 [0.16111895 0.19503773 0.17396448 0.1694547  0.21634935 0.32432536
 0.27546526 0.39843164 0.36634001]
466 36.97321361967386 [0.16059016 0.19474345 0.17344959 0.16942635 0.21626853 0.32423868
 0.27623992 0.398688   0.36682347]
467 36.90705285818113 [0.16013034 0.19448595 0.17298945 0.16938328 0.21623574 0.32436018
 0.27704063 0.39917146 0.36775946]
468 32.16100701714252 [0.15974704 0.19409264 0.17270182 0.16932662 0.21610309 0.32459647
 0.27797843 0.39954435 0.36808034]
469 38.444394978254024 [0.1593716  0.19370509 0.17244709 0.16917506 0.21590046 0.32501679
 0.27884236 0.40001638 0.36745171]
470 36.17342062477947 [0.15923374 0.1933536  0.17236561 0.16902838 0.21570372 0.32522241
 0.27979361 0.39965157 0.36644606]
471 32.6955923949756 [0.1590895  0.19300794 0.17234512 0.16907908 0.21567574 0.32592672
 0.28053289 0.39905978 0.36531822]
472 36.63551902688164 [0.15884317 0.19252408 0.17224414 0.16916351 0.21576089 0.32667566
 0.28098683 0.39890347 0.36373565]
473 31.467229959559102 [0.15860186 0.19201276 0.17206216 0.16920764 0.21592925 0.32756383
 0.28102401 0.3993382  0.36227603]
474 30.809747939680335 [0.15836875 0.19169814 0.17197035 0.16921359 0.21616705 0.32827143
 0.28097116 0.3999147  0.36054227]
475 35.57044823914988 [0.15814293 0.19142707 0.17193945 0.1691677  0.21655858 0.32906315
 0.28085674 0.40036133 0.35922529]
476 43.085673470896 [0.15791843 0.19129553 0.17192793 0.16926648 0.21676676 0.32951819
 0.28057281 0.40112231 0.35808686]
477 39.7990062274934 [0.15769081 0.19117634 0.17186967 0.16929397 0.21702524 0.32971279
 0.28046018 0.40141825 0.35658908]
478 32.76002445452647 [0.15747271 0.19107277 0.17181984 0.16936017 0.21716927 0.32998149
 0.28053987 0.40180638 0.35488273]
479 41.27108851518736 [0.15725818 0.19115279 0.17169209 0.16953278 0.21721784 0.3299213
 0.28073277 0.40238191 0.35366766]
480 33.184224951526446 [0.15700701 0.19125265 0.17155504 0.1698292  0.21723585 0.32955741
 0.28081119 0.40290529 0.35260355]
481 34.86714504357482 [0.15666926 0.19142042 0.17144085 0.16989403 0.2170313  0.32906086
 0.28096162 0.40328954 0.35208998]
482 41.51144533868639 [0.15631394 0.19153243 0.17133752 0.16988843 0.21690858 0.32833863
 0.28075753 0.40340372 0.35191211]
483 30.07774284100948 [0.15605856 0.19173649 0.17122119 0.16979604 0.21662172 0.32750861
 0.28086457 0.40312773 0.35183617]
484 35.973175177377016 [0.15592279 0.19187865 0.1709792  0.16979691 0.21635733 0.32655582
 0.28082982 0.40288584 0.35161406]
485 34.5384631195666 [0.15587916 0.19216586 0.17083192 0.1697524  0.21606359 0.32577313
 0.28093058 0.40251971 0.35157504]
486 37.80466419771035 [0.15587048 0.19250162 0.17057015 0.16972839 0.2157747  0.32483328
 0.28100789 0.40224355 0.35204901]
487 30.956231712666607 [0.15586442 0.19272998 0.1703599  0.16969827 0.21557004 0.32413687
 0.28108557 0.40229024 0.35260147]
488 34.98462279362522 [0.15581505 0.1929747  0.17019421 0.16959101 0.2154027  0.32337031
 0.28101278 0.40229478 0.35283117]
489 35.45252717946954 [0.15582684 0.19322794 0.17014471 0.16946765 0.21533766 0.3230365
 0.28084659 0.40260291 0.35320069]
490 28.42484237804154 [0.15575488 0.19360166 0.17002847 0.16931475 0.21489245 0.32275088
 0.280624   0.40358369 0.35316503]
491 37.309864798598426 [0.15565087 0.1940221  0.1699451  0.16901922 0.21454707 0.32268385
 0.2804236  0.40418934 0.35242048]
492 29.902726593448097 [0.15554952 0.19433377 0.16988828 0.16874471 0.21406812 0.32279068
 0.28024626 0.40477887 0.35180071]
493 37.02489807490779 [0.1554475  0.19445515 0.16978089 0.16843655 0.21369161 0.32286443
 0.27975883 0.40521603 0.35086625]
494 29.771456685870348 [0.15536353 0.19444413 0.16975574 0.1680092  0.21326129 0.3226001
 0.27940747 0.40623603 0.34992947]
495 37.47854555313642 [0.15529862 0.19448701 0.16962797 0.16760845 0.21277564 0.32248219
 0.27885643 0.4069576  0.3494122 ]
496 38.98142762585397 [0.15527549 0.1945194  0.16952374 0.16730654 0.21217273 0.32228384
 0.27881844 0.40771739 0.34880132]
497 36.48708557419081 [0.15525793 0.19448726 0.16941577 0.16711402 0.21157427 0.32182682
 0.27885868 0.40796951 0.34837931]
498 34.662167887980026 [0.15518684 0.19453651 0.16923885 0.16692372 0.21115904 0.32146946
 0.27879913 0.40847819 0.34808077]
499 36.33974078539061 [0.15509044 0.19459856 0.16914039 0.16681107 0.21082988 0.32085915
 0.27890364 0.40896714 0.34793634]
