0 252.19374581800525 [0.30009376 0.29915616 0.29915616 0.29821856 0.30009377 0.3019689
 0.30009376 0.30009376 0.29728096]
1 242.99093449983155 [0.29847742 0.29801612 0.30041331 0.29715055 0.3033679  0.30046572
 0.29992613 0.30047125 0.29504163]
2 214.25031390510452 [0.2980429  0.29712152 0.30035262 0.29621236 0.30604874 0.29933453
 0.29999931 0.29980596 0.29259037]
3 287.7130969116578 [0.29752219 0.29551837 0.30083629 0.29617923 0.30801782 0.29925328
 0.30040209 0.30006367 0.29138329]
4 216.493064317691 [0.29702587 0.29375078 0.30114002 0.29608349 0.30994453 0.29839973
 0.30075024 0.29983688 0.29105365]
5 188.55971087963286 [0.29687664 0.29114503 0.30179745 0.29584553 0.31153153 0.29830151
 0.30102955 0.29939854 0.2909289 ]
6 187.11041314297026 [0.29623577 0.28944332 0.30226085 0.2953666  0.31286633 0.29781236
 0.30111636 0.29944033 0.29090016]
7 168.72520151704487 [0.29538317 0.28815456 0.30273111 0.2942927  0.31446409 0.2975924
 0.30121263 0.29964771 0.2908547 ]
8 178.70455864679985 [0.29443426 0.28657186 0.30345277 0.29331954 0.3157085  0.29769719
 0.3016115  0.3001571  0.29123616]
9 148.589955161539 [0.29359394 0.28540775 0.30392101 0.29274638 0.3167099  0.29781515
 0.30210358 0.30080191 0.29138921]
10 142.13358156610764 [0.29230998 0.28469206 0.30433639 0.29200068 0.31761815 0.29771366
 0.30209525 0.30129078 0.29134444]
11 149.47257169465618 [0.29111861 0.28436068 0.3046472  0.29184319 0.31877654 0.29745884
 0.30211671 0.30167557 0.29133036]
12 151.42936819730235 [0.28993099 0.28467666 0.30504118 0.29147452 0.31979164 0.29711839
 0.30256656 0.30194207 0.29051038]
13 164.17643063634392 [0.28877432 0.28487231 0.30531617 0.2909419  0.32062389 0.29648948
 0.30280827 0.30223149 0.29005953]
14 136.18624101095486 [0.28754977 0.28478129 0.30540226 0.29005307 0.32165249 0.29611405
 0.30328896 0.30253245 0.28980055]
15 154.67954438258832 [0.28659291 0.28495115 0.30562707 0.28904311 0.32267638 0.2959697
 0.30363451 0.30286229 0.2894137 ]
16 145.69792609912184 [0.28526793 0.28480713 0.30591078 0.28787576 0.32373926 0.29569593
 0.30377824 0.3029938  0.2895223 ]
17 174.9843837972756 [0.28420302 0.28438454 0.30594447 0.28687557 0.32486662 0.29574649
 0.30426075 0.3032308  0.29001443]
18 129.51028076804806 [0.28348132 0.2839551  0.30584521 0.2857906  0.32572833 0.29577373
 0.30482915 0.30332075 0.29070569]
19 131.47487531897454 [0.28281893 0.28350471 0.30571444 0.28474897 0.32658219 0.29587949
 0.30540878 0.30363989 0.29144419]
20 132.05830952237295 [0.28208591 0.28293067 0.30547089 0.28372595 0.32755528 0.29583309
 0.30570369 0.30359326 0.29194315]
21 110.12421792661264 [0.28137719 0.28234692 0.3052245  0.28266473 0.3283193  0.29592122
 0.30589359 0.30331565 0.29263316]
22 131.76441866219062 [0.28070442 0.28177423 0.305055   0.28147363 0.32879743 0.29604554
 0.30593837 0.30279267 0.29355035]
23 123.28114724156066 [0.28011385 0.28146212 0.30465425 0.28048587 0.32909135 0.29587601
 0.30623795 0.3023188  0.29408186]
24 107.0113294786496 [0.27967531 0.28114345 0.30395858 0.27958312 0.32964495 0.29558964
 0.30648993 0.30196637 0.2949363 ]
25 139.26039262384762 [0.27902249 0.28052522 0.30347922 0.27859182 0.33025015 0.29561257
 0.30665856 0.30174155 0.29558798]
26 107.7299406318289 [0.27841976 0.27945421 0.30310355 0.27778818 0.33068619 0.29585952
 0.30694812 0.30154407 0.29592184]
27 476.3843864265503 [0.2775841  0.27850003 0.30285234 0.27696416 0.33094985 0.29608316
 0.30729219 0.30112494 0.29664175]
28 125.94179279506041 [0.27683287 0.27770234 0.30255377 0.27614408 0.33047334 0.29632388
 0.30746328 0.30079676 0.29697041]
29 111.76670781124642 [0.27586913 0.27668533 0.30241179 0.27551173 0.32992296 0.29637646
 0.30761855 0.30053635 0.2972168 ]
30 130.72550592142565 [0.27480673 0.27559976 0.30267009 0.27470358 0.3292385  0.29607454
 0.30819807 0.30045589 0.29770759]
31 465.1519470182485 [0.27381203 0.27451837 0.30284944 0.27403252 0.32820864 0.29592935
 0.3087242  0.30014497 0.29836957]
32 97.31288813824746 [0.2728993  0.27345321 0.30292328 0.27356796 0.32740323 0.29594456
 0.30904086 0.30002418 0.29912288]
33 96.88791343077806 [0.27175547 0.27224364 0.30279934 0.27307932 0.32644636 0.29610276
 0.30899234 0.29979214 0.29968249]
34 100.6706208176155 [0.27074871 0.27102414 0.30231417 0.27262622 0.32525147 0.29647714
 0.30902527 0.29973569 0.30035736]
35 110.38019483481403 [0.26972093 0.26980121 0.30199851 0.27219869 0.32418034 0.29701448
 0.30920731 0.2997272  0.30079171]
36 98.02550021231949 [0.26872486 0.26872448 0.30138008 0.27212576 0.32320934 0.29731726
 0.30977069 0.29976599 0.30119235]
37 489.96339276100025 [0.26775219 0.26777264 0.30078268 0.27211767 0.32256066 0.29718194
 0.31035237 0.29979904 0.30207104]
38 99.35395842911966 [0.26677279 0.26706892 0.30029054 0.27217989 0.32210297 0.29675253
 0.31105047 0.29938679 0.30281121]
39 99.78768413636797 [0.26588163 0.26619602 0.29984368 0.27225775 0.32173435 0.29641338
 0.31166523 0.29860527 0.30366499]
40 90.29685567833172 [0.26488342 0.2652563  0.29965783 0.27231842 0.32123932 0.29623364
 0.31240195 0.29761712 0.30454138]
41 77.55438393052798 [0.263961   0.2644719  0.2993488  0.27229636 0.32110732 0.29607316
 0.31298127 0.29638964 0.30527415]
42 463.7515116769181 [0.26273287 0.26354249 0.29910657 0.2721519  0.32076269 0.29601277
 0.31359219 0.29508247 0.30596437]
43 88.78629202772589 [0.26157179 0.26279229 0.29892881 0.27182436 0.32031402 0.29596752
 0.31419702 0.29368139 0.30656872]
44 89.8144098654686 [0.26056625 0.26182684 0.29899187 0.27145562 0.31976823 0.29569111
 0.31491913 0.29225161 0.30700723]
45 99.22306699877197 [0.25949668 0.26106094 0.29891792 0.27102274 0.31964495 0.295573
 0.315691   0.29115715 0.30735027]
46 79.53390007985641 [0.25830505 0.26025278 0.29868713 0.27057921 0.32005696 0.29600176
 0.31638101 0.29048141 0.3078003 ]
47 457.3846886712695 [0.25723871 0.25924633 0.29848232 0.26994368 0.31972246 0.29669538
 0.31704827 0.28974573 0.30806475]
48 82.61245009203367 [0.25607885 0.25842662 0.29808556 0.26941205 0.3197756  0.29742383
 0.31765891 0.28898633 0.30843886]
49 96.67423169477067 [0.25493402 0.2577552  0.29761904 0.26874739 0.31989769 0.29853091
 0.31817011 0.28853298 0.30848217]
50 90.11865691352882 [0.25374845 0.25706403 0.29716943 0.26813414 0.32016655 0.29940779
 0.31887396 0.2880849  0.30826436]
51 93.00700740901328 [0.25281783 0.25660557 0.29641775 0.26737342 0.32029097 0.3000232
 0.31977335 0.2879171  0.308096  ]
52 93.0189519972474 [0.2519584  0.25626856 0.29586243 0.26647536 0.32052248 0.30074638
 0.3207635  0.288035   0.30804359]
53 83.54647390185802 [0.25120425 0.25589761 0.29527718 0.26560176 0.32097389 0.30127715
 0.32173468 0.28828639 0.30811808]
54 73.73330593857523 [0.25063949 0.25555516 0.29486673 0.26492255 0.32124978 0.30159826
 0.32268057 0.28848213 0.30790818]
55 84.87598191303141 [0.25012502 0.25511653 0.29435041 0.26425052 0.32168293 0.30191088
 0.32364518 0.2885664  0.30768808]
56 458.30882447356174 [0.24970875 0.25469122 0.29372105 0.26342463 0.32194081 0.30219076
 0.32481004 0.28890239 0.30719987]
57 97.21388869060593 [0.24927918 0.25435254 0.29342923 0.2626307  0.3223541  0.30266139
 0.32593386 0.28908404 0.30685779]
58 73.5254337496516 [0.24906921 0.25409695 0.29323136 0.26181069 0.32256291 0.30291865
 0.32686596 0.28930125 0.30679149]
59 63.79173413720051 [0.24902218 0.25389623 0.29297388 0.26107141 0.32262755 0.30325229
 0.3277695  0.28939823 0.30681018]
60 77.18415829433208 [0.24900435 0.25337058 0.29305102 0.26032151 0.32284088 0.30309946
 0.32858704 0.28901505 0.30665074]
61 83.14543232346762 [0.24895345 0.25268937 0.29329326 0.25952186 0.32313575 0.30299476
 0.32954235 0.28865398 0.30647305]
62 88.90271305919809 [0.24861974 0.25211634 0.29325958 0.2587617  0.3235878  0.30293697
 0.33042627 0.28820573 0.30592829]
63 88.75542207646247 [0.24825788 0.25164892 0.29293771 0.25809641 0.32372885 0.30290703
 0.33153719 0.28779305 0.30500856]
64 78.72220269798702 [0.24801616 0.25120042 0.29268946 0.25753948 0.32414154 0.30305929
 0.33285709 0.28684339 0.30437474]
65 78.98400104635473 [0.24768463 0.25060332 0.29222981 0.25716611 0.32456816 0.30323831
 0.33416817 0.28596293 0.30375888]
66 76.58855250637797 [0.24724476 0.25003468 0.29160786 0.25683258 0.32521519 0.30342144
 0.33558677 0.28512253 0.30367692]
67 80.3642578061779 [0.24664486 0.2494647  0.29160241 0.25631784 0.32529237 0.30384582
 0.33708366 0.28440422 0.30383479]
68 56.995144633346456 [0.24617864 0.24872758 0.29165317 0.25576496 0.32583654 0.30411466
 0.33852134 0.28399923 0.30370448]
69 75.97222621773935 [0.24556665 0.24815601 0.29181608 0.25510534 0.32639967 0.30426197
 0.33991486 0.28378104 0.30357948]
70 73.44594639638004 [0.24496355 0.24762749 0.29179856 0.25444323 0.32699744 0.30453355
 0.3414783  0.28372909 0.30335148]
71 73.35296463846005 [0.24433988 0.24702511 0.2916571  0.25389847 0.32750149 0.3047082
 0.34329911 0.28380561 0.30288517]
72 67.50100182524764 [0.24385371 0.24671538 0.29142683 0.25365417 0.32795835 0.30496624
 0.34488584 0.28420159 0.30256987]
73 65.36440798275999 [0.24345298 0.24642587 0.29105867 0.25347109 0.32757458 0.30572949
 0.34625578 0.28417503 0.30162577]
74 70.17125152371915 [0.24278187 0.24582876 0.29034634 0.25338076 0.32762924 0.30635911
 0.34717326 0.28419085 0.30060181]
75 74.6361553941878 [0.24228314 0.24525738 0.28971352 0.25332531 0.32791427 0.30711477
 0.34820755 0.28405054 0.29974279]
76 71.7192664263628 [0.24183867 0.24470916 0.28932374 0.25321372 0.32778511 0.30798761
 0.34939942 0.28385849 0.29928297]
77 438.12743741461713 [0.24101739 0.24417275 0.28917347 0.25324634 0.32771595 0.30873073
 0.35038619 0.28344519 0.29882974]
78 66.40458106533407 [0.240291   0.24369252 0.28912231 0.25333325 0.32805501 0.30981991
 0.3513158  0.28339575 0.29855783]
79 67.29525618979122 [0.23994853 0.24314408 0.28898297 0.25373589 0.32859606 0.31091507
 0.35224675 0.28338597 0.29833389]
80 76.65051195661854 [0.23953259 0.24257947 0.28871449 0.25426124 0.32903247 0.31182779
 0.35284091 0.28337446 0.29825323]
81 61.61762935018541 [0.23928432 0.24192539 0.28844972 0.2548398  0.32932157 0.31247392
 0.35309504 0.28374686 0.29839827]
82 82.24823338985806 [0.23892916 0.24152824 0.28814881 0.25550692 0.32935517 0.31300693
 0.35317232 0.28421236 0.29858344]
83 69.99029807205085 [0.23875338 0.24108765 0.28778643 0.25595865 0.32941231 0.31353537
 0.3530384  0.28456138 0.29863673]
84 59.45972154015814 [0.2383785  0.24074173 0.2875148  0.25639015 0.32921783 0.31388339
 0.35295156 0.28473346 0.29882564]
85 69.59969796100677 [0.23807747 0.24047687 0.2872787  0.25675971 0.32893556 0.31452311
 0.35283148 0.28471667 0.29896042]
86 64.36236116423639 [0.23802184 0.24009762 0.28699722 0.25705006 0.32870066 0.31492554
 0.35308889 0.28461597 0.29889491]
87 68.76166557679056 [0.23781197 0.23957725 0.28686111 0.25758134 0.32851766 0.31503013
 0.3530954  0.28459335 0.29873081]
88 64.51053491972172 [0.23772208 0.2392247  0.28651986 0.25806438 0.32861791 0.31517905
 0.35293906 0.28451668 0.29867021]
89 68.864407994809 [0.23754655 0.2387874  0.28609048 0.25826232 0.32862131 0.31540287
 0.35278801 0.28415375 0.29864185]
90 437.3474900025748 [0.23730125 0.23822231 0.28568304 0.25832993 0.32855355 0.31552875
 0.35268283 0.28365106 0.29882861]
91 73.7307641240382 [0.2370727  0.23762759 0.28504724 0.25834118 0.32813284 0.31578038
 0.35316473 0.28347585 0.29878164]
92 72.344586414925 [0.23670169 0.23725422 0.28421265 0.25817333 0.32797593 0.31616919
 0.35350763 0.28291346 0.29878994]
93 55.941483431936575 [0.23653834 0.23688378 0.2836766  0.2578717  0.32769344 0.31662289
 0.35357351 0.28232769 0.29918658]
94 440.8628384279758 [0.23637999 0.2360925  0.28311595 0.25778384 0.3274535  0.31718628
 0.35336841 0.28185063 0.29943206]
95 71.27747333521604 [0.23620421 0.2349021  0.28273179 0.25800157 0.32708319 0.31749458
 0.35311704 0.28152941 0.29957327]
96 75.96232101829375 [0.2361329  0.23387913 0.2820399  0.25804954 0.32712408 0.31785221
 0.35280087 0.28105383 0.2997676 ]
97 60.98670319023239 [0.23618807 0.23280605 0.2816059  0.25805568 0.32711622 0.31825984
 0.35224383 0.28070329 0.29991263]
98 65.96483414728121 [0.23640914 0.23185001 0.28106954 0.2581346  0.32696802 0.31837615
 0.35147893 0.28044382 0.29990082]
99 60.6264014131047 [0.23670257 0.23088561 0.28054968 0.25805827 0.32678663 0.31864982
 0.35091256 0.28017179 0.30004772]
100 73.43892455785314 [0.23696293 0.22997758 0.28024973 0.25780904 0.32656211 0.31874059
 0.35046492 0.28013724 0.30031631]
101 61.960277742652046 [0.23702946 0.22903489 0.27989349 0.25759506 0.32635245 0.31847783
 0.34997958 0.28016351 0.30045101]
102 49.44134200832597 [0.23719779 0.22824019 0.27939235 0.25743195 0.3260075  0.31853464
 0.34945028 0.28062969 0.30056871]
103 69.82172365164334 [0.2372352  0.22754141 0.27913602 0.25728024 0.32543945 0.31824813
 0.34883415 0.28122578 0.30044584]
104 59.499422679824264 [0.23731595 0.22704669 0.27884505 0.25719716 0.32459174 0.31806062
 0.34824266 0.28186667 0.30032766]
105 69.84808273724173 [0.23757906 0.22652338 0.27841958 0.25720124 0.32387637 0.31788309
 0.34736991 0.28248511 0.30036889]
106 77.70841778224438 [0.2378844  0.2259536  0.27804364 0.25699196 0.32326678 0.31793112
 0.34671362 0.28294553 0.3000612 ]
107 59.22141583615441 [0.23816869 0.22531394 0.27782287 0.25670957 0.32246928 0.31717405
 0.346073   0.28347821 0.29983418]
108 64.6014792856568 [0.23868205 0.22486363 0.27769788 0.25637233 0.32181905 0.31626669
 0.34520672 0.28396835 0.29946555]
109 67.71301027786797 [0.23932265 0.22427191 0.27752671 0.25619507 0.32096847 0.3154101
 0.34465895 0.28419373 0.29863425]
110 59.94449250296606 [0.23975373 0.22374345 0.27737039 0.25600165 0.32047159 0.31499111
 0.34411213 0.28429532 0.29793449]
111 55.3721068067598 [0.24018561 0.22318509 0.2771552  0.25584165 0.32008643 0.31462452
 0.34377748 0.28454444 0.2973474 ]
112 69.54356706192992 [0.24038648 0.22264226 0.27687821 0.25554729 0.31947766 0.31394282
 0.3440107  0.28481528 0.29675979]
113 54.00539750936328 [0.24064237 0.22229172 0.27642329 0.25530603 0.31861179 0.31340061
 0.34422337 0.28522028 0.2963447 ]
114 62.503135060834445 [0.24098837 0.22192246 0.27617954 0.25513927 0.31782852 0.3127624
 0.34441167 0.2859535  0.29584833]
115 62.18016439065673 [0.24143742 0.22151831 0.27594169 0.25448581 0.31716141 0.31208348
 0.34462754 0.28649094 0.29596782]
116 66.80626104040826 [0.24178287 0.22109068 0.27577331 0.25384283 0.31677683 0.31148424
 0.34501452 0.28705792 0.29626914]
117 62.57855046121486 [0.24188968 0.22075785 0.27545421 0.25311403 0.31654463 0.31069572
 0.3454322  0.28737954 0.29640709]
118 67.45816094243531 [0.24190236 0.22048172 0.27507376 0.25233531 0.31638721 0.30999992
 0.34586244 0.28758959 0.29679994]
119 61.163743790852 [0.24177804 0.22011273 0.27470843 0.25208176 0.31630506 0.30973684
 0.34651062 0.28758398 0.29689068]
120 69.38462676543631 [0.24163751 0.21946065 0.27426143 0.25163266 0.31609873 0.31009854
 0.34666449 0.28765761 0.29737938]
121 63.108121614433145 [0.24158685 0.21900509 0.27400561 0.25107013 0.31592233 0.31064386
 0.34678774 0.28773353 0.29797719]
122 54.06903000144588 [0.24148016 0.21845339 0.27362894 0.25045087 0.31569    0.31137698
 0.34690506 0.28768628 0.29827575]
123 70.62597125191267 [0.24116168 0.2178153  0.27309153 0.24999523 0.31532195 0.31236164
 0.34676665 0.28781651 0.29855367]
124 58.99540500900173 [0.24078542 0.21725426 0.27250133 0.24957221 0.31522809 0.31321233
 0.34673005 0.28776698 0.2989154 ]
125 69.10173567503408 [0.24018323 0.21685354 0.27177274 0.24921402 0.31503273 0.3140685
 0.34696395 0.28766431 0.29877588]
126 420.2553301411048 [0.23979484 0.21649698 0.27097981 0.24874772 0.31498517 0.31505437
 0.347307   0.28737598 0.29887999]
127 71.22125165024325 [0.23950971 0.21599034 0.27036484 0.24795791 0.31520861 0.31610742
 0.34766839 0.28731074 0.29914802]
128 61.69033790009529 [0.23930722 0.21548287 0.26988201 0.24703618 0.31501627 0.31695972
 0.34808386 0.28752023 0.29945498]
129 59.496138874477126 [0.2389369  0.21485371 0.26923536 0.2462288  0.3147593  0.31797137
 0.34779755 0.28773008 0.30000168]
130 63.47607343715167 [0.23833573 0.21436461 0.26834896 0.24538403 0.31457615 0.31921827
 0.34756166 0.28784907 0.30027209]
131 60.45013823880721 [0.23786521 0.21387137 0.26743881 0.2445478  0.31427288 0.32029742
 0.34755511 0.28795061 0.30062079]
132 68.72722491402041 [0.23705713 0.21343103 0.26662251 0.24382405 0.31395504 0.32163474
 0.34774291 0.28787825 0.30128416]
133 56.2650584382947 [0.23645991 0.21314404 0.26565588 0.24313065 0.31414682 0.32290886
 0.34762845 0.28769669 0.30226465]
134 49.43902669583461 [0.2359323  0.21285745 0.2647873  0.24238888 0.31414765 0.3240628
 0.34734166 0.28733967 0.30313835]
135 59.10025821518229 [0.23549007 0.21274659 0.26404298 0.24177956 0.31387702 0.32520952
 0.347126   0.28719387 0.30397892]
136 50.25102755001349 [0.23476725 0.21248484 0.26345357 0.24123909 0.31351448 0.32660444
 0.34679608 0.28714813 0.30487523]
137 56.23184305892508 [0.23416572 0.21226088 0.26278356 0.24058242 0.31333976 0.32734017
 0.3464074  0.28700234 0.30569418]
138 60.665229191896124 [0.23347638 0.21181541 0.26210038 0.23987409 0.31328186 0.32799698
 0.34561083 0.28664224 0.30637037]
139 54.13699780687732 [0.23289498 0.2111378  0.26172447 0.23952186 0.31337243 0.32856744
 0.34477771 0.28649735 0.30695191]
140 52.631134061984085 [0.23228819 0.2105253  0.26109265 0.23929325 0.31349608 0.32943452
 0.34419556 0.28616725 0.30738241]
141 51.00892444960397 [0.23164909 0.20988341 0.26036707 0.23925906 0.31364369 0.33049451
 0.34379327 0.28581078 0.30768111]
142 48.937405544143374 [0.23097473 0.20916791 0.26006492 0.23912253 0.31400448 0.33176655
 0.3434043  0.2854004  0.30753561]
143 55.16265583733458 [0.23044634 0.2084559  0.25977899 0.23890761 0.31464186 0.33309142
 0.34291568 0.28500745 0.3072939 ]
144 59.33183484292667 [0.22990026 0.20783986 0.25942212 0.23858242 0.31516218 0.33454203
 0.34232888 0.28482149 0.30723525]
145 437.5607142790387 [0.2294828  0.20728021 0.25923572 0.2385127  0.3157668  0.33559729
 0.34203079 0.28484539 0.3071597 ]
146 66.47524640179351 [0.22920195 0.20670558 0.25890202 0.23856985 0.31632122 0.33662969
 0.34161058 0.28483461 0.3071735 ]
147 51.49384767841504 [0.22889865 0.20601827 0.25825197 0.2386462  0.3166029  0.3376718
 0.34126119 0.28470074 0.30722257]
148 61.23066205237427 [0.22849143 0.20531744 0.25753852 0.23866821 0.31684007 0.33884969
 0.34073826 0.28452418 0.30695785]
149 55.830709449606225 [0.22794805 0.20464734 0.25691654 0.23846411 0.31688058 0.33968546
 0.34000621 0.28408116 0.30657423]
150 432.005226890363 [0.22751583 0.20418571 0.25642467 0.23849217 0.31706005 0.34098138
 0.33961185 0.28354831 0.3062551 ]
151 49.7966311561693 [0.22700584 0.20379578 0.25596204 0.23820899 0.31700046 0.34244542
 0.33943771 0.28340913 0.30595037]
152 58.27185428676022 [0.22639747 0.20343848 0.25575191 0.23811775 0.31699293 0.34397396
 0.33964506 0.28312098 0.30554282]
153 44.07693458076476 [0.22570019 0.20324087 0.25567045 0.23793662 0.31720993 0.34564246
 0.34013575 0.28308013 0.30522357]
154 60.357053103542114 [0.22489206 0.20313896 0.25556612 0.2378519  0.31728464 0.34726448
 0.34066485 0.28322095 0.30506594]
155 47.87062803742661 [0.22394105 0.20296956 0.25535829 0.23746215 0.31733507 0.34882084
 0.34127133 0.2832146  0.30470265]
156 52.276917181632356 [0.22307667 0.20294739 0.25495732 0.23707211 0.31729896 0.35023694
 0.34193949 0.28327285 0.30427489]
157 63.21377227099704 [0.22223232 0.20286422 0.25461517 0.23668037 0.31727392 0.35155732
 0.34230571 0.28326479 0.30385219]
158 53.11009383417841 [0.22148299 0.20282157 0.25441355 0.23632966 0.31700439 0.35239474
 0.34262328 0.28330193 0.30346794]
159 58.64906823785401 [0.22076228 0.20285344 0.25400079 0.23605018 0.3167857  0.35352349
 0.34264761 0.28344295 0.30276153]
160 62.48971380160242 [0.22020204 0.20287875 0.25364519 0.23571244 0.31672263 0.35489842
 0.3431332  0.28331149 0.30243957]
161 67.21949800910573 [0.21974032 0.20290426 0.2532071  0.23532642 0.31696271 0.35621048
 0.34354888 0.28326898 0.30246252]
162 56.643499957961254 [0.21935957 0.20299561 0.25247169 0.23475957 0.31727868 0.35749673
 0.34390516 0.28327507 0.30287776]
163 52.50151250595906 [0.21903609 0.20302001 0.25193535 0.23391046 0.31778815 0.35890383
 0.34415358 0.28324746 0.30353087]
164 54.389038949343174 [0.21846608 0.20317938 0.25124313 0.2330208  0.31821813 0.36001004
 0.34414354 0.28319816 0.30451586]
165 60.85057714230637 [0.2178956  0.20338178 0.25061297 0.23217814 0.31874078 0.36098181
 0.34413067 0.28337986 0.30545377]
166 52.04634199399969 [0.21742866 0.20355817 0.24993386 0.23155983 0.31886259 0.36201275
 0.34401701 0.28369064 0.30637826]
167 55.95818159574728 [0.21720003 0.20365557 0.2492623  0.2308346  0.31913058 0.36309378
 0.34412088 0.28378484 0.30707086]
168 59.19697534007679 [0.21719583 0.20354123 0.24855346 0.22971814 0.31967046 0.36459789
 0.34454264 0.28388083 0.30767987]
169 53.93694421713311 [0.21740608 0.20337325 0.24772024 0.22873499 0.32029923 0.36469312
 0.34476435 0.28403721 0.30790379]
170 56.676272473702284 [0.21748097 0.20317983 0.24691345 0.22774641 0.3210336  0.36406377
 0.34500537 0.28405981 0.30773385]
171 414.55654100183625 [0.21759358 0.20300374 0.24600026 0.22698588 0.32156391 0.36373522
 0.3451133  0.28403439 0.30791487]
172 63.2921333100486 [0.217689   0.20281881 0.24523576 0.22643976 0.32181852 0.36338802
 0.34528494 0.28429388 0.30803902]
173 51.59525567199486 [0.21767223 0.20277028 0.24459977 0.22583789 0.32205181 0.36278036
 0.34543445 0.28420088 0.30826946]
174 452.4023242809719 [0.21783957 0.20237047 0.24406201 0.22515767 0.32193788 0.36213735
 0.34526367 0.28423946 0.30869433]
175 430.8962830403773 [0.21807571 0.20204244 0.24363006 0.22457103 0.32201845 0.36159013
 0.3450162  0.28427456 0.30933228]
176 58.85003768147345 [0.21784094 0.20168179 0.24308653 0.22427636 0.32226936 0.36121488
 0.34503019 0.28431553 0.31016421]
177 424.9022747575246 [0.21699299 0.20123622 0.24252242 0.22418028 0.32250769 0.3606143
 0.34516384 0.28395314 0.31082511]
178 420.94223550461254 [0.21626876 0.20086337 0.24198305 0.22425541 0.32226387 0.36020567
 0.34533002 0.28362415 0.31140465]
179 63.13086449167541 [0.21553832 0.20047689 0.24144772 0.22442806 0.32208599 0.36024368
 0.34576411 0.28343693 0.31180668]
180 57.48011850886573 [0.21484558 0.19985794 0.24120998 0.2245094  0.3220419  0.36041758
 0.34599832 0.28305335 0.31221186]
181 58.516764072108764 [0.21426133 0.19932079 0.2409001  0.22416512 0.3220998  0.36055395
 0.34602464 0.28319718 0.31235942]
182 63.140948517699115 [0.21355983 0.19892052 0.24077413 0.22377899 0.32233022 0.36039424
 0.34617131 0.28331917 0.31255339]
183 52.26330015844461 [0.2129279  0.19850678 0.24058469 0.22349299 0.32247452 0.36034455
 0.34610188 0.28303765 0.31272711]
184 54.2386635174407 [0.21246304 0.19816718 0.24021302 0.22306765 0.32268198 0.36066932
 0.34627009 0.28260552 0.31229398]
185 50.80415960648834 [0.21193921 0.19797085 0.2396777  0.22262428 0.32295402 0.36138199
 0.34659142 0.28232647 0.31160028]
186 53.131416831669725 [0.21136609 0.19773534 0.23925917 0.22203559 0.32293975 0.3620822
 0.346695   0.28204442 0.3111196 ]
187 65.8408912742808 [0.21080245 0.19766728 0.23909237 0.22175501 0.32305083 0.36329658
 0.3468165  0.28183882 0.31059309]
188 50.44533955775782 [0.21043945 0.19761802 0.23907182 0.22158834 0.32293347 0.36458786
 0.34705962 0.28150971 0.31024725]
189 49.59084859340605 [0.21018973 0.19761083 0.23916417 0.22162856 0.32308729 0.36545859
 0.34776613 0.28103504 0.31006564]
190 56.67711340319157 [0.21003243 0.19760394 0.23927052 0.22172904 0.3231219  0.36544935
 0.34857842 0.28065471 0.3102292 ]
191 55.0537713715908 [0.20981106 0.19761739 0.2392288  0.22177746 0.32320234 0.36468836
 0.34960197 0.28043817 0.31046233]
192 48.29949898506652 [0.209577   0.1976915  0.23898713 0.22160798 0.32296343 0.36418286
 0.35049171 0.28013783 0.31062903]
193 50.29282924406364 [0.20958675 0.19766261 0.23867349 0.22124572 0.32278699 0.36432824
 0.35097723 0.27996739 0.31114918]
194 68.6094782088086 [0.2097462  0.19766539 0.23846931 0.22096073 0.3225449  0.36458265
 0.35116932 0.27983953 0.31160847]
195 52.91344129750121 [0.21012362 0.19753764 0.23843447 0.22068014 0.3223534  0.36504547
 0.3512199  0.27956441 0.31186489]
196 64.98039068270232 [0.21045595 0.19747307 0.23868318 0.22039922 0.32241415 0.36596646
 0.35155956 0.27953264 0.3120523 ]
197 72.94494134129467 [0.21080895 0.19749038 0.23920322 0.22025578 0.32236645 0.36721852
 0.35176318 0.27944236 0.31243626]
198 69.02240633396539 [0.21124065 0.19750231 0.24012543 0.2202577  0.3224804  0.36832379
 0.35192194 0.2793118  0.31288175]
199 69.65672638471521 [0.21158029 0.19739582 0.24095136 0.22023681 0.32268123 0.36928598
 0.35181479 0.27909357 0.3132621 ]
200 68.36812114649447 [0.21188548 0.19728698 0.24170191 0.22021285 0.322587   0.37022125
 0.35161077 0.27891622 0.31363392]
201 47.68806076726976 [0.21221707 0.19726418 0.24238388 0.22029302 0.32254678 0.37149268
 0.35169202 0.27871732 0.31393166]
202 49.50145533112867 [0.21242074 0.19734355 0.24291072 0.22052243 0.32247256 0.37243443
 0.35222729 0.27839147 0.31436618]
203 60.17935788738955 [0.21257854 0.19743314 0.24313152 0.22069332 0.32211643 0.37328247
 0.35282472 0.27805841 0.31479433]
204 55.63399745513299 [0.21275485 0.19755445 0.24338005 0.22070536 0.3215828  0.37458837
 0.35286459 0.27776539 0.31561045]
205 51.28512528689096 [0.21307806 0.19765308 0.24345968 0.22062767 0.32107606 0.37528697
 0.35302331 0.27751086 0.31628381]
206 55.83425507071803 [0.2133444  0.19781851 0.24354483 0.22061668 0.3203178  0.37553956
 0.35321576 0.27729432 0.31701566]
207 60.49534128709246 [0.21370114 0.1979562  0.24348029 0.22047768 0.31998603 0.37576799
 0.35379033 0.27693527 0.31764457]
208 57.6509503326572 [0.21420974 0.1980024  0.24323081 0.22030965 0.31929282 0.37567776
 0.35427082 0.27664439 0.31816494]
209 57.51654267608316 [0.21478976 0.19789027 0.24289549 0.22023278 0.31852197 0.37571307
 0.35483542 0.27666927 0.31860045]
210 59.30207891245931 [0.21509785 0.19786911 0.24260555 0.22029824 0.31796088 0.37537519
 0.35517431 0.27658923 0.31905145]
211 53.293929524736384 [0.21530406 0.1978339  0.24233444 0.22058372 0.31757371 0.37563954
 0.35532578 0.27655835 0.31971283]
212 57.85608327481761 [0.21564558 0.19800601 0.24206036 0.22090328 0.31722999 0.37564016
 0.3552387  0.27649039 0.31999439]
213 48.31126354451426 [0.21590162 0.19829149 0.2416193  0.22115456 0.31684566 0.375522
 0.35523731 0.27641638 0.32022798]
214 41.38018041093454 [0.21615739 0.19844136 0.24099999 0.22151647 0.31680017 0.37612881
 0.35511662 0.2760996  0.32034553]
215 50.36634336960876 [0.216396   0.19847988 0.24044078 0.22187898 0.31702212 0.37650207
 0.35534122 0.27601438 0.32055425]
216 62.007821153492294 [0.21643858 0.19846747 0.23987592 0.2220957  0.31712207 0.37685508
 0.35548792 0.27605592 0.32091264]
217 49.35823873668455 [0.21645069 0.19838499 0.23929811 0.22234772 0.31699296 0.37687347
 0.35558284 0.27615284 0.32089438]
218 59.4591701425586 [0.21635652 0.19835663 0.23864685 0.22251935 0.31664277 0.37694265
 0.35599978 0.27641084 0.32086552]
219 54.27352297122677 [0.21609278 0.19814231 0.23799086 0.22254277 0.3163441  0.37657695
 0.35601141 0.27653715 0.32036771]
220 49.48003125353266 [0.21568626 0.19774773 0.23736668 0.2226344  0.31644098 0.37610039
 0.35626943 0.27662899 0.31971677]
221 51.77969888550799 [0.21524838 0.1976813  0.23669512 0.22262941 0.31611281 0.37548451
 0.35611625 0.27664007 0.31908426]
222 53.62468838512059 [0.214891   0.19766566 0.2358531  0.22263599 0.31573497 0.37570227
 0.35605501 0.27658599 0.31860997]
223 53.73761783209646 [0.21465365 0.19751781 0.23507201 0.22296872 0.3155072  0.37598252
 0.35587118 0.27661999 0.31824056]
224 59.23631364140888 [0.2141928  0.19744212 0.23428124 0.22335639 0.31529801 0.37667294
 0.35601214 0.27661107 0.31786113]
225 46.23793900925591 [0.21371964 0.19734633 0.23366042 0.22355319 0.31535514 0.3773621
 0.35608984 0.27668926 0.31738603]
226 39.75611259127245 [0.21331944 0.19738376 0.23316531 0.22379065 0.31530061 0.37782706
 0.35641396 0.27685964 0.31704972]
227 48.5216008394398 [0.21284717 0.1974598  0.23259343 0.22396008 0.31497326 0.37836373
 0.3571264  0.27696139 0.31653818]
228 43.60783913141273 [0.21232943 0.19753765 0.23197242 0.22422728 0.31448724 0.3793779
 0.3574584  0.27705192 0.31635101]
229 51.31074641537996 [0.21196893 0.19767252 0.23142485 0.22466335 0.3137433  0.37991155
 0.35747141 0.27739674 0.3157697 ]
230 52.23441989714628 [0.21156211 0.19773893 0.23095059 0.22508176 0.31270306 0.38020743
 0.35745295 0.27775998 0.31537401]
231 50.1613031952416 [0.21103092 0.19774497 0.2303701  0.22516039 0.31170172 0.38058958
 0.35751625 0.27788649 0.31482415]
232 43.23580427810941 [0.21056729 0.1978426  0.22975148 0.22522873 0.31077021 0.38093189
 0.35768715 0.2779456  0.31444761]
233 48.57156409319529 [0.2102153  0.19803146 0.22912624 0.22524318 0.30974359 0.38085829
 0.35791019 0.27836648 0.31423823]
234 58.7101646499859 [0.20972849 0.19804505 0.22842642 0.22556178 0.30878445 0.37999809
 0.35802529 0.27854182 0.31370588]
235 70.75664126713419 [0.20939327 0.19819055 0.22771363 0.22581432 0.307819   0.37884495
 0.35802783 0.27861183 0.31313879]
236 48.82899253297931 [0.20905937 0.19822883 0.22730878 0.22589781 0.30681065 0.37796187
 0.35816677 0.27907878 0.31241585]
237 53.90292230707898 [0.20889679 0.19828048 0.22697055 0.22591303 0.30589136 0.37729794
 0.3584723  0.27915702 0.31205852]
238 54.9430159434872 [0.20879573 0.19824206 0.22666412 0.22598206 0.30518678 0.37718164
 0.35845928 0.27930886 0.31225629]
239 60.831196299844336 [0.20872661 0.19826854 0.22632182 0.22575786 0.30475366 0.37731893
 0.35820212 0.27914848 0.31257538]
240 53.75259706378356 [0.2086116  0.19812518 0.22600199 0.22557585 0.30418443 0.37747757
 0.35804309 0.27897548 0.31280676]
241 49.24544485791238 [0.20849571 0.1978149  0.22585364 0.22584441 0.30398349 0.37741066
 0.35807606 0.27884493 0.31317405]
242 53.837211423551516 [0.20842004 0.19755555 0.22578957 0.22600395 0.30312995 0.37726129
 0.35723381 0.27819865 0.31392546]
243 61.22201153045377 [0.2083223  0.19717876 0.22566676 0.22602795 0.3026444  0.37716639
 0.3565773  0.27746598 0.3144356 ]
244 46.065232827752865 [0.20822152 0.19671994 0.22567225 0.22624858 0.30218216 0.37739213
 0.3561494  0.27700445 0.31488741]
245 56.37387894343449 [0.20824219 0.19632261 0.22559177 0.22652546 0.30166754 0.37757925
 0.35566786 0.27640012 0.3152559 ]
246 49.82594006422687 [0.20832458 0.19593718 0.22553731 0.2265557  0.30120043 0.37749683
 0.35522641 0.27610704 0.3156662 ]
247 45.75861548741743 [0.20834643 0.19558155 0.22550665 0.22651505 0.30088473 0.37750836
 0.35497257 0.27572701 0.31570414]
248 44.67450686582917 [0.20842432 0.19520237 0.22524877 0.22670022 0.30111112 0.3770257
 0.35439805 0.27521564 0.31585975]
249 45.628995595785575 [0.20856903 0.19486582 0.22495828 0.22646052 0.30157924 0.3763317
 0.3539623  0.27481059 0.31619817]
250 48.38443452475134 [0.2087399  0.19451204 0.22479207 0.22617866 0.30221561 0.37578294
 0.35335084 0.27436076 0.3167855 ]
251 44.07632751863568 [0.20883772 0.19417218 0.22476717 0.22610186 0.30269908 0.37555148
 0.35296281 0.27399217 0.31719316]
252 52.71942422999763 [0.20904926 0.19383764 0.2247309  0.22593466 0.30310883 0.37565671
 0.35285757 0.27385994 0.31777047]
253 49.28430908551465 [0.20920491 0.19336879 0.22464858 0.22583241 0.3030665  0.37585778
 0.35259052 0.2736736  0.31781873]
254 52.26440236012379 [0.20914769 0.19313868 0.22451445 0.22577467 0.30294007 0.37513487
 0.35262132 0.27336558 0.31778972]
255 56.400489041095305 [0.20910501 0.19273882 0.22432939 0.22585697 0.30307146 0.3746614
 0.35281526 0.27307798 0.31784972]
256 43.63724932408509 [0.20902543 0.19232667 0.22408799 0.22571541 0.30305952 0.37408768
 0.35293102 0.27304426 0.31826531]
257 54.71942047981583 [0.20898674 0.19194646 0.2238303  0.22546044 0.30310916 0.37314785
 0.35326568 0.27303107 0.31891846]
258 59.64248947818726 [0.20895464 0.19143963 0.22332608 0.2251206  0.30358036 0.37227153
 0.35364646 0.27300185 0.31957637]
259 52.318623671843916 [0.20893638 0.19094188 0.22273226 0.22478407 0.30384286 0.37140472
 0.35426061 0.27279877 0.32024519]
260 58.51042863754907 [0.20905956 0.19055532 0.22220988 0.22463961 0.30417374 0.37090426
 0.35504849 0.27255438 0.32088131]
261 42.589353021225804 [0.20924108 0.19022759 0.22188706 0.22439582 0.30471697 0.3703335
 0.35558792 0.27240425 0.32140863]
262 55.618131724539005 [0.20947946 0.18973265 0.22163883 0.22398022 0.30525531 0.36987856
 0.35611389 0.27210445 0.32164325]
263 46.22342862529379 [0.2096964  0.18923114 0.22144827 0.22355131 0.30591837 0.36938656
 0.35645163 0.27183585 0.32156772]
264 45.06375361477883 [0.20986114 0.18891793 0.22123747 0.2232395  0.30665115 0.36892996
 0.35699455 0.27140988 0.32161676]
265 45.53310482527533 [0.20982523 0.18861782 0.22121102 0.22304917 0.30736756 0.36866646
 0.35788795 0.27112214 0.32196954]
266 41.979059077546076 [0.20978323 0.18848057 0.22115081 0.22277561 0.30779993 0.36836495
 0.35835131 0.27100063 0.32203033]
267 45.610955518039844 [0.2098154  0.18833279 0.22108883 0.22223815 0.30838598 0.36828916
 0.35874574 0.27068909 0.32184687]
268 50.85437488885678 [0.20974687 0.18821722 0.22106841 0.22168223 0.30880331 0.36801454
 0.3587432  0.2706792  0.32174445]
269 44.00901967304995 [0.20983301 0.18811401 0.22107941 0.22110408 0.30926698 0.36780903
 0.35880939 0.27092196 0.32166718]
270 37.899056472135996 [0.20978953 0.18806695 0.22089066 0.22070933 0.31008914 0.36727426
 0.3588388  0.27109029 0.32152315]
271 39.09903462056427 [0.20987348 0.18804323 0.2205011  0.22028884 0.31080999 0.366859
 0.35872981 0.27118333 0.32118876]
272 49.93059360727638 [0.21010022 0.1879717  0.2202947  0.21986694 0.31160635 0.36670774
 0.35885454 0.27117546 0.32036982]
273 38.409883274610955 [0.21022747 0.18787119 0.22015014 0.21928972 0.31228127 0.36662232
 0.35911898 0.2710897  0.31980392]
274 41.482599832744086 [0.21035996 0.18777089 0.21999681 0.21892226 0.31293416 0.3664552
 0.35958067 0.27130908 0.31923366]
275 41.634996276680724 [0.21036187 0.18758929 0.21975539 0.218694   0.31354502 0.36612
 0.36012811 0.27145586 0.31884354]
276 35.429666607874104 [0.210525   0.18739922 0.21937335 0.21851705 0.31391408 0.36534374
 0.36043566 0.27159743 0.3185615 ]
277 43.65608710275783 [0.21053366 0.18712224 0.21897647 0.21834102 0.31394203 0.36467302
 0.36099608 0.27183918 0.31829512]
278 37.22961550627264 [0.21062051 0.18661014 0.21849895 0.21802521 0.31351398 0.36420192
 0.36157276 0.27211349 0.31808893]
279 32.98716467415597 [0.21065215 0.18616121 0.21804276 0.21776232 0.31315097 0.36388942
 0.36236276 0.27250665 0.31783871]
280 38.5456716281215 [0.21037063 0.18544431 0.21774243 0.21730722 0.31295925 0.36405444
 0.36339764 0.27274005 0.31744389]
281 38.923009449764976 [0.21005731 0.18481474 0.21761388 0.21675979 0.31260872 0.36423871
 0.36442352 0.2729156  0.31696466]
282 41.32162580686942 [0.20966169 0.18418945 0.21760061 0.21611065 0.31241621 0.36469735
 0.36518202 0.27308684 0.31681689]
283 38.06970527000248 [0.20948686 0.18370182 0.21778045 0.21543911 0.31258108 0.36487624
 0.36589753 0.27330061 0.31678965]
284 38.80377470729513 [0.20928211 0.18323517 0.21786455 0.2148239  0.31275099 0.36501328
 0.36675001 0.27356838 0.31675562]
285 38.698699783435046 [0.20907694 0.1828952  0.21792973 0.21426286 0.31280289 0.36557004
 0.36750627 0.27383187 0.3168316 ]
286 46.461976932457915 [0.20884028 0.18264388 0.21789063 0.21374623 0.31229872 0.36573305
 0.36803839 0.27409223 0.3167542 ]
287 36.20473158523526 [0.20862217 0.18237093 0.2177928  0.21332282 0.31170322 0.36607243
 0.36815629 0.27454934 0.31702277]
288 50.41717033374451 [0.20835149 0.18225848 0.21756194 0.21283252 0.31134028 0.36578684
 0.36810924 0.2748714  0.31709295]
289 45.83790810487228 [0.20801599 0.18211026 0.21758224 0.21260645 0.31125239 0.36546782
 0.36795843 0.27504809 0.3167992 ]
290 43.99713427266654 [0.2077785  0.18196484 0.21753679 0.21249647 0.31093831 0.3654296
 0.36746999 0.27513656 0.31642343]
291 39.125475670844196 [0.20756337 0.18186323 0.21747796 0.21236415 0.31077365 0.36527864
 0.36707586 0.27523523 0.31634427]
292 48.404891732363026 [0.20743332 0.18165605 0.21724815 0.2122434  0.31044877 0.36539793
 0.36629531 0.27539699 0.31616917]
293 50.00274792699876 [0.2074749  0.18146915 0.21698792 0.21216402 0.31032848 0.36548631
 0.36581764 0.27551846 0.3161789 ]
294 44.69034146830211 [0.20775523 0.18116053 0.21667814 0.21218923 0.31012097 0.36592587
 0.36539624 0.27572904 0.3160053 ]
295 46.28527014333024 [0.2080704  0.18098605 0.21620774 0.21201491 0.30989748 0.36639607
 0.36410986 0.27598625 0.31552209]
296 44.41579176381391 [0.20836581 0.18092593 0.21569405 0.21164704 0.30983346 0.36739763
 0.3632272  0.27614486 0.31539534]
297 41.20129325422029 [0.20860826 0.18093652 0.21512257 0.21139871 0.30971847 0.36834318
 0.36232959 0.27621686 0.31539903]
298 46.41610212675222 [0.20881811 0.18108249 0.2145859  0.21104384 0.30984778 0.36908183
 0.36121356 0.27639392 0.31534942]
299 39.89596684384833 [0.20911927 0.18096979 0.21407371 0.21065029 0.31025802 0.3697109
 0.36002222 0.27656194 0.31489692]
300 38.67767616400551 [0.20930764 0.18083916 0.2135286  0.21032119 0.31067429 0.36970196
 0.35877417 0.27678232 0.3146732 ]
301 45.01177173953221 [0.20948789 0.18065012 0.21315019 0.21009189 0.31110613 0.36975466
 0.35787238 0.27717687 0.31437107]
302 43.920622339854305 [0.20959207 0.18031123 0.21286027 0.2098616  0.31161023 0.36989
 0.35726273 0.27767021 0.31400541]
303 44.45313941182137 [0.20960648 0.1798568  0.21233412 0.20944824 0.31195605 0.36984278
 0.35653404 0.27790117 0.313996  ]
304 51.23210608111434 [0.20967585 0.17933682 0.21185097 0.20873277 0.3122332  0.3701309
 0.35587721 0.27815547 0.31385534]
305 38.19850315721041 [0.20988289 0.17885351 0.21162869 0.20813798 0.31217236 0.37036244
 0.35500302 0.27838951 0.31370133]
306 42.869479507619424 [0.20989019 0.17836092 0.21141379 0.20766798 0.3119402  0.37072063
 0.35440061 0.27848678 0.31331275]
307 46.1211451799073 [0.20976075 0.17786003 0.21117863 0.20712404 0.31164616 0.37137423
 0.35360875 0.27848956 0.31302817]
308 44.90621711294904 [0.20952128 0.17745261 0.21089016 0.20677725 0.31137869 0.37158796
 0.35298238 0.27843492 0.31308892]
309 42.304820425853336 [0.20938032 0.17705064 0.21055153 0.20647381 0.31102477 0.37198231
 0.35250938 0.27837011 0.31319072]
310 49.47350336134034 [0.20928636 0.17666522 0.21034136 0.206097   0.31064684 0.37227443
 0.35246984 0.27813945 0.3134609 ]
311 38.70862059916361 [0.20920481 0.17641183 0.21014317 0.2056904  0.31040031 0.37211866
 0.35230588 0.27824601 0.31369968]
312 37.330512690263745 [0.20922431 0.17627172 0.20990333 0.2052446  0.31007922 0.37148447
 0.35236839 0.2784687  0.31384721]
313 36.89130363965281 [0.20920772 0.17606618 0.20968142 0.20484509 0.31000723 0.37087012
 0.35265489 0.27838927 0.31433348]
314 41.95549538544206 [0.20915603 0.1759023  0.20952042 0.20453325 0.31030727 0.37052689
 0.35332008 0.27839253 0.31442506]
315 50.30196439256714 [0.20922123 0.17591509 0.20937543 0.20432997 0.31066375 0.37052008
 0.35418062 0.27841406 0.31435624]
316 41.63917840454806 [0.20916174 0.17589389 0.20926699 0.20428803 0.31083563 0.37070463
 0.35474772 0.2784475  0.31449952]
317 44.867188249249935 [0.20915091 0.17578932 0.20927443 0.20425794 0.31076095 0.37098223
 0.35512858 0.27849543 0.31443358]
318 44.40478493529278 [0.20918949 0.17556031 0.20944168 0.20446016 0.310816   0.37133991
 0.35548094 0.27878225 0.31444591]
319 42.43306310259184 [0.2091511  0.17532386 0.20962873 0.20462179 0.3108496  0.3716275
 0.3557652  0.2791085  0.31355751]
320 39.72100303886544 [0.20866921 0.17505935 0.20987471 0.20488481 0.31070071 0.37161726
 0.3563661  0.27931973 0.31284034]
321 39.202647746666344 [0.20813303 0.17465691 0.21003228 0.20500202 0.31047401 0.37122645
 0.35676552 0.27944373 0.31228849]
322 37.60342234198246 [0.20750569 0.17439397 0.21002483 0.20520974 0.31038461 0.37084456
 0.35690197 0.27927006 0.31156019]
323 45.256155094393904 [0.20667217 0.17404418 0.2098088  0.20554282 0.31018967 0.37084471
 0.35690085 0.27892654 0.31099476]
324 43.63010639081065 [0.20578789 0.17371243 0.20968486 0.2059167  0.30979589 0.37072696
 0.35716542 0.27853909 0.3103968 ]
325 45.92425219973141 [0.20508943 0.17342124 0.20953377 0.2063985  0.30929448 0.37050543
 0.35754753 0.27801081 0.30987547]
326 39.10360242051262 [0.20447777 0.17311038 0.20938696 0.20689628 0.30838745 0.37053026
 0.35762968 0.27758689 0.30942152]
327 42.17169795783227 [0.20390177 0.17271478 0.20932649 0.2072254  0.30766248 0.37057016
 0.35741094 0.27752715 0.3087974 ]
328 38.11362048151844 [0.20351519 0.17233942 0.20937969 0.20751897 0.3068958  0.37047215
 0.35728357 0.2776611  0.30815862]
329 42.3366594827914 [0.20310889 0.17185503 0.20922775 0.20770228 0.30629309 0.37010717
 0.35716958 0.27767473 0.30765339]
330 44.609711667299244 [0.20269923 0.17135097 0.20906359 0.20786045 0.30557957 0.36975352
 0.35693982 0.27774131 0.30739324]
331 40.781943806355194 [0.20232965 0.17098426 0.20889762 0.20798092 0.30494787 0.36922451
 0.35675972 0.27784434 0.30742275]
332 41.00513637272202 [0.20213899 0.17074156 0.20864204 0.20824903 0.30437907 0.36853771
 0.35650496 0.27779064 0.30767102]
333 38.811306397525975 [0.20196754 0.17051934 0.20848813 0.20852514 0.30411096 0.36795385
 0.35641256 0.27791356 0.30767376]
334 37.13768995727924 [0.20178422 0.17026606 0.20841703 0.20876648 0.30426196 0.36722858
 0.35655595 0.27831606 0.30763857]
335 33.940054292134306 [0.20158188 0.17017909 0.20834415 0.20892242 0.3043066  0.36623448
 0.35688203 0.27878358 0.30765095]
336 39.31931438183168 [0.20154188 0.17006507 0.2080197  0.20910362 0.30448036 0.36535714
 0.3569655  0.27921107 0.30735196]
337 53.27873203896275 [0.20153218 0.16989341 0.20777351 0.20927479 0.30474832 0.36443465
 0.35729349 0.27968357 0.30687581]
338 43.92022099986298 [0.20179653 0.16966705 0.2072416  0.20943755 0.30505641 0.36434879
 0.35753893 0.28017214 0.30653494]
339 38.04463884101169 [0.20188494 0.16946519 0.20669972 0.20960906 0.30551862 0.36420061
 0.35744746 0.28073423 0.30597587]
340 43.833784774612965 [0.20207172 0.16919882 0.20627514 0.20973724 0.30599338 0.36411827
 0.35731083 0.28132805 0.30570094]
341 32.20575060891909 [0.20236011 0.16901458 0.20603065 0.20988886 0.30659773 0.36399416
 0.35714837 0.28163549 0.30556874]
342 39.362036056771025 [0.20276147 0.16872495 0.20587009 0.21005992 0.30728093 0.36361691
 0.35708001 0.2820838  0.30545995]
343 28.461848294338004 [0.20328125 0.16842921 0.20565517 0.21016925 0.30800687 0.36259514
 0.35683296 0.28262497 0.30553207]
344 40.96634824594402 [0.20371867 0.16813484 0.20556598 0.21033413 0.30892373 0.36182372
 0.35688637 0.28308993 0.30564583]
345 42.77399050419547 [0.20406719 0.16781014 0.2055555  0.21054017 0.30952744 0.36138097
 0.35701757 0.28367107 0.30585737]
346 37.00773178779564 [0.20455226 0.16748274 0.20552513 0.21063467 0.31025896 0.36110329
 0.35728021 0.28412768 0.30627322]
347 36.815810102712994 [0.20485799 0.167215   0.20554416 0.210517   0.3111723  0.36098491
 0.35768376 0.28426632 0.30671002]
348 46.721164369924026 [0.20516139 0.16709464 0.20564145 0.21049615 0.31218055 0.36077036
 0.35782808 0.28409425 0.30720534]
349 34.79746822414812 [0.20527216 0.16694627 0.2055926  0.21039311 0.31352732 0.3601779
 0.35799374 0.28383162 0.30749426]
350 28.50031131978499 [0.20538614 0.16671543 0.20545151 0.21027732 0.31469524 0.35924178
 0.35837145 0.28363055 0.30783323]
351 40.22071929186289 [0.20548856 0.16659535 0.2053236  0.21018617 0.31528311 0.35830885
 0.35866936 0.28334682 0.30793763]
352 37.34706162629174 [0.20558467 0.16644512 0.20518718 0.21015386 0.31601902 0.35731018
 0.35907107 0.28302041 0.30824222]
353 38.1162862498657 [0.20549446 0.16631534 0.20518469 0.21030472 0.31641016 0.35640613
 0.35945263 0.28304729 0.30839304]
354 42.30213234048168 [0.20552759 0.16622932 0.20521933 0.21044251 0.31677521 0.35566019
 0.35964973 0.28298223 0.30849534]
355 36.95618091090333 [0.20557232 0.166171   0.20524472 0.21064422 0.3172324  0.35490671
 0.3595658  0.28295118 0.30859603]
356 33.154494576154875 [0.20552866 0.16615021 0.20524827 0.21075567 0.31800981 0.35376338
 0.35957605 0.28292428 0.30867741]
357 33.258211285421595 [0.20576923 0.16616588 0.20519254 0.21081003 0.31886655 0.35317338
 0.35967447 0.28275276 0.30857144]
358 40.03953913059847 [0.20598814 0.16629509 0.20506605 0.21061367 0.3192782  0.35269393
 0.35960019 0.28257773 0.30785092]
359 34.69954812252484 [0.20603896 0.1663475  0.20485638 0.21054167 0.31975123 0.35219651
 0.35976925 0.28245218 0.30712056]
360 34.09447190261753 [0.20595623 0.1663955  0.20461992 0.21060161 0.32003835 0.35170491
 0.35890643 0.28222957 0.30595646]
361 36.6451281147874 [0.20594515 0.16638992 0.20436288 0.21046089 0.31989265 0.35092653
 0.35811003 0.28227553 0.30394163]
362 41.116469094424446 [0.20597362 0.16631009 0.20407287 0.21024318 0.31961297 0.34974053
 0.35741936 0.2825133  0.30180995]
363 32.90903021675313 [0.20605651 0.16632771 0.20377655 0.21009535 0.31956595 0.34873388
 0.35669373 0.28263911 0.30000193]
364 30.877094843111834 [0.20621411 0.16656966 0.2034055  0.2099242  0.31960319 0.3476965
 0.35550559 0.28285483 0.29848068]
365 39.131505456545284 [0.20610834 0.16673492 0.20297222 0.20968353 0.31996452 0.34668119
 0.35422246 0.28320629 0.29706725]
366 32.523955006467766 [0.20590214 0.16685912 0.20268721 0.20940112 0.32047599 0.34614423
 0.35336181 0.2836491  0.29610404]
367 39.09590824279181 [0.20551729 0.16711349 0.2024171  0.20927378 0.32063288 0.3457238
 0.35169324 0.28436268 0.29549017]
368 42.07707094729577 [0.20513162 0.16743493 0.20212667 0.20913803 0.32057433 0.34559429
 0.35031423 0.28499894 0.29482042]
369 36.18749318731278 [0.20480718 0.16770543 0.20174283 0.20910712 0.32038542 0.3453991
 0.34931157 0.28565369 0.29404425]
370 45.6117828356796 [0.20458682 0.16800538 0.20131668 0.20880686 0.320243   0.3453465
 0.34832517 0.28619509 0.29329801]
371 36.02603894462629 [0.20436154 0.16832954 0.20101126 0.20844339 0.320046   0.34514725
 0.347642   0.28676617 0.29277202]
372 36.43616657722315 [0.20414266 0.16874968 0.20079392 0.20795862 0.31960022 0.34477294
 0.34674988 0.28743233 0.29201473]
373 33.77397747139423 [0.20382038 0.1691446  0.20061934 0.20757736 0.31900171 0.34453944
 0.34572264 0.28804955 0.29132698]
374 40.95109813603224 [0.20346579 0.16950255 0.20040941 0.20719793 0.31875335 0.34388954
 0.34489556 0.28872357 0.2905654 ]
375 36.24198396805801 [0.20326861 0.16982283 0.20018718 0.20700726 0.31830473 0.34327546
 0.34396971 0.28957828 0.28967418]
376 37.269268146831536 [0.20314736 0.17027897 0.19990874 0.2066897  0.31787199 0.34252908
 0.34301063 0.29015852 0.28864773]
377 35.023651666333215 [0.20321733 0.17064945 0.19963457 0.2064897  0.31766758 0.34172534
 0.34214532 0.29042393 0.2877075 ]
378 35.75292033221513 [0.20330386 0.17089416 0.19938128 0.20619575 0.31799976 0.34098189
 0.34107195 0.29056226 0.28699489]
379 38.959538278204136 [0.20345336 0.17108067 0.19909819 0.2057406  0.31833108 0.33990796
 0.34015189 0.29040638 0.28635694]
380 32.71568678659107 [0.20328738 0.17125906 0.19871454 0.20562563 0.31859982 0.33907221
 0.33942307 0.29005371 0.28573354]
381 37.18288111326717 [0.20318234 0.17140141 0.19849108 0.20576309 0.31927005 0.33817567
 0.33891526 0.28987166 0.28520555]
382 27.63010566235222 [0.20309031 0.17154185 0.19830512 0.20581616 0.31998934 0.3371021
 0.33837835 0.2899481  0.28497603]
383 29.83158809740742 [0.20289983 0.17188929 0.19813344 0.20568953 0.32090081 0.33619288
 0.33771802 0.28957678 0.28482244]
384 41.50176485567232 [0.2026011  0.17209147 0.1981209  0.20556937 0.32165398 0.33524734
 0.33716993 0.28936402 0.28475978]
385 39.474031077510354 [0.20219283 0.17221298 0.19802242 0.20546342 0.32246846 0.33439678
 0.33683038 0.28922394 0.284237  ]
386 50.30807934783776 [0.20146776 0.17218189 0.19782742 0.20539072 0.32297833 0.33360786
 0.33633258 0.28915426 0.28386024]
387 43.51213761211287 [0.20090633 0.17221742 0.19767865 0.20519483 0.32284989 0.33273652
 0.3358715  0.28921719 0.28333122]
388 33.05342962821001 [0.20038109 0.17222559 0.19743706 0.2050038  0.32290861 0.33216636
 0.33538823 0.28955159 0.28272525]
389 44.84456948450595 [0.19981295 0.172235   0.19727785 0.20485519 0.32284315 0.33169571
 0.33499035 0.28985797 0.28222614]
390 41.81267783075185 [0.19923227 0.17205449 0.19718684 0.20457745 0.32255874 0.33128142
 0.33472266 0.28992419 0.28166053]
391 38.75242153818178 [0.19872755 0.17177463 0.19711908 0.20429206 0.32230351 0.33096933
 0.33461509 0.28995171 0.28084634]
392 37.548753987802854 [0.19826804 0.17158306 0.19714184 0.20400509 0.32162438 0.33066581
 0.33479374 0.28987925 0.28022714]
393 41.348191256299444 [0.19782309 0.17152231 0.19699473 0.20397442 0.32109503 0.33071687
 0.33537056 0.28970521 0.27989629]
394 47.550115359731166 [0.19733697 0.17134924 0.19673898 0.20400301 0.32092278 0.3306666
 0.33589788 0.28992542 0.27957592]
395 45.32201485416356 [0.1968234  0.17116785 0.19634565 0.20397629 0.32063417 0.33057488
 0.33612702 0.29010612 0.27926377]
396 59.84256706470331 [0.19630512 0.17099534 0.1960147  0.20407388 0.32053868 0.33067221
 0.33656313 0.28997354 0.27923632]
397 40.83236729213509 [0.1956947  0.17074197 0.1957689  0.20429722 0.32062668 0.3307969
 0.33687799 0.28946035 0.27968458]
398 41.92089938052131 [0.19540438 0.17041633 0.19541969 0.20443495 0.32066434 0.33058266
 0.33709958 0.28896233 0.27982888]
399 48.3048037403343 [0.19510099 0.16982623 0.19509557 0.20464516 0.32083363 0.33050692
 0.33740052 0.28875782 0.27988666]
400 41.38420579363721 [0.19473085 0.16928416 0.19470582 0.20474799 0.32120975 0.33053461
 0.3373825  0.28855946 0.27998294]
401 48.2368032682525 [0.19451994 0.16878734 0.19429634 0.20473676 0.3217969  0.33017758
 0.33735361 0.28846788 0.28003838]
402 34.83771709549367 [0.19455132 0.16830781 0.19396308 0.20432532 0.3222944  0.32988094
 0.33754113 0.28837131 0.28009349]
403 41.34902637906516 [0.19457821 0.16767098 0.19366603 0.20424011 0.32263242 0.32943589
 0.33747139 0.28798034 0.28013355]
404 37.92619245675898 [0.19451618 0.1669818  0.19349666 0.20442003 0.32279084 0.32913622
 0.33730415 0.28766885 0.27991683]
405 36.81137089490244 [0.1944765  0.16647806 0.19333471 0.20457531 0.32266145 0.32887082
 0.33718081 0.28743058 0.27951427]
406 39.928081930339395 [0.19432873 0.16616536 0.19346445 0.20491388 0.32278593 0.32842474
 0.33686919 0.28722104 0.278885  ]
407 40.26983952778424 [0.19455842 0.165901   0.19361676 0.20535067 0.32288525 0.32827807
 0.33656997 0.28729918 0.27856887]
408 37.56835670556923 [0.19491933 0.16564257 0.19387222 0.20595151 0.32275909 0.32782836
 0.33650038 0.28728543 0.27824758]
409 38.83234362051485 [0.19527391 0.16529429 0.19412226 0.20628343 0.32212575 0.32744375
 0.336124   0.28718982 0.27795754]
410 33.27554360435174 [0.1954817  0.16502032 0.19440806 0.20663653 0.32168581 0.32725817
 0.33571495 0.2868446  0.27764559]
411 41.44930842728816 [0.19566007 0.16471628 0.19467488 0.20699517 0.3215684  0.32681142
 0.33535076 0.28650655 0.27748839]
412 45.43972896779188 [0.19575502 0.16462272 0.19497141 0.20729313 0.32115994 0.32649965
 0.33512965 0.28605033 0.27703465]
413 35.94559204449063 [0.19593926 0.16450027 0.19502273 0.2075617  0.32077749 0.32600525
 0.33498344 0.28551551 0.2765871 ]
414 36.01468759334713 [0.19595984 0.16432564 0.19508199 0.2076785  0.32038476 0.32558304
 0.33461909 0.28531971 0.2763006 ]
415 37.97554454504685 [0.19594895 0.1641807  0.19504874 0.20772914 0.31990833 0.32462837
 0.33440125 0.28547309 0.27605871]
416 46.76506840026145 [0.19604144 0.16394339 0.19501826 0.20782428 0.31942595 0.32360814
 0.33425416 0.28571414 0.27591674]
417 36.275283322815966 [0.19606347 0.16375103 0.19501833 0.20818388 0.31927263 0.32257415
 0.33399994 0.28568504 0.27576559]
418 43.397675610841894 [0.19605834 0.16347945 0.19505862 0.20857641 0.31930242 0.32141494
 0.3337526  0.28551477 0.27565852]
419 43.98752561264764 [0.19601463 0.16319365 0.19511975 0.20880939 0.31945    0.32081245
 0.33355874 0.28559469 0.27526666]
420 37.733965833210725 [0.19614641 0.16293478 0.19522723 0.20919166 0.31926104 0.32036354
 0.33340058 0.28573073 0.27503416]
421 47.08490281760143 [0.19646564 0.16263363 0.19528858 0.20959551 0.31882963 0.31977387
 0.33306168 0.28576245 0.27490139]
422 43.49898324522767 [0.19682475 0.16200802 0.19533944 0.20979955 0.31850811 0.31908233
 0.33282941 0.28586551 0.27486485]
423 36.730702862375296 [0.19699685 0.1614743  0.19542019 0.21015242 0.31823831 0.31837025
 0.33236888 0.28604167 0.27465825]
424 48.14860685456527 [0.19717715 0.16112133 0.19559373 0.21017195 0.31761907 0.31814607
 0.33202414 0.28634908 0.27438153]
425 40.16972529418334 [0.1974035  0.16080915 0.19574769 0.21011958 0.31687121 0.31797029
 0.33161751 0.28677141 0.274275  ]
426 53.28708526506858 [0.19729588 0.16052664 0.19591495 0.21004428 0.3165699  0.31798482
 0.33118607 0.2866699  0.27415804]
427 48.12805211376221 [0.19726473 0.16028749 0.19610144 0.20982296 0.31631941 0.31776643
 0.33091852 0.2866991  0.27405574]
428 50.23119872034051 [0.19734229 0.16006967 0.19624387 0.20943437 0.3158868  0.31756422
 0.33036666 0.28665678 0.27389832]
429 42.730051889248216 [0.19744595 0.15977323 0.19662435 0.20904585 0.31498632 0.31763962
 0.32997391 0.28677697 0.27376196]
430 46.76250918626269 [0.1975077  0.15963582 0.19695924 0.20856417 0.31414844 0.31778691
 0.32960217 0.28692539 0.27364838]
431 44.15882467270498 [0.19747659 0.15959197 0.19723953 0.20819472 0.31328798 0.31803621
 0.32947065 0.28718494 0.27356638]
432 45.274684941874426 [0.19729651 0.15948162 0.19756188 0.20782175 0.31265075 0.31808473
 0.32930419 0.28757714 0.27336027]
433 44.05695430017229 [0.1971495  0.15938654 0.19803956 0.20738573 0.31198272 0.31780482
 0.32947969 0.28802912 0.27332935]
434 51.25227740369524 [0.19717974 0.15934643 0.1985345  0.20700675 0.31117397 0.31743401
 0.32948108 0.28846347 0.27335839]
435 36.05091330540044 [0.19713706 0.15917399 0.19923995 0.20674312 0.31046777 0.31724045
 0.32917785 0.28860301 0.27331035]
436 49.468818128707134 [0.19712157 0.15905966 0.19988047 0.20676428 0.30950898 0.31709922
 0.32908367 0.28864874 0.27315259]
437 43.521342885793786 [0.19711785 0.1590058  0.20034618 0.20673299 0.30861709 0.31709901
 0.3287456  0.28853121 0.2730142 ]
438 40.34332760202189 [0.19702681 0.15891735 0.20059324 0.20621213 0.30731784 0.31730042
 0.3283872  0.28837188 0.27317458]
439 35.6908442366139 [0.19660227 0.15881813 0.20093935 0.20551675 0.30620103 0.317076
 0.32814683 0.28794574 0.2733225 ]
440 35.2412771261498 [0.19609238 0.15860634 0.20119116 0.20483191 0.30554747 0.31695523
 0.32756623 0.28747364 0.27336288]
441 32.56316672952762 [0.1955599  0.15840343 0.20139222 0.2044356  0.30516565 0.31676094
 0.32672616 0.28743279 0.27367444]
442 43.055455630936024 [0.19507168 0.15815976 0.201604   0.20389737 0.30491686 0.31666603
 0.32613729 0.28716939 0.27393358]
443 36.91032439600537 [0.19455696 0.15796724 0.2017524  0.20346938 0.30454008 0.31646776
 0.32578565 0.28710345 0.27407121]
444 39.24344909373467 [0.19403516 0.15791787 0.20187751 0.20303965 0.30397822 0.31629731
 0.3253495  0.28686528 0.27420482]
445 28.19707970188628 [0.19372849 0.15780588 0.20199503 0.20239146 0.30396167 0.31607741
 0.32504269 0.28657388 0.27453193]
446 32.824792895035 [0.19351892 0.1575413  0.20189951 0.20186535 0.30386075 0.31601583
 0.32438659 0.2861261  0.2746265 ]
447 41.07335964328472 [0.19322542 0.15720647 0.20186116 0.20142114 0.30392763 0.31587335
 0.32387085 0.28562967 0.27475863]
448 40.46958250352601 [0.19292035 0.15703757 0.20174588 0.20101016 0.30410652 0.31578283
 0.32332648 0.28521515 0.27469824]
449 40.25868143379661 [0.1927048  0.15692576 0.2015003  0.20051758 0.30436719 0.31557688
 0.32275591 0.28487136 0.27445007]
450 43.695391167374396 [0.19244504 0.15685986 0.20123685 0.19985513 0.30472189 0.31550618
 0.32242944 0.28447929 0.27411222]
451 32.77249914972832 [0.19211405 0.15679648 0.2007448  0.19917456 0.3048455  0.31564139
 0.32204153 0.28396968 0.27384595]
452 41.73500938273664 [0.19192642 0.15670654 0.20008946 0.19861217 0.30470374 0.31595786
 0.32208841 0.28360051 0.27348825]
453 37.62026131452386 [0.1916807  0.15671202 0.19965879 0.19802164 0.30424268 0.31597209
 0.32209716 0.28324681 0.27295458]
454 34.385677191114524 [0.1915271  0.15668689 0.19932356 0.19749683 0.3036776  0.31587293
 0.32221236 0.28272881 0.27252189]
455 23.21075445670693 [0.19139562 0.15665372 0.19892801 0.19705395 0.3030531  0.31574323
 0.32226131 0.28233401 0.27220966]
456 30.78589128168775 [0.19119296 0.15673857 0.1985966  0.1964763  0.30254871 0.31595057
 0.32240676 0.2820005  0.2721853 ]
457 31.964188727995875 [0.19099652 0.15681039 0.19839723 0.19623181 0.30193061 0.31609823
 0.32244716 0.2819456  0.2721962 ]
458 28.34662951863283 [0.19088657 0.15690684 0.19809401 0.19598049 0.30122784 0.31626723
 0.32247157 0.2817751  0.27232545]
459 29.02664975080374 [0.19087833 0.15694382 0.19802131 0.19573697 0.30067057 0.31635371
 0.32259835 0.28183471 0.27239113]
460 29.566198886378857 [0.19062193 0.15696504 0.19785797 0.19547962 0.30053569 0.31631532
 0.32294106 0.28171101 0.27243078]
461 35.56569074433308 [0.19025927 0.1569825  0.19758387 0.19529832 0.30006211 0.31597838
 0.32283757 0.28151955 0.27239892]
462 39.52255768395628 [0.1900856  0.15668181 0.19740331 0.19499755 0.29976722 0.31580575
 0.32229755 0.28154437 0.27229694]
463 36.734425681149645 [0.18989576 0.15645332 0.19727044 0.19460881 0.29936703 0.31589703
 0.32187517 0.28157219 0.27218503]
464 30.026515632993807 [0.18930067 0.15625492 0.19718223 0.19428425 0.29922026 0.3157983
 0.32175423 0.28163175 0.27190566]
465 35.60473924529334 [0.18860482 0.15603015 0.1969286  0.19365651 0.29902383 0.31563266
 0.32175798 0.28181313 0.27174428]
466 26.845224406334832 [0.18797377 0.15579782 0.19679783 0.19313121 0.29872462 0.31545386
 0.3219383  0.28211701 0.27149297]
467 26.128502491691425 [0.18740617 0.15559021 0.19658246 0.19267861 0.2985081  0.31504243
 0.32192492 0.2824562  0.27125249]
468 30.426406655886 [0.1869583  0.15530127 0.19642075 0.19225775 0.29817084 0.31479137
 0.32194186 0.28277629 0.27104261]
469 42.01466865439869 [0.18659828 0.1549399  0.19597531 0.19192096 0.29790655 0.31433348
 0.32199136 0.2827962  0.27093159]
470 29.723309340680295 [0.18630874 0.15464082 0.19555573 0.19161837 0.29787602 0.31391998
 0.32201687 0.28298965 0.27113281]
471 36.94958866319029 [0.18589091 0.15440677 0.19483957 0.19142588 0.29806477 0.31380855
 0.32211834 0.283532   0.27153845]
472 22.791204766436003 [0.18563049 0.15404689 0.19422079 0.19118907 0.2980575  0.31382047
 0.32204021 0.28410751 0.27166683]
473 29.61630454250494 [0.18524562 0.15376168 0.19355605 0.19085267 0.2982415  0.31351928
 0.32154059 0.28447219 0.27176711]
474 26.191031370660554 [0.18484063 0.15346404 0.19303012 0.19057621 0.2984889  0.31319011
 0.32132601 0.28459953 0.27197101]
475 35.5575968548655 [0.18452278 0.15326399 0.19265541 0.19025957 0.29896975 0.31301125
 0.32121021 0.28460095 0.27221008]
476 27.032516467135217 [0.18426886 0.15298721 0.19248361 0.19007673 0.29930472 0.31279886
 0.32137515 0.28449543 0.27269783]
477 23.625877131977234 [0.18394001 0.15277122 0.19219343 0.18975186 0.29944627 0.31269264
 0.32182947 0.28452378 0.27331572]
478 38.20919873511495 [0.18376817 0.15256324 0.19174303 0.18931923 0.29973412 0.31252814
 0.32197923 0.28476078 0.27381836]
479 31.13250287550442 [0.18350806 0.15233882 0.19137402 0.18930996 0.3001354  0.3123369
 0.32174828 0.28499567 0.2743661 ]
480 21.619605119241168 [0.18329991 0.15192547 0.19105361 0.18936353 0.30046688 0.31236126
 0.32115338 0.28506469 0.27480228]
481 25.527931642764884 [0.18308028 0.15137499 0.19085729 0.18935037 0.30044022 0.31252373
 0.32091168 0.28521494 0.27506644]
482 26.431881277263006 [0.18301228 0.15082854 0.1907984  0.18933714 0.30054165 0.3124509
 0.32067449 0.28538681 0.27521164]
483 34.175874455134135 [0.18299713 0.15024692 0.19075366 0.1893724  0.30027912 0.31226266
 0.32040891 0.28551307 0.27562579]
484 31.17656261669729 [0.18304698 0.14964611 0.19059602 0.18943286 0.30006833 0.31252893
 0.32018812 0.28547678 0.2761807 ]
485 25.946127253314486 [0.18287235 0.14896912 0.19042833 0.18940467 0.29984499 0.31286132
 0.32018614 0.28530634 0.2769508 ]
486 27.266795441275892 [0.18256309 0.14843603 0.19027207 0.18934661 0.29974566 0.31330584
 0.32046003 0.28501267 0.27753912]
487 25.651224943911245 [0.18207541 0.14815482 0.19015206 0.18928563 0.29984106 0.31349151
 0.32072532 0.28468372 0.27802378]
488 29.522760526268055 [0.18151546 0.14790783 0.19003945 0.18934387 0.29989984 0.3135574
 0.32087287 0.28481606 0.27841192]
489 30.47742512754694 [0.18095091 0.14765776 0.18995511 0.18949465 0.29979342 0.31315228
 0.32105008 0.28495227 0.2787949 ]
490 26.043840157007658 [0.18025399 0.14743227 0.18974057 0.18958115 0.29980572 0.31271423
 0.32118218 0.28519604 0.2791237 ]
491 29.65083125429952 [0.17949068 0.14730592 0.1895729  0.18962614 0.29981342 0.31222559
 0.32120131 0.28537366 0.27951437]
492 34.07214966719937 [0.1789257  0.14703248 0.18941645 0.18983428 0.29940276 0.31132732
 0.32138864 0.28558272 0.27954488]
493 28.84700938957459 [0.17844254 0.14688485 0.18927045 0.18986208 0.29902978 0.31045053
 0.32168666 0.28588073 0.27962326]
494 29.747088015890697 [0.17792549 0.14672234 0.18920934 0.18989099 0.29878888 0.30963697
 0.32206645 0.28621608 0.27990864]
495 26.57854584034261 [0.17742422 0.14666166 0.18893156 0.18985965 0.29840397 0.30879333
 0.32263537 0.28649321 0.28001115]
496 25.44951166545345 [0.17703769 0.14666257 0.18868494 0.18968924 0.29780274 0.30769354
 0.32323003 0.28678861 0.28027722]
497 34.859529962331834 [0.17671446 0.14665181 0.18851459 0.18952791 0.29717576 0.30689464
 0.32374807 0.28711356 0.28053102]
498 29.940090760274167 [0.17644096 0.14658777 0.18837459 0.18913508 0.29635321 0.30640225
 0.3246935  0.28735824 0.28070119]
499 31.685726110113265 [0.17621459 0.14648151 0.18823656 0.18876353 0.29576996 0.30612531
 0.32545442 0.28713591 0.28066685]
