0 9985.65139236598 [0.30196895 0.29728096 0.29915616 0.29728096 0.30196895 0.30196896
 0.30009376 0.29821856 0.29915616 0.29821856]
1 10148.398392585283 [0.30458    0.29490347 0.30071757 0.29390268 0.30207946 0.30146815
 0.30025194 0.2979793  0.29921905 0.29748208]
2 10049.775584843208 [0.3057515  0.29329272 0.30232754 0.29162672 0.30208369 0.30194423
 0.30166057 0.29757462 0.29971938 0.29653782]
3 9794.676158284534 [0.30602583 0.29167672 0.30398628 0.28957541 0.30126652 0.30228113
 0.30327181 0.29746288 0.30016297 0.29521345]
4 10071.106499422625 [0.30676617 0.29097589 0.30495246 0.28766865 0.30066888 0.30290852
 0.30476184 0.29796651 0.30060814 0.2941682 ]
5 10069.486737364681 [0.30656153 0.29018457 0.30656864 0.28561531 0.29988865 0.3034578
 0.30584619 0.29875357 0.30042965 0.29394968]
6 10070.797176370274 [0.3061567  0.28905237 0.3081645  0.28364428 0.29919364 0.30337008
 0.30671864 0.29919692 0.30011168 0.2949755 ]
7 10152.263661171462 [0.30557746 0.28848757 0.30953146 0.28228697 0.29815499 0.30329985
 0.30765736 0.29942542 0.3000062  0.29572352]
8 9940.164106072167 [0.30425919 0.28811804 0.31049426 0.28095624 0.29717738 0.30314296
 0.30785565 0.29973918 0.30001106 0.29605049]
9 9924.420681777874 [0.30348515 0.2881349  0.31148928 0.27972329 0.29657524 0.30367865
 0.30845317 0.30016234 0.30032164 0.29571032]
10 9881.536686555879 [0.30271041 0.28816155 0.31247906 0.2786016  0.29622809 0.30414566
 0.30844759 0.30045732 0.30075068 0.29534695]
11 9893.841662660287 [0.30181068 0.28833316 0.31330179 0.27759458 0.29586869 0.30440596
 0.3083963  0.30093799 0.30071817 0.29509436]
12 9898.599630266985 [0.30117795 0.28856227 0.31340449 0.27705903 0.29564103 0.30461229
 0.30827457 0.30148861 0.30039863 0.2947089 ]
13 9886.266698122912 [0.30042265 0.28877081 0.31371433 0.27656471 0.29525616 0.30469421
 0.3082426  0.30195136 0.30018329 0.29402737]
14 9889.302061232931 [0.29925622 0.28855237 0.31423759 0.27616284 0.29540866 0.30476989
 0.30844939 0.3027153  0.29987131 0.29341045]
15 9844.518334820274 [0.29830808 0.28815283 0.31482448 0.27586525 0.29548563 0.30497419
 0.30852753 0.30328134 0.29944888 0.29294832]
16 9953.60597451165 [0.2979294  0.28791689 0.31550344 0.27561868 0.29532254 0.30510892
 0.30862838 0.30364474 0.29869835 0.29244824]
17 9873.17672881731 [0.2975001  0.28775602 0.31626844 0.27508871 0.29516354 0.30537057
 0.30903884 0.30343924 0.29800646 0.29202959]
18 9819.346805636436 [0.29656367 0.28781048 0.31704308 0.27453646 0.29460588 0.30543827
 0.30945701 0.30334969 0.29727638 0.29174386]
19 9740.875630132356 [0.29599044 0.28765322 0.31789492 0.27369609 0.29420396 0.30557505
 0.31015336 0.30298337 0.29654008 0.29145528]
20 9777.854487170116 [0.29572165 0.28734822 0.31849889 0.27289664 0.29366978 0.30563656
 0.31099838 0.30251529 0.29598926 0.29132806]
21 9819.653496018676 [0.29554538 0.28687915 0.31900441 0.27229925 0.29325875 0.30578639
 0.31171352 0.30245073 0.29571264 0.29116976]
22 9744.236857319154 [0.29525989 0.28622961 0.31961396 0.27197231 0.29291969 0.30612792
 0.31241158 0.30261608 0.29516111 0.29093047]
23 9718.647140404819 [0.29450487 0.28561738 0.32024303 0.27166383 0.2923673  0.30633554
 0.31299834 0.30280122 0.29465521 0.2906265 ]
24 9841.590097456592 [0.29404482 0.28530866 0.32057236 0.27138205 0.29169238 0.3063279
 0.31345918 0.30290832 0.2940203  0.2906892 ]
25 9625.289110948317 [0.29380322 0.28486288 0.32099785 0.27131866 0.29114782 0.30647329
 0.31418405 0.3030542  0.29347406 0.29071131]
26 9715.90841950573 [0.29377045 0.28416271 0.32133956 0.27148892 0.29038    0.30670414
 0.31488029 0.30290648 0.29292739 0.29074519]
27 9692.539948586538 [0.29364793 0.28356317 0.32160319 0.2716103  0.2896643  0.30706297
 0.31534564 0.30317273 0.29235215 0.29062684]
28 9715.42512891853 [0.29372627 0.28331086 0.3215402  0.27170113 0.28899412 0.30754991
 0.31559833 0.30319934 0.29184429 0.29069793]
29 9612.607983009992 [0.29377665 0.28308797 0.32132185 0.27172589 0.28808569 0.30769188
 0.31563014 0.30332344 0.29124448 0.29078505]
30 9654.036080872993 [0.2938979  0.28254175 0.32106873 0.27193981 0.28724454 0.30788849
 0.31587457 0.30338949 0.29068839 0.290665  ]
31 9529.127356132238 [0.29379222 0.28218291 0.32099735 0.27192429 0.28644981 0.30808007
 0.31592919 0.30337217 0.29004545 0.29080204]
32 9467.21845351204 [0.29360531 0.2816158  0.32145605 0.27180233 0.28584836 0.30822773
 0.31635006 0.30349535 0.28958715 0.29063727]
33 9573.799298614027 [0.29318044 0.28128766 0.32154399 0.27137393 0.28518115 0.30863345
 0.316846   0.30353074 0.28916263 0.29040673]
34 9568.028131973715 [0.29288099 0.28085459 0.32156487 0.27093322 0.2842794  0.30896488
 0.3174915  0.30323696 0.28836899 0.29022073]
35 9617.709680961716 [0.29256653 0.28049452 0.32181386 0.27057867 0.28337487 0.3087128
 0.31788959 0.30308784 0.28760056 0.28991166]
36 9551.946593588202 [0.2921004  0.28020266 0.32222425 0.27047773 0.28250786 0.30840598
 0.31793845 0.30321818 0.28667435 0.28963545]
37 9472.864075532561 [0.29169122 0.27993458 0.3223232  0.27037455 0.28158895 0.3081613
 0.31814699 0.30340738 0.2857022  0.28936601]
38 9458.43756027204 [0.29130352 0.27977112 0.32229223 0.27028401 0.28088679 0.30794937
 0.31855113 0.30350997 0.28496695 0.28918028]
39 9391.234366101982 [0.29104944 0.27998072 0.32251896 0.27029138 0.28035722 0.3076069
 0.31937562 0.30361337 0.28431822 0.28907532]
40 9566.503213743872 [0.29105481 0.27982877 0.32270684 0.27049404 0.27996722 0.30739165
 0.31973284 0.30390714 0.28344177 0.28935713]
41 9443.834527318188 [0.29095377 0.27964027 0.32307804 0.27077582 0.27949565 0.30702989
 0.32007542 0.30410411 0.28289459 0.28964838]
42 9309.197336056943 [0.29088202 0.27979008 0.323649   0.27096688 0.27910989 0.30663113
 0.32057206 0.30384562 0.2826217  0.2896556 ]
43 9297.213246857547 [0.29081014 0.2799139  0.32415466 0.27092336 0.27858393 0.30618179
 0.32106936 0.30360495 0.28236128 0.28958625]
44 9303.471733458506 [0.29082166 0.27976446 0.32471548 0.27103626 0.27819282 0.30608347
 0.32159437 0.30372242 0.28211711 0.28942536]
45 9575.325857611188 [0.29108555 0.2798704  0.32538681 0.27124644 0.27797909 0.30593323
 0.32251812 0.30396949 0.28158567 0.28941602]
46 9429.123128210984 [0.29110505 0.27974933 0.32600165 0.27151262 0.27776393 0.30568826
 0.32343253 0.30414396 0.28098349 0.28897306]
47 9219.14558417106 [0.29117912 0.27979093 0.32641973 0.27189765 0.27762429 0.30515182
 0.32415177 0.30425928 0.28039012 0.28844722]
48 8983.026271816678 [0.2911491  0.27982531 0.32657553 0.27250557 0.27761524 0.30455527
 0.32496714 0.30432309 0.2801407  0.28798786]
49 9351.809905396425 [0.29133507 0.27987343 0.32659965 0.27289926 0.27746405 0.3042094
 0.32614472 0.30402245 0.28009068 0.28747011]
50 8847.798546112681 [0.29145139 0.27983735 0.32662507 0.27322485 0.27710195 0.30393735
 0.32726519 0.3037792  0.27987677 0.28704302]
51 9121.431941120423 [0.29149122 0.2798194  0.32650404 0.27326543 0.27656139 0.30366434
 0.3283905  0.3037904  0.27941597 0.28660897]
52 9256.846676307101 [0.29138988 0.27986553 0.32623994 0.27325294 0.27588261 0.30355144
 0.32955828 0.30376466 0.27904813 0.28634867]
53 9454.90269730753 [0.2912793  0.27975725 0.32642392 0.27323225 0.27513796 0.30330919
 0.33051289 0.30363452 0.27836316 0.28583395]
54 9342.493720546907 [0.29106894 0.27966186 0.32700803 0.2733465  0.27459257 0.30287262
 0.33146987 0.30357228 0.27798768 0.28523258]
55 8873.951616512422 [0.29100205 0.27947564 0.32737542 0.27380861 0.27424598 0.30287293
 0.33296981 0.30359682 0.27740232 0.28470485]
56 8755.85249548631 [0.29096257 0.27924926 0.32739139 0.2743255  0.27400322 0.30266422
 0.33471908 0.3036878  0.27672724 0.28425741]
57 8954.199405440533 [0.29075328 0.27861633 0.3270813  0.27476527 0.27350079 0.30237382
 0.33644475 0.30395023 0.27603346 0.28430292]
58 8598.172353586728 [0.29017919 0.27786677 0.32656316 0.2750035  0.27321165 0.3022624
 0.33794034 0.30414956 0.27550526 0.28409194]
59 9004.803770365654 [0.28923593 0.27718534 0.32620567 0.27532958 0.27315926 0.30203401
 0.33961863 0.30465668 0.27483274 0.28394684]
60 8931.034782937331 [0.28821724 0.27652024 0.32589674 0.27573636 0.27309256 0.30171952
 0.341421   0.30486532 0.27416599 0.28376197]
61 9290.492061565135 [0.28735148 0.27608831 0.32540668 0.27616722 0.27312782 0.30134686
 0.342978   0.30507855 0.27361169 0.28349966]
62 8488.510201931545 [0.28672478 0.2755712  0.32504104 0.2766849  0.27283622 0.30127376
 0.34395677 0.30477849 0.27316484 0.28328613]
63 8366.316169778596 [0.28598685 0.27487872 0.32468862 0.27712259 0.27234779 0.3013152
 0.34467009 0.30459628 0.27308642 0.28310701]
64 8497.771604552912 [0.28544319 0.27449202 0.32404509 0.27746062 0.27165627 0.30121243
 0.34538387 0.30422384 0.27283113 0.28317465]
65 8501.05631644076 [0.28524329 0.27406833 0.32345625 0.27792482 0.27080962 0.30116145
 0.3463791  0.30376806 0.27271417 0.28321445]
66 8524.086116123362 [0.28514909 0.27333085 0.32289648 0.27834777 0.27024757 0.30108794
 0.34714724 0.30348338 0.27271256 0.28318903]
67 8775.7342993061 [0.28540258 0.27266249 0.32208018 0.27873571 0.26982028 0.30127123
 0.3475647  0.30324795 0.27260129 0.28325817]
68 8513.976256002612 [0.28571961 0.27181218 0.3210472  0.27894991 0.26920268 0.30166916
 0.34776144 0.3031598  0.27258643 0.28276068]
69 8339.177735021385 [0.2859082  0.27113796 0.32048465 0.27938207 0.26864342 0.30191245
 0.34768342 0.30316375 0.27276969 0.28265431]
70 7978.633146388245 [0.28603128 0.27051934 0.3205626  0.27984278 0.26803907 0.30250736
 0.34742815 0.30362793 0.27319587 0.28270449]
71 8594.848626172638 [0.28626988 0.26991891 0.32105315 0.27993852 0.26738974 0.30313412
 0.34747843 0.30372351 0.27321639 0.2828767 ]
72 8609.580015841599 [0.28647987 0.26896623 0.32105561 0.28003095 0.26658423 0.30310475
 0.3476035  0.30354851 0.273071   0.28345954]
73 8461.353395548469 [0.2866597  0.26817489 0.32103688 0.28012901 0.26558281 0.30281312
 0.34754783 0.30353925 0.27250762 0.28398476]
74 8001.759753301502 [0.28671255 0.26739154 0.32103488 0.27997945 0.2646317  0.3026185
 0.34821262 0.30334689 0.27169631 0.28438943]
75 7657.057694392641 [0.2868671  0.26670496 0.32115632 0.27988261 0.26355897 0.30241648
 0.3493037  0.3033578  0.27098121 0.2845758 ]
76 8397.893155957488 [0.28678698 0.26616801 0.32137992 0.27958691 0.26251508 0.30254138
 0.35090576 0.30340148 0.27010249 0.28456036]
77 8297.662889558147 [0.28669572 0.26553461 0.3215001  0.27994816 0.26146911 0.30281417
 0.35274489 0.30331443 0.26919679 0.28444197]
78 7519.801355937814 [0.286717   0.26455311 0.32155493 0.28000964 0.2602688  0.30309402
 0.35393384 0.30308193 0.268369   0.28429438]
79 8425.638089137086 [0.28675536 0.26349734 0.3213077  0.28007535 0.25916508 0.30330124
 0.35470334 0.30304136 0.26786966 0.28408308]
80 7914.621212872673 [0.28679192 0.26242574 0.32110562 0.28035915 0.2576388  0.30393838
 0.35539069 0.30323803 0.26772006 0.28397281]
81 8283.188262417187 [0.28655099 0.26160617 0.32104526 0.28050333 0.25617151 0.30429005
 0.35617045 0.30334012 0.26763794 0.28374685]
82 7406.88459798223 [0.2863947  0.26088322 0.32099768 0.28054462 0.25472281 0.30481883
 0.35694897 0.30312647 0.26738921 0.28349462]
83 7977.337525800588 [0.2864442  0.26021934 0.32085449 0.28076401 0.25341979 0.30545883
 0.35743926 0.30297334 0.26702199 0.28334274]
84 6593.853509629636 [0.28651913 0.2595859  0.32108866 0.28103971 0.25225297 0.30643361
 0.35823322 0.30282006 0.26666005 0.28391137]
85 6361.966677988175 [0.28634322 0.25907932 0.32128627 0.28142852 0.25108382 0.30751947
 0.35901572 0.3027166  0.26632541 0.28443941]
86 5883.818282508311 [0.28624947 0.25877747 0.32149276 0.28188644 0.25007376 0.30830188
 0.35965385 0.30267907 0.26584552 0.28491579]
87 5831.62657425457 [0.28626633 0.25846607 0.32143666 0.28211782 0.24931068 0.30905262
 0.36071404 0.30265091 0.26566737 0.28553812]
88 6601.005621532094 [0.28622086 0.25824138 0.32135266 0.28239895 0.24844744 0.30977342
 0.36160627 0.30233969 0.26589191 0.28638343]
89 6555.960745469611 [0.28631054 0.2577779  0.32133251 0.28231573 0.2477441  0.31027844
 0.36275682 0.3020247  0.26600573 0.28747329]
90 5932.082405186571 [0.2860107  0.25758343 0.32117861 0.28234989 0.24692232 0.31078677
 0.36399849 0.30172684 0.26624572 0.28900556]
91 6813.059026205597 [0.28601043 0.25734397 0.32071534 0.28257931 0.24623738 0.31132459
 0.36484642 0.30155601 0.26639215 0.29025174]
92 6800.166913821959 [0.28613372 0.25728913 0.32008027 0.28260286 0.24555779 0.31178079
 0.36579596 0.30119222 0.26659954 0.29121204]
93 6420.389654260749 [0.28651122 0.25692897 0.31983635 0.28238467 0.24462892 0.31244214
 0.36665613 0.30087877 0.26686664 0.29229332]
94 6340.713789979044 [0.28706787 0.25667728 0.31978055 0.28196414 0.24389313 0.3132148
 0.36745348 0.30042596 0.26709866 0.29321155]
95 6761.51021380294 [0.28749163 0.25624048 0.31968576 0.28163289 0.24315371 0.3138483
 0.36799639 0.30064083 0.26731365 0.29428776]
96 6354.204926550837 [0.28782305 0.25584142 0.31945463 0.281386   0.24260967 0.31432035
 0.3685357  0.30093047 0.26752638 0.2953207 ]
97 6504.107680255474 [0.28793467 0.25524269 0.31926459 0.28088015 0.24213849 0.3148915
 0.36912722 0.30114614 0.26798726 0.29595173]
98 5264.229281559927 [0.28768004 0.25423431 0.31882354 0.28042523 0.24177008 0.31543293
 0.36978312 0.3014173  0.268312   0.29634024]
99 6705.378429976486 [0.28742891 0.25318473 0.31864799 0.28005089 0.2415684  0.31616771
 0.37054003 0.3017297  0.26872577 0.29663827]
100 5941.043383078123 [0.28691554 0.25230367 0.31795613 0.27957319 0.24143496 0.31645662
 0.3714257  0.30216317 0.26918358 0.29691241]
101 6989.786424117142 [0.28655371 0.25140728 0.31713972 0.27913323 0.2414583  0.31696825
 0.37162901 0.30266205 0.26985659 0.29698913]
102 6908.7771547191605 [0.28657634 0.25091367 0.31607131 0.27875922 0.24143838 0.31710609
 0.37188536 0.30321178 0.270251   0.29685862]
103 6359.5389810637525 [0.28637724 0.25073549 0.31487785 0.27867904 0.2416399  0.31715817
 0.37188076 0.30403729 0.27055893 0.29663768]
104 7197.3129697501045 [0.28589968 0.25048821 0.31336965 0.27844642 0.24174215 0.31670009
 0.37220654 0.30479622 0.27036682 0.29610701]
105 6742.832604841215 [0.28550756 0.25059556 0.31176672 0.27845046 0.24138121 0.316232
 0.37302516 0.30560743 0.27015465 0.29583531]
106 5935.245604091142 [0.28488211 0.25045712 0.31015231 0.27851665 0.24110802 0.31517924
 0.37379678 0.30644685 0.26997482 0.29559994]
107 5288.294673224351 [0.28416455 0.25039142 0.3083363  0.27841654 0.24076701 0.31476115
 0.37414409 0.30710319 0.26992869 0.29570153]
108 6975.647242621194 [0.2834578  0.25037093 0.30636973 0.27827244 0.24047976 0.31458769
 0.37422872 0.30768136 0.26995309 0.2958088 ]
109 6432.370526737945 [0.28306701 0.25049241 0.30448946 0.27828098 0.2399781  0.3145678
 0.37394331 0.30831987 0.2699155  0.29609541]
110 6219.718313101349 [0.28260945 0.25042879 0.30236911 0.27829099 0.23938304 0.31474726
 0.37411906 0.30873124 0.26974786 0.29614492]
111 6201.875072523329 [0.28196897 0.25023614 0.30062173 0.2784682  0.23894301 0.31505394
 0.37487676 0.30870996 0.26951034 0.296175  ]
112 5294.341413820866 [0.2814304  0.25019564 0.29903112 0.2786768  0.2386833  0.31517147
 0.37530393 0.3085016  0.26936096 0.29620677]
113 6615.647089136182 [0.28090576 0.25022183 0.29755182 0.2786759  0.2384108  0.31558712
 0.37572074 0.30842617 0.26923255 0.29617507]
114 5673.77239441617 [0.28046258 0.25026552 0.29634768 0.27873415 0.23821281 0.31589772
 0.3761809  0.30864462 0.26890097 0.29610278]
115 6126.927987186418 [0.28002251 0.25024611 0.2952828  0.27933007 0.23827664 0.31619439
 0.3768732  0.30900386 0.26876382 0.29572347]
116 5803.438089529105 [0.27933619 0.25014895 0.29417328 0.27977647 0.23821255 0.31634304
 0.377369   0.30940022 0.26859606 0.29538981]
117 6345.8819114659545 [0.27870747 0.25013703 0.29314865 0.28023562 0.23835386 0.31627096
 0.37783246 0.30967319 0.26851644 0.2952096 ]
118 5591.876489991611 [0.277924   0.25009806 0.29238259 0.28078528 0.23855798 0.31595709
 0.37832527 0.30977843 0.26791658 0.29537437]
119 5366.575663139771 [0.27719001 0.25024335 0.2914505  0.2812085  0.23880725 0.31561357
 0.37899961 0.30989399 0.26741583 0.29533226]
120 5395.18478777063 [0.27660143 0.25018141 0.29075925 0.28179658 0.2390969  0.31531006
 0.37980158 0.30998504 0.26686246 0.29529264]
121 5022.964734110206 [0.27592133 0.24984784 0.29010476 0.28213401 0.23937851 0.31501298
 0.38073213 0.31003803 0.26632586 0.29531682]
122 5205.336599193264 [0.2753169  0.2496466  0.28941107 0.28236733 0.2397712  0.31477502
 0.38158293 0.3100788  0.2659063  0.29534555]
123 5375.889339740988 [0.27483335 0.2492343  0.28883814 0.28272275 0.24005975 0.31448706
 0.38249509 0.31035632 0.26544843 0.29526832]
124 5628.837708473287 [0.27468684 0.2487333  0.28822676 0.28274322 0.24023506 0.31440789
 0.38342044 0.31093397 0.26521428 0.29525292]
125 5451.07170584039 [0.27455257 0.24816812 0.2876045  0.28270736 0.24040953 0.31460363
 0.38449628 0.31156205 0.2651368  0.29533026]
126 5693.717637539488 [0.27432894 0.24779484 0.28702903 0.28249502 0.24048528 0.31461866
 0.38531105 0.31194649 0.26553115 0.29554444]
127 5211.056185963704 [0.27377906 0.24748289 0.28653136 0.28247877 0.24053206 0.31457842
 0.38650006 0.31235876 0.26596735 0.29578001]
128 5594.079634875016 [0.27308791 0.24749218 0.28631462 0.28262306 0.24049459 0.31417866
 0.38759885 0.31286028 0.26608548 0.29609069]
129 6019.6151677171765 [0.27226714 0.24750049 0.28611127 0.28264432 0.24051561 0.31358015
 0.38803245 0.31337121 0.26608713 0.29628044]
130 5001.329872703645 [0.27164313 0.24770901 0.28606565 0.28273089 0.24064083 0.31292653
 0.38864247 0.31377301 0.2659418  0.29651426]
131 5458.370387908579 [0.27092771 0.24792604 0.28536742 0.28288924 0.24076193 0.31235529
 0.38925468 0.31386518 0.26580349 0.29681308]
132 5052.170604979385 [0.27041178 0.24808455 0.28462159 0.28301529 0.24093466 0.31184342
 0.39025569 0.31415243 0.26579645 0.29749799]
133 5635.005014240708 [0.27015424 0.24823294 0.28395428 0.28339028 0.2410982  0.31135039
 0.39079421 0.31454329 0.26595489 0.29821916]
134 4534.670613750946 [0.27014969 0.24839744 0.28345489 0.28345472 0.24099534 0.31109907
 0.39115267 0.3146748  0.2658853  0.29875779]
135 5041.000734082987 [0.26994785 0.24873584 0.28312132 0.28313232 0.24103695 0.31076597
 0.39162045 0.3144913  0.26610305 0.29882422]
136 4496.308863897171 [0.26994148 0.24920127 0.28295662 0.28280026 0.24120571 0.31043128
 0.39241421 0.31422748 0.26604636 0.29891147]
137 4679.867338320673 [0.26977346 0.24951371 0.28291721 0.28265139 0.2414665  0.30995794
 0.3935586  0.3139953  0.26602867 0.29918858]
138 4556.425086941177 [0.26957796 0.24965171 0.28256874 0.28237178 0.24187868 0.30973755
 0.39475389 0.31351391 0.26570458 0.29942969]
139 4705.806631947127 [0.26928716 0.24953547 0.28240013 0.28209251 0.24204398 0.30990206
 0.39576304 0.31343679 0.26542096 0.29925083]
140 4585.294676512596 [0.2691192  0.24950144 0.28234582 0.281804   0.24242519 0.30989918
 0.39625209 0.31359102 0.26528431 0.29913719]
141 4151.589720662872 [0.26896671 0.24952028 0.28215968 0.28141174 0.24286671 0.30986799
 0.39661207 0.31358774 0.26518088 0.29910304]
142 5072.839858293935 [0.26880759 0.24997607 0.28204817 0.28116116 0.24308617 0.30992986
 0.39692428 0.31346533 0.265143   0.29918282]
143 5145.13233409794 [0.26839975 0.2505409  0.28195411 0.28085403 0.243161   0.31039422
 0.39702132 0.31278911 0.26457325 0.29930783]
144 4773.937478343334 [0.26802817 0.2508793  0.28190758 0.28072182 0.24331129 0.31119914
 0.39727551 0.3122033  0.26416276 0.29968695]
145 5550.200347860495 [0.26771487 0.25100311 0.2818819  0.28061378 0.24349982 0.31178712
 0.39763065 0.31204678 0.26380229 0.30009124]
146 4707.826764094134 [0.26765419 0.25119454 0.2818255  0.28053155 0.24356284 0.31242247
 0.39707468 0.31152469 0.26371671 0.30067994]
147 4575.928962064072 [0.26727225 0.25131426 0.28164591 0.28063803 0.24387842 0.31316865
 0.39552486 0.31078786 0.26350447 0.30146799]
148 4723.7872102319225 [0.26714625 0.25150917 0.28165986 0.28051881 0.24438999 0.31372154
 0.39398278 0.31018417 0.26328256 0.30230048]
149 5064.452658349383 [0.2670794  0.25131306 0.28166698 0.28051489 0.24498809 0.31423309
 0.39284483 0.30939365 0.26325931 0.30284427]
150 4470.441756768025 [0.26728189 0.25118853 0.28163647 0.28038944 0.24491362 0.31461061
 0.39201088 0.30854855 0.26359673 0.30356036]
151 5480.488089943066 [0.26746605 0.25099438 0.28173443 0.28000351 0.2450605  0.31470756
 0.39132852 0.30763801 0.26380537 0.30419238]
152 4746.385086874519 [0.26758348 0.25070982 0.28153036 0.2797819  0.24517758 0.31487076
 0.39051581 0.30695663 0.26410223 0.30476886]
153 4479.288085628288 [0.26742588 0.25032735 0.28132129 0.27968796 0.24522379 0.31484358
 0.39040397 0.30639594 0.26418231 0.30530049]
154 4384.933080216792 [0.26742305 0.25017867 0.28130293 0.2797086  0.24541427 0.31460286
 0.39086789 0.30603862 0.26438778 0.30584229]
155 4604.557415014417 [0.26773561 0.25013778 0.28121696 0.27959885 0.24552882 0.31435053
 0.39173826 0.30566433 0.2646634  0.30635046]
156 3905.7456230794933 [0.26772136 0.24990745 0.28089384 0.27903838 0.24529906 0.31424597
 0.39301905 0.30526594 0.26499493 0.30711701]
157 4245.248263131684 [0.2678441  0.24951348 0.28009746 0.27858217 0.24507356 0.31403262
 0.39435181 0.30489002 0.26540524 0.30809953]
158 4298.441451445407 [0.26790042 0.24921406 0.27933361 0.2781749  0.24472842 0.31400029
 0.39567913 0.30454135 0.26573572 0.30913477]
159 3812.629141142787 [0.26794057 0.24895674 0.27846277 0.27776203 0.24463909 0.31374256
 0.39687382 0.30420112 0.266177   0.31010853]
160 3695.1255602780075 [0.26764663 0.24862448 0.27753826 0.27751393 0.24482483 0.3134535
 0.39804326 0.30409834 0.26631059 0.31086178]
161 4413.497218608207 [0.26727238 0.24833038 0.27656701 0.27727838 0.24514433 0.31323947
 0.39873254 0.30385329 0.26634839 0.3114642 ]
162 3968.5662692492115 [0.26697066 0.24826429 0.27557095 0.27709247 0.24548033 0.31316803
 0.39963547 0.30382311 0.26638537 0.31224224]
163 4754.403146669614 [0.2665513  0.24806924 0.27423514 0.27678341 0.24587535 0.31280415
 0.40066498 0.30393982 0.26557046 0.31291539]
164 3732.277493067095 [0.26646932 0.24796368 0.27312494 0.27673322 0.24603586 0.31252787
 0.40168431 0.30416595 0.26490676 0.31390939]
165 4760.396731891036 [0.26650194 0.24764741 0.27169027 0.27645215 0.24599223 0.31241106
 0.40245671 0.30443444 0.26424827 0.31478683]
166 5152.28291087921 [0.26663272 0.24728677 0.27048165 0.2763469  0.2459614  0.31188453
 0.40307104 0.30485981 0.26381514 0.3158255 ]
167 5026.86056860144 [0.26699069 0.24712834 0.26912987 0.27601373 0.24586211 0.3112831
 0.40377799 0.30552422 0.2634181  0.31651274]
168 4257.616756497377 [0.26718811 0.24678952 0.26761964 0.27560479 0.24567582 0.31058529
 0.40459472 0.30606095 0.26302303 0.31684923]
169 4773.789845401682 [0.26727451 0.24659164 0.26627504 0.27507493 0.24541015 0.30963943
 0.40588277 0.30659956 0.26287292 0.31747136]
170 4670.663354363614 [0.26756301 0.24637313 0.26494281 0.27465487 0.24518359 0.30873749
 0.40732762 0.30705737 0.26258732 0.31839997]
171 4956.691207587589 [0.26786241 0.24622966 0.26378092 0.27429928 0.24506448 0.30767797
 0.40823151 0.30756577 0.26245186 0.31943027]
172 4432.586939841245 [0.26812812 0.24587012 0.26267403 0.27404455 0.24468309 0.3067662
 0.40901634 0.30826625 0.26219712 0.32050654]
173 3748.7831855301847 [0.26838552 0.24549236 0.26196189 0.27413624 0.24414834 0.30591183
 0.40973302 0.30874203 0.26191644 0.32161844]
174 5026.418004998255 [0.2686286  0.24519606 0.26129146 0.27402165 0.2435439  0.3048479
 0.41034235 0.30978024 0.26168505 0.32275209]
175 4257.781911563572 [0.26895117 0.24487651 0.26062765 0.27392214 0.24297859 0.30424123
 0.41039072 0.31105714 0.26113149 0.32330734]
176 4130.599240337429 [0.26919731 0.24444394 0.26027313 0.27397178 0.2425963  0.30391549
 0.41068035 0.31251128 0.26078857 0.32394329]
177 3855.340556352933 [0.26961575 0.24411417 0.26018167 0.2739781  0.24200671 0.30324074
 0.41107614 0.31365678 0.26046703 0.3242365 ]
178 3879.693602617491 [0.26988042 0.24371275 0.26010029 0.27378212 0.24167594 0.30263346
 0.4114712  0.31453621 0.26026531 0.32459396]
179 4243.678550628067 [0.2698716  0.24314713 0.25977256 0.27373997 0.24152751 0.30202996
 0.41189392 0.31552594 0.26008012 0.32499445]
180 3986.688064645923 [0.26969039 0.2428313  0.25953362 0.27381744 0.24153573 0.30154543
 0.41235503 0.316274   0.25998589 0.32477997]
181 3527.9286715490794 [0.26944072 0.24246459 0.2595095  0.27398862 0.2412158  0.30095015
 0.41281733 0.31726847 0.25992994 0.32460033]
182 3731.122551207506 [0.26910078 0.24203048 0.25957883 0.27407807 0.24090667 0.30047453
 0.41236054 0.31847336 0.2600779  0.32468361]
183 4346.783588562908 [0.268983   0.24186939 0.25949816 0.27406789 0.24052405 0.30000334
 0.41238585 0.3196145  0.25999827 0.32495434]
184 3384.519342709089 [0.2686868  0.24198813 0.2595014  0.27407706 0.23995902 0.29935814
 0.41257632 0.3207409  0.25996916 0.32530674]
185 4183.620244822108 [0.26827032 0.24223968 0.25920335 0.27419446 0.23947139 0.29855093
 0.41278248 0.32218794 0.2602776  0.32531213]
186 3757.455836773622 [0.26807042 0.24253102 0.2588836  0.27440214 0.23923505 0.29788368
 0.41283844 0.32355114 0.26052243 0.32551109]
187 3857.0477794312897 [0.2676904  0.24239875 0.25870896 0.27485368 0.23900651 0.29701014
 0.41361064 0.32479278 0.26077667 0.32556279]
188 3570.058677987082 [0.26722747 0.24209699 0.2585955  0.27545133 0.23862265 0.2957874
 0.41474603 0.32591516 0.26083409 0.32565928]
189 3966.487598375865 [0.26650187 0.24195475 0.25834386 0.27610896 0.23842895 0.29489215
 0.41560248 0.3269681  0.26062731 0.32573931]
190 4206.787163831957 [0.26556143 0.24199713 0.25818713 0.27648819 0.23798243 0.29403686
 0.41665132 0.32730574 0.26033908 0.32592575]
191 3601.0283188142375 [0.26487491 0.24199499 0.25788728 0.27708796 0.237538   0.29341412
 0.41714119 0.32785943 0.26023754 0.32586416]
192 3572.6107098924826 [0.26410855 0.24167451 0.25782892 0.27774092 0.23709729 0.29303077
 0.41781678 0.32832459 0.26023013 0.32599157]
193 3483.2112302906708 [0.26352385 0.24128136 0.25791795 0.27832731 0.2368713  0.29201262
 0.41865165 0.32879542 0.26021332 0.32633643]
194 3291.955920584739 [0.26297683 0.24081392 0.25785219 0.2789455  0.23661438 0.29081832
 0.41940462 0.32922077 0.26031296 0.32654438]
195 4248.718634352097 [0.262413   0.24022639 0.25773387 0.27937946 0.23647752 0.28954486
 0.41941739 0.32966895 0.26040257 0.32707495]
196 3480.2908415908264 [0.26214183 0.23980353 0.25738416 0.27989628 0.2364181  0.28832564
 0.41972177 0.3299737  0.2607401  0.32721402]
197 4165.9372763573065 [0.2618186  0.2392975  0.25711569 0.28021881 0.23641311 0.28712478
 0.4199593  0.3300254  0.26113262 0.32749666]
198 3503.4319479994747 [0.26166556 0.23882048 0.25679382 0.28045073 0.23647273 0.28633424
 0.42078128 0.3298693  0.26154421 0.32778163]
199 4051.8052196087215 [0.2614977  0.23845595 0.25649554 0.28076188 0.23654    0.28556532
 0.42154756 0.32986141 0.26206816 0.32845839]
200 3671.724400569925 [0.26108262 0.23796149 0.25631074 0.28086523 0.23652505 0.2850669
 0.42205521 0.33015926 0.26248139 0.32867487]
201 3557.224319001208 [0.26066675 0.23742982 0.2560612  0.28070068 0.23668191 0.28471832
 0.42247021 0.33042505 0.26281421 0.32883325]
202 3624.8621456492697 [0.26013224 0.23690753 0.25575093 0.28045771 0.23653886 0.28421172
 0.42317823 0.33106772 0.26339331 0.32902238]
203 3633.724619313872 [0.25943352 0.23656776 0.25539181 0.28051604 0.23649878 0.28373247
 0.42399009 0.33142234 0.26399832 0.3293373 ]
204 3876.300255265058 [0.2589399  0.23608274 0.25517602 0.28081142 0.23642529 0.28328836
 0.424975   0.33182737 0.26464415 0.32971287]
205 3904.672255784733 [0.25844816 0.23562735 0.25494998 0.2809164  0.23613795 0.2828336
 0.42581494 0.33234688 0.26522401 0.33008414]
206 3588.892924489269 [0.2582111  0.23500499 0.2548284  0.28089424 0.23588155 0.28252954
 0.42633243 0.33280785 0.26597574 0.33061274]
207 3287.9859666032435 [0.25797747 0.23435119 0.25469053 0.28094763 0.23557876 0.28229497
 0.42703677 0.33273518 0.26683344 0.33095272]
208 4172.073610837459 [0.25731067 0.23380324 0.25439369 0.28113052 0.23537597 0.2822115
 0.42767801 0.33268505 0.26774028 0.33156748]
209 3527.674035271106 [0.25683021 0.23352753 0.25387723 0.28117395 0.23519139 0.28193928
 0.42739539 0.33277684 0.26825124 0.33220354]
210 3562.211455926109 [0.25645495 0.23338667 0.25336074 0.28095986 0.23475735 0.28164078
 0.42710357 0.33323026 0.26892492 0.3329241 ]
211 3340.2200616296877 [0.25609984 0.23360631 0.25290852 0.2807528  0.23448148 0.28119537
 0.42686259 0.33334811 0.26960056 0.33376564]
212 3173.0063786319365 [0.25602955 0.23351672 0.25239931 0.28037761 0.2341538  0.2807939
 0.42614422 0.33314291 0.27044093 0.33435485]
213 3532.081532317326 [0.25575019 0.23342038 0.2520533  0.27986414 0.23363803 0.28014595
 0.42537466 0.33267158 0.27121354 0.33516109]
214 3205.6499052768913 [0.2551421  0.23336429 0.25179138 0.27899302 0.23307802 0.27913304
 0.42524913 0.33259474 0.27219172 0.3353096 ]
215 3821.992092315708 [0.254462   0.23363099 0.25140074 0.2781772  0.23273351 0.27816551
 0.42507884 0.33216947 0.27294031 0.3359654 ]
216 3196.965304331823 [0.2538482  0.23395466 0.25087676 0.27691867 0.23226483 0.27730941
 0.42466666 0.3316239  0.27356539 0.33720668]
217 3213.575809737463 [0.25306713 0.23413438 0.25015601 0.27567534 0.2320914  0.27656028
 0.42441878 0.3314401  0.27422938 0.33803617]
218 3512.7451008229336 [0.25227016 0.23433188 0.24936723 0.27461724 0.23178714 0.27588996
 0.42416501 0.33111591 0.27476478 0.33870946]
219 3441.019710951362 [0.25168222 0.23452511 0.24873089 0.27354052 0.23150444 0.27547543
 0.42388655 0.33070129 0.27510929 0.33963115]
220 3418.4221942038976 [0.25108777 0.23447415 0.24805806 0.27264988 0.23128722 0.2751178
 0.42346106 0.33090315 0.27577785 0.34060275]
221 3302.002721812578 [0.25053398 0.2345255  0.24741618 0.27189765 0.23107583 0.27460747
 0.42299501 0.33135641 0.27624205 0.34158603]
222 3419.1267329031916 [0.25027419 0.23452341 0.24660204 0.2713305  0.23092982 0.27419626
 0.42313745 0.33187213 0.27673074 0.3421463 ]
223 3205.5995252370694 [0.24994216 0.2343418  0.2459058  0.27080438 0.23078708 0.27383037
 0.42309831 0.3324352  0.27690445 0.34282052]
224 3211.3714299960307 [0.24950199 0.23418278 0.24529504 0.27032942 0.23059716 0.27345832
 0.423346   0.33248563 0.27698772 0.34324604]
225 3284.110010140952 [0.24926412 0.2336587  0.24464133 0.26968352 0.2304528  0.2729173
 0.42382545 0.33250749 0.27672499 0.34356514]
226 3288.2001353943024 [0.24912374 0.23284813 0.24395699 0.26898948 0.23038462 0.27240708
 0.42419509 0.33244424 0.27645202 0.34397499]
227 2957.422460843166 [0.24911129 0.23194499 0.24338057 0.26853982 0.23018738 0.2721324
 0.42433442 0.33232636 0.27633554 0.3443403 ]
228 3480.4015082128835 [0.24912321 0.23094783 0.24257328 0.26860044 0.22984751 0.27192938
 0.42431024 0.33208864 0.27604299 0.34482383]
229 3498.978625605585 [0.24910371 0.23032553 0.24191526 0.26817589 0.22964332 0.27166123
 0.42439845 0.33220226 0.27606505 0.34515752]
230 3508.639997202611 [0.24904458 0.2298449  0.24141423 0.26759092 0.22946192 0.27144313
 0.42447468 0.33247687 0.27606474 0.34513013]
231 2920.889029155705 [0.24892489 0.22968193 0.24098075 0.26698382 0.22904842 0.27121939
 0.4241915  0.33292174 0.27600856 0.34523845]
232 3391.3042490387566 [0.24892308 0.22947855 0.2405005  0.26669156 0.22860833 0.27104235
 0.42466831 0.33306794 0.2762258  0.34503595]
233 3102.745064624728 [0.24891013 0.22896257 0.23983292 0.26650141 0.22805277 0.27085167
 0.42524096 0.33300679 0.27649456 0.34492873]
234 3202.0551371902693 [0.24875476 0.22868732 0.23921876 0.26639155 0.22758215 0.27052018
 0.42566473 0.33265066 0.27671575 0.34471043]
235 2963.2448531241707 [0.24872573 0.22827952 0.23840236 0.2662673  0.22707324 0.27022807
 0.42595669 0.3322236  0.27693668 0.34408875]
236 3184.6121147773856 [0.24881539 0.227839   0.23788871 0.26645039 0.22665794 0.2699561
 0.42619755 0.33138459 0.27728691 0.34313419]
237 2876.7135457362747 [0.24890039 0.22749041 0.23744937 0.26671631 0.22625547 0.26959143
 0.42655284 0.33040215 0.27775314 0.34200935]
238 2817.220352006162 [0.24886032 0.22719338 0.23705842 0.26694067 0.22584003 0.2693172
 0.42633395 0.32969229 0.27808904 0.34146396]
239 2967.2865716776114 [0.24880472 0.2268892  0.23670836 0.26730525 0.22548005 0.26911534
 0.42622742 0.32953589 0.27850025 0.34108163]
240 2908.774631423977 [0.24871552 0.22669564 0.23644396 0.2678767  0.22505986 0.26900967
 0.42610759 0.32955746 0.27880714 0.34061052]
241 2882.149496543892 [0.24893278 0.22666207 0.23624178 0.26840974 0.22455074 0.26920184
 0.42565482 0.32982303 0.27910527 0.34031608]
242 2866.497681181654 [0.24896766 0.22677582 0.23615004 0.26887624 0.22398805 0.26913573
 0.42563648 0.32915717 0.27972458 0.33947102]
243 2852.3678940540626 [0.24912913 0.22691772 0.23584599 0.26923979 0.2233273  0.26924424
 0.42525909 0.32847416 0.28047532 0.33876601]
244 2778.673515482452 [0.24948882 0.22707284 0.23554791 0.26988466 0.22267968 0.26960888
 0.42529429 0.32752759 0.28168033 0.33834195]
245 3173.840053990784 [0.24976256 0.22713418 0.23548602 0.27055719 0.22207471 0.27014766
 0.4246393  0.32697881 0.28297491 0.33832944]
246 3072.001734010387 [0.25033496 0.22727407 0.23538046 0.27086397 0.22160233 0.27070315
 0.42462732 0.32615775 0.28444015 0.33834999]
247 2776.713578865496 [0.25076218 0.22730633 0.23528208 0.27088584 0.22134178 0.27146049
 0.42395666 0.32529823 0.28551036 0.33805972]
248 2837.4897573371736 [0.25105409 0.22738897 0.23507619 0.27103429 0.22113688 0.27190987
 0.42395764 0.32457875 0.28648878 0.33794908]
249 3438.882154393367 [0.2509898  0.22755681 0.23491136 0.27076601 0.22073476 0.27206023
 0.42339327 0.32420742 0.28736779 0.3377558 ]
250 3240.493117495678 [0.2507445  0.22769796 0.23480121 0.27074554 0.22037954 0.27224875
 0.4222267  0.32393226 0.28792727 0.33683959]
251 2872.9083704445466 [0.25050708 0.22749769 0.23471121 0.27076079 0.22000423 0.27265644
 0.42084934 0.32365266 0.28832018 0.33577453]
252 2766.761604600596 [0.25043328 0.22728304 0.23461483 0.27075227 0.21954294 0.27312424
 0.41984396 0.32346703 0.28830692 0.33506932]
253 2791.7494896135063 [0.25036606 0.22690179 0.23457417 0.27056795 0.21895658 0.27393072
 0.41874128 0.32273553 0.2885606  0.33466855]
254 2834.9017154028306 [0.25056765 0.22644671 0.23452155 0.27056738 0.2184741  0.27462774
 0.41740366 0.32210957 0.2888669  0.33450647]
255 2724.426458937952 [0.25062936 0.22590965 0.23456685 0.27054412 0.2181677  0.2753976
 0.41611692 0.32201528 0.2891502  0.3339823 ]
256 2820.1713496678544 [0.25081454 0.2256082  0.2347122  0.27022205 0.21768618 0.27612452
 0.41542653 0.32169634 0.28962784 0.33321145]
257 2859.272257915779 [0.25086977 0.22544428 0.23486135 0.27007247 0.2170073  0.27662264
 0.41549733 0.32099007 0.28980736 0.33233444]
258 2727.521890259379 [0.25098861 0.22545756 0.23498073 0.26985979 0.2164687  0.27684165
 0.41571642 0.32052954 0.29003175 0.33163213]
259 2638.571279289822 [0.25099346 0.22542984 0.23501278 0.26961277 0.21602022 0.27690522
 0.41584947 0.32018702 0.29057894 0.33077354]
260 2913.318673686594 [0.25120114 0.22539389 0.23501546 0.26945088 0.21579871 0.27713272
 0.41611986 0.3193293  0.29127815 0.33005226]
261 2665.7121238332206 [0.25135505 0.2253614  0.23483257 0.26939912 0.21549896 0.27722828
 0.41621166 0.3183688  0.29181688 0.32972904]
262 2804.944997098184 [0.25127637 0.2252985  0.23463183 0.26916366 0.21514747 0.27753342
 0.41626979 0.31692524 0.29227252 0.32894538]
263 2813.2869717705457 [0.25094189 0.22478755 0.23457618 0.26862175 0.21462165 0.27770332
 0.41613779 0.31604189 0.29269633 0.32812941]
264 2869.1327748949097 [0.25081278 0.22415566 0.23443761 0.26784456 0.21417939 0.27776865
 0.41614    0.3156646  0.29293395 0.32717325]
265 2665.6426914410686 [0.25067333 0.22335621 0.23424472 0.26741677 0.21369667 0.27773716
 0.4168635  0.31518448 0.2930515  0.32632631]
266 2590.080676525502 [0.2504739  0.22264128 0.23410554 0.2665056  0.21302811 0.27767189
 0.41704601 0.31499717 0.29340243 0.32549171]
267 2738.635848634188 [0.25033493 0.22202824 0.23394727 0.26548413 0.21249563 0.27757326
 0.41778541 0.31520171 0.29382034 0.32476897]
268 3021.1332168318113 [0.25049361 0.22157931 0.23389555 0.26445389 0.21200398 0.27730428
 0.41835386 0.31510242 0.29379515 0.3241938 ]
269 3519.971032359898 [0.25073062 0.22114022 0.23348491 0.26354533 0.21156506 0.27685421
 0.41955684 0.31489126 0.29411914 0.32351338]
270 2785.846195176843 [0.25087302 0.22078795 0.23311961 0.26245781 0.21125572 0.27642335
 0.42076612 0.31489144 0.29440134 0.32297548]
271 2947.981877489474 [0.25094647 0.22068348 0.2326761  0.26150774 0.21092335 0.2759585
 0.42206932 0.31483284 0.29513031 0.3224817 ]
272 2733.8551304754124 [0.25081345 0.22064953 0.232235   0.26043236 0.21059903 0.27548123
 0.42352658 0.31470516 0.29629615 0.32228584]
273 2928.283090223278 [0.2506851  0.22068711 0.23175455 0.25930607 0.21039797 0.27465371
 0.42536898 0.31464534 0.29729754 0.32206644]
274 2868.8747282977515 [0.25044393 0.22064138 0.23111125 0.25818708 0.21044746 0.27373513
 0.42721925 0.3148044  0.29821859 0.32184008]
275 2526.4580130017266 [0.25028937 0.2205236  0.23059575 0.25701424 0.21048281 0.27319344
 0.42882654 0.31451933 0.29922976 0.32163172]
276 2600.6928746636786 [0.25028308 0.22043321 0.23012926 0.25590899 0.21050093 0.27285624
 0.43048701 0.3141845  0.30035565 0.32140351]
277 3011.3566157268897 [0.25037597 0.22022758 0.22970824 0.25521763 0.21052395 0.27248478
 0.43223949 0.31376016 0.30127637 0.3210435 ]
278 2363.6691821696504 [0.25046718 0.21996793 0.22938652 0.25452251 0.21055503 0.27232698
 0.43399385 0.31350622 0.3020824  0.32084735]
279 2775.8751856479676 [0.25049034 0.21972191 0.22884706 0.25376859 0.21037587 0.27202116
 0.43571147 0.31339743 0.30326948 0.32080537]
280 2561.8103579834624 [0.25044288 0.21949626 0.22838474 0.25310376 0.21008605 0.27181979
 0.43757165 0.31327469 0.30452078 0.32066468]
281 2943.9849195226266 [0.25038021 0.21920671 0.22802725 0.25250096 0.20934725 0.27140878
 0.43938041 0.31328302 0.30544219 0.32055473]
282 2466.455956505172 [0.25065115 0.21909605 0.22784705 0.25243748 0.20845592 0.27061029
 0.44077053 0.31322328 0.30666378 0.31946073]
283 2405.637838020314 [0.25094228 0.21886869 0.22747056 0.25252868 0.20762683 0.27006071
 0.44242705 0.31302719 0.30766667 0.31846391]
284 2494.4738331687513 [0.25118653 0.21869578 0.22702042 0.25263273 0.20693478 0.26975926
 0.44418822 0.31287971 0.30828605 0.3177824 ]
285 2505.023529392215 [0.25117998 0.21835524 0.22701993 0.25274453 0.20632191 0.26933543
 0.44568674 0.31261061 0.30964    0.31742677]
286 2605.9417189473443 [0.25122779 0.21802403 0.22709785 0.25297344 0.20599432 0.26899088
 0.44684285 0.31252302 0.31093338 0.31697916]
287 2440.482482499164 [0.2510704  0.21800766 0.22728118 0.25305126 0.2057738  0.2685294
 0.44810323 0.31239919 0.31207336 0.31647248]
288 2509.086816560058 [0.25113681 0.21785225 0.22756426 0.25352364 0.2055427  0.26816295
 0.44882723 0.31234477 0.3137576  0.31622784]
289 2523.2784079298535 [0.2510661  0.21750898 0.22774438 0.25393687 0.20526845 0.2679538
 0.4483401  0.31205181 0.31431085 0.31594374]
290 2413.250720389175 [0.25113585 0.21729201 0.22794495 0.2542284  0.20503795 0.26768868
 0.44813991 0.31135833 0.3145767  0.31581046]
291 2406.484089895853 [0.25121324 0.21693023 0.22812663 0.2546795  0.20485771 0.26750421
 0.44852301 0.31062963 0.31504566 0.31569349]
292 2362.199039990937 [0.25128171 0.21663831 0.22840668 0.25494162 0.20463668 0.26750246
 0.44892187 0.31032103 0.31572398 0.31518653]
293 2459.4406732840953 [0.25130657 0.21646432 0.22893088 0.25534044 0.20450484 0.26742742
 0.44942698 0.30940128 0.31673797 0.31520032]
294 2387.560234111251 [0.25138897 0.21631234 0.22926962 0.25566078 0.20451901 0.26744528
 0.4502008  0.30858895 0.31744545 0.3149171 ]
295 2474.967344557508 [0.2513601  0.21615698 0.22975743 0.25584067 0.20416324 0.26752804
 0.4506085  0.30802772 0.31741937 0.31467108]
296 2347.6345263735366 [0.25132829 0.21592506 0.23028436 0.25534083 0.20394541 0.26768043
 0.45124285 0.30753672 0.31778797 0.31458506]
297 2310.405659379453 [0.25141202 0.21563989 0.23065987 0.25478927 0.20373405 0.26779131
 0.45206309 0.3072412  0.31842728 0.31451397]
298 2410.786028317786 [0.2512495  0.21525573 0.23086348 0.25434968 0.20360786 0.26782217
 0.45292563 0.3074136  0.31876178 0.31446515]
299 2475.4361905544083 [0.25113768 0.21454813 0.23102393 0.25401179 0.20365689 0.26754748
 0.45360332 0.30758107 0.3182265  0.31435405]
300 2430.422639992111 [0.2510118  0.21383772 0.23114193 0.25384506 0.20375345 0.26741237
 0.45393334 0.30761877 0.31784134 0.31441571]
301 2387.918574305761 [0.25089844 0.21302795 0.2313295  0.25387532 0.20385588 0.26715072
 0.45420743 0.30794868 0.31866746 0.3146016 ]
302 2739.679459863779 [0.25060872 0.21242929 0.23141856 0.2540968  0.20392689 0.26714682
 0.45415762 0.30846592 0.31980726 0.31483946]
303 2941.911879590939 [0.25023782 0.21191862 0.23139113 0.25433414 0.20392236 0.26673787
 0.45447797 0.30894383 0.32025072 0.31500003]
304 2972.9796782011745 [0.24982027 0.21140738 0.23141568 0.25443148 0.20397828 0.2664595
 0.45475666 0.30934527 0.32015347 0.31501491]
305 2378.603190795653 [0.24939666 0.21109588 0.231256   0.25478864 0.20414192 0.26610949
 0.45545777 0.30962022 0.32021059 0.31490267]
306 2494.439764174608 [0.24896818 0.21105682 0.23107654 0.25540883 0.20433923 0.26584813
 0.45675801 0.30968312 0.32060574 0.31528878]
307 2558.603767600329 [0.24860262 0.21113957 0.23089097 0.25620748 0.20453035 0.265537
 0.45832384 0.30974252 0.32023212 0.3156016 ]
308 2330.374837461298 [0.24800177 0.21111994 0.23058776 0.25731546 0.20470493 0.26534439
 0.46001529 0.30971657 0.32044366 0.31569767]
309 2288.4795558858277 [0.247429   0.21102488 0.23008288 0.25799628 0.20494887 0.26522123
 0.46106739 0.30960039 0.32063204 0.31581524]
310 2252.083163306461 [0.24696754 0.21099116 0.22968164 0.25844888 0.2051799  0.26524423
 0.46259979 0.30889359 0.32038096 0.31598682]
311 2286.6478586205144 [0.24666925 0.21096598 0.22931243 0.2588678  0.20547387 0.26511778
 0.46389144 0.30817199 0.32052493 0.3161409 ]
312 2324.970374508999 [0.24630389 0.21102712 0.22904845 0.25926418 0.20563623 0.26504425
 0.46498286 0.30765362 0.32039887 0.31621579]
313 2303.2773682514253 [0.24586931 0.21092827 0.22879323 0.25994775 0.20573652 0.26493709
 0.46574524 0.30694146 0.32033141 0.31632563]
314 2690.110848018908 [0.24553801 0.21094367 0.22867876 0.2605343  0.20594935 0.2650845
 0.46625028 0.30591841 0.32059373 0.31608878]
315 2391.199832236024 [0.24533114 0.21090898 0.22871019 0.26088253 0.20619122 0.26501037
 0.46685736 0.30501588 0.320085   0.31592863]
316 2177.0862143426093 [0.24553268 0.21097971 0.22849054 0.26148494 0.20666926 0.26510211
 0.46784693 0.30376227 0.31924989 0.31592264]
317 2265.318384469898 [0.24576028 0.21108785 0.22823569 0.2621349  0.20713542 0.26533155
 0.46921225 0.30255764 0.31854872 0.31586338]
318 2373.9323399357104 [0.24604981 0.21115509 0.22824189 0.26233327 0.20756056 0.26577431
 0.4705881  0.30137871 0.31817155 0.31570092]
319 2342.2144784270863 [0.24650408 0.21078964 0.22837801 0.26266698 0.20798718 0.26601818
 0.47217749 0.30025553 0.31764077 0.31522392]
320 2335.3219762663266 [0.24671659 0.21075767 0.2284724  0.26317325 0.20835376 0.26637045
 0.47266549 0.29932681 0.3171865  0.31441928]
321 2322.2304116502773 [0.24683955 0.21082047 0.22858152 0.26368869 0.20876433 0.26678555
 0.473019   0.29865131 0.31636748 0.31391522]
322 2285.9855294178733 [0.24674003 0.21080503 0.22857955 0.26408614 0.20934144 0.26716194
 0.47275573 0.29820734 0.3157224  0.31336365]
323 2264.236272551196 [0.24672961 0.21087979 0.22860566 0.26452769 0.20979376 0.26750943
 0.4723715  0.29783558 0.31525251 0.31286449]
324 2347.4188801193986 [0.24672275 0.21087601 0.22848463 0.26479868 0.21008726 0.26776373
 0.47200583 0.2973017  0.31463384 0.31256979]
325 2315.868286243095 [0.24671895 0.21090788 0.22843007 0.26526915 0.2104499  0.26790515
 0.472808   0.29690283 0.31411038 0.31201828]
326 2626.8851364494585 [0.24673862 0.21106166 0.22821163 0.26615633 0.21094499 0.26785755
 0.47319469 0.29677357 0.31368684 0.31171121]
327 2287.8654077578863 [0.24672013 0.21127489 0.22822662 0.26711789 0.21138068 0.26816224
 0.47281139 0.29707724 0.31356385 0.31159083]
328 2547.7162500885133 [0.24677023 0.21137184 0.22821859 0.26813542 0.21186435 0.26803957
 0.47273719 0.29743212 0.31342052 0.31152129]
329 2274.154915080186 [0.24683772 0.21156644 0.22818403 0.26909139 0.21238558 0.26786013
 0.47284017 0.29791356 0.31316662 0.31139151]
330 3438.8017000625705 [0.24686266 0.2119011  0.22798213 0.27003978 0.21269392 0.26753827
 0.47277574 0.29824287 0.31315676 0.31141306]
331 2662.2240104074262 [0.24697271 0.2121938  0.22788658 0.27096208 0.21299852 0.26738456
 0.47215652 0.29816309 0.31370147 0.31143488]
332 2954.4565048098007 [0.24703817 0.2123818  0.22759862 0.27195432 0.21294713 0.26719799
 0.47199873 0.29790007 0.31453018 0.3114883 ]
333 2645.2867216181025 [0.24729566 0.21274082 0.22713554 0.27298723 0.21309125 0.26707016
 0.47175094 0.29739492 0.31538079 0.31147096]
334 3407.1151802907616 [0.24754637 0.21320331 0.22679564 0.27414353 0.21316381 0.26704089
 0.47151251 0.2973996  0.31646959 0.31128985]
335 2828.7753405526046 [0.2479893  0.21377231 0.22638857 0.27518076 0.21274929 0.26691793
 0.47091313 0.29728046 0.31789393 0.31122309]
336 3144.265876804685 [0.24839016 0.21449006 0.22615499 0.27601062 0.2124427  0.26695146
 0.47038252 0.29714378 0.31913802 0.31129297]
337 3712.4861790521754 [0.24886652 0.21513801 0.22615789 0.27685881 0.21225519 0.26678184
 0.46984954 0.297324   0.32053853 0.31139959]
338 3214.27175508874 [0.24955035 0.21569063 0.22621337 0.2779095  0.21200961 0.26702384
 0.46983625 0.29788234 0.32175003 0.31138719]
339 2619.602937456926 [0.24999756 0.21656448 0.22629294 0.27842266 0.21183533 0.26715329
 0.4698217  0.29852727 0.32321896 0.31161287]
340 3087.552831552821 [0.25032619 0.21719434 0.22642738 0.2788673  0.21182407 0.26710019
 0.47039183 0.29916172 0.32419055 0.31184594]
341 3192.892144554897 [0.25063219 0.21772179 0.22664298 0.27927082 0.21178797 0.26711867
 0.47143785 0.29956445 0.32530537 0.31207902]
342 3156.1218575615976 [0.25093371 0.21818139 0.22667042 0.27959971 0.21163557 0.26713403
 0.4724318  0.29983189 0.32618155 0.31238082]
343 2901.3632631275277 [0.25142986 0.21862552 0.22666945 0.27990436 0.21148237 0.26713963
 0.47374695 0.29992826 0.32717756 0.31266164]
344 3734.2237248115334 [0.25179583 0.21907584 0.22670364 0.2800603  0.21139423 0.26702928
 0.47592537 0.30050801 0.32817575 0.31271915]
345 3248.3529877976734 [0.25222391 0.21953051 0.22684884 0.28032769 0.21154042 0.26714776
 0.4775158  0.3010191  0.32905751 0.31282997]
346 3280.8957141291176 [0.25256142 0.22006344 0.22691542 0.28048285 0.21174816 0.267138
 0.47966848 0.30149244 0.32970562 0.31280726]
347 2462.8703210243575 [0.25271265 0.2203832  0.22687554 0.28088221 0.21194189 0.26720785
 0.48200661 0.30184338 0.33039472 0.3127778 ]
348 3153.1929301714704 [0.2527594  0.22062432 0.2269363  0.2810794  0.21201476 0.26734012
 0.48493211 0.30206134 0.33140143 0.31247858]
349 2699.919148959129 [0.2528311  0.22064998 0.22693182 0.28129283 0.21199827 0.26713603
 0.48813982 0.30252431 0.33228997 0.31242499]
350 2613.8529709604127 [0.25232732 0.22071249 0.22681547 0.28139845 0.21208682 0.26686302
 0.49203809 0.30293675 0.33308558 0.31226408]
351 2316.7199446717696 [0.2518469  0.22066438 0.22676161 0.28175606 0.21202992 0.26658506
 0.49575576 0.30351432 0.33382812 0.31219175]
352 2550.6463779879223 [0.25149346 0.22057512 0.22659647 0.28216394 0.21187985 0.26640088
 0.4990987  0.30393564 0.33421752 0.31199692]
353 2893.765117970154 [0.25142993 0.22026852 0.22619133 0.28259263 0.21173878 0.26596287
 0.50063963 0.30459435 0.33469584 0.31174867]
354 2306.0828202528246 [0.25142524 0.21999515 0.22572006 0.28323097 0.21159079 0.2656381
 0.50149813 0.30514456 0.33479456 0.31156745]
355 2662.0278542075066 [0.25162629 0.21984556 0.22502365 0.28380311 0.21135153 0.26542054
 0.50206792 0.30562619 0.33501293 0.31127158]
356 3047.1015178529005 [0.25201494 0.21979512 0.22469495 0.28411992 0.211197   0.26516216
 0.5022932  0.30582564 0.33523326 0.31107236]
357 2426.6101575744615 [0.25244985 0.21982915 0.22436461 0.28468246 0.21116272 0.26497344
 0.50352636 0.30609242 0.33557463 0.31077421]
358 2652.9659704614314 [0.25294032 0.21988767 0.22400636 0.2853798  0.21109312 0.26492077
 0.50325868 0.30642316 0.33567581 0.31036192]
359 2443.2382098843873 [0.25356348 0.21994815 0.22367349 0.28608107 0.21090089 0.26523459
 0.50267399 0.30665352 0.33580142 0.30985431]
360 3206.123628221821 [0.25370075 0.21974453 0.2235344  0.28655699 0.21077632 0.26561759
 0.50247545 0.30715776 0.33560909 0.30973973]
361 2459.1499326298945 [0.25346146 0.21929142 0.22347844 0.28690886 0.2105648  0.26596127
 0.50227524 0.30742463 0.33526006 0.30934301]
362 2282.3550876641593 [0.2534099  0.21898688 0.22341967 0.28729947 0.21043404 0.26635531
 0.50280213 0.30724835 0.33491519 0.30870674]
363 2744.3215179137187 [0.2534354  0.21869032 0.22362026 0.28791644 0.21049221 0.26665484
 0.50348856 0.30690231 0.3347349  0.30851551]
364 2549.0151231319355 [0.2536237  0.21847177 0.22351748 0.28840148 0.21057679 0.26704958
 0.50434954 0.30635218 0.3350615  0.30866477]
365 2464.7580640467195 [0.25361148 0.21823806 0.22339868 0.28871383 0.2108139  0.26733832
 0.5063608  0.30587794 0.33607069 0.30890411]
366 2224.557721539721 [0.25355104 0.21821906 0.22309596 0.28909438 0.21096575 0.26742698
 0.50893498 0.30551063 0.33711095 0.30908119]
367 2423.2463625393684 [0.25388568 0.21809381 0.22287752 0.28931124 0.21107131 0.26754369
 0.50942617 0.3052284  0.33806698 0.30940941]
368 2312.7850572925836 [0.25422653 0.21800067 0.22255157 0.28980871 0.21126615 0.26725038
 0.5097065  0.30492962 0.33912007 0.30942386]
369 2393.448497291217 [0.25431266 0.21802126 0.22235244 0.29029692 0.21137187 0.26736385
 0.51026808 0.30472166 0.3398755  0.30945032]
370 2314.6072202798223 [0.25460595 0.21792457 0.22221623 0.29100034 0.21133612 0.26699059
 0.51056147 0.30471185 0.34068533 0.3095179 ]
371 2339.0461075046046 [0.25511993 0.21791027 0.22187046 0.29170046 0.21141752 0.26677236
 0.51200203 0.30471047 0.3412929  0.30962648]
372 2345.396011729268 [0.25575442 0.21775856 0.22159413 0.29208888 0.21157207 0.2669021
 0.51438966 0.30461298 0.34204967 0.30979976]
373 2243.46504481808 [0.25637222 0.21748191 0.22136001 0.29252897 0.21156655 0.26699137
 0.51699937 0.30411694 0.3431819  0.30981004]
374 2179.774742641704 [0.25661744 0.21723209 0.2213236  0.29337145 0.2116649  0.26677478
 0.51964511 0.30327531 0.34455615 0.31000152]
375 2324.630007753234 [0.25686385 0.21703717 0.22127969 0.29422911 0.21173253 0.26625553
 0.52259263 0.30228935 0.34590067 0.30991155]
376 2166.466451999626 [0.25699868 0.21670527 0.2210236  0.29527389 0.21177204 0.26588762
 0.52582564 0.30103948 0.34699223 0.30989802]
377 2224.5258305998677 [0.25703323 0.2163699  0.22094804 0.29605587 0.21176149 0.26557916
 0.53121567 0.30000848 0.34769097 0.3099835 ]
378 2124.6525355112353 [0.25705576 0.21613126 0.22085589 0.29654987 0.21176876 0.2655782
 0.53834946 0.29905302 0.34819017 0.31020561]
379 2149.39190137125 [0.25706291 0.21592064 0.22077538 0.29727497 0.21168839 0.26542968
 0.54529368 0.2982771  0.3481768  0.31067575]
380 2330.074357163542 [0.25705263 0.21560339 0.22080542 0.29797579 0.21158179 0.26527417
 0.5513127  0.29767555 0.34766089 0.31117312]
381 2228.0166307535374 [0.25713767 0.21524094 0.22093101 0.29875921 0.21139953 0.26529306
 0.55794351 0.2972212  0.34701014 0.31168568]
382 2151.069094113746 [0.25710268 0.21481927 0.22114561 0.29953216 0.21108765 0.26536188
 0.56354959 0.29663262 0.34644471 0.31198043]
383 2396.4469877134966 [0.25691839 0.21442031 0.22155007 0.29973212 0.21108222 0.26531145
 0.56862567 0.29651447 0.34628049 0.31223203]
384 2296.6861710549165 [0.25686913 0.21405466 0.22203101 0.30029292 0.21074456 0.26546638
 0.57377474 0.29620383 0.34562344 0.31287099]
385 2210.212994307259 [0.25678148 0.21367029 0.22237846 0.30058647 0.21032032 0.26555498
 0.57903427 0.29595184 0.34486103 0.31364787]
386 2195.571805989548 [0.25670433 0.21329786 0.22278003 0.30096503 0.21001003 0.26562055
 0.5835513  0.29569795 0.34469071 0.31457668]
387 2156.6160393867794 [0.25662572 0.21299397 0.22325808 0.30162669 0.20978191 0.26588779
 0.58621693 0.29501172 0.34439883 0.31554495]
388 2105.600211527719 [0.25636508 0.21274672 0.22356777 0.30204026 0.20948809 0.26598368
 0.59238688 0.29431207 0.3434933  0.31664034]
389 2046.4762106689561 [0.25608556 0.21246584 0.22384857 0.30184726 0.20925952 0.26601006
 0.59683216 0.29389809 0.34287285 0.31783266]
390 2153.5742602192586 [0.25604267 0.21217604 0.22405757 0.30177713 0.20887442 0.26611386
 0.60007188 0.2934557  0.34248719 0.31943957]
391 2091.8548546418015 [0.25586394 0.21187521 0.22425042 0.30179234 0.20842199 0.26619932
 0.60250018 0.29315515 0.34219477 0.32080433]
392 2074.0282573812424 [0.25547635 0.21156514 0.22435865 0.30219611 0.2076947  0.26602619
 0.60478488 0.29311278 0.34131611 0.32250528]
393 2145.994517395652 [0.25502315 0.21129699 0.22440007 0.30293449 0.20715147 0.26579164
 0.60661242 0.29302366 0.34054751 0.32437516]
394 2078.256239759011 [0.25472647 0.21094685 0.22444077 0.30349726 0.20653162 0.26566836
 0.6070396  0.29267423 0.33996568 0.32653912]
395 2194.435383453564 [0.25454366 0.21066325 0.22446258 0.30358337 0.20577053 0.26588469
 0.60748059 0.2921827  0.33979249 0.32839626]
396 2184.324744466244 [0.25439318 0.21063178 0.2245857  0.30327365 0.20503222 0.2658429
 0.60811101 0.29178287 0.33991627 0.32996973]
397 2201.1582512431296 [0.25418778 0.21048225 0.22454451 0.30264499 0.20463185 0.26579624
 0.61050017 0.29178328 0.34014593 0.33114627]
398 2079.598720123242 [0.25388936 0.21023187 0.22453225 0.30236391 0.20434722 0.26551677
 0.61415991 0.29190127 0.34105757 0.33248296]
399 2112.0190902998597 [0.25361808 0.21006278 0.22437569 0.30199282 0.20434295 0.26523864
 0.62011398 0.29244368 0.3413894  0.33387018]
400 2165.76736996365 [0.25326501 0.20999411 0.22437568 0.3017353  0.20424193 0.26483636
 0.62698953 0.29333043 0.341503   0.33502091]
401 2094.663768828079 [0.25321215 0.21002742 0.224392   0.30124245 0.20422389 0.26444206
 0.63335119 0.29407745 0.34190224 0.33642995]
402 2117.1411179338684 [0.25294691 0.20996175 0.22428172 0.30066731 0.20446275 0.26412088
 0.63982027 0.29465599 0.34227749 0.33782378]
403 2051.017222134079 [0.25234506 0.20971019 0.22438262 0.29961459 0.20464247 0.26400699
 0.64424614 0.2952549  0.34287947 0.33912524]
404 2088.0464660159373 [0.25145562 0.20942314 0.22445139 0.29870955 0.20495043 0.26387026
 0.64727381 0.2965191  0.34376745 0.34122762]
405 2138.8923177754796 [0.25069788 0.20914922 0.22431822 0.29765112 0.20505952 0.26389566
 0.64917453 0.29725919 0.3445264  0.34301494]
406 2506.2266170845655 [0.2498342  0.20884685 0.22413896 0.29690886 0.20514235 0.26400243
 0.65065672 0.29778098 0.34546283 0.34522248]
407 2114.4537626812025 [0.24931469 0.20850056 0.22397161 0.29607162 0.20521484 0.26391356
 0.65058608 0.29888763 0.34616305 0.34693629]
408 2057.5429601380542 [0.24888388 0.20802207 0.22386501 0.29524049 0.20541187 0.26356901
 0.65120407 0.29993221 0.34693176 0.34859329]
409 2024.047563080453 [0.24828702 0.20766249 0.22374637 0.29462847 0.20575765 0.26304051
 0.64896225 0.30105581 0.34764808 0.35037379]
410 2133.630815878626 [0.24768812 0.20736466 0.22364149 0.29399676 0.20621395 0.26266521
 0.64714289 0.30223581 0.34827236 0.35177462]
411 2106.4427904442937 [0.24697466 0.20674582 0.22330145 0.29324083 0.20652632 0.26205515
 0.64769465 0.30337512 0.34878528 0.35304734]
412 2158.606076604121 [0.24649592 0.20624176 0.22282788 0.29273993 0.20688465 0.26140376
 0.64819017 0.30453341 0.34904169 0.35346749]
413 2033.4273044196264 [0.24611037 0.20564208 0.22231281 0.2921793  0.20750442 0.26079839
 0.64905352 0.30606639 0.34891689 0.35311831]
414 1971.2641076859222 [0.24570187 0.20503253 0.22196901 0.29170003 0.20810153 0.26035722
 0.65053704 0.30766703 0.34890762 0.35287532]
415 2016.663205580434 [0.24535081 0.20446366 0.22158177 0.29148917 0.20880287 0.26015331
 0.65088518 0.30936666 0.34908686 0.3527989 ]
416 2003.4788713391172 [0.24505496 0.20403387 0.22106253 0.29152922 0.20937034 0.2597866
 0.65149207 0.31114215 0.34907942 0.35255074]
417 2022.328331926413 [0.2447343  0.20353323 0.22062582 0.29147768 0.20975779 0.25899758
 0.65359228 0.31345636 0.34930198 0.35209092]
418 1997.1613562638524 [0.24446767 0.20330331 0.22044567 0.29184658 0.20992671 0.25810592
 0.65364131 0.31528464 0.34905573 0.35123589]
419 1943.3858124462067 [0.24425925 0.20293068 0.22036335 0.29234302 0.21003847 0.25721011
 0.65421093 0.31694992 0.34922484 0.35072977]
420 2030.036046402331 [0.24412959 0.20248857 0.22036089 0.29310259 0.21024158 0.25662309
 0.65450893 0.31820464 0.35006112 0.35014947]
421 1943.1328415503162 [0.24400242 0.20198248 0.22026271 0.29361724 0.21013794 0.2557707
 0.6563515  0.31898632 0.35028548 0.34964427]
422 2024.6580085769194 [0.24398499 0.20142187 0.22016927 0.29407682 0.2098346  0.25503955
 0.65800681 0.32015576 0.35102235 0.34932303]
423 1812.5337725698505 [0.24402993 0.20097264 0.22006308 0.29469809 0.20955381 0.25442288
 0.66051906 0.32134505 0.35139192 0.34846475]
424 2032.5864554257037 [0.24404695 0.20055759 0.2201504  0.29511983 0.2091869  0.25381014
 0.66390092 0.32221738 0.35170543 0.34774628]
425 2003.7184069946002 [0.24424066 0.20001766 0.22025798 0.29548904 0.20903913 0.25301634
 0.66734981 0.32273976 0.35240512 0.34657886]
426 2033.0087545959127 [0.24419398 0.19956008 0.22048108 0.29563393 0.20890882 0.25233428
 0.6709246  0.32250404 0.35231321 0.34570526]
427 1828.1784181970716 [0.24432683 0.19923635 0.22058633 0.29607687 0.20877441 0.25176965
 0.67614584 0.32194889 0.35247843 0.3448629 ]
428 1857.2867946401163 [0.24492269 0.19911269 0.22034214 0.29644097 0.20876311 0.25136868
 0.67908259 0.32111953 0.35254135 0.34444552]
429 1872.3396122228896 [0.24542495 0.19878386 0.22006313 0.29693535 0.20865585 0.25127868
 0.68100054 0.31952466 0.3527958  0.34425744]
430 1871.400144328325 [0.24565741 0.19853812 0.21973237 0.29702981 0.20843444 0.25108542
 0.68175224 0.31800966 0.35312141 0.34428731]
431 1928.8535811797312 [0.24579912 0.19812681 0.21933223 0.29708502 0.20807841 0.25111944
 0.68462635 0.31564538 0.353437   0.34437162]
432 1902.2919800866337 [0.24605331 0.1977802  0.21898642 0.29741145 0.20765576 0.25125812
 0.68760415 0.31355599 0.35387232 0.3444075 ]
433 1866.9841913115033 [0.24633673 0.19754373 0.21854073 0.29812357 0.20729651 0.25153684
 0.69016557 0.31196293 0.3539983  0.34455318]
434 1833.7064823434637 [0.24654067 0.19727172 0.21815875 0.29897044 0.20678532 0.25192667
 0.69132075 0.31047699 0.35470166 0.34457576]
435 1881.9098114292292 [0.24666444 0.19701053 0.21789941 0.29990868 0.2062983  0.25232657
 0.69000986 0.30852043 0.35558486 0.3443175 ]
436 1913.1543456287777 [0.24676797 0.19681575 0.21767611 0.3007525  0.20601028 0.25268204
 0.69031883 0.30713418 0.3563432  0.34383397]
437 1819.7044455322693 [0.24675007 0.19664955 0.21750559 0.30146203 0.20576775 0.25317607
 0.69043157 0.30656422 0.35647737 0.34356904]
438 1814.7035423219709 [0.24693017 0.19650493 0.2174123  0.30206425 0.20563722 0.25372286
 0.6900575  0.30615408 0.35683062 0.34321307]
439 1777.200566821733 [0.24698951 0.1962441  0.2173812  0.30224659 0.2054913  0.25401076
 0.68969332 0.30598169 0.35715287 0.34270466]
440 1869.7791371697163 [0.24713347 0.19597002 0.21729808 0.30214665 0.20536902 0.25415112
 0.69151024 0.30558597 0.35636656 0.34250882]
441 1766.5493265872035 [0.24734769 0.19573167 0.21723582 0.30213547 0.20526579 0.25429219
 0.6919913  0.30511829 0.35518829 0.34173858]
442 1888.6564193036834 [0.24773233 0.19546937 0.217392   0.30207434 0.20456261 0.25453429
 0.6928706  0.30437288 0.35409102 0.34137936]
443 1884.3609104341672 [0.24843625 0.19501697 0.21732009 0.30222715 0.20391401 0.25480411
 0.69419616 0.30319608 0.35346019 0.34117132]
444 1839.8435581640235 [0.24935133 0.19467607 0.21725987 0.30207924 0.20332074 0.25509608
 0.69553741 0.30198194 0.35412269 0.34097453]
445 1994.221386969684 [0.25007884 0.19430196 0.21724946 0.30185969 0.20261853 0.25498763
 0.69832603 0.30106147 0.35475392 0.34102317]
446 2184.101133806516 [0.25082747 0.19395652 0.21718258 0.30194002 0.20197936 0.25494363
 0.7018398  0.30037517 0.35557825 0.34129497]
447 1799.070675002808 [0.25192681 0.19365377 0.21698548 0.30223661 0.2014106  0.25477074
 0.69691785 0.29984783 0.35640595 0.34161534]
448 2294.1457825451494 [0.25323558 0.19323376 0.21687176 0.30223873 0.20057051 0.25465966
 0.69125462 0.29937115 0.35651064 0.34208901]
449 1909.3706648529633 [0.2544865  0.19280686 0.21686129 0.30191456 0.19979272 0.25461798
 0.68689787 0.29893315 0.35649216 0.34224636]
450 2104.8397921985215 [0.25572631 0.19250012 0.21689868 0.30134634 0.19896679 0.25441604
 0.6826082  0.29847459 0.35665541 0.34227591]
451 2205.254853088467 [0.25696596 0.19222595 0.21702938 0.30104179 0.19823234 0.25392836
 0.67934623 0.2981321  0.35727825 0.34225618]
452 1929.5210734807383 [0.25819138 0.19201913 0.21711699 0.30068452 0.19770123 0.25343623
 0.67738721 0.29758799 0.35737926 0.34249255]
453 2000.3775537959536 [0.2588052  0.19182635 0.21716009 0.3001171  0.19741382 0.25314193
 0.67855208 0.29700773 0.35780126 0.34225073]
454 1936.2486749510877 [0.25971635 0.19162405 0.21707997 0.29989045 0.1970703  0.25270344
 0.68382311 0.29640224 0.35854541 0.3420714 ]
455 1905.7976313197687 [0.26071437 0.19146603 0.21700056 0.29960577 0.19676668 0.25220962
 0.68888156 0.2958173  0.35930217 0.34203776]
456 1893.9636643977515 [0.26178568 0.19130423 0.21690568 0.29931732 0.19649657 0.25180326
 0.69284608 0.29525239 0.36018633 0.34211046]
457 1896.7070878152267 [0.26293157 0.19115677 0.21686036 0.29923975 0.1962163  0.25146613
 0.6976579  0.29525354 0.36096783 0.34233098]
458 1825.4536205533475 [0.26324455 0.19098524 0.21685222 0.29873009 0.19612857 0.25113808
 0.70127581 0.29556533 0.36138917 0.34243231]
459 1838.9964307316818 [0.26356569 0.19086499 0.21660318 0.29846863 0.19634038 0.2508346
 0.70450598 0.29567334 0.36034508 0.34189379]
460 1870.0644813407998 [0.26395538 0.19079768 0.2163421  0.29825513 0.19662729 0.25059001
 0.70783177 0.29573807 0.35881584 0.34108017]
461 1890.7487620449194 [0.26447598 0.19076825 0.21602535 0.29787176 0.19680072 0.25023458
 0.71116596 0.29578386 0.35731173 0.34097368]
462 1844.0323429444134 [0.26486551 0.1907645  0.2157717  0.29727918 0.19694814 0.24988654
 0.71506504 0.29591999 0.35612282 0.34056025]
463 1818.3491417058713 [0.26532542 0.19078146 0.21555495 0.29701479 0.19695247 0.24963338
 0.71895573 0.2959456  0.35506331 0.34010722]
464 2762.9023292869806 [0.26601694 0.19083571 0.21518476 0.29700077 0.19698831 0.24940536
 0.72163468 0.29563732 0.35467192 0.33943161]
465 2333.05409859853 [0.26679686 0.19082319 0.21483952 0.297017   0.19712491 0.24925888
 0.72388224 0.29533237 0.35424862 0.33870993]
466 2201.7826701212925 [0.26760443 0.19080838 0.21460273 0.29730716 0.19702421 0.24921467
 0.72655824 0.29477133 0.35374457 0.33805846]
467 1902.090496333654 [0.26861919 0.19087648 0.2143562  0.29743809 0.1968216  0.24913187
 0.72677598 0.29405349 0.35277155 0.33741915]
468 1809.703950454645 [0.26965565 0.19100318 0.21425664 0.29738708 0.19645355 0.2490657
 0.72692355 0.29330336 0.35216515 0.33693844]
469 1745.0901457357754 [0.27064616 0.19105682 0.21423164 0.29744386 0.19619422 0.24908026
 0.72655064 0.29289662 0.35135838 0.33621997]
470 1801.1986406363012 [0.27168411 0.19105543 0.21401664 0.29735161 0.19601202 0.24945375
 0.7250983  0.29248555 0.34925682 0.33609759]
471 1840.127461560522 [0.27217115 0.19101178 0.21387737 0.29709561 0.19594891 0.24977058
 0.72468751 0.29224898 0.34710573 0.33666722]
472 2032.3861349208582 [0.27243887 0.19085941 0.21365259 0.29699646 0.19577139 0.24998375
 0.72307449 0.29183523 0.34483085 0.33759591]
473 2110.8128842600063 [0.27252301 0.19056778 0.2132667  0.29707866 0.19563249 0.25009682
 0.72264754 0.29165997 0.34292723 0.33834593]
474 1792.2641020806277 [0.27246566 0.19043605 0.21287163 0.29751632 0.19561803 0.25017595
 0.72142992 0.2912731  0.34087644 0.33910322]
475 1719.46825417408 [0.27240872 0.19022933 0.21257813 0.2977662  0.1957576  0.25015373
 0.72097058 0.29036609 0.33863593 0.33910358]
476 1874.6207485521709 [0.27236581 0.19006786 0.21223581 0.29714307 0.19596133 0.25028114
 0.72151086 0.28951446 0.3368003  0.33910572]
477 2396.3637322473724 [0.27237526 0.18997758 0.21191019 0.29664213 0.19634865 0.25028044
 0.72140344 0.28872811 0.33503047 0.33897917]
478 1823.44044585943 [0.27247651 0.18964519 0.21142063 0.29630733 0.1967232  0.2503296
 0.7236732  0.28820203 0.33394736 0.3392429 ]
479 1913.937592573067 [0.27237756 0.18953675 0.21102034 0.29613857 0.19682349 0.25056013
 0.72770761 0.28777323 0.33269552 0.33962992]
480 2065.8277110260897 [0.27244095 0.18937134 0.21058869 0.29613646 0.1968277  0.25096722
 0.73149986 0.28738364 0.33164691 0.34009084]
481 1820.0704929222138 [0.2727623  0.18920541 0.21025988 0.29592045 0.19672865 0.25116519
 0.73564128 0.2873191  0.33089279 0.33986601]
482 1795.3056291296857 [0.27340462 0.18915065 0.20995683 0.29587807 0.19670238 0.25122672
 0.73885327 0.28718823 0.33027111 0.33957248]
483 2037.0867658576503 [0.27411536 0.18924909 0.20961899 0.29595264 0.19650055 0.25114677
 0.74430976 0.28674642 0.32976686 0.33952644]
484 1798.8741218321488 [0.27466459 0.18925136 0.2093946  0.29614483 0.19636074 0.25110254
 0.74827018 0.2864365  0.32949239 0.33955817]
485 1994.831245565244 [0.27514412 0.18953273 0.2093598  0.29659907 0.19642807 0.25105797
 0.7516792  0.2863804  0.32936878 0.33965969]
486 1807.0110658951712 [0.27562375 0.19002912 0.20942204 0.29694992 0.19653936 0.25121211
 0.75494718 0.28613962 0.32985758 0.33973004]
487 1805.1502528689966 [0.27611765 0.190426   0.20919174 0.29762989 0.19662129 0.251444
 0.7611352  0.28591231 0.33018439 0.33919882]
488 1751.7866696673625 [0.27575376 0.19077607 0.20917468 0.29799641 0.19688304 0.25143749
 0.76852029 0.28541995 0.33045118 0.33861736]
489 1895.685809030165 [0.27547957 0.1910137  0.20910063 0.29824164 0.19702449 0.25144922
 0.77637059 0.2851145  0.33082932 0.33824242]
490 1863.2127094648438 [0.2752579  0.19105808 0.20888312 0.29846316 0.19710376 0.25132518
 0.78447265 0.28507886 0.33107982 0.33854474]
491 1722.1099235706802 [0.27526935 0.19115976 0.20853657 0.29834874 0.19750158 0.25084656
 0.79171019 0.28496183 0.33094575 0.33870452]
492 1760.2152147890297 [0.27509822 0.19127795 0.20827931 0.29778065 0.19808538 0.25054643
 0.79888314 0.28465168 0.33012528 0.33845529]
493 1717.5246734467685 [0.27512444 0.19140436 0.20813415 0.29708618 0.19854538 0.24992856
 0.80573335 0.28465398 0.32868124 0.33807936]
494 1732.6431768457128 [0.27522417 0.19152404 0.20802546 0.29619517 0.19886327 0.24932131
 0.81143058 0.28442407 0.32702144 0.33776308]
495 1714.3207536461762 [0.2753569  0.19147212 0.20787744 0.29544861 0.19916868 0.24886762
 0.81718965 0.28427759 0.32524828 0.33760614]
496 1720.226311636263 [0.27547817 0.19149217 0.20783277 0.29510329 0.19938796 0.24845708
 0.82325765 0.28433401 0.32368884 0.33766918]
497 1829.395046182792 [0.27572703 0.19142184 0.2078488  0.29488712 0.1996844  0.24811762
 0.82667701 0.28424617 0.32189978 0.33799557]
498 1746.8912980451287 [0.27567568 0.1912853  0.2079244  0.29397858 0.19999013 0.24775322
 0.82863896 0.28423048 0.31993051 0.33871658]
499 2035.6188796439096 [0.27553931 0.1911936  0.20784852 0.29290687 0.20063083 0.24736033
 0.83087505 0.28396448 0.31757038 0.33936146]
