0 104.6441859551025 [0.30009375 0.30196895 0.30384414 0.30009376 0.30103134 0.30009375
 0.30290655 0.30103136 0.29540577 0.30196895]
1 80.03062490736514 [0.29997382 0.30437282 0.30536001 0.30148547 0.30086148 0.29967686
 0.3047963  0.30070889 0.29505237 0.30468011]
2 87.62266660942106 [0.29958283 0.30480481 0.30673704 0.30324517 0.3008016  0.30012618
 0.30607544 0.3013847  0.29493432 0.30702284]
3 81.0476159910731 [0.29915512 0.30512347 0.30808503 0.30396279 0.30077131 0.30076266
 0.30670385 0.30228503 0.29434757 0.30928957]
4 63.07482616107984 [0.29860934 0.30503308 0.30852065 0.30488067 0.30056965 0.30102634
 0.30633974 0.30280477 0.29339907 0.31173718]
5 64.57768810224069 [0.298361   0.30471128 0.30843254 0.30520582 0.30074667 0.3016799
 0.3056746  0.30298892 0.29321371 0.31399194]
6 49.243558985369006 [0.29744378 0.30415179 0.30790795 0.30509741 0.30049047 0.30240001
 0.30473992 0.30365717 0.2929681  0.31601404]
7 53.245299501030324 [0.29740939 0.30402255 0.30787106 0.30479719 0.30058919 0.30298366
 0.3038516  0.30391714 0.29293544 0.31824424]
8 49.71499606537401 [0.29740155 0.30367607 0.30799413 0.30477528 0.30042212 0.30345872
 0.3032254  0.30370063 0.29276372 0.32025868]
9 47.176943774060184 [0.29779456 0.30334469 0.30809305 0.3044706  0.30021016 0.30405115
 0.30262048 0.30355437 0.29268191 0.32250363]
10 45.79835346041155 [0.29809585 0.30319668 0.30808362 0.30449485 0.2996657  0.30469142
 0.30163803 0.30375103 0.2921676  0.32408321]
11 43.43346403071607 [0.29804058 0.30320127 0.30810121 0.30417603 0.29929835 0.30542151
 0.30115811 0.30339539 0.29123638 0.32541427]
12 45.49270091140355 [0.29793511 0.30281643 0.30813607 0.30424926 0.29910001 0.30553724
 0.30073769 0.30281563 0.28999657 0.32713105]
13 52.83771367728292 [0.2976163  0.30243308 0.30797398 0.30407474 0.29840056 0.30578349
 0.29983253 0.30243709 0.28906772 0.32901498]
14 45.85643280048384 [0.29740956 0.30166861 0.3078165  0.30417145 0.29766972 0.30607695
 0.29871211 0.30177174 0.28842805 0.33026731]
15 45.596828290734365 [0.29714479 0.30114985 0.30778791 0.30381402 0.29694685 0.30645184
 0.29774585 0.30147489 0.28748536 0.33115349]
16 54.77747421333439 [0.29723224 0.30077479 0.30737003 0.30327948 0.29667285 0.3068897
 0.29699279 0.30130564 0.28667204 0.33192967]
17 36.44511836387049 [0.29724394 0.30019857 0.30703273 0.30296679 0.29667129 0.306937
 0.29642609 0.3008833  0.28585352 0.33269203]
18 39.94625766661795 [0.29725911 0.29958172 0.30660926 0.30273683 0.29669623 0.30691883
 0.29616752 0.30045505 0.28521474 0.33330638]
19 34.46078571861909 [0.29753804 0.29895824 0.3067821  0.30174172 0.29675201 0.3070061
 0.29565893 0.2998021  0.28453161 0.33389245]
20 30.56265648305986 [0.29818998 0.29807709 0.30646339 0.300661   0.29635839 0.30738093
 0.29513943 0.29913298 0.28365418 0.33459158]
21 28.11673638407003 [0.2992718  0.29706918 0.30592645 0.29927441 0.2959749  0.30769779
 0.29448211 0.29882587 0.28290553 0.33601711]
22 26.473707724869968 [0.30053985 0.29605875 0.30515418 0.29825741 0.29545005 0.30800705
 0.29391464 0.29835387 0.28226546 0.33715192]
23 32.74935843942863 [0.30133431 0.2950065  0.30439388 0.29776879 0.29509191 0.30823977
 0.29318115 0.29751979 0.28150941 0.3383513 ]
24 31.151420320821543 [0.30241512 0.29400062 0.30366335 0.29748266 0.29486056 0.30853318
 0.29271725 0.29692399 0.28047018 0.33894318]
25 29.316546299639576 [0.30342664 0.29313319 0.30259928 0.29741801 0.29484262 0.30863674
 0.29206669 0.2963603  0.27950888 0.33969747]
26 27.20214145047475 [0.3045727  0.29203587 0.30205648 0.29722253 0.29477422 0.30882846
 0.29128448 0.29601729 0.27868489 0.34023355]
27 29.458072652045182 [0.30546649 0.29093358 0.30141178 0.29704162 0.29496719 0.30877177
 0.29014885 0.29561251 0.27777591 0.34075851]
28 29.55278708732932 [0.30642963 0.2897849  0.30119157 0.29667781 0.29464366 0.30878658
 0.28933472 0.29479595 0.27725686 0.34114908]
29 29.491267513543555 [0.30714128 0.28871451 0.30114454 0.29631808 0.29438105 0.30871657
 0.28851686 0.2942158  0.27699247 0.34133197]
30 31.590135675308616 [0.30741346 0.28797356 0.30128517 0.2957137  0.29411512 0.30842064
 0.28764771 0.29393375 0.276862   0.34171926]
31 35.47152025011004 [0.30757328 0.28743923 0.3016926  0.29499235 0.29393804 0.30809872
 0.28707268 0.29331812 0.27668114 0.34205353]
32 37.60953498212508 [0.30765937 0.28719274 0.30141424 0.29428915 0.29400433 0.30776549
 0.28629301 0.29282216 0.27645803 0.34268534]
33 30.937933492188403 [0.30773893 0.28723433 0.30135563 0.29390422 0.29380783 0.30763212
 0.28535177 0.29230485 0.27626831 0.34320052]
34 27.962466763501247 [0.30816696 0.28721887 0.30106664 0.29361661 0.29374692 0.30734364
 0.28439311 0.29186472 0.27599268 0.34367829]
35 32.66512317332837 [0.30837128 0.28730903 0.30068004 0.29347143 0.29317072 0.30698061
 0.2836407  0.29162034 0.2752431  0.34426817]
36 34.745386501165946 [0.30870536 0.28729655 0.30032168 0.29347209 0.29251647 0.30660765
 0.28329338 0.29118572 0.2739374  0.34513968]
37 24.7176483959092 [0.30928973 0.28760132 0.29988569 0.29341334 0.29166546 0.30647881
 0.28301619 0.2909756  0.27262471 0.34562338]
38 44.94945891897217 [0.30986491 0.28796526 0.2991702  0.29339773 0.29089325 0.30625912
 0.28285617 0.29109829 0.27124263 0.34571859]
39 29.926841866624347 [0.31054054 0.28825231 0.29860463 0.29349619 0.29003469 0.30605993
 0.28257498 0.29130849 0.26990149 0.34568496]
40 33.35749202900278 [0.31115546 0.28864737 0.29796087 0.29337805 0.2889752  0.30623693
 0.28237754 0.29159162 0.26827717 0.34569505]
41 31.890659177630603 [0.31174474 0.28890459 0.29758678 0.29327725 0.28787612 0.30660429
 0.28187162 0.29164868 0.26681719 0.34562559]
42 34.118015538917334 [0.31220823 0.2891314  0.29724356 0.29289962 0.28666482 0.30713434
 0.28140685 0.29181252 0.26557021 0.34534425]
43 25.577804700220426 [0.31249427 0.28936526 0.29714876 0.29262854 0.28562327 0.3076353
 0.28089118 0.29191056 0.26455602 0.34499611]
44 27.672745422934625 [0.3128041  0.28933894 0.29659136 0.29196921 0.28468313 0.3080861
 0.28058623 0.29196435 0.26349506 0.34455665]
45 28.586306945743146 [0.31289223 0.2893681  0.29616915 0.29143046 0.28385772 0.30878837
 0.28013081 0.29195078 0.26243156 0.34420089]
46 29.05773332554628 [0.31307038 0.28914208 0.29555805 0.29079801 0.28324506 0.30896186
 0.27978096 0.29192662 0.26125054 0.34389771]
47 29.801441548473225 [0.3132321  0.28903634 0.29490829 0.29011137 0.28266443 0.30903968
 0.27921338 0.29178505 0.26016923 0.34394407]
48 26.741797610429025 [0.31330471 0.28851893 0.29419666 0.28953558 0.28202263 0.30902291
 0.27852029 0.29172547 0.25941567 0.34416971]
49 24.635491146175074 [0.31346845 0.2879662  0.2936673  0.28909531 0.28170643 0.30875621
 0.27758401 0.29178693 0.25884479 0.34466506]
50 22.534023882690825 [0.31332476 0.28727439 0.29306517 0.28882053 0.2813657  0.30845393
 0.27678079 0.29209728 0.25834782 0.34520152]
51 23.223764962404452 [0.31320866 0.28680066 0.2922105  0.28858459 0.28126296 0.30835739
 0.27643025 0.29243954 0.25764613 0.3454478 ]
52 31.707192867186052 [0.31292549 0.28613379 0.29118528 0.2882914  0.28091493 0.30841335
 0.27609148 0.29318438 0.25702922 0.34532651]
53 41.63805591085567 [0.31293542 0.28567429 0.29048001 0.28793872 0.28025332 0.30790304
 0.2755839  0.29377717 0.25640673 0.34477244]
54 27.190574652211183 [0.31270901 0.28523396 0.28961054 0.28769731 0.27962735 0.30733389
 0.27497464 0.29457181 0.25582433 0.3443642 ]
55 28.540860318275726 [0.31268949 0.28488358 0.28857166 0.28736837 0.2790146  0.30698223
 0.27451108 0.29516515 0.25526781 0.34405732]
56 41.72317900066412 [0.3122692  0.28461887 0.2873883  0.28694939 0.2783606  0.30685025
 0.27413307 0.2956872  0.25474901 0.34369608]
57 29.9666181499988 [0.31188739 0.28420615 0.28643473 0.28692103 0.27812156 0.30656242
 0.27382098 0.29635445 0.25433082 0.3432413 ]
58 29.98250106865642 [0.31146642 0.28374799 0.28594745 0.28644301 0.27811515 0.30637687
 0.2735705  0.29706154 0.25425707 0.34293111]
59 30.039310190979087 [0.31124881 0.28334064 0.28567983 0.28593673 0.27830303 0.30577248
 0.27357735 0.29796771 0.25431588 0.3425177 ]
60 28.564550938891436 [0.3110016  0.28311325 0.28552313 0.28506935 0.27835855 0.30529984
 0.27363754 0.29866968 0.25454235 0.34237322]
61 24.350331566285913 [0.31069388 0.28293919 0.2856599  0.28422622 0.27841998 0.30448784
 0.27371747 0.29929482 0.25480867 0.34232224]
62 29.72197882358862 [0.31026016 0.28317666 0.28574133 0.28333476 0.2783619  0.30347338
 0.27372377 0.30000886 0.25476825 0.34238943]
63 26.287837453833802 [0.30976736 0.28327654 0.28571851 0.28285768 0.278604   0.30240201
 0.273628   0.300416   0.25476722 0.34223614]
64 32.31108500721784 [0.30943276 0.28363722 0.28581462 0.28218909 0.27882788 0.30153219
 0.27368934 0.30040802 0.25480941 0.34203268]
65 26.515546015110786 [0.30866785 0.28392748 0.28586319 0.28142039 0.27898865 0.30097507
 0.27401608 0.30051345 0.25505614 0.34189882]
66 27.652081516201978 [0.30789523 0.28447294 0.28598646 0.28044022 0.27896518 0.30051639
 0.27427284 0.30067642 0.25535327 0.34154325]
67 24.54994228221951 [0.30718473 0.28491819 0.28604487 0.27968435 0.27879576 0.30011243
 0.27419027 0.30074644 0.25520204 0.3410233 ]
68 26.268426903166105 [0.30660433 0.28509771 0.28618437 0.27875298 0.27885103 0.29975179
 0.27408849 0.30098944 0.25516744 0.3405137 ]
69 30.52117421986424 [0.30619892 0.28519501 0.28627493 0.27814489 0.2791268  0.2993449
 0.27393421 0.30165268 0.25523362 0.34002806]
70 29.52416969379046 [0.30589737 0.28539651 0.28595254 0.27782232 0.27954638 0.29932072
 0.27358096 0.30228147 0.25520996 0.33941668]
71 25.209568452276883 [0.30573928 0.28559373 0.28541182 0.27720772 0.27972939 0.29955155
 0.27337179 0.30299476 0.2554954  0.33936287]
72 25.112497110991704 [0.30552366 0.28585935 0.28479784 0.27665153 0.27975804 0.29997043
 0.27328473 0.30363118 0.25576746 0.33955297]
73 24.786877049808645 [0.30494673 0.28639431 0.28433472 0.27599484 0.27991966 0.3002517
 0.27295377 0.30436229 0.25602229 0.34013133]
74 24.43199870331894 [0.30433558 0.28673479 0.28396973 0.27554325 0.28019686 0.30027943
 0.27265496 0.30543793 0.25628238 0.34093931]
75 28.188433235317635 [0.30408116 0.28725274 0.28375655 0.27504576 0.28078296 0.299805
 0.27213163 0.30675766 0.25643658 0.34171038]
76 20.667388506860792 [0.30380939 0.28766627 0.283732   0.27442038 0.28129163 0.29946429
 0.2714123  0.30779059 0.2561992  0.34233414]
77 19.921560510652668 [0.30306314 0.28829043 0.28390226 0.27371067 0.28153342 0.29899657
 0.27097369 0.30876511 0.25618286 0.34285483]
78 23.364197159619486 [0.30174345 0.28882444 0.28394698 0.27322036 0.28196607 0.29877782
 0.27072183 0.30999681 0.25646098 0.34319941]
79 24.294301866007018 [0.30045758 0.28924585 0.28375975 0.27258938 0.28235993 0.29857478
 0.27051446 0.31126304 0.25651782 0.34349938]
80 20.353174833990618 [0.29917027 0.28975045 0.28374253 0.27205549 0.28282276 0.29835517
 0.27033111 0.3118892  0.25647987 0.34364148]
81 27.394938906675193 [0.29789063 0.28980066 0.28375547 0.27163118 0.2830779  0.29780393
 0.27046625 0.31253094 0.25661521 0.34400913]
82 19.469021176331008 [0.29671964 0.28953424 0.28375278 0.27112321 0.28327931 0.29714463
 0.27044328 0.31302339 0.25671884 0.34468353]
83 25.01002338383733 [0.2956289  0.28912324 0.28354453 0.27061834 0.28344357 0.29655793
 0.27015528 0.31360153 0.25682369 0.34548112]
84 21.435910683257077 [0.29447812 0.28867523 0.28337411 0.26992575 0.28383634 0.29608236
 0.26997374 0.31474409 0.25697219 0.34609086]
85 20.939870362057043 [0.29347667 0.28811169 0.28309984 0.2694341  0.28417666 0.29571111
 0.27004896 0.31554164 0.25718619 0.34650971]
86 23.643862661800753 [0.29250423 0.28763679 0.28296749 0.26890142 0.28431548 0.29532639
 0.27019599 0.31603359 0.25732459 0.34694664]
87 28.65944971054288 [0.29156354 0.28718231 0.28285902 0.26829109 0.2839132  0.29468052
 0.27002171 0.31635908 0.2573816  0.34760316]
88 18.35606572349824 [0.29060329 0.28655082 0.28281084 0.26734941 0.28353315 0.29399628
 0.26998257 0.31683042 0.25730672 0.34842656]
89 21.034342462393155 [0.28982891 0.28630339 0.28298673 0.26656285 0.2832215  0.29336128
 0.26973021 0.31742059 0.25734011 0.34973806]
90 23.081129814677066 [0.28895793 0.28619247 0.28349962 0.26612289 0.28279085 0.29281398
 0.26953903 0.31790934 0.25724157 0.35131473]
91 18.911272009009927 [0.28824007 0.28623163 0.28389577 0.26583995 0.28195489 0.29239812
 0.26959068 0.31843173 0.25700132 0.35245722]
92 20.620007290766225 [0.28759163 0.28616497 0.28449347 0.26533713 0.2810221  0.29208924
 0.26961446 0.3191431  0.25654532 0.3538798 ]
93 23.549888683853737 [0.28731152 0.28628114 0.28516042 0.26485448 0.27977083 0.29198615
 0.26985394 0.31961686 0.25609075 0.35546134]
94 19.745220640417905 [0.28671223 0.2864977  0.28591638 0.26448287 0.27884401 0.29151488
 0.26985028 0.32025293 0.25541585 0.3569853 ]
95 25.903719984183226 [0.28622297 0.28681206 0.28640804 0.26388062 0.27791479 0.29122888
 0.26975223 0.321185   0.25475468 0.35824231]
96 16.987152553086162 [0.28578392 0.28699047 0.28697817 0.26331802 0.27693272 0.29079349
 0.26967328 0.32180666 0.25423306 0.3595895 ]
97 16.928907674440566 [0.28536119 0.28724853 0.28735633 0.26297981 0.27588174 0.29048901
 0.2698647  0.3223854  0.25370045 0.36097418]
98 20.686360938256737 [0.28507101 0.28733351 0.28774383 0.26255026 0.27475618 0.2902356
 0.27018429 0.32307547 0.25335094 0.3621806 ]
99 19.146296319279337 [0.2849128  0.28784246 0.2879542  0.26239055 0.27366706 0.29023989
 0.27037569 0.32382382 0.25291226 0.36260673]
100 11.512943242589415 [0.28456996 0.28855913 0.28815384 0.26221306 0.27267861 0.29031157
 0.2706618  0.32484366 0.2528111  0.36317037]
101 20.249901299224717 [0.28412721 0.28942233 0.28857974 0.26225226 0.27151927 0.29010733
 0.27061121 0.32629203 0.25281525 0.36378277]
102 19.380233412887314 [0.28363491 0.29021846 0.28895165 0.26233723 0.27043384 0.29001688
 0.27061561 0.32752036 0.25276728 0.36398629]
103 16.629854097369044 [0.28339064 0.29039601 0.28953301 0.26259655 0.26925476 0.29006451
 0.2707559  0.32883972 0.25276957 0.36479979]
104 21.585961694361917 [0.28323202 0.29077345 0.29021221 0.26299145 0.26815948 0.29022764
 0.27107597 0.3303685  0.25261841 0.36533067]
105 21.19127462513415 [0.28310519 0.2909992  0.29083821 0.26363999 0.26718521 0.29050022
 0.27116214 0.33193407 0.2527083  0.36603941]
106 22.12068791897261 [0.28297782 0.29071982 0.29128152 0.26443031 0.26657437 0.29109846
 0.27132783 0.33312897 0.25304028 0.36617512]
107 20.198315317905994 [0.2830595  0.2906362  0.29174835 0.26515595 0.26606616 0.29165333
 0.27150504 0.33384082 0.25336925 0.36639798]
108 15.761356001081841 [0.28326328 0.29074875 0.29197139 0.265753   0.26568212 0.29222831
 0.27178993 0.33314323 0.25361425 0.36680221]
109 17.681174031023083 [0.28350236 0.29118057 0.29192554 0.26643195 0.26497786 0.29279651
 0.27182943 0.33273038 0.25376719 0.36720589]
110 18.465927051479774 [0.28362718 0.29133205 0.29172136 0.26695023 0.26437755 0.29295929
 0.2718041  0.33298393 0.25364132 0.36752459]
111 19.86051969397179 [0.28366952 0.2916162  0.29182469 0.26770472 0.26380527 0.29302129
 0.27164784 0.33320649 0.25356853 0.36789876]
112 16.35986376419089 [0.2836382  0.29189051 0.29194585 0.26840549 0.26319463 0.29253449
 0.2715694  0.33408895 0.25315352 0.36779733]
113 15.436722200880972 [0.28345275 0.29187462 0.29193632 0.26901375 0.26262606 0.29191403
 0.27146302 0.33517009 0.25286062 0.36788468]
114 14.282626573556687 [0.28319239 0.29146915 0.2919328  0.26929039 0.26225313 0.29107783
 0.27145878 0.33593638 0.25241656 0.36809153]
115 20.193635609943748 [0.28279505 0.29105057 0.2921174  0.26937956 0.26203139 0.29061399
 0.27149421 0.33640662 0.25184832 0.36850624]
116 14.798025518616289 [0.28217725 0.29028044 0.29250426 0.26965182 0.26178696 0.28996116
 0.27169566 0.33670121 0.25135634 0.36903877]
117 17.99753888391662 [0.28162604 0.28963253 0.29274284 0.27004706 0.26152969 0.28893478
 0.2717656  0.3371445  0.25081988 0.36976045]
118 18.939324574538148 [0.28111044 0.28940027 0.29301241 0.27049911 0.26151368 0.28817612
 0.27177634 0.33762893 0.25032809 0.37043873]
119 18.00626813650249 [0.28087975 0.2891792  0.29310282 0.27106806 0.26152679 0.28748677
 0.27202606 0.33697374 0.2497306  0.37183671]
120 13.3430321292322 [0.28068705 0.28885376 0.29313734 0.27156195 0.26163727 0.28685825
 0.27252568 0.33648817 0.24916997 0.37317772]
121 20.438456303593256 [0.28051085 0.28863031 0.29330653 0.2719431  0.26190503 0.28644125
 0.27301778 0.33589646 0.24857331 0.37483015]
122 16.17314401102533 [0.28015881 0.28814234 0.29369635 0.27211366 0.26209773 0.28590648
 0.27331059 0.33535769 0.24769396 0.37588856]
123 17.092740044228375 [0.27971651 0.28785453 0.29439561 0.27234552 0.26249938 0.28529067
 0.27368557 0.334471   0.24700566 0.37635143]
124 14.921938616398142 [0.27923185 0.28772913 0.29499408 0.27254304 0.26292898 0.28490858
 0.2738696  0.33408943 0.24617077 0.37693363]
125 21.023134507106622 [0.27880677 0.28757658 0.29522537 0.27278319 0.26320585 0.28461293
 0.27392284 0.3339392  0.24556237 0.37757216]
126 18.239527208698966 [0.27849738 0.28710178 0.29548989 0.27315014 0.26333498 0.28434761
 0.27409238 0.33393972 0.24500649 0.37880116]
127 22.463748386955963 [0.27826971 0.28658973 0.29564805 0.27335865 0.26367353 0.28411381
 0.27423915 0.33393089 0.24458311 0.38055951]
128 14.721222040331973 [0.27792585 0.2861143  0.29572509 0.27371862 0.26383163 0.28405886
 0.27431148 0.33365555 0.24381655 0.38205553]
129 19.71685357915519 [0.27759997 0.28580257 0.2962694  0.27361175 0.26377757 0.28432523
 0.27436442 0.33336367 0.24304958 0.38315814]
130 19.652988297791453 [0.27724207 0.28556468 0.29671697 0.27380589 0.26365528 0.28470498
 0.27444334 0.33344795 0.24228589 0.38404026]
131 23.513180749924523 [0.27670145 0.28526992 0.2969221  0.274356   0.26334711 0.28519736
 0.27464668 0.33358678 0.24145179 0.38493699]
132 16.525591714174993 [0.27626704 0.28508785 0.2973118  0.27486717 0.26329245 0.28555466
 0.27475234 0.33397465 0.24067208 0.38565232]
133 18.432437647574318 [0.27579539 0.28523042 0.29752746 0.27501206 0.26294659 0.28578412
 0.27519067 0.33409108 0.23996199 0.38587585]
134 17.486454570069935 [0.27541594 0.2851821  0.29788607 0.27530051 0.26273515 0.2862499
 0.27564123 0.33446976 0.23939375 0.38661308]
135 16.652989538519897 [0.27519341 0.28485047 0.29809277 0.27544942 0.26252447 0.28665695
 0.27609402 0.33494859 0.23897604 0.3870831 ]
136 20.95891475085884 [0.27470618 0.28424405 0.29825756 0.27566942 0.26217412 0.2870905
 0.27657168 0.33528151 0.23876298 0.38764929]
137 19.556948508871958 [0.27453418 0.28368014 0.29864324 0.27593758 0.26191153 0.28730675
 0.27700661 0.33602637 0.23842537 0.38781792]
138 19.451884306804452 [0.2743679  0.28302553 0.29910184 0.27607425 0.26188215 0.28751045
 0.27738687 0.33700488 0.23827979 0.38787611]
139 14.69834205886933 [0.27403345 0.28220583 0.29961252 0.27625407 0.261847   0.28785723
 0.27806222 0.33836754 0.23838983 0.38779172]
140 18.844039667905687 [0.27377531 0.28112387 0.30036336 0.2767197  0.26173789 0.28824192
 0.2790048  0.33909302 0.238045   0.38800918]
141 18.776534060145195 [0.27356634 0.2801709  0.30085061 0.2770464  0.26171299 0.28837388
 0.27999746 0.33986184 0.23765825 0.38828498]
142 15.084753625461463 [0.27318973 0.27954879 0.3014288  0.27714576 0.26137702 0.2883603
 0.28095045 0.33936518 0.23750502 0.38840176]
143 18.56329811768353 [0.27305268 0.27910963 0.30234758 0.2771982  0.26110038 0.28842346
 0.28168801 0.33969054 0.23740161 0.38800013]
144 18.800027700482303 [0.27286209 0.27857124 0.30314018 0.27739559 0.26062957 0.28854071
 0.28226951 0.34013799 0.2371662  0.38763822]
145 18.595598311263025 [0.27264313 0.27828306 0.30388272 0.27738342 0.2602684  0.28869068
 0.28302761 0.34085124 0.23690746 0.38746768]
146 14.883267450835705 [0.27246509 0.27804101 0.30455603 0.27733935 0.25977339 0.28858208
 0.28406613 0.34180119 0.23662251 0.38758508]
147 21.315515247684033 [0.27267362 0.27745588 0.30528972 0.27708231 0.25935413 0.28841285
 0.28506078 0.34289543 0.23622326 0.38758138]
148 17.62951262532944 [0.27242427 0.27696175 0.30648452 0.27702297 0.25890109 0.28824902
 0.28608368 0.34381171 0.23594951 0.38700894]
149 17.88501804956712 [0.27224785 0.27653579 0.30751337 0.27681889 0.2585686  0.28816229
 0.28685504 0.34479234 0.23563387 0.38669078]
150 19.687786196108107 [0.2721065  0.27628992 0.30847426 0.27649093 0.25806475 0.28800153
 0.28763505 0.3461351  0.23568144 0.38664731]
151 19.688588521068887 [0.27178952 0.27605107 0.30935234 0.27634524 0.25768214 0.28784335
 0.28822336 0.34755945 0.23585429 0.38679746]
152 19.804959469875875 [0.27167258 0.27585477 0.30970604 0.27605649 0.25732067 0.28761745
 0.28825476 0.34964222 0.23590131 0.38672345]
153 15.278537152707877 [0.27168227 0.27574932 0.31005605 0.27568713 0.25696634 0.28734713
 0.28813008 0.3521113  0.23603036 0.38679038]
154 15.727805164271526 [0.27160725 0.27550379 0.31022086 0.27502211 0.25663968 0.28711543
 0.28802506 0.35454495 0.23642954 0.38699365]
155 15.804841312904795 [0.27148112 0.27535233 0.3103509  0.2744782  0.25629596 0.28706374
 0.28808396 0.35664334 0.23664859 0.38737489]
156 18.87771321428468 [0.27120226 0.27506045 0.31063145 0.27414703 0.25588046 0.28705496
 0.28816519 0.35811011 0.23672159 0.38830177]
157 17.555788203477988 [0.2709205  0.2749015  0.31073477 0.27387461 0.25547348 0.28728082
 0.28816667 0.35934653 0.23682105 0.38871689]
158 23.01989135215308 [0.27063272 0.27466043 0.31073097 0.2738086  0.25494625 0.28747128
 0.28828414 0.36035806 0.23658641 0.38908926]
159 15.65490861693181 [0.27060482 0.27434458 0.31060073 0.2734747  0.25459068 0.28777382
 0.28827283 0.36091871 0.23647822 0.38941208]
160 19.9576502992354 [0.2709293  0.27405744 0.31016455 0.27304674 0.25414454 0.28843615
 0.28885903 0.36102631 0.23652541 0.38961534]
161 19.820858349200822 [0.27107972 0.27348437 0.31010829 0.27247816 0.2537009  0.28902624
 0.28923047 0.35945834 0.23654644 0.38955347]
162 17.92446317406328 [0.27063455 0.27269776 0.31000352 0.27198444 0.25335227 0.28970381
 0.28942085 0.35797484 0.23655529 0.38934954]
163 16.461232417989578 [0.27015283 0.27241715 0.30943451 0.27194901 0.25312177 0.29016742
 0.28996377 0.3560538  0.23644692 0.38946055]
164 19.671939585594103 [0.26950799 0.27228246 0.30888841 0.27197159 0.25292148 0.29074577
 0.29094869 0.35423645 0.23644308 0.38952548]
165 14.80669711348481 [0.26883989 0.27206624 0.30833495 0.27213437 0.25237666 0.29121205
 0.29194655 0.35284248 0.23633326 0.38979221]
166 19.492808721103266 [0.26805856 0.27177526 0.3079631  0.27244152 0.25183435 0.29172996
 0.29295324 0.35047678 0.23621958 0.39015715]
167 15.421920576941762 [0.26760677 0.27152415 0.30760514 0.27249356 0.25135558 0.29197314
 0.29395648 0.34814329 0.23595077 0.39036737]
168 23.58611912659987 [0.26727928 0.27114036 0.30710067 0.27267241 0.25086559 0.2920495
 0.29478051 0.3467851  0.23573813 0.39060981]
169 19.11492686055252 [0.26678284 0.27085963 0.30655923 0.27240798 0.2504663  0.29206135
 0.29562967 0.34436312 0.2354203  0.39079071]
170 21.031652483105347 [0.2661789  0.27098218 0.30629628 0.27227261 0.250085   0.29211467
 0.296105   0.34223649 0.23520694 0.39154713]
171 21.08813004437446 [0.26550993 0.27110734 0.30577889 0.2723122  0.24966952 0.29206108
 0.29661717 0.34000171 0.23475211 0.39248307]
172 20.535259468096392 [0.26507744 0.27126885 0.30502856 0.27236768 0.24926908 0.29191959
 0.29719489 0.33781703 0.23412367 0.39311174]
173 20.067093153748743 [0.26480673 0.27154402 0.30414309 0.27260076 0.2489314  0.29220853
 0.29807747 0.33548955 0.23354997 0.3940376 ]
174 18.212499229670815 [0.26459012 0.27148168 0.30324207 0.27305159 0.24850047 0.2928529
 0.29889661 0.33363333 0.23312465 0.39460459]
175 17.786137519730968 [0.26437621 0.27146741 0.3023476  0.27367501 0.24799755 0.29331099
 0.29969876 0.33168774 0.23267233 0.39523171]
176 20.838084126559895 [0.26425964 0.27125968 0.30181232 0.27429795 0.2475384  0.29388753
 0.30040254 0.32963284 0.23209975 0.39564372]
177 21.952017997729605 [0.26398195 0.27158283 0.30123321 0.27476956 0.24698035 0.29420279
 0.30120452 0.32834632 0.23175464 0.39571654]
178 19.550365770831377 [0.26369588 0.27176198 0.30082601 0.2751191  0.24643467 0.29474054
 0.30220545 0.32739256 0.23145337 0.39590872]
179 22.415393770755493 [0.26327909 0.27186173 0.30042767 0.27531151 0.24584569 0.29536234
 0.30324234 0.32635716 0.23140219 0.39582631]
180 19.50867350479435 [0.26299364 0.27186308 0.30037369 0.2756719  0.24526457 0.2959516
 0.3045011  0.32603288 0.23126604 0.39599997]
181 21.372318176873208 [0.2626732  0.27166346 0.30030446 0.27587147 0.24475068 0.29650185
 0.30584681 0.32556889 0.23127653 0.39604045]
182 21.121174331556393 [0.2623378  0.27103546 0.29998881 0.27618045 0.2444243  0.29713191
 0.30721218 0.32490066 0.23146564 0.3959688 ]
183 24.79469259970189 [0.26208448 0.27014511 0.29987921 0.27645848 0.24400887 0.29780873
 0.30847008 0.32426199 0.23158898 0.39604651]
184 18.588798423036643 [0.26191626 0.26909981 0.29962808 0.27662243 0.24389795 0.29839219
 0.30992745 0.32350684 0.23182179 0.39600235]
185 18.033759156092636 [0.26183327 0.26808515 0.29965706 0.27665331 0.24368223 0.29873857
 0.31145201 0.32317268 0.23216285 0.39633876]
186 24.802137813726752 [0.26178684 0.26711964 0.3002514  0.27648533 0.24348562 0.2988964
 0.31325538 0.3231385  0.2325728  0.39677726]
187 24.742809353972333 [0.26146418 0.26617917 0.30080312 0.27628134 0.24306523 0.29914013
 0.31535194 0.32301163 0.23250957 0.39744956]
188 15.715806109811586 [0.26118562 0.26529935 0.3011823  0.27617292 0.24287227 0.29946361
 0.31701915 0.32288568 0.23233118 0.39837857]
189 18.43788156251422 [0.26112379 0.26445229 0.30166519 0.27595842 0.2427454  0.29988224
 0.3186513  0.32265264 0.23205268 0.39977611]
190 16.680030891698216 [0.26097375 0.26361921 0.30213742 0.27606079 0.24280818 0.30048738
 0.32047468 0.32244279 0.23185287 0.40118987]
191 23.52026752893722 [0.26090929 0.2627492  0.30254505 0.27617246 0.24283754 0.30136263
 0.32234695 0.32279599 0.23164473 0.40263307]
192 17.731757077327117 [0.26084591 0.2612406  0.30289196 0.27587322 0.24269292 0.30245745
 0.32379297 0.32293989 0.23155174 0.40383507]
193 19.939266319340764 [0.26078826 0.26009457 0.30314533 0.27533766 0.24258043 0.30357088
 0.32538804 0.32319788 0.23117692 0.40506403]
194 18.418364684494357 [0.26067546 0.25916244 0.30303327 0.27501466 0.24241024 0.30464543
 0.3269863  0.32363788 0.23068673 0.40645189]
195 19.443935306903626 [0.2603875  0.25829903 0.3029742  0.27474602 0.24227565 0.30562017
 0.32832164 0.32427821 0.23043066 0.40767178]
196 22.78036948841863 [0.26014478 0.25754959 0.30298099 0.27484523 0.24229399 0.30656372
 0.3294885  0.32479189 0.23002021 0.40828569]
197 20.247400443180965 [0.25991007 0.25674347 0.30295313 0.27491594 0.24260807 0.30734539
 0.33084899 0.32512616 0.22976872 0.4092194 ]
198 21.23786146072242 [0.25961742 0.25602007 0.30278653 0.27469757 0.2426253  0.30846879
 0.33249007 0.32555352 0.22938833 0.40996393]
199 20.52693133261942 [0.25943874 0.25523227 0.30253201 0.27448912 0.24283456 0.30931928
 0.33397936 0.32593429 0.22928301 0.41048191]
200 21.805933272701807 [0.25929317 0.25447821 0.30189838 0.27424019 0.24291441 0.3098276
 0.33520596 0.32609109 0.22939933 0.41095615]
201 18.113348446173077 [0.25940605 0.25335204 0.30136455 0.27405341 0.24307589 0.31012092
 0.33640023 0.32626783 0.22932553 0.41136574]
202 16.597298202825986 [0.25950181 0.25219179 0.30052712 0.27391821 0.24309415 0.31047951
 0.33816828 0.32655784 0.22912049 0.41211621]
203 23.090873531949438 [0.25941164 0.25125252 0.2998317  0.27370438 0.24300768 0.31072322
 0.34043876 0.32683169 0.22894583 0.41255518]
204 18.840592378228422 [0.25925453 0.25042152 0.29951137 0.27321385 0.24289796 0.31107468
 0.34228153 0.32743895 0.22867855 0.41278742]
205 17.425647805862873 [0.25910222 0.24971819 0.2995792  0.27241206 0.24279637 0.31134526
 0.34327226 0.3275292  0.22839748 0.41303938]
206 19.072842979375295 [0.25881115 0.24916463 0.29921476 0.27179293 0.24270818 0.31176082
 0.34408777 0.32764177 0.22848954 0.41359173]
207 25.39396706936655 [0.25859042 0.24857659 0.29898076 0.27118296 0.24277659 0.31185551
 0.34439041 0.32762651 0.22857327 0.4145899 ]
208 14.393007748103365 [0.25855851 0.24799469 0.29865819 0.27072781 0.24278205 0.31168118
 0.34458118 0.3279204  0.22871227 0.41553456]
209 27.72736720453667 [0.25854959 0.24738977 0.29838307 0.27011564 0.24264199 0.3119143
 0.34516406 0.32825784 0.22903196 0.41596014]
210 17.543337778695363 [0.25850654 0.24683138 0.29812956 0.26944049 0.24242101 0.31203257
 0.34600867 0.32804903 0.22913033 0.41681562]
211 19.120057728413492 [0.25858818 0.24633605 0.29755188 0.26860864 0.24215025 0.31221173
 0.34693801 0.32780335 0.22918504 0.41734076]
212 16.264738829752893 [0.25880294 0.24589566 0.29692519 0.26803205 0.24215595 0.31254065
 0.34810553 0.32759437 0.22914321 0.41820057]
213 17.53444147921069 [0.25882099 0.24537252 0.2965562  0.26752724 0.24210844 0.31293862
 0.34876813 0.32659086 0.22922014 0.41918465]
214 15.313718608942832 [0.25877662 0.24482618 0.29611326 0.26734436 0.24194483 0.31365353
 0.34943879 0.32624403 0.22912353 0.4192728 ]
215 20.847302398668106 [0.25890127 0.24442822 0.29559488 0.2672468  0.241962   0.3140829
 0.35055045 0.32627545 0.22884466 0.41927876]
216 19.2942477893727 [0.25887645 0.24383347 0.29486632 0.26729117 0.2419487  0.3142905
 0.35178081 0.32599095 0.22900785 0.41910658]
217 17.545991041154068 [0.25879908 0.24328662 0.29412879 0.26727596 0.24185336 0.31426339
 0.3531403  0.32603241 0.22904399 0.41871246]
218 15.663781885852027 [0.25861231 0.24281183 0.29328784 0.26714037 0.24185528 0.31412157
 0.35440694 0.32580422 0.22875824 0.41882623]
219 18.494944114663372 [0.25859702 0.24246285 0.29271377 0.26699502 0.24196754 0.31365725
 0.3556376  0.32562834 0.22848942 0.41884893]
220 17.40349512381497 [0.25823384 0.24176518 0.29198504 0.26696492 0.24210313 0.31326592
 0.35639558 0.32556541 0.22801651 0.41927909]
221 18.42164986914959 [0.25810661 0.24104055 0.29148592 0.26709701 0.24239236 0.31284684
 0.35636975 0.32574837 0.22745344 0.41999841]
222 19.856169352727576 [0.25807531 0.24044542 0.29075882 0.26723032 0.2425447  0.31219806
 0.35641622 0.32586938 0.22684992 0.42041421]
223 17.988562213559227 [0.25818071 0.23999255 0.29023698 0.26740354 0.24276095 0.31178407
 0.35636943 0.32649753 0.22638265 0.42058002]
224 14.582339600806058 [0.25837826 0.23942951 0.28970187 0.26727216 0.24292895 0.31144773
 0.35573937 0.3270488  0.22576891 0.42098596]
225 16.02202020424462 [0.25853029 0.23881805 0.28931594 0.26710714 0.24296367 0.3108082
 0.35521686 0.32774588 0.2253257  0.42172071]
226 15.913293470680362 [0.25864371 0.23839981 0.28899249 0.26693185 0.24296666 0.30998527
 0.35514509 0.32903804 0.22488756 0.42222513]
227 15.198601138744698 [0.25872575 0.23790354 0.28876951 0.26670044 0.24303598 0.30932488
 0.35511179 0.33024674 0.22437822 0.42247071]
228 15.45504195659887 [0.25890649 0.23737129 0.28867225 0.26642671 0.24319991 0.30827859
 0.35523454 0.33129322 0.22416479 0.42282759]
229 17.18514453900698 [0.2589082  0.23681226 0.28852236 0.26647056 0.24335867 0.30709045
 0.3553905  0.33262011 0.22399304 0.42324938]
230 14.963837013302236 [0.25879738 0.23611706 0.28831823 0.26643259 0.24345294 0.30602544
 0.3561053  0.33384065 0.22378211 0.42361772]
231 15.885202354512904 [0.25872987 0.23523954 0.28832481 0.26640479 0.24350864 0.30534162
 0.35690955 0.33458553 0.22355306 0.42394232]
232 16.793997474960133 [0.2587429  0.23450681 0.28839326 0.26621329 0.24353967 0.3049292
 0.35788598 0.33505009 0.22341008 0.42465886]
233 15.822853692988083 [0.25874868 0.23382422 0.2883048  0.26621767 0.24365896 0.30469887
 0.35839828 0.33538335 0.22336395 0.42496798]
234 16.14491691602999 [0.25877633 0.23336744 0.28824595 0.26630247 0.2437625  0.30468083
 0.3593019  0.33529658 0.22317853 0.42514748]
235 14.652239816422846 [0.25927597 0.23297831 0.28815922 0.26620257 0.24363327 0.30468864
 0.35995614 0.33504074 0.22285527 0.42517212]
236 19.052784223055554 [0.25974392 0.23265702 0.28855963 0.26610202 0.24360103 0.30478393
 0.36040752 0.33489319 0.22250676 0.42506098]
237 18.623996882507114 [0.26043243 0.23244582 0.2889799  0.26607515 0.24357019 0.3045495
 0.36063157 0.33485025 0.22224659 0.42473696]
238 20.16463281032437 [0.26106902 0.23226139 0.28900711 0.26603989 0.24358786 0.30434572
 0.36088235 0.3345362  0.22202501 0.42514854]
239 20.44029924730893 [0.26172411 0.23222583 0.28895485 0.26600855 0.24363016 0.30441027
 0.36169582 0.33454002 0.22185279 0.42523184]
240 13.442410207694028 [0.26215068 0.23215069 0.28866799 0.26601575 0.2437119  0.30456915
 0.36276519 0.3345654  0.22181593 0.42542581]
241 22.194017506537143 [0.2625883  0.23212438 0.28853062 0.26582276 0.24370942 0.30473682
 0.36356847 0.33446781 0.22182714 0.42577558]
242 26.103915465116643 [0.26316004 0.23193475 0.28844498 0.26546235 0.24351657 0.30512609
 0.3638725  0.33466489 0.22181105 0.42620121]
243 19.637959184527 [0.2639749  0.23169981 0.28809559 0.26522878 0.24336804 0.30526737
 0.36405213 0.33490022 0.22189302 0.42673099]
244 19.57625693297184 [0.26469907 0.23158557 0.28785971 0.26501026 0.24330585 0.30566222
 0.36437102 0.33442675 0.22193524 0.42715247]
245 16.75064120396359 [0.26524013 0.23147626 0.28771754 0.26475444 0.24325701 0.30595107
 0.36443371 0.33428449 0.22213113 0.42790092]
246 21.103597525196633 [0.26550448 0.23149908 0.28749177 0.26461842 0.24302294 0.30611783
 0.36407509 0.33393754 0.22229945 0.42845218]
247 26.232491578438843 [0.26581971 0.23132199 0.28743233 0.26479586 0.24288538 0.30650429
 0.3632208  0.3339848  0.2225265  0.429315  ]
248 16.912281472425846 [0.26601723 0.23120208 0.28753107 0.26501032 0.24292203 0.3068515
 0.36198859 0.33421286 0.22284564 0.42996953]
249 18.934823370241315 [0.26650003 0.23132559 0.28730475 0.26520904 0.24294714 0.30676688
 0.36001739 0.33382858 0.22318253 0.43069213]
250 24.399765228990397 [0.26704189 0.23134142 0.2872652  0.26540239 0.24290122 0.30672942
 0.35805262 0.33374512 0.22355948 0.43136316]
251 20.112794980843717 [0.26780856 0.23137097 0.2870698  0.2655754  0.24294337 0.30676993
 0.35619716 0.33388367 0.2238003  0.43226379]
252 22.70916491920064 [0.26827978 0.23160885 0.28719141 0.26572392 0.24319993 0.30679714
 0.35491738 0.33420478 0.22402741 0.433364  ]
253 19.230045814737124 [0.26889041 0.23181337 0.28732765 0.26592467 0.24336411 0.30677534
 0.35442713 0.33439151 0.22425888 0.43434763]
254 13.61837835130829 [0.26982326 0.23187056 0.28730488 0.26590038 0.24357516 0.30684785
 0.35400968 0.33483835 0.22442796 0.43562949]
255 16.264410434330017 [0.27037396 0.23179816 0.28724542 0.26602519 0.2437292  0.30690041
 0.35412502 0.33513938 0.22444476 0.43607776]
256 21.171690530646543 [0.2706992  0.23156183 0.28718671 0.26578031 0.24393882 0.30737665
 0.3536481  0.33517598 0.22464796 0.43587123]
257 18.030462295283073 [0.27068248 0.2311397  0.2869771  0.26571273 0.24407746 0.30780775
 0.35261561 0.33515228 0.22479566 0.43537084]
258 14.317951365813233 [0.27051096 0.23068885 0.28676633 0.26581601 0.24439616 0.30785642
 0.35202847 0.33542376 0.22492725 0.43437817]
259 21.145015503172377 [0.27066881 0.23016547 0.28655559 0.26595764 0.24468229 0.30800497
 0.35130484 0.33546664 0.22460998 0.43326778]
260 18.18338730444148 [0.2707729  0.2294457  0.28618769 0.26621201 0.24459531 0.30806834
 0.35099819 0.33575727 0.22413628 0.4327477 ]
261 15.288170271096792 [0.2710497  0.22886013 0.28581686 0.26645458 0.24432166 0.30816641
 0.35145315 0.33612212 0.22379659 0.43188175]
262 17.97977865230896 [0.27140124 0.22834351 0.28557934 0.2667251  0.2440623  0.30827589
 0.35181295 0.33635088 0.22364932 0.431469  ]
263 22.371061692832463 [0.27157706 0.22788871 0.28533244 0.26684571 0.24391847 0.30834543
 0.35205493 0.33664045 0.22363416 0.43107457]
264 18.9615641358343 [0.27186737 0.22754209 0.28503691 0.26703164 0.2438037  0.30851934
 0.35223462 0.33605669 0.22378551 0.43056651]
265 22.27519921894191 [0.27184372 0.22729104 0.28496485 0.26721353 0.24362594 0.3080907
 0.35237316 0.33549081 0.22413371 0.4302705 ]
266 16.745450943076158 [0.27185763 0.22710687 0.2847596  0.26738439 0.24361422 0.30762107
 0.35302556 0.33490445 0.22456725 0.42997482]
267 22.795117037535988 [0.27176579 0.22693507 0.28462099 0.26733596 0.243496   0.30728696
 0.3539849  0.33460339 0.22505753 0.42918923]
268 20.969379407602602 [0.27162501 0.22688409 0.28467973 0.2673453  0.24340011 0.30728876
 0.35450476 0.3342977  0.22535413 0.42827631]
269 21.548003221628207 [0.27170044 0.22671808 0.28507329 0.26661846 0.24332122 0.30733648
 0.35479745 0.33392614 0.2256951  0.42804541]
270 20.65204249160194 [0.27149001 0.2265538  0.28554846 0.2656796  0.24304495 0.3071783
 0.35562458 0.33349136 0.22580118 0.42750446]
271 16.980459149854678 [0.27110693 0.2263522  0.28609223 0.26468392 0.24270683 0.30697026
 0.35618142 0.33264246 0.22587563 0.42658493]
272 19.357566214167083 [0.27103265 0.22613415 0.28623546 0.26388982 0.24235339 0.30678503
 0.35665277 0.33166862 0.22583933 0.4255169 ]
273 17.779915143901654 [0.27085531 0.22569214 0.28637458 0.26335145 0.24207467 0.30638629
 0.35766835 0.33085441 0.22586554 0.42462615]
274 16.137920662122674 [0.27054376 0.22535538 0.28644876 0.26292304 0.24184488 0.3061485
 0.35858411 0.33010994 0.22593698 0.42390559]
275 14.673249182835914 [0.27012089 0.22509459 0.28652034 0.2624527  0.24138853 0.30593057
 0.35830426 0.32942764 0.22603511 0.42343123]
276 20.66719400606962 [0.26981379 0.22485079 0.28682986 0.2621487  0.24082189 0.30596566
 0.3584458  0.32915021 0.22607414 0.42333596]
277 16.936746063270004 [0.26930796 0.22457309 0.28686228 0.2622616  0.24046155 0.30616593
 0.35919828 0.32897443 0.22604452 0.42383062]
278 18.874228321129504 [0.26905464 0.22436207 0.2870929  0.26264311 0.24025866 0.30680289
 0.35984984 0.3287198  0.22597541 0.42380328]
279 17.01446713614898 [0.26856935 0.22412507 0.28748277 0.2628954  0.23998309 0.30739043
 0.36065066 0.32888587 0.22607823 0.42384208]
280 23.544597127674866 [0.26826972 0.22379456 0.28787417 0.26285827 0.2394877  0.30804909
 0.36149087 0.3281798  0.22633608 0.42428207]
281 14.823409142689478 [0.26791858 0.22338714 0.28806928 0.26242622 0.23903662 0.30854732
 0.36222823 0.32737705 0.22651328 0.42425969]
282 15.313026638677142 [0.26761787 0.22315325 0.28814102 0.26204848 0.23891554 0.30900581
 0.36263568 0.32651741 0.22683554 0.42451712]
283 18.18745428589918 [0.26743929 0.22295567 0.28822988 0.26162723 0.23884122 0.30954292
 0.36271827 0.3257687  0.22719869 0.42481264]
284 19.033362399257857 [0.26731148 0.22262478 0.28822639 0.26111526 0.23885377 0.31028037
 0.3624648  0.32558645 0.227556   0.42491492]
285 13.864304556967857 [0.26734819 0.22240084 0.28778491 0.26070788 0.23884814 0.31102093
 0.36231324 0.3254448  0.22771675 0.42536047]
286 15.456826441409039 [0.26721723 0.22213076 0.28736933 0.26046462 0.23885903 0.31175043
 0.36253239 0.32592646 0.22796062 0.4258739 ]
287 13.933102532367958 [0.26720098 0.22205527 0.28690254 0.26019757 0.23862074 0.31251118
 0.36289292 0.32676689 0.22795493 0.42624611]
288 12.887140208863087 [0.26698758 0.22183337 0.28658482 0.25981057 0.23832326 0.31330509
 0.36323239 0.32820321 0.22808281 0.42676313]
289 15.280724845581718 [0.26691248 0.22156677 0.28615922 0.25888122 0.23778498 0.31364699
 0.36404227 0.32922814 0.22838957 0.42757421]
290 12.2036651271878 [0.26716023 0.2212006  0.28562017 0.25829111 0.23732572 0.31430927
 0.36457045 0.3305224  0.22841632 0.42774418]
291 16.841553868172646 [0.26755256 0.22072751 0.28534907 0.25791462 0.23679157 0.31439583
 0.3647683  0.33146572 0.22849223 0.4283307 ]
292 13.307827508570105 [0.26812161 0.22036441 0.28539116 0.25754601 0.2361661  0.31446518
 0.36477614 0.3319604  0.22845765 0.42854819]
293 18.872090447824664 [0.26887013 0.2200021  0.28521255 0.25727344 0.23566867 0.31461567
 0.36525764 0.33230901 0.22852934 0.42957333]
294 17.832518523139925 [0.26976889 0.21971765 0.28517844 0.25695684 0.23515134 0.31469576
 0.36564355 0.33268926 0.22841932 0.43019289]
295 12.347559887022033 [0.27049889 0.21959807 0.28521652 0.25680824 0.23445909 0.31417065
 0.36606826 0.33266397 0.22822393 0.43160937]
296 14.680989400718083 [0.27118872 0.21940748 0.28501345 0.25680481 0.23398361 0.31370877
 0.36693127 0.33240245 0.22798507 0.43271126]
297 13.675079426964487 [0.27193633 0.21937062 0.28492774 0.25736038 0.23365703 0.31330401
 0.36875651 0.33223567 0.22786993 0.43384886]
298 19.04797250689128 [0.27235408 0.21912868 0.28474407 0.25753206 0.2334467  0.31245207
 0.36948239 0.33182619 0.22750988 0.43458372]
299 15.170936628862712 [0.27299856 0.21884287 0.28472508 0.25770515 0.23322061 0.31143485
 0.3700972  0.3311861  0.22730918 0.43479241]
300 12.619752113736475 [0.27345039 0.21854991 0.28466173 0.257646   0.23305323 0.31042112
 0.37083933 0.33080696 0.2270098  0.43534908]
301 21.340082448744596 [0.27367416 0.21818672 0.2849669  0.25745831 0.23293047 0.30984973
 0.37171628 0.32994451 0.22694131 0.43603656]
302 12.411255391037265 [0.27380849 0.21786998 0.28526581 0.25738966 0.23267477 0.3093617
 0.37286216 0.32932923 0.22680125 0.43645694]
303 15.011081029206633 [0.27396561 0.21752696 0.28554944 0.2572971  0.23244594 0.30907493
 0.37273113 0.32855322 0.22698779 0.43664115]
304 12.646425438110006 [0.27386188 0.21708388 0.28587875 0.25698712 0.23265761 0.30935029
 0.37261742 0.3275362  0.22718816 0.43668113]
305 12.52262486603199 [0.27362043 0.21670208 0.28641331 0.25653995 0.23282216 0.30923394
 0.37268598 0.32669493 0.22733771 0.43728806]
306 17.025966635303703 [0.27302242 0.21655287 0.28707325 0.2566086  0.23312062 0.30864961
 0.37206392 0.32604689 0.22754676 0.43806595]
307 17.393012293674424 [0.27253353 0.21638541 0.28779333 0.25669158 0.2332946  0.30844343
 0.37153465 0.32546757 0.2276019  0.43866417]
308 16.208942410688323 [0.27246405 0.21614987 0.28841121 0.25697689 0.23338136 0.30847502
 0.37055109 0.32489143 0.2274519  0.43974661]
309 15.279277718766142 [0.27243146 0.21613206 0.28886418 0.25714972 0.23345166 0.3084935
 0.36973939 0.32464788 0.22752673 0.44098286]
310 15.33841027094875 [0.27203068 0.21599491 0.28910605 0.2573387  0.23355785 0.3081513
 0.36894337 0.32441399 0.22788035 0.44171199]
311 17.056153452268642 [0.27164198 0.2157785  0.28944784 0.25752097 0.23378076 0.30791626
 0.36881933 0.32381113 0.22823928 0.44312571]
312 13.58998852149815 [0.27112628 0.21559838 0.28985672 0.25780634 0.23382846 0.30793194
 0.3679423  0.32334762 0.22853915 0.44499632]
313 17.958636854600876 [0.27070951 0.21550027 0.29038271 0.25802532 0.23381368 0.30813912
 0.36651098 0.32306714 0.2287153  0.44719214]
314 16.14956915398132 [0.27032177 0.21527786 0.29122308 0.25801873 0.23399927 0.30794328
 0.36526362 0.3230806  0.2289588  0.44858834]
315 15.768723959275931 [0.269833   0.21490894 0.29142542 0.25840708 0.23417486 0.30785749
 0.36423506 0.32335516 0.2292242  0.44956754]
316 15.402260520442109 [0.26911553 0.21456685 0.29124544 0.25887799 0.23438437 0.30727185
 0.36307381 0.32363204 0.22960827 0.45030139]
317 19.136169289493832 [0.26850762 0.21422273 0.29109115 0.25960688 0.23440894 0.30661033
 0.362038   0.32403693 0.22997875 0.45107087]
318 18.298444502021187 [0.26753949 0.21395824 0.2908861  0.26037561 0.23428006 0.30604158
 0.36107057 0.32467057 0.23039544 0.45126834]
319 15.409324614890041 [0.26636074 0.21355697 0.29084534 0.26115951 0.23417344 0.30541786
 0.35994313 0.32510768 0.23091507 0.45189248]
320 15.381796481554082 [0.26530277 0.2131021  0.2906874  0.26187445 0.23423615 0.30405358
 0.3593178  0.32535467 0.23132221 0.45193149]
321 16.23632972761223 [0.2646316  0.21275387 0.29006845 0.26271702 0.2342653  0.30304657
 0.35883107 0.32569599 0.23127583 0.45151303]
322 19.384976217141315 [0.26373113 0.21243812 0.28948265 0.26330305 0.23397397 0.3019573
 0.35872546 0.32619349 0.23121058 0.45045023]
323 20.793979882374916 [0.26261161 0.2121689  0.28912694 0.26384002 0.23367903 0.30093477
 0.35902145 0.32673697 0.23133348 0.45009222]
324 14.974235377262062 [0.26159412 0.2120765  0.28881826 0.26408927 0.23328705 0.30010869
 0.35987104 0.32693623 0.23150184 0.44938393]
325 13.524423313510907 [0.26052571 0.21208862 0.28837829 0.26406232 0.23307539 0.2991039
 0.36112241 0.32712148 0.23148382 0.44832689]
326 12.495968510811677 [0.25973514 0.21212714 0.28785369 0.26441553 0.23272567 0.29812595
 0.36183557 0.3267567  0.2314627  0.44773554]
327 18.04500426890686 [0.25908759 0.21219196 0.28743313 0.26477704 0.23234247 0.29763374
 0.36214962 0.32617166 0.23144674 0.44739599]
328 15.961616407314008 [0.25842312 0.21203992 0.28698405 0.26513351 0.23188458 0.29779235
 0.36254942 0.3261626  0.23129733 0.44696815]
329 18.889998529061494 [0.2572232  0.2116734  0.28690158 0.26535624 0.23152264 0.29778228
 0.36304729 0.3265571  0.23083676 0.44656256]
330 17.209020850879476 [0.25604821 0.21122063 0.28650942 0.26556248 0.23138364 0.29789537
 0.36303232 0.32716227 0.23035876 0.44635337]
331 24.359249070374958 [0.25498745 0.21100706 0.28606737 0.26586446 0.2310345  0.29818808
 0.36321098 0.32803873 0.22993887 0.44591252]
332 17.13093067465129 [0.25379092 0.21084487 0.28575828 0.26616766 0.23059875 0.29859068
 0.36257767 0.32880055 0.22967254 0.44568707]
333 24.367533377295143 [0.25266991 0.21083878 0.28560062 0.26645366 0.23034516 0.29884304
 0.36186763 0.32965068 0.22944246 0.44542931]
334 14.614174532239577 [0.25150462 0.21076272 0.2856456  0.2666193  0.23027166 0.2994511
 0.36179179 0.33048762 0.22911587 0.44515725]
335 18.562089443519405 [0.25040597 0.21073102 0.28533131 0.26675138 0.2302256  0.29999057
 0.36143386 0.33097693 0.22872408 0.44432269]
336 17.631021885414043 [0.24946192 0.21070482 0.28527441 0.26700284 0.23019563 0.3004243
 0.36147837 0.33132619 0.22831519 0.44385074]
337 23.104607117580308 [0.24869772 0.21062856 0.28519008 0.26699716 0.23034338 0.30127615
 0.36149044 0.33134778 0.22772792 0.44274426]
338 17.38242879861661 [0.2478979  0.21067553 0.2852428  0.26724365 0.23011677 0.30182205
 0.36129454 0.33128233 0.22724419 0.44208621]
339 13.62629866854563 [0.24720073 0.21068385 0.28502091 0.26729128 0.22982582 0.30223447
 0.36109146 0.33114125 0.22675053 0.4414313 ]
340 12.686484509419513 [0.24658291 0.21089654 0.2848378  0.26723616 0.22957539 0.30268543
 0.36096275 0.33121797 0.22640479 0.44118304]
341 16.119757609895245 [0.24595301 0.21113725 0.28444075 0.26705321 0.2293483  0.30284839
 0.36062329 0.33139348 0.22609233 0.44099746]
342 16.639189355855848 [0.24551684 0.2113492  0.28459036 0.2671912  0.22919721 0.30245795
 0.36020045 0.3311762  0.2258325  0.44101817]
343 14.044127766548275 [0.24512504 0.21142548 0.28475089 0.26718589 0.22921485 0.30208108
 0.35982551 0.33083964 0.22567822 0.44080187]
344 15.694637957863545 [0.24473942 0.21167602 0.28469909 0.26697138 0.22937088 0.30141589
 0.35997152 0.33069239 0.22549325 0.44135984]
345 17.862617969364123 [0.24427261 0.21188127 0.28446498 0.2667682  0.22935321 0.3010354
 0.35959628 0.33028938 0.22555257 0.44169684]
346 20.47519835318195 [0.24366086 0.21218736 0.28404597 0.26673799 0.22951851 0.30111859
 0.35890278 0.33015733 0.22563105 0.44197284]
347 21.73109839539595 [0.24326551 0.21251661 0.28342843 0.26673822 0.22969792 0.30103921
 0.35822799 0.32998626 0.22579303 0.44153038]
348 13.332653856057087 [0.24297282 0.21277071 0.28276214 0.26660787 0.22974534 0.30063702
 0.35741609 0.3299171  0.2259685  0.44134356]
349 14.959618696741714 [0.24270242 0.21305904 0.28222556 0.26645197 0.22995164 0.30016203
 0.35649834 0.32973877 0.22615898 0.44141349]
350 17.051487788484778 [0.24238048 0.21341073 0.28126621 0.2661897  0.23040321 0.29989085
 0.35597642 0.32963812 0.22653368 0.44111601]
351 16.368746058025586 [0.24199721 0.21359626 0.28030106 0.26570538 0.23108702 0.29958176
 0.35653714 0.32982007 0.22693859 0.4413653 ]
352 14.493029309641507 [0.24184506 0.21351197 0.27954357 0.26565143 0.23153101 0.29900865
 0.35731098 0.3291695  0.22701905 0.44166574]
353 17.330973032127538 [0.24163492 0.21353005 0.27888483 0.26569257 0.2319477  0.2987471
 0.35807674 0.32849986 0.22735998 0.4423558 ]
354 12.021900655197324 [0.24137187 0.21348708 0.27820738 0.2659808  0.2320738  0.29860699
 0.35832061 0.32801662 0.22759346 0.44281905]
355 14.930062888180792 [0.24129188 0.21335207 0.27753604 0.26620214 0.23251023 0.2981417
 0.35801323 0.32768807 0.2279336  0.44293059]
356 17.942265578209664 [0.24103519 0.21312794 0.27689389 0.26639696 0.23299784 0.29760438
 0.35782402 0.32757881 0.22837083 0.44312557]
357 21.088042032319233 [0.24092439 0.21306857 0.27609839 0.26658588 0.23332251 0.29719829
 0.35754089 0.327531   0.22885477 0.44378138]
358 24.7752746371186 [0.24058994 0.21305986 0.2756433  0.26692763 0.23340299 0.29707467
 0.35738329 0.32752738 0.22937772 0.44390829]
359 18.575593866547912 [0.24031362 0.2131517  0.27542778 0.26749185 0.23348635 0.29689066
 0.35758405 0.32761121 0.2300223  0.44389146]
360 10.95331866193347 [0.24009702 0.21303471 0.27508235 0.26771643 0.23344154 0.2967843
 0.35767999 0.32781797 0.23042792 0.44366098]
361 16.93043148267068 [0.24013052 0.21309334 0.2746329  0.26774125 0.23338393 0.29703249
 0.35758306 0.32750698 0.23115635 0.44430808]
362 16.979670525201133 [0.24012774 0.21321641 0.27419218 0.26771623 0.23317105 0.29719405
 0.35767505 0.32714555 0.23190794 0.44477824]
363 15.680788381590961 [0.24007392 0.2132118  0.27391271 0.26733469 0.2329253  0.29729701
 0.35782238 0.32695914 0.23253301 0.44557796]
364 14.527165511310333 [0.23988265 0.21328772 0.27394032 0.26746139 0.23281461 0.29712708
 0.35789044 0.32674235 0.23305787 0.44647797]
365 17.129186792692938 [0.23989422 0.21332372 0.27397407 0.26799031 0.23270606 0.29707906
 0.35807475 0.32671772 0.23349775 0.4474046 ]
366 12.915811934875777 [0.23999788 0.21344426 0.27379238 0.26849289 0.23279519 0.2969774
 0.35782159 0.32659009 0.23382176 0.44859207]
367 22.059965715988067 [0.23997614 0.21364123 0.27349445 0.26863557 0.23308928 0.29704081
 0.35734448 0.32636834 0.23398036 0.44961561]
368 16.728899341272225 [0.23999142 0.21381984 0.2731608  0.26865836 0.23337591 0.29723809
 0.35688428 0.3256415  0.23431048 0.4502371 ]
369 19.832041339254246 [0.23988361 0.21405224 0.27288834 0.26874867 0.23356548 0.29763223
 0.35591735 0.32518654 0.23477046 0.45011733]
370 16.987934192021875 [0.23945139 0.2144589  0.27268735 0.26883218 0.23386681 0.29806336
 0.35554226 0.32501484 0.23554447 0.4504645 ]
371 15.82184738801823 [0.23914787 0.21481332 0.27244145 0.26915687 0.23416788 0.29853645
 0.35543602 0.32464675 0.23578824 0.45086217]
372 20.813798456943708 [0.23891812 0.21521074 0.27222541 0.26937631 0.23449633 0.29894489
 0.35503057 0.32428519 0.23625937 0.45121482]
373 20.75216635080306 [0.23901691 0.21559492 0.27205077 0.26937068 0.23485597 0.29910016
 0.35426569 0.32406523 0.23681844 0.4511622 ]
374 14.630060732647884 [0.23910314 0.21584282 0.27172007 0.26918906 0.23529853 0.29944447
 0.35370422 0.32384149 0.23689761 0.45084284]
375 19.6797171676659 [0.23908584 0.21619278 0.2713132  0.26913092 0.23589643 0.29973071
 0.35301465 0.32385727 0.23692572 0.45072503]
376 21.30169642557777 [0.23920499 0.21675763 0.27065949 0.26920367 0.23650116 0.29997169
 0.35252742 0.32384834 0.23722579 0.45090663]
377 18.720810519492268 [0.23927511 0.21727952 0.2701718  0.26957034 0.23697099 0.30064085
 0.35233589 0.32380172 0.23758853 0.45124607]
378 21.259017165141024 [0.23958135 0.21777377 0.26969015 0.26971679 0.23749977 0.30129938
 0.35240667 0.32377425 0.23806205 0.4515104 ]
379 15.81200947589391 [0.23989421 0.21807406 0.2693313  0.2698162  0.23803831 0.30229239
 0.35209605 0.32346192 0.23852451 0.45179254]
380 16.065596933848138 [0.24026988 0.21839578 0.26873235 0.26993617 0.23834249 0.30306575
 0.35160448 0.32313265 0.23930585 0.45245875]
381 19.521197604389478 [0.24059996 0.21865086 0.26831485 0.27025044 0.23884464 0.30380591
 0.35136472 0.32282717 0.24019163 0.45291462]
382 26.061508797427294 [0.24095917 0.21891272 0.26788664 0.27027981 0.23904714 0.30436938
 0.35050583 0.322799   0.24113977 0.45371504]
383 13.921182068048946 [0.24117497 0.21916219 0.26750145 0.27056492 0.23938897 0.30439594
 0.35018349 0.3225568  0.24200442 0.45493973]
384 17.76785831321895 [0.24118434 0.21932695 0.2671726  0.2710051  0.23991014 0.30449077
 0.34970806 0.3221796  0.24288573 0.4561493 ]
385 20.90978251824331 [0.24118969 0.21941022 0.26698219 0.27191314 0.24013785 0.30465956
 0.34963303 0.32212143 0.24335398 0.45695902]
386 16.007986854735996 [0.24104018 0.21955935 0.26676778 0.27285244 0.24019654 0.30441317
 0.34969278 0.32247749 0.24360933 0.45771697]
387 15.6420615602507 [0.24088637 0.21970031 0.26654878 0.27362252 0.24026818 0.30449368
 0.35024644 0.32255852 0.24375792 0.45853521]
388 23.975276828051744 [0.24083485 0.21964925 0.26631684 0.27411887 0.24052528 0.30437568
 0.3511152  0.32233333 0.24343761 0.45862901]
389 18.118509746922612 [0.24094456 0.2197294  0.26614697 0.27454692 0.24074921 0.30439751
 0.35197144 0.32239558 0.24324676 0.45854511]
390 17.842591491654133 [0.24075255 0.21956349 0.26580552 0.27493762 0.24092363 0.30470674
 0.35249898 0.32278882 0.24277366 0.45829004]
391 15.654507834714359 [0.24043964 0.21945203 0.2654405  0.27568929 0.24104276 0.30466636
 0.35299807 0.32327221 0.24259325 0.45809941]
392 17.53841174097793 [0.24017968 0.21936377 0.26518425 0.27624929 0.24093554 0.3045284
 0.35368808 0.32355745 0.24250981 0.45823601]
393 16.617278107384003 [0.23994325 0.21920419 0.26483702 0.27674035 0.24075311 0.3044543
 0.35432223 0.32388095 0.24253131 0.45792433]
394 15.762687594667973 [0.23978698 0.21897887 0.26459497 0.27718382 0.24055845 0.30437476
 0.35444094 0.32410255 0.24280819 0.45776611]
395 14.797063192502996 [0.23965484 0.21860592 0.26448155 0.27784736 0.24003765 0.30440389
 0.35474137 0.32425678 0.2430364  0.45711753]
396 21.56462356857959 [0.23956103 0.21819868 0.26427479 0.2786891  0.23966371 0.30385796
 0.35485143 0.32432065 0.24316044 0.45677497]
397 19.008389685368023 [0.23931545 0.21788319 0.26396315 0.27927644 0.23949945 0.30331866
 0.35488169 0.32491315 0.24299549 0.4565247 ]
398 15.659342949748925 [0.23906643 0.217714   0.26345905 0.27988035 0.23914232 0.30330589
 0.35527548 0.32550492 0.24273598 0.45662958]
399 18.413695778651757 [0.23880904 0.21756767 0.26296855 0.28024336 0.23872113 0.30327182
 0.35595333 0.32636879 0.24261491 0.45660064]
400 12.807200948437359 [0.23866459 0.21751328 0.26265626 0.28029561 0.23850681 0.30338687
 0.35663505 0.32723987 0.24240893 0.45633882]
401 13.718054703757389 [0.23807757 0.21729112 0.26254623 0.27937972 0.23842634 0.30385956
 0.35641034 0.32853547 0.24213454 0.45591946]
402 22.44743996802898 [0.23729598 0.21700039 0.26217121 0.2787089  0.23828046 0.30365022
 0.35639384 0.32969716 0.24202892 0.45530521]
403 18.800064568861067 [0.23676355 0.21678496 0.26194688 0.27738944 0.23819164 0.30355115
 0.35638565 0.33092627 0.2418243  0.45488973]
404 16.18634790531552 [0.23617932 0.21657618 0.26191147 0.27632961 0.23838538 0.30375424
 0.356504   0.3322802  0.24182186 0.45470306]
405 13.273787432110423 [0.23555347 0.21630541 0.26170658 0.27557988 0.2384356  0.30401012
 0.35645296 0.33381763 0.24171428 0.45441793]
406 19.452608523084102 [0.23532357 0.216058   0.26137333 0.2748584  0.2384614  0.30396531
 0.35648576 0.3353624  0.24178755 0.45404021]
407 13.206207006837111 [0.23488323 0.21593912 0.26144453 0.27441233 0.23826565 0.30410673
 0.3562662  0.33643906 0.24196598 0.45377853]
408 13.733375463022405 [0.23428771 0.21583604 0.26167505 0.27426733 0.23781197 0.30438047
 0.35635664 0.33679599 0.24218077 0.45339761]
409 21.00713558605962 [0.23359515 0.21576035 0.26154664 0.27463706 0.23763977 0.30419531
 0.35594581 0.33716507 0.24256243 0.45252575]
410 18.85857772124712 [0.23315186 0.21569096 0.26109048 0.2748218  0.23763771 0.30425381
 0.35484423 0.33760222 0.24293188 0.45144893]
411 14.023820172594494 [0.23282357 0.21552649 0.26053887 0.27512806 0.23782972 0.3040815
 0.35367553 0.33739057 0.24311372 0.45058865]
412 16.529224313313332 [0.23241508 0.21539339 0.26016805 0.27526758 0.23792399 0.30413363
 0.3526899  0.33763618 0.24329018 0.44967355]
413 18.911827058003844 [0.2322197  0.21536536 0.25994379 0.27553628 0.23834018 0.30429259
 0.35227146 0.33792621 0.24345427 0.44912848]
414 18.359449585517194 [0.23186536 0.21531492 0.25970786 0.27552703 0.2387742  0.30444584
 0.35142393 0.33814616 0.24372091 0.44818915]
415 12.477248948665729 [0.2316396  0.21534929 0.25943553 0.27573966 0.23933127 0.30451282
 0.35077729 0.3385629  0.24421499 0.44785313]
416 23.141156175029543 [0.23163378 0.21544509 0.25916266 0.27605915 0.23978041 0.30466886
 0.35027039 0.33937424 0.24463393 0.44740019]
417 13.034071876898487 [0.23174899 0.21547932 0.25898452 0.27640797 0.24033148 0.30400025
 0.34980686 0.33989669 0.24497968 0.44734099]
418 14.873290774969039 [0.23192942 0.21538644 0.25872555 0.27646788 0.24086856 0.30353637
 0.34958953 0.34043647 0.24535806 0.44727334]
419 17.930089436333997 [0.2318698  0.21537479 0.25840417 0.27634087 0.2412046  0.30304436
 0.3488193  0.34102554 0.24568528 0.44677662]
420 16.759965029886207 [0.23176944 0.21531831 0.25818355 0.2762569  0.24153377 0.30244681
 0.34824922 0.34144415 0.24608438 0.4468937 ]
421 17.585424027682166 [0.2315161  0.2151951  0.257959   0.27612506 0.24194979 0.30180601
 0.34770119 0.34174003 0.24636768 0.44705593]
422 14.695643727990152 [0.23098241 0.21499075 0.25801722 0.27613242 0.24249564 0.30093031
 0.34586171 0.34213457 0.24673716 0.44768081]
423 18.63224030941288 [0.23050982 0.21471307 0.25802682 0.2758047  0.24280798 0.29996527
 0.34449687 0.34279972 0.24727553 0.44836864]
424 14.623688218295353 [0.23004004 0.21412335 0.2580402  0.27489417 0.24317919 0.29902099
 0.34307259 0.34345802 0.24801405 0.44841473]
425 13.71618684521384 [0.22954302 0.21338764 0.25820723 0.27398    0.24364215 0.29833447
 0.34170186 0.34397149 0.24880768 0.44874484]
426 14.22010168098523 [0.22908792 0.21277074 0.25852842 0.27315243 0.24395078 0.29760562
 0.34052165 0.34442868 0.24935555 0.44840088]
427 18.100721350970844 [0.22870981 0.21222229 0.25880982 0.27255742 0.24411674 0.29684755
 0.33972681 0.34479796 0.2497285  0.44817811]
428 22.96899253933687 [0.2284866  0.21174566 0.2589718  0.27200817 0.24437365 0.29628511
 0.33881842 0.34527479 0.25040108 0.44770097]
429 14.879243116856276 [0.22823292 0.21131271 0.25905858 0.27170323 0.24464503 0.29597992
 0.33829543 0.34545097 0.25098894 0.44683154]
430 18.704376450599277 [0.22799356 0.21090073 0.25938929 0.27152503 0.24483475 0.29555952
 0.33740978 0.34562013 0.25136625 0.44630506]
431 19.708596275547777 [0.22800433 0.21069283 0.25979437 0.27131317 0.24504374 0.29510568
 0.33682207 0.34562179 0.25163828 0.44585953]
432 11.811761316670498 [0.22794189 0.2105118  0.26005588 0.27127303 0.24529131 0.29437105
 0.33621222 0.34583382 0.25200544 0.4453046 ]
433 13.157795862696279 [0.22810347 0.21038956 0.26012628 0.27073981 0.24547972 0.29371343
 0.33558829 0.34634664 0.25221762 0.44474252]
434 14.277526445842508 [0.22815225 0.21031818 0.26003936 0.27005623 0.2457189  0.29310846
 0.33503424 0.34670457 0.25262862 0.44386866]
435 15.105260998436897 [0.22809294 0.210463   0.2602613  0.26935639 0.2459516  0.29242605
 0.33460596 0.34689207 0.25300817 0.44314719]
436 13.071160016764289 [0.22799196 0.21060365 0.26057917 0.26853147 0.24614334 0.29185776
 0.33432411 0.34743003 0.25369029 0.44192437]
437 20.50983293113235 [0.22774028 0.21072698 0.26065455 0.2676608  0.24637839 0.29113014
 0.3348271  0.34811865 0.25448591 0.44076239]
438 13.873392275233112 [0.22722998 0.21070386 0.26071352 0.26639762 0.24660838 0.29016742
 0.3355739  0.34870031 0.25514738 0.43964368]
439 22.038791505201186 [0.22692123 0.21051452 0.26098867 0.26523268 0.24634117 0.28972863
 0.33598332 0.34937133 0.2560105  0.43807121]
440 11.623610876216915 [0.22646625 0.21029129 0.26119926 0.26388747 0.24602207 0.28938924
 0.33684194 0.35005445 0.25659339 0.43687297]
441 20.270932234126427 [0.22600418 0.21014114 0.26130056 0.26285234 0.24571374 0.28920885
 0.33740771 0.35038651 0.25725897 0.43563971]
442 15.756599648150063 [0.22553244 0.20994908 0.26099901 0.26203581 0.24521725 0.2892343
 0.33775161 0.35003026 0.25769995 0.43426836]
443 15.37734647383946 [0.22496228 0.20978827 0.26076038 0.2610997  0.2449402  0.28942533
 0.33818013 0.34957977 0.2579697  0.43308122]
444 16.012760800471398 [0.22452624 0.2096067  0.26036486 0.25987709 0.24460664 0.28944815
 0.33872172 0.34884788 0.2580512  0.43201526]
445 12.610168873561939 [0.22425143 0.20955646 0.26022723 0.25906218 0.24396899 0.28954972
 0.33927845 0.34802895 0.25815101 0.43098322]
446 15.079280787265928 [0.22393757 0.20941771 0.26033639 0.25806274 0.24337948 0.28950769
 0.34021217 0.34747893 0.25848401 0.43031829]
447 15.746506531629286 [0.22369978 0.20922095 0.26055413 0.2569924  0.24291596 0.28927076
 0.34132828 0.34693425 0.25884432 0.42998126]
448 15.74668923552423 [0.22349307 0.20886006 0.260835   0.2559893  0.24264945 0.28917944
 0.34210072 0.34679289 0.25923321 0.42967882]
449 13.391856065200937 [0.22320188 0.2085522  0.26117807 0.25532514 0.24238091 0.28865006
 0.34240947 0.34658592 0.25946754 0.42944528]
450 15.692475218336952 [0.22261332 0.20825341 0.26135736 0.25477632 0.24220088 0.28827272
 0.34208965 0.34657728 0.26000366 0.4293809 ]
451 12.207124607295494 [0.2219695  0.2078157  0.26158589 0.25412124 0.24253816 0.28748453
 0.3419836  0.34597542 0.26029938 0.42990796]
452 17.083212832148277 [0.2209958  0.20749458 0.26179021 0.25387082 0.24285785 0.28616409
 0.34162172 0.34545808 0.26060617 0.43058737]
453 15.372672965853647 [0.22025378 0.20733757 0.26204237 0.25368704 0.24321425 0.28460537
 0.34112085 0.34497842 0.26100722 0.43110187]
454 15.201073985347152 [0.21961712 0.20729512 0.26245683 0.25344623 0.24327132 0.28312429
 0.34084212 0.34447921 0.26077965 0.4314713 ]
455 7.995884253596762 [0.21889084 0.20703351 0.26250652 0.25339295 0.24347767 0.28180398
 0.34065064 0.34419423 0.26015603 0.43082897]
456 16.291205172713838 [0.21827497 0.20697789 0.26277589 0.25353158 0.24385482 0.28059352
 0.34062067 0.34369693 0.25947433 0.4301024 ]
457 10.289548705199628 [0.21749248 0.20688059 0.26302161 0.25356212 0.24410061 0.27978023
 0.34073881 0.34286978 0.25877909 0.43003607]
458 12.31658797865747 [0.21681291 0.20665515 0.26341603 0.25371256 0.24426881 0.27889581
 0.34029286 0.34207054 0.25835836 0.42994769]
459 15.060829082216875 [0.21622264 0.20635734 0.26343324 0.25396508 0.24423064 0.27806359
 0.34029404 0.34130908 0.2580385  0.43018717]
460 21.731289813379625 [0.21569604 0.20589559 0.2634758  0.25432251 0.24430442 0.27738667
 0.34047271 0.34040753 0.25749851 0.4306243 ]
461 14.724830548327798 [0.21524502 0.20550617 0.2633525  0.25483243 0.24434694 0.27644961
 0.3408256  0.33963176 0.25700611 0.43102232]
462 13.389176565562405 [0.21464864 0.20507529 0.26361764 0.25525014 0.24428209 0.27575331
 0.34111303 0.33890676 0.25660614 0.43157905]
463 14.230871517285875 [0.21407632 0.20475276 0.26375203 0.25557626 0.24457939 0.27511403
 0.34100163 0.33824655 0.25605813 0.43249062]
464 11.16073785020778 [0.213293   0.20446423 0.26373591 0.25595184 0.24474829 0.27463776
 0.34088205 0.33765367 0.25549063 0.4336373 ]
465 15.868309871775491 [0.21258095 0.20420762 0.26397086 0.25594981 0.24486804 0.27421398
 0.3407517  0.33653366 0.25460705 0.43458717]
466 15.099533690164936 [0.21190587 0.20386934 0.26390268 0.25599909 0.2450508  0.27356664
 0.34081403 0.33571867 0.25368665 0.43546873]
467 16.037805971087053 [0.2113728  0.20364138 0.26383549 0.25576991 0.24511595 0.27291989
 0.34078154 0.33502391 0.2529423  0.43647271]
468 13.603556728835871 [0.210883   0.2032776  0.2635984  0.2556131  0.24524273 0.27231987
 0.34041423 0.3347448  0.25202018 0.43766502]
469 20.805716759692544 [0.21034067 0.20295779 0.26314233 0.25567719 0.2454209  0.27177725
 0.34010901 0.33442315 0.25135501 0.43904025]
470 12.472564670180471 [0.20990543 0.20277124 0.26258364 0.25568418 0.24572823 0.27139141
 0.33959381 0.33419825 0.2506926  0.43980785]
471 15.691326881372376 [0.20951223 0.20257099 0.26222114 0.25613452 0.24603997 0.27141627
 0.33936229 0.33393428 0.25018723 0.44061911]
472 16.84009796339582 [0.20913519 0.20240322 0.26165178 0.2567773  0.246755   0.27118756
 0.33868925 0.33372868 0.24954038 0.44097783]
473 17.114016395069637 [0.2089288  0.20226554 0.26120921 0.25758812 0.24729068 0.27104416
 0.33748851 0.3334354  0.2490354  0.44128975]
474 15.311022560162769 [0.20880514 0.20215933 0.26091309 0.25831929 0.24760645 0.2708456
 0.33671965 0.3333819  0.24868199 0.44172394]
475 18.804918651419495 [0.20866409 0.20205094 0.26052561 0.25913077 0.24803995 0.27065761
 0.33609447 0.33334433 0.24835626 0.44248161]
476 14.86834718535112 [0.2085147  0.20186309 0.26002085 0.25993688 0.24875281 0.27042475
 0.33571931 0.33328927 0.24781809 0.44315445]
477 15.983519215081397 [0.20844985 0.20168775 0.25974892 0.26088283 0.24959551 0.27040034
 0.33531528 0.33293559 0.24726093 0.44444364]
478 16.904305710160177 [0.20836876 0.2016241  0.25921331 0.26161956 0.25039219 0.27031481
 0.33479103 0.3325969  0.24659769 0.44527069]
479 21.567082175346926 [0.20814163 0.20164729 0.25904299 0.26221224 0.25109197 0.269953
 0.33330764 0.33224633 0.24605051 0.44580562]
480 19.367401995091697 [0.20750977 0.20158724 0.25904775 0.2625874  0.25177505 0.26934274
 0.33192523 0.33184146 0.24549371 0.44623185]
481 17.430353290775397 [0.20692276 0.20148272 0.25894673 0.26279064 0.25240092 0.2684588
 0.33044811 0.33146578 0.24493113 0.44656038]
482 19.167116954435542 [0.20655254 0.20130006 0.25870045 0.2631284  0.25285181 0.26776976
 0.32914823 0.33053381 0.24474939 0.44688286]
483 11.352621524822958 [0.2061589  0.20108488 0.25849831 0.26325295 0.25327444 0.26739485
 0.32813329 0.32954537 0.24436006 0.44804949]
484 16.01142632173157 [0.20585869 0.2007954  0.25768633 0.26311349 0.25349501 0.26702745
 0.32726774 0.32895646 0.24389218 0.44885994]
485 14.841374804980951 [0.20582262 0.20035889 0.25717109 0.26315698 0.25373726 0.26647052
 0.32630791 0.32848685 0.243161   0.44973244]
486 18.83258462914467 [0.20557916 0.20012967 0.25670117 0.26322449 0.25412455 0.26612972
 0.3250738  0.32829009 0.24231425 0.45077235]
487 13.955250050616506 [0.2053377  0.19982176 0.25605224 0.26377991 0.25464666 0.26574862
 0.32383407 0.32787667 0.24127904 0.45130717]
488 18.954188879225082 [0.20506561 0.19968745 0.25563886 0.2642534  0.25522284 0.26546091
 0.32277571 0.3271389  0.24037854 0.45184562]
489 21.40437276201455 [0.20488199 0.19902849 0.25549225 0.26479696 0.25573165 0.26520849
 0.32188676 0.32620104 0.23968976 0.45231019]
490 17.192307723175865 [0.20482357 0.19844312 0.25550965 0.26526742 0.25635419 0.26526775
 0.32118667 0.32534401 0.23915645 0.4526279 ]
491 18.68114454818858 [0.20455508 0.19796423 0.25561842 0.26535224 0.25580016 0.26535336
 0.32103402 0.32456306 0.23866504 0.45316284]
492 15.109827861726238 [0.20440544 0.197558   0.25547467 0.26559302 0.25550195 0.26521692
 0.3210773  0.32349246 0.23842173 0.45330835]
493 13.126392332245334 [0.20409356 0.19712043 0.25565787 0.26553977 0.25523552 0.26503298
 0.32120176 0.32250131 0.23870501 0.45381196]
494 14.899462293362056 [0.20386504 0.1967741  0.25580529 0.26583876 0.25492419 0.26485816
 0.32121212 0.32162444 0.23873669 0.45437132]
495 19.244535242943464 [0.20361157 0.19644983 0.25579598 0.26619486 0.25487202 0.26487677
 0.32143185 0.32077515 0.23859815 0.45487523]
496 20.72402771886118 [0.20311893 0.19603226 0.25585519 0.26672915 0.25458825 0.26478592
 0.32232054 0.31956296 0.2384969  0.45605339]
497 12.313721779781055 [0.2025848  0.1958663  0.25570855 0.26723845 0.25427026 0.26488585
 0.32305097 0.31835684 0.23836156 0.45831642]
498 17.34988726205161 [0.20194959 0.19549925 0.25545583 0.2677283  0.25402457 0.26489674
 0.32373963 0.31724272 0.23811352 0.46044837]
499 16.764892649565613 [0.20123753 0.19524277 0.25486705 0.26827799 0.25375971 0.26463331
 0.32462307 0.31639987 0.23758392 0.46212785]
