0 194.41138222337122 [0.30290624 0.30384414 0.30103137 0.29915616 0.29915616 0.30196895
 0.30103135 0.30103135 0.29821856 0.30290655]
1 236.3666919723567 [0.30317524 0.30535947 0.30247013 0.29883955 0.29896741 0.30281441
 0.30110009 0.30302128 0.29747029 0.30403887]
2 262.5895309783452 [0.3015991  0.30683097 0.30263501 0.29936465 0.30019795 0.30266384
 0.29972595 0.303607   0.29637263 0.30311702]
3 232.635874931285 [0.30036455 0.30734423 0.30218989 0.29916606 0.30173595 0.3029486
 0.29826329 0.30491721 0.29580984 0.30306659]
4 225.8466592220117 [0.29900768 0.30786599 0.30192958 0.29894101 0.30311978 0.30290921
 0.29719477 0.3053006  0.29530492 0.30273395]
5 197.77171485711924 [0.29796286 0.30800349 0.30117686 0.29841748 0.30436804 0.3036119
 0.29659655 0.3056973  0.29418066 0.30259086]
6 185.09095446073087 [0.29722865 0.30824729 0.30064759 0.29788449 0.30578303 0.30379804
 0.29578373 0.30623578 0.29346066 0.3019593 ]
7 206.02201821736435 [0.29701335 0.30855176 0.29970454 0.29658096 0.30711918 0.30307127
 0.29509403 0.30656445 0.29281715 0.30094784]
8 204.05788136207246 [0.29666445 0.30788829 0.29882159 0.29519152 0.30810512 0.30252236
 0.2944896  0.30686315 0.29189785 0.29979936]
9 216.40852607099686 [0.29636351 0.30713805 0.2982496  0.29365457 0.30880491 0.30171776
 0.2944087  0.306887   0.2911337  0.29910602]
10 184.76288728799494 [0.29587317 0.3063918  0.2974747  0.2926486  0.30957793 0.3013418
 0.2945711  0.307204   0.29042539 0.29849711]
11 173.80103090809544 [0.29569126 0.30597833 0.29676504 0.29148704 0.3098033  0.30085259
 0.29490824 0.30748313 0.2894826  0.29786031]
12 157.76676492215324 [0.29570518 0.30557458 0.29583938 0.29049006 0.31009    0.30053997
 0.29569344 0.30751765 0.28895436 0.29744431]
13 162.12319909520977 [0.295779   0.30519519 0.29517328 0.28935447 0.31039061 0.30015285
 0.29660305 0.30774762 0.28854538 0.29734383]
14 495.8350157552962 [0.29608614 0.30493439 0.2947473  0.28812304 0.31035335 0.29959729
 0.29720468 0.30808692 0.28768403 0.29697562]
15 486.5775955894929 [0.29649481 0.30450236 0.29428789 0.28712976 0.3104324  0.29906816
 0.29752933 0.30870952 0.28688745 0.29669897]
16 146.50338302082156 [0.2968214  0.30418795 0.29386292 0.28645956 0.31046759 0.29867493
 0.29775534 0.30921447 0.2859898  0.29676733]
17 1180.73561364441 [0.29714543 0.30340952 0.29360617 0.28575814 0.31007657 0.29846043
 0.29745866 0.3095034  0.2850609  0.29684604]
18 840.7986581195817 [0.29766556 0.30277103 0.29356945 0.28527613 0.30995157 0.29847713
 0.29699092 0.3096533  0.2838938  0.29686563]
19 125.89694773693085 [0.29793018 0.30216219 0.29365196 0.28559121 0.31005297 0.2985363
 0.29663417 0.31001807 0.28267975 0.29698028]
20 131.9237817681627 [0.298226   0.30154374 0.29342794 0.28585856 0.31025863 0.29879181
 0.29623569 0.31022576 0.28190775 0.29726718]
21 814.8740225272215 [0.29854254 0.30094953 0.29296138 0.28592186 0.31016036 0.29877853
 0.29573958 0.31005435 0.28158185 0.29747826]
22 816.4311175300045 [0.29881668 0.30044044 0.29220431 0.28572592 0.31018201 0.29906442
 0.29520158 0.31004818 0.28129475 0.29738654]
23 468.14829941600595 [0.29923839 0.30036395 0.29137368 0.28514781 0.31003117 0.29913819
 0.29483786 0.31031708 0.28122187 0.29734565]
24 141.44111247633128 [0.29960401 0.30015061 0.29059629 0.28437584 0.30972815 0.29951511
 0.29442166 0.3103774  0.28114427 0.29779948]
25 137.1125121905892 [0.29935923 0.30005004 0.28996267 0.28351876 0.30940662 0.2998405
 0.29429101 0.31074308 0.28117046 0.29787801]
26 471.33840691731484 [0.29923027 0.29992368 0.28913603 0.28234268 0.30887864 0.30022653
 0.29396577 0.31151344 0.28141628 0.29752602]
27 103.55012493109 [0.29897391 0.29980224 0.28834077 0.28089279 0.30817236 0.30092821
 0.29336647 0.31256877 0.28185459 0.2972016 ]
28 97.58335789916153 [0.29876241 0.29977191 0.28749704 0.27991384 0.3072399  0.30120102
 0.29295589 0.31373583 0.28160421 0.29691098]
29 465.35348663370365 [0.29854888 0.29973544 0.28640127 0.27870463 0.30634984 0.30145531
 0.29282012 0.31517588 0.28144979 0.29654507]
30 110.98176512019276 [0.29810984 0.29956853 0.28521638 0.27758656 0.3053254  0.30147898
 0.29288559 0.3161877  0.28122246 0.29629824]
31 1158.5761435928798 [0.29780415 0.299589   0.28398938 0.27650729 0.30467365 0.30170719
 0.29302498 0.31739345 0.28073112 0.29623575]
32 470.19257782797274 [0.29747476 0.29954638 0.28289093 0.27580296 0.30373018 0.30178941
 0.29315761 0.31824101 0.2802022  0.2961524 ]
33 129.70388866372446 [0.29681797 0.29945506 0.28181421 0.27498413 0.3023693  0.3019145
 0.29323436 0.31908307 0.27983466 0.29563633]
34 106.07551829278859 [0.29577467 0.2993958  0.28111206 0.27402262 0.30134196 0.30148789
 0.29299815 0.31927904 0.27946311 0.29530032]
35 121.29523565548949 [0.29467897 0.29940819 0.28070144 0.27307822 0.30028786 0.30112264
 0.29253428 0.31948265 0.27921031 0.29499549]
36 111.2843427101088 [0.29351259 0.29938583 0.28029693 0.27247174 0.29921026 0.30098455
 0.29177906 0.32000696 0.27877146 0.29474967]
37 110.41406661758681 [0.29247689 0.29931432 0.28015774 0.27194766 0.29816282 0.30083158
 0.2910744  0.3203135  0.27864895 0.29425221]
38 118.30590773582684 [0.29163998 0.29924895 0.2799739  0.27172012 0.29664122 0.30077849
 0.29041593 0.32064928 0.27843569 0.2939588 ]
39 99.12168487941884 [0.29112593 0.29912819 0.27955608 0.2716116  0.29488623 0.30088424
 0.29000566 0.32091677 0.27834466 0.29374024]
40 121.3216171730425 [0.29053039 0.29861643 0.27874522 0.27118302 0.29331383 0.30091616
 0.28953192 0.32110691 0.27817649 0.29358997]
41 95.35792522331673 [0.29009539 0.29809285 0.27793225 0.27055523 0.29205284 0.30099122
 0.28930868 0.32129621 0.27765116 0.2936111 ]
42 441.62260408916643 [0.28951953 0.29706057 0.27715618 0.26977865 0.29067534 0.30124533
 0.28918975 0.32141473 0.27752109 0.2939852 ]
43 442.09092881619193 [0.2888046  0.29663459 0.27630069 0.26910548 0.28940056 0.3012942
 0.28923001 0.32138257 0.27714709 0.29416317]
44 108.9274370864739 [0.28824401 0.2962405  0.27558703 0.26835484 0.28831973 0.30141968
 0.28911943 0.32126236 0.27712697 0.29457788]
45 105.00525098174856 [0.28759687 0.29563426 0.27479279 0.26779073 0.28721898 0.3012497
 0.28891872 0.32125926 0.27687059 0.29466761]
46 105.66483223447597 [0.28695793 0.29499388 0.27401049 0.26689386 0.28648862 0.30136392
 0.28893144 0.32145248 0.27684655 0.29449501]
47 118.87069596656912 [0.28626849 0.29430802 0.27325473 0.26619059 0.28574487 0.30154384
 0.28866894 0.32154461 0.27694506 0.29438952]
48 451.8034310599468 [0.28562109 0.29399236 0.27278514 0.26576824 0.28518207 0.30204151
 0.28839375 0.32164472 0.27693074 0.29410454]
49 450.6683248820518 [0.28498832 0.29345472 0.27226495 0.26538425 0.28479492 0.3025845
 0.28820729 0.3218951  0.27666393 0.29396368]
50 93.75847284155697 [0.28420538 0.29308569 0.27164844 0.2647056  0.28450546 0.30313725
 0.28777016 0.32210431 0.27626692 0.29416809]
51 90.37766894764681 [0.28331573 0.29300557 0.27091706 0.26419861 0.2841676  0.30365577
 0.28769532 0.3224421  0.27590525 0.29424948]
52 106.10825486190924 [0.28250399 0.29298761 0.27032274 0.26376274 0.28370762 0.30443509
 0.2876512  0.32304616 0.2757098  0.29439297]
53 93.65434334853924 [0.28156799 0.29293508 0.26956605 0.26334805 0.28338386 0.30535244
 0.28728836 0.32370335 0.27550661 0.29428694]
54 77.91351378023339 [0.28084993 0.29245141 0.26874744 0.26293847 0.2832004  0.30646217
 0.2870992  0.32431421 0.27544864 0.29434462]
55 93.68824329954342 [0.28002379 0.29183305 0.26833463 0.26245152 0.282867   0.30786391
 0.28668405 0.32482063 0.2754212  0.29410489]
56 110.78173804413237 [0.27905759 0.29116956 0.26804212 0.26193179 0.28251044 0.30933209
 0.28643182 0.32554145 0.2752931  0.29421439]
57 99.63055067469098 [0.27828593 0.29076099 0.26783615 0.26155211 0.28210854 0.3106461
 0.28611863 0.32590196 0.2752549  0.29445511]
58 103.11777667884974 [0.27786472 0.29006402 0.26738242 0.2611379  0.28157336 0.31215678
 0.2855715  0.32623544 0.27530923 0.29448115]
59 80.66788486326774 [0.27751124 0.28938793 0.26685204 0.26087899 0.2813443  0.31333568
 0.28526568 0.32624726 0.27537423 0.29462898]
60 110.12058942488027 [0.27699438 0.28859664 0.26616005 0.26057555 0.28100186 0.31400204
 0.28486974 0.32605287 0.27538288 0.29482764]
61 432.3141959717503 [0.27652003 0.28820075 0.26544637 0.26012078 0.28050539 0.31440117
 0.28436279 0.32621152 0.27536517 0.29487932]
62 86.6757626935442 [0.27589679 0.28799917 0.26455129 0.25982274 0.28013946 0.3147068
 0.2836102  0.32609    0.27537833 0.29486213]
63 78.55957553250914 [0.27496421 0.2879741  0.26398217 0.2595841  0.27982331 0.3146857
 0.28271303 0.32586787 0.27532818 0.29468145]
64 426.7302276723676 [0.27416265 0.28796037 0.26316734 0.25923062 0.27961362 0.31477234
 0.28197433 0.32561932 0.27532384 0.29415457]
65 89.54841664867959 [0.27338926 0.28763587 0.26215784 0.25859614 0.27944143 0.31505355
 0.28114254 0.32555988 0.27534969 0.29361705]
66 77.04074204557816 [0.27262108 0.28748011 0.26086879 0.2580137  0.27913664 0.31532225
 0.28055574 0.32547978 0.27513433 0.2930491 ]
67 84.47809188452553 [0.27205895 0.28738999 0.25982565 0.25734425 0.27897708 0.31564766
 0.28001361 0.32523972 0.27490958 0.29279831]
68 425.7170675667483 [0.27162906 0.28757128 0.25865367 0.25659242 0.27875328 0.31591751
 0.27960626 0.32480559 0.27461956 0.29288107]
69 75.85291785727367 [0.27119296 0.2875992  0.25749727 0.25607323 0.27844697 0.31622628
 0.27924075 0.32396737 0.27430528 0.29316621]
70 408.3769185041119 [0.27062645 0.28744092 0.25636913 0.25577181 0.27835348 0.31656719
 0.27900749 0.32302802 0.27400396 0.29319952]
71 72.12759440200875 [0.27036094 0.287348   0.25521666 0.25532552 0.27833446 0.31679328
 0.27915746 0.3218837  0.27373921 0.29371442]
72 405.51275561645866 [0.26994661 0.28695855 0.25425734 0.25472892 0.27820122 0.31686818
 0.27920203 0.32084955 0.27375209 0.29410783]
73 75.11638124857888 [0.26948567 0.28633009 0.2530813  0.25414161 0.27785304 0.31717491
 0.27946894 0.31977779 0.27365935 0.29470986]
74 71.46258049098606 [0.26910437 0.28574546 0.25174987 0.25349629 0.27755527 0.31740109
 0.279853   0.31847985 0.27362974 0.29486457]
75 69.31219665558126 [0.26847429 0.28513598 0.25023369 0.25277259 0.27724055 0.31732902
 0.2804481  0.31733427 0.27368382 0.29510361]
76 71.09760528000436 [0.26769213 0.28475476 0.24896181 0.25218853 0.27680973 0.31740865
 0.28081068 0.31590229 0.27404587 0.29527741]
77 71.38894774862467 [0.26718315 0.28443168 0.24784928 0.25142567 0.27636885 0.31758061
 0.28103214 0.31479427 0.27440111 0.29564858]
78 788.8904113381583 [0.2667888  0.28452507 0.24673277 0.25086155 0.27572816 0.31774777
 0.28132238 0.31389989 0.27467849 0.29584243]
79 65.95821636138844 [0.26628982 0.28448263 0.24542499 0.25049969 0.27522346 0.31737702
 0.28150926 0.3132115  0.27492301 0.29610476]
80 62.2496578764455 [0.26578665 0.28451096 0.24407746 0.24989811 0.27470335 0.31714
 0.281724   0.31299623 0.27505792 0.29616585]
81 401.7423862018678 [0.26540644 0.28402869 0.24303514 0.24914223 0.27416645 0.31705179
 0.28158787 0.31308561 0.27525917 0.29608321]
82 68.15442019656172 [0.2651246  0.28384113 0.24202528 0.24865448 0.27378101 0.31679424
 0.28138852 0.31304311 0.2754474  0.29586237]
83 439.27170694609 [0.26477876 0.28368194 0.24111564 0.24828316 0.27349287 0.31678116
 0.28086151 0.31296475 0.2754924  0.29601746]
84 60.75867992338972 [0.26462999 0.28370175 0.24025973 0.24791554 0.27371818 0.31640122
 0.28046272 0.31245473 0.27563573 0.29582554]
85 63.46427965732741 [0.2642591  0.28382715 0.23925012 0.24754221 0.27374182 0.31616869
 0.28002793 0.31223928 0.27585755 0.29564759]
86 414.0214739672568 [0.26399351 0.28372675 0.23836742 0.24715589 0.27371104 0.31599028
 0.27962369 0.31196641 0.27629839 0.29539069]
87 66.59455444602041 [0.26381632 0.28360929 0.23753238 0.24678742 0.27375668 0.31604789
 0.27924304 0.31155605 0.27634855 0.2949387 ]
88 73.44076606794343 [0.26343592 0.28336894 0.23681427 0.24644768 0.27365661 0.3161207
 0.27923758 0.31088855 0.27656186 0.29477947]
89 72.84374792224752 [0.26316653 0.28297534 0.23612557 0.24633108 0.27359606 0.31633163
 0.27932759 0.31031416 0.27671866 0.29433369]
90 408.51310126122337 [0.26313826 0.28237966 0.23551238 0.24626518 0.27342244 0.31646122
 0.27930705 0.30949866 0.2768003  0.29414063]
91 57.00425792750892 [0.26296253 0.28173464 0.23500769 0.24622111 0.27313581 0.31617907
 0.27913752 0.30889493 0.27649156 0.29402719]
92 74.01132130658851 [0.2628246  0.28113292 0.23454622 0.24611688 0.2728367  0.31587047
 0.27911567 0.30838022 0.27627407 0.29396005]
93 421.3847821857622 [0.26283081 0.28054517 0.23431212 0.24603265 0.27241234 0.31542795
 0.27882794 0.30695404 0.27590099 0.29379565]
94 412.33050729674 [0.26278605 0.27980898 0.23400178 0.24589375 0.27195868 0.31498605
 0.27869866 0.30568222 0.27583425 0.29338924]
95 408.12972803133596 [0.26292216 0.27920883 0.23364812 0.24566957 0.27152256 0.31475586
 0.27844712 0.30442045 0.27574979 0.29321722]
96 73.106733573957 [0.26259293 0.27869408 0.23315236 0.24524095 0.27109478 0.31419556
 0.27807005 0.30352112 0.27576439 0.29319388]
97 68.98622843112736 [0.26237782 0.27812542 0.23268298 0.24498626 0.27061275 0.31380965
 0.27796393 0.30259096 0.27544474 0.2931435 ]
98 78.92164282623222 [0.26216596 0.27749521 0.23224326 0.24465039 0.26999898 0.31336166
 0.27770737 0.30153131 0.27523105 0.2931792 ]
99 74.32966727388293 [0.26209996 0.27673131 0.23194801 0.24422263 0.26909925 0.31309284
 0.27745904 0.30053581 0.27498186 0.29334643]
100 72.44852650078741 [0.2618711  0.27606898 0.23164377 0.24386088 0.26823577 0.3128057
 0.27736064 0.29975201 0.27482155 0.29371399]
101 70.47085239278535 [0.26184767 0.27570573 0.23145963 0.24359186 0.26741042 0.31259162
 0.27717228 0.2989825  0.27475485 0.29384091]
102 66.26037973509214 [0.26187215 0.27482194 0.23151658 0.24297475 0.26642629 0.31216844
 0.277244   0.29842827 0.27456615 0.29381136]
103 417.2332115278197 [0.26191034 0.27432258 0.2314045  0.24211499 0.26576923 0.31182259
 0.2775168  0.29777249 0.27471146 0.29372924]
104 63.78547983312882 [0.26221004 0.27390968 0.23121379 0.2413254  0.26545901 0.3118739
 0.27778829 0.29706231 0.27526196 0.29362352]
105 76.49200822877793 [0.26242311 0.2733818  0.2309536  0.24047287 0.26500368 0.31150976
 0.27783426 0.29679254 0.27558677 0.29345736]
106 59.30231236649668 [0.26255475 0.27305878 0.23075693 0.23964175 0.26458984 0.31123073
 0.27818868 0.29676424 0.27568331 0.29342887]
107 60.09517525131524 [0.26250886 0.27289262 0.23063123 0.23893182 0.26404238 0.31104282
 0.27858892 0.29656759 0.27590582 0.29361348]
108 68.84674994195417 [0.2621745  0.27273583 0.23068891 0.23816826 0.26356239 0.31124998
 0.27901083 0.29637848 0.27606087 0.29402118]
109 62.557850604414284 [0.26193984 0.27241779 0.23073532 0.23758088 0.26296686 0.31150115
 0.27888628 0.29623424 0.27635451 0.29438403]
110 51.67240271562672 [0.26184933 0.27212803 0.23053233 0.23707196 0.26262366 0.31164198
 0.27864125 0.29627782 0.2765505  0.29482743]
111 53.87757267984891 [0.26162891 0.27176414 0.23041588 0.23665493 0.26222869 0.31203846
 0.27856767 0.29667947 0.27703082 0.29570316]
112 59.031187577873354 [0.26149587 0.27157038 0.23001748 0.23621031 0.26190911 0.31256621
 0.2784329  0.29693887 0.2776828  0.29676268]
113 742.4592328815933 [0.26146221 0.27147831 0.22929668 0.23563356 0.26174215 0.31312287
 0.27858052 0.2968522  0.27805562 0.29744555]
114 44.41270041327341 [0.26133764 0.271683   0.22835696 0.23495708 0.26142389 0.31364606
 0.27846768 0.29713883 0.27857295 0.29779636]
115 54.22101594966961 [0.26133745 0.27199303 0.22746837 0.2343667  0.26118111 0.31372289
 0.27862433 0.29741744 0.27925589 0.29835416]
116 68.22159051796683 [0.2614215  0.2722613  0.22665748 0.23369406 0.26092107 0.31376788
 0.27860961 0.29790649 0.27988204 0.29875534]
117 51.85613385877259 [0.26114955 0.27223387 0.22591649 0.23287952 0.2607985  0.31389338
 0.27880559 0.29817398 0.28026823 0.2989819 ]
118 58.82011786184201 [0.26090873 0.27197846 0.22496561 0.23219912 0.26073473 0.31392168
 0.27884854 0.29864935 0.28070375 0.29891256]
119 59.30013855094752 [0.26081729 0.27198739 0.22414244 0.23163445 0.26042388 0.31364308
 0.27879665 0.29906264 0.28140782 0.29885462]
120 399.23892421884017 [0.26101464 0.27192741 0.22354157 0.23100632 0.26016229 0.31296567
 0.27866273 0.29947457 0.28216265 0.29864922]
121 754.9772093053901 [0.2611203  0.27190927 0.22294521 0.23051938 0.25983645 0.3123815
 0.27850917 0.29993471 0.28292763 0.29842809]
122 58.40246516005898 [0.26109609 0.27177407 0.22253726 0.22990741 0.25930961 0.31190163
 0.27807685 0.29997461 0.2835848  0.29819524]
123 50.05176003684615 [0.26094969 0.27182192 0.22218761 0.22930127 0.25882835 0.31163326
 0.27758632 0.29995711 0.28388506 0.29783726]
124 55.03984923403472 [0.26029413 0.27205881 0.22210129 0.2286793  0.25838925 0.31137633
 0.2774243  0.29984829 0.28464733 0.29694109]
125 49.391641258408825 [0.25978136 0.27208142 0.22205419 0.22794803 0.258136   0.3110916
 0.27728569 0.29984747 0.28539563 0.29616004]
126 411.31930524325975 [0.25922216 0.27198306 0.2220195  0.22716054 0.25785033 0.31084437
 0.2769204  0.29994784 0.28574473 0.29530631]
127 46.53114681145412 [0.25828049 0.27200437 0.22178258 0.22660192 0.25767807 0.31048249
 0.27659901 0.29970263 0.2859393  0.29466307]
128 48.813763732956026 [0.25761835 0.27215137 0.22168802 0.22590597 0.25732259 0.31019332
 0.27655649 0.2994996  0.28632779 0.29408106]
129 58.92972655004203 [0.25713351 0.27221515 0.22144752 0.22521189 0.25697841 0.30974215
 0.27645167 0.29907032 0.28692526 0.29338349]
130 59.718955638921585 [0.25681405 0.27227146 0.22126522 0.22442847 0.25657952 0.30958033
 0.2762673  0.29877101 0.28764282 0.29275582]
131 55.81491965025732 [0.25651346 0.27215242 0.22109089 0.22365653 0.25636419 0.30918379
 0.27601486 0.29862911 0.28817886 0.29200674]
132 50.5570968763427 [0.25631487 0.27222127 0.22095246 0.22279585 0.25604059 0.30888233
 0.27573313 0.29846071 0.28871765 0.2912553 ]
133 50.859415617445705 [0.25608705 0.27216117 0.22084541 0.22205361 0.25585823 0.30870139
 0.27542681 0.29818251 0.28928017 0.29034014]
134 54.437113244940946 [0.255917   0.27201417 0.22084806 0.22126937 0.25587063 0.30840901
 0.27534975 0.2979173  0.28985062 0.28964282]
135 46.06453504940873 [0.25556781 0.2721662  0.2208854  0.22059127 0.2557811  0.30838978
 0.27522992 0.29784036 0.2901069  0.28908854]
136 51.42214602576803 [0.25534579 0.27196371 0.22106777 0.21996625 0.25581487 0.30847463
 0.27500881 0.29773187 0.29086075 0.28863132]
137 41.463175239014035 [0.25503196 0.27137126 0.22121114 0.21921252 0.25564417 0.30863884
 0.27480717 0.29796836 0.29093246 0.28829753]
138 45.7458828025043 [0.25445073 0.27067944 0.22154138 0.21860811 0.25542022 0.30859836
 0.27481965 0.29857224 0.29073385 0.28784231]
139 49.64222158093351 [0.25407989 0.27005175 0.22179538 0.21785286 0.25523999 0.30856554
 0.27486729 0.29923919 0.29047813 0.28760677]
140 48.34083913081414 [0.25388318 0.26961577 0.22202257 0.21715535 0.25506206 0.30874921
 0.27496156 0.29960082 0.29012502 0.28756755]
141 392.13225848818644 [0.2537151  0.2690352  0.22198134 0.21654834 0.25487182 0.30930737
 0.27530807 0.30008202 0.28981824 0.28728739]
142 54.88171074825286 [0.25358972 0.26850024 0.2220552  0.21593352 0.25455914 0.31004784
 0.27552124 0.30073504 0.28952388 0.28709497]
143 45.86848603425112 [0.25340751 0.26784758 0.22222002 0.21529857 0.25441431 0.31059452
 0.27541886 0.30144596 0.28915327 0.28632648]
144 50.92136153512581 [0.25331401 0.26738332 0.22234774 0.21457497 0.25409452 0.31093635
 0.27541436 0.30219466 0.28858439 0.28550355]
145 393.52941589807125 [0.2530148  0.26697562 0.22235116 0.21390067 0.25379241 0.3110922
 0.27549354 0.30280107 0.28834668 0.28467981]
146 59.955023233158414 [0.25236322 0.26650067 0.22215895 0.21336843 0.2536795  0.31102666
 0.27571625 0.30336021 0.28829153 0.28400432]
147 395.4600690378005 [0.25181841 0.26615261 0.22204243 0.2128971  0.25375751 0.31099018
 0.27615678 0.30378212 0.28816482 0.28329932]
148 47.18253222921223 [0.25127421 0.26559582 0.22171956 0.21229097 0.25375069 0.31126103
 0.27630978 0.3041958  0.28796996 0.28268579]
149 405.4487107952436 [0.25084161 0.26519124 0.22141839 0.21171122 0.25359448 0.3117111
 0.27655927 0.30460622 0.28769279 0.28227229]
150 50.847243499658774 [0.25049989 0.265032   0.22111398 0.21129287 0.25330895 0.31224351
 0.27677539 0.30517124 0.28752869 0.28213884]
151 63.165421496447344 [0.25022776 0.26495502 0.22076955 0.2109421  0.25294609 0.31264474
 0.27689396 0.30536758 0.28748233 0.28211535]
152 415.4600397751176 [0.25001942 0.26512531 0.22051932 0.21048133 0.25261061 0.31312036
 0.27685687 0.30521352 0.28743288 0.28197751]
153 57.020513055832836 [0.24990053 0.26533123 0.22005415 0.21000306 0.25206824 0.3132897
 0.2769748  0.30519665 0.28748807 0.28214211]
154 42.61070186851057 [0.24989874 0.26567055 0.21946155 0.20959656 0.25149082 0.31350038
 0.27716757 0.30530412 0.28751471 0.28212855]
155 409.07466058263884 [0.24999521 0.2655777  0.21902082 0.20919708 0.25067248 0.31347531
 0.27727698 0.3053267  0.28736179 0.28203201]
156 391.3202835074103 [0.2500856  0.26525021 0.2186267  0.20888771 0.25007265 0.31334147
 0.27751737 0.3053578  0.28717458 0.28224555]
157 50.674541643401014 [0.25011407 0.26492941 0.21812682 0.20867698 0.24931431 0.31341887
 0.27799034 0.305411   0.28655053 0.28272075]
158 388.5880614914031 [0.25019638 0.26456796 0.2177873  0.20819592 0.24880543 0.31349929
 0.27823255 0.30538803 0.28603305 0.28301443]
159 48.886064007842876 [0.25031872 0.26414046 0.21735098 0.20803412 0.2481999  0.31397001
 0.27870304 0.30563912 0.2852634  0.28367735]
160 47.66195535926806 [0.25029657 0.26373668 0.21702615 0.20786023 0.24784293 0.31376441
 0.27906686 0.30588239 0.28443487 0.28402878]
161 397.67249529764354 [0.25027063 0.26323148 0.21686657 0.20766489 0.24765997 0.3135119
 0.27959349 0.3060327  0.28370447 0.28436944]
162 56.27324673968641 [0.25020962 0.26283012 0.21676399 0.20745059 0.24762128 0.31355482
 0.27968638 0.30617451 0.28294322 0.28484486]
163 47.24949101028648 [0.2502739  0.26247585 0.21676842 0.20725954 0.2474704  0.3135353
 0.27966294 0.30587216 0.28192677 0.28556496]
164 49.003243159950955 [0.25030602 0.2622348  0.21673229 0.20711828 0.2470713  0.31330276
 0.27955763 0.30569333 0.2808052  0.28623741]
165 61.562534000939635 [0.2503642  0.26207102 0.21645502 0.20684588 0.24621718 0.31319725
 0.2789501  0.30550247 0.27997537 0.28646411]
166 42.30446283082941 [0.25000716 0.26193746 0.21614698 0.20655704 0.24510656 0.31321073
 0.27837948 0.30568833 0.279049   0.28683258]
167 54.585607300425025 [0.24995002 0.26179305 0.21573911 0.20607988 0.24413885 0.31328326
 0.27791017 0.30575094 0.27829351 0.28735508]
168 52.272607593057245 [0.24971988 0.26176693 0.21518961 0.20569375 0.24338335 0.31370603
 0.27758728 0.30593481 0.27796868 0.28773335]
169 35.517649687627014 [0.2491756  0.26181993 0.21472631 0.20523486 0.24254174 0.31425032
 0.27754381 0.30600187 0.27766961 0.28801785]
170 43.34895643317016 [0.24869878 0.26192294 0.21436384 0.20484224 0.24148666 0.31464996
 0.27736075 0.30677104 0.27748365 0.28870447]
171 44.122091900402054 [0.24811746 0.26196693 0.21376558 0.20438021 0.24050975 0.31515206
 0.27705917 0.30778006 0.27764744 0.28924572]
172 46.94622666327879 [0.24780255 0.26216314 0.21311367 0.20404666 0.23953299 0.31540427
 0.27677312 0.30839569 0.27764092 0.28988787]
173 43.79707463734676 [0.24766478 0.26225451 0.21246934 0.20370926 0.23834537 0.31553167
 0.27625578 0.30880643 0.2778706  0.29003783]
174 41.219065382564494 [0.24776064 0.26235821 0.21197263 0.20325817 0.23745536 0.31574515
 0.27588911 0.30915003 0.27818169 0.29052188]
175 38.95811449525414 [0.2477102  0.26221008 0.21129395 0.20288366 0.23678917 0.31584
 0.27534764 0.30911227 0.27848184 0.29087577]
176 46.37708575270857 [0.24760054 0.26233872 0.21064135 0.20257518 0.23630651 0.31589335
 0.27495758 0.30899464 0.27897916 0.29135111]
177 46.95246572006831 [0.24757947 0.26241488 0.21007907 0.20223442 0.23588106 0.31564067
 0.27492124 0.30877267 0.27964532 0.29181026]
178 42.764820599751985 [0.24751534 0.2623982  0.20947557 0.20184596 0.23551753 0.31470322
 0.27520361 0.3086682  0.28024441 0.29222438]
179 53.22344366243042 [0.24772166 0.26221986 0.20895475 0.20143657 0.23495123 0.31407571
 0.2753743  0.30865473 0.28076807 0.29276728]
180 52.63546278740307 [0.24789017 0.26189785 0.20840361 0.20103418 0.23446889 0.3137026
 0.27535764 0.30870728 0.28118563 0.29307716]
181 40.072987173291665 [0.24798431 0.26191389 0.20777608 0.20064643 0.2339172  0.31326377
 0.27560921 0.30861447 0.28164194 0.2933318 ]
182 54.63786771229222 [0.24795217 0.26155188 0.20733388 0.20030197 0.23355017 0.31271276
 0.27573546 0.30866677 0.28197573 0.29339504]
183 41.665879859714856 [0.247883   0.26114493 0.20669142 0.19991091 0.23327931 0.31224477
 0.27572438 0.30889725 0.28217931 0.29341315]
184 39.029289279833066 [0.24794272 0.26028637 0.20608341 0.19942357 0.23292894 0.3117854
 0.27518632 0.30918964 0.28223292 0.29378329]
185 45.15363823092358 [0.2475882  0.25939334 0.20556002 0.19903803 0.23270293 0.31159747
 0.27471001 0.30958045 0.28223058 0.29426612]
186 42.09793051760268 [0.2472771  0.25857871 0.20499953 0.19866202 0.23264194 0.31137575
 0.27434639 0.30959067 0.28214235 0.29469542]
187 43.365050441884385 [0.2468745  0.2578063  0.20426442 0.19825562 0.23263152 0.31155869
 0.27358273 0.30968793 0.28163385 0.29548589]
188 39.10221751301678 [0.24636351 0.25697959 0.20352225 0.19789721 0.23258968 0.31138702
 0.27296351 0.30984928 0.28124141 0.29612838]
189 41.18256186717163 [0.24565038 0.25607682 0.20287848 0.19772974 0.23236835 0.31108509
 0.27209906 0.30993286 0.28083809 0.29686802]
190 36.84505179451443 [0.24468094 0.25505764 0.20212932 0.19758585 0.232203   0.31122042
 0.27121449 0.30994239 0.28044682 0.29754806]
191 47.87240389221541 [0.24370997 0.25416719 0.20149478 0.19743821 0.2318683  0.31091203
 0.27066745 0.30979567 0.28014876 0.29823728]
192 35.99393112678997 [0.24265914 0.25328502 0.20082001 0.19724801 0.23141074 0.31020224
 0.27027047 0.31018174 0.2797801  0.29887225]
193 36.481822245645205 [0.24163143 0.25260449 0.2001154  0.19722512 0.23092857 0.30955714
 0.27003455 0.31022146 0.27922158 0.29936417]
194 48.780908105689065 [0.24049871 0.25210304 0.19947566 0.19715461 0.23055308 0.30901991
 0.26973414 0.30993048 0.27864962 0.29980792]
195 36.6194651412671 [0.23949045 0.25168139 0.19888871 0.19710856 0.23028933 0.30858111
 0.26932941 0.3096954  0.27857549 0.30043939]
196 46.315899630673925 [0.23856146 0.25122702 0.19846977 0.19691374 0.23033142 0.30813845
 0.26911758 0.30974117 0.2783445  0.3010646 ]
197 41.01446603209081 [0.23751482 0.250876   0.19821535 0.19666303 0.23051337 0.30765483
 0.2687501  0.30986955 0.27802428 0.30171949]
198 383.55249461954503 [0.23652981 0.25040732 0.19804727 0.19644701 0.23063938 0.30755967
 0.26847378 0.31016675 0.27777294 0.30273753]
199 44.2110281290785 [0.23557627 0.24991225 0.19778515 0.19619545 0.23075603 0.30767938
 0.26837762 0.3105316  0.2773198  0.30375807]
200 39.3321243471959 [0.23447864 0.24929547 0.19749352 0.19573828 0.23093858 0.30771207
 0.2681611  0.31084901 0.27688123 0.30458699]
201 50.87799087495124 [0.23362731 0.24863256 0.19722165 0.19533385 0.23125102 0.30781015
 0.26819203 0.3110433  0.27642742 0.30531879]
202 40.31477492710154 [0.23293141 0.24811331 0.19689922 0.19507448 0.23146499 0.30766204
 0.26853623 0.3110158  0.27609619 0.30577259]
203 34.07279711074179 [0.23236425 0.24746988 0.19656651 0.19490059 0.23157173 0.30742052
 0.2689875  0.31117929 0.27575612 0.30625585]
204 34.64338849854038 [0.23199159 0.24695151 0.196305   0.1947673  0.23158485 0.30711344
 0.26940053 0.31140754 0.27557942 0.30678285]
205 33.65644003636734 [0.23150487 0.24650793 0.19612151 0.19469605 0.23183759 0.30672495
 0.26995353 0.31164016 0.27546944 0.30750241]
206 28.89851970841642 [0.23106136 0.2463499  0.19598209 0.19480442 0.2319886  0.30681161
 0.27042716 0.31219547 0.27510108 0.30836585]
207 34.12460773839031 [0.23078429 0.24637064 0.19565372 0.19488879 0.23202326 0.30652515
 0.27095467 0.3126257  0.27455568 0.30870871]
208 33.78849386082964 [0.23051269 0.24587198 0.19528691 0.19507248 0.23216002 0.30643518
 0.27170264 0.31297792 0.27384814 0.3091553 ]
209 33.54762560614022 [0.23048265 0.24540704 0.1949653  0.19527417 0.23232024 0.30660182
 0.27214608 0.3132334  0.27303131 0.30965725]
210 34.172399132421674 [0.23057426 0.24499879 0.19464944 0.19534644 0.23264008 0.30633414
 0.27235339 0.31387072 0.27213582 0.30984171]
211 30.104609566888804 [0.23065083 0.2445676  0.19418674 0.19533849 0.23285438 0.30606552
 0.27234081 0.31441539 0.27133919 0.3099618 ]
212 36.26866557497308 [0.23074385 0.24394629 0.19383624 0.19546845 0.23275056 0.30583
 0.2724117  0.3146448  0.27043625 0.31002845]
213 32.812743630045965 [0.23074176 0.24324531 0.19334945 0.19562449 0.23254478 0.30566263
 0.2726285  0.31456504 0.26986876 0.31030019]
214 39.430567598620826 [0.23059468 0.24268787 0.1928699  0.19574725 0.23244523 0.30604978
 0.27287976 0.31425688 0.26932435 0.31057801]
215 31.57557314229122 [0.23043003 0.24190683 0.19237084 0.19582019 0.2322059  0.30626902
 0.27302867 0.31412756 0.26922456 0.31077145]
216 31.003855288640615 [0.23028922 0.24120106 0.1919762  0.19573761 0.23161505 0.30678402
 0.27308979 0.31400409 0.26909355 0.31054018]
217 32.20637811321281 [0.22992249 0.24060168 0.19164427 0.19568815 0.23094308 0.30728517
 0.27309764 0.31383431 0.26903866 0.31017811]
218 34.27473280541379 [0.22978763 0.24023265 0.19125287 0.1956917  0.23024083 0.30751493
 0.27335895 0.31362914 0.26868539 0.31001543]
219 33.32793842758279 [0.22955097 0.23988957 0.19078935 0.19537415 0.22954054 0.30805145
 0.27341809 0.31320706 0.26862698 0.30981063]
220 33.73039847041778 [0.22943881 0.23967131 0.19010206 0.19508645 0.22890411 0.30828365
 0.27355808 0.31249126 0.26865397 0.30964705]
221 30.783781055816235 [0.22918261 0.23946206 0.18946387 0.1949108  0.22814346 0.3087447
 0.27359307 0.31197312 0.2686769  0.30947381]
222 34.05373995627719 [0.22898792 0.23930616 0.18879373 0.19466208 0.22729453 0.3090574
 0.27363211 0.31128618 0.26873337 0.3093888 ]
223 31.24273296383027 [0.22864051 0.23912403 0.18819889 0.19438742 0.22652211 0.30932701
 0.27385095 0.31034507 0.26888589 0.30950739]
224 27.605965967164725 [0.22827649 0.23897281 0.18751896 0.19407195 0.22588611 0.3095028
 0.27377655 0.30951943 0.26906968 0.30996762]
225 27.299012411350056 [0.22817888 0.23883863 0.18688205 0.19382323 0.22533683 0.3095165
 0.27390123 0.30860565 0.26919522 0.31042903]
226 28.80241008631431 [0.22814135 0.23875061 0.18640716 0.19388029 0.22471624 0.30938918
 0.27426511 0.30719126 0.26919189 0.31093234]
227 37.27410104643369 [0.22820243 0.23867341 0.18594995 0.19382733 0.22416505 0.30925677
 0.27432444 0.30592135 0.2691208  0.31183164]
228 33.01203411183606 [0.22823117 0.23863799 0.18548428 0.19376509 0.22361148 0.30931707
 0.27449635 0.30501599 0.26857636 0.31273049]
229 31.57005146417753 [0.22810461 0.23872938 0.18484784 0.19358288 0.22316122 0.30951428
 0.27477197 0.30444918 0.2679313  0.31338181]
230 37.69600969798525 [0.22805125 0.23881237 0.18426164 0.19347726 0.22265599 0.30966232
 0.27545525 0.30397483 0.26731727 0.31412478]
231 37.471064365670856 [0.22788441 0.23862749 0.18369012 0.19336071 0.22214886 0.30970382
 0.27606238 0.30364685 0.26713838 0.31504908]
232 29.154733596104812 [0.22769964 0.23858008 0.18299117 0.19328468 0.22174266 0.30986824
 0.27652502 0.30347628 0.26625655 0.31572288]
233 39.00223612039274 [0.2274735  0.23859954 0.18240421 0.19327067 0.22120932 0.3101172
 0.27699466 0.30314859 0.26545313 0.31657017]
234 37.137852511848635 [0.22725745 0.23852917 0.18173414 0.19318681 0.2206606  0.31040075
 0.27746867 0.30282886 0.26458424 0.31679947]
235 37.69358341637265 [0.22694183 0.23843776 0.18114479 0.1932164  0.22023933 0.31109459
 0.27790441 0.30207738 0.26377681 0.3173565 ]
236 34.208524448930774 [0.22672635 0.23856131 0.18073853 0.19323434 0.21975894 0.31181035
 0.2782299  0.30127445 0.26301901 0.31823132]
237 31.77890234525424 [0.22663451 0.23857083 0.18033733 0.19338144 0.21922735 0.31244788
 0.27833166 0.30041331 0.26221598 0.31878604]
238 32.49744936148244 [0.22665275 0.23854217 0.17994147 0.19344365 0.21880515 0.31318012
 0.27818178 0.30004932 0.26141435 0.31882931]
239 31.696430644464893 [0.22668126 0.23860399 0.17961778 0.1935723  0.2183791  0.31386277
 0.27817897 0.29970452 0.26075063 0.31937413]
240 30.246918932558124 [0.22661651 0.23892983 0.17938648 0.1937436  0.21791771 0.31439198
 0.27835132 0.29914029 0.26024906 0.32012658]
241 26.881843951415533 [0.22637894 0.2390902  0.17938976 0.19381026 0.21742625 0.31486315
 0.2784462  0.29880576 0.25980678 0.32076903]
242 34.0260412367496 [0.22604206 0.23925371 0.1793271  0.19386208 0.21684836 0.3153417
 0.27843381 0.29831835 0.25924696 0.32105748]
243 42.960336386886816 [0.22559625 0.23954097 0.17919928 0.19386863 0.21629502 0.3154319
 0.27865505 0.29813877 0.25881307 0.3211679 ]
244 30.308243009028413 [0.22519742 0.23951987 0.17911063 0.19389584 0.21580394 0.31530627
 0.2786115  0.29807289 0.25864859 0.32139144]
245 36.076509949484795 [0.2247047  0.23942181 0.17914002 0.19368145 0.21517742 0.31525651
 0.27868347 0.29828088 0.25858358 0.32123998]
246 397.29275368573593 [0.22443471 0.23916048 0.1792023  0.19363322 0.21434706 0.31504417
 0.27887407 0.29842453 0.25858825 0.32129165]
247 36.06309028050566 [0.22431409 0.23893264 0.17929957 0.19375478 0.21365157 0.31508659
 0.27920246 0.29868983 0.25869329 0.32158679]
248 38.74645728683635 [0.22400569 0.2386157  0.17940536 0.19383859 0.21303036 0.3150899
 0.27944138 0.29907797 0.25871802 0.32153845]
249 35.0817620354879 [0.22357402 0.23831072 0.17956656 0.19396712 0.21259988 0.31509073
 0.27963023 0.29949613 0.25860369 0.32154252]
250 35.45151878360272 [0.22331898 0.23798118 0.17976389 0.19405256 0.21220311 0.31502305
 0.27953172 0.29986658 0.25862942 0.32137862]
251 35.412761462952616 [0.22314267 0.23771331 0.17984658 0.19417068 0.21192961 0.31501275
 0.27958585 0.30005251 0.25883017 0.32114823]
252 32.16435759711806 [0.22296127 0.23725952 0.17990914 0.19427323 0.21161113 0.31485109
 0.27973538 0.29997108 0.25899344 0.32086243]
253 38.24898089661625 [0.22285827 0.23672762 0.17998067 0.1942081  0.21124627 0.31436572
 0.27975999 0.29992946 0.2591433  0.3205672 ]
254 372.05170119973803 [0.22268316 0.23610484 0.18006351 0.1942634  0.21102837 0.31386243
 0.27961335 0.29990065 0.25924945 0.32051821]
255 37.031364351108465 [0.22229185 0.23567138 0.18010965 0.19425769 0.2106721  0.31352357
 0.27944363 0.2998137  0.25936982 0.320805  ]
256 34.406271383854886 [0.2220711  0.23528531 0.17996499 0.19425914 0.21030778 0.3136206
 0.27906013 0.30025756 0.25913853 0.32141743]
257 33.86377074931949 [0.2221099  0.23474598 0.17989088 0.19419953 0.2099902  0.31373204
 0.27889556 0.30063926 0.25879679 0.32188655]
258 33.34956332889252 [0.22222164 0.2343447  0.17986803 0.19416978 0.20958924 0.31428563
 0.27874303 0.30102188 0.25853328 0.32203246]
259 30.068852688988393 [0.22223105 0.23398989 0.17984828 0.19412399 0.20913823 0.3147334
 0.27866671 0.30148778 0.25845448 0.32254221]
260 31.16277433607413 [0.22219747 0.23366468 0.17988494 0.19407333 0.20867572 0.31507404
 0.27894921 0.30170381 0.25837149 0.32288585]
261 35.14294949418221 [0.22223141 0.23318433 0.17998195 0.19386503 0.20841195 0.31543229
 0.27894507 0.30161142 0.25843036 0.32284117]
262 29.112607426738073 [0.222192   0.23283939 0.18009052 0.19352276 0.20820954 0.31580378
 0.27859347 0.30173183 0.25860352 0.32280788]
263 31.18789959426124 [0.22233349 0.23257277 0.18017504 0.19326869 0.20791193 0.31626797
 0.27813023 0.30161723 0.25868821 0.32274124]
264 34.47462813498254 [0.2225514  0.23206441 0.18026266 0.1931591  0.20754447 0.31656343
 0.27766921 0.30169975 0.25876151 0.32264959]
265 37.39551325467398 [0.22275848 0.23154902 0.18037971 0.19283971 0.20731248 0.31742196
 0.277544   0.30192891 0.25892384 0.32246734]
266 25.774019596007662 [0.22292818 0.23101682 0.18044733 0.1925332  0.20718291 0.31789441
 0.27737882 0.30236192 0.2593129  0.32206271]
267 24.570827443503735 [0.22335385 0.23043121 0.18049075 0.19217283 0.20697017 0.31880038
 0.27729909 0.30271206 0.25966889 0.32142104]
268 31.242299334318844 [0.22396081 0.2299197  0.1805737  0.19191144 0.20684478 0.31984315
 0.27711034 0.30313776 0.25990472 0.32104984]
269 28.904440914466353 [0.22452472 0.22961121 0.18068241 0.19167874 0.2064688  0.32061201
 0.27680588 0.30328626 0.26030205 0.32113429]
270 36.636788044731475 [0.22484019 0.22934817 0.18095847 0.19151005 0.20608534 0.32125895
 0.27627236 0.30333741 0.26060117 0.32144259]
271 32.542856081863974 [0.22508137 0.2293002  0.1812099  0.19140335 0.20565892 0.3223514
 0.27567317 0.30341824 0.2605491  0.32160031]
272 31.779671732372677 [0.22533568 0.22903478 0.18140351 0.19126189 0.20540877 0.32338874
 0.27510531 0.30357107 0.26029268 0.32193655]
273 34.30378473402973 [0.22545097 0.22857361 0.1815361  0.19119459 0.20518794 0.32433395
 0.27428822 0.30387675 0.26026279 0.32216943]
274 34.610587682546665 [0.22561113 0.22839077 0.181617   0.191261   0.20495326 0.32552497
 0.2738828  0.30389581 0.26011726 0.32273399]
275 32.940240967840076 [0.22567408 0.2282105  0.18174163 0.19149291 0.20474797 0.32645948
 0.27349744 0.30402349 0.26005151 0.32346482]
276 35.201153945472115 [0.22580249 0.22786972 0.18174286 0.19176824 0.20446462 0.32742698
 0.27346368 0.30421252 0.26018974 0.32414583]
277 31.049684015318135 [0.22600043 0.22727713 0.18184158 0.19210129 0.20423921 0.32786356
 0.27341552 0.30453634 0.26009721 0.32475399]
278 30.8969412984605 [0.22622136 0.22680626 0.18189264 0.19239711 0.2038755  0.32818519
 0.273427   0.30509208 0.26004609 0.3254243 ]
279 31.11603632594214 [0.22646012 0.22642449 0.1818429  0.19279266 0.20352762 0.3285175
 0.27334298 0.30555704 0.26039172 0.32627806]
280 381.67866027559063 [0.22661773 0.22601109 0.18185296 0.19309056 0.20321517 0.32880181
 0.27321943 0.30575819 0.26061543 0.32677252]
281 33.141507933708745 [0.2266386  0.22535617 0.18179456 0.193457   0.20293108 0.32878371
 0.27328675 0.30589928 0.26073808 0.32749773]
282 33.22888267177558 [0.22654909 0.22479176 0.18175742 0.19375662 0.20252188 0.32857167
 0.27340515 0.30640125 0.26091574 0.32819583]
283 28.612940821164834 [0.22642749 0.2243463  0.18175889 0.19400182 0.20219482 0.32822326
 0.27349944 0.30689028 0.26092872 0.32926631]
284 32.51262421935361 [0.22643225 0.22375985 0.18173117 0.19415248 0.20188875 0.32796358
 0.27358362 0.30716168 0.26077116 0.3305171 ]
285 384.38689765013214 [0.22638078 0.22306313 0.18157596 0.1941777  0.2016186  0.32766643
 0.27382093 0.30702186 0.26063846 0.33146824]
286 36.75325148608399 [0.22631267 0.22251851 0.18154109 0.19426673 0.20142073 0.32744183
 0.27409646 0.30647488 0.26038125 0.33255169]
287 31.98746155992449 [0.22611079 0.22214908 0.18141295 0.19448643 0.20119515 0.32731829
 0.27451441 0.30603322 0.26026708 0.33325004]
288 390.0535334709271 [0.22605006 0.22181618 0.18143689 0.19467649 0.20090837 0.32742511
 0.2748085  0.30580002 0.26028949 0.33387068]
289 38.84424471879393 [0.22607855 0.22138185 0.18138266 0.1947315  0.20052786 0.32746361
 0.27503299 0.30547379 0.26029497 0.33434798]
290 35.642458247613845 [0.22604452 0.2208275  0.18110861 0.1946675  0.200076   0.32747974
 0.27533913 0.30521837 0.2602662  0.33481542]
291 35.45276232526378 [0.22608074 0.22041062 0.18070351 0.19452015 0.19978911 0.32757143
 0.27605174 0.30494304 0.26011227 0.33508409]
292 38.39864907411871 [0.22625789 0.22012983 0.1804255  0.19463876 0.19942192 0.32761174
 0.27653449 0.3046683  0.25982944 0.33572244]
293 31.65492854281892 [0.22650796 0.2199437  0.18017248 0.19475814 0.19905971 0.32778074
 0.27680596 0.30443763 0.25967303 0.3363499 ]
294 393.5627610503112 [0.22634988 0.21970955 0.17996324 0.19476045 0.1987116  0.32816208
 0.27699066 0.30435826 0.25958932 0.33671007]
295 28.197678518679908 [0.22617193 0.21929261 0.17973668 0.19470714 0.19827423 0.32865551
 0.27722457 0.3041976  0.25984497 0.33699156]
296 50.725289515487674 [0.22615547 0.21872778 0.1794894  0.19472917 0.1977993  0.32900599
 0.27766584 0.30398658 0.25981059 0.33761747]
297 34.44825158074399 [0.22604899 0.21825447 0.17928623 0.19481305 0.19746024 0.3290587
 0.27810481 0.30391059 0.25967002 0.33851833]
298 35.111257453735206 [0.22620862 0.21786598 0.17916324 0.19500028 0.19715056 0.32916099
 0.27867097 0.3039869  0.25906673 0.33909153]
299 750.2731366005054 [0.2264701  0.21757211 0.17900087 0.19508023 0.19691529 0.32923817
 0.27916637 0.30422972 0.25863369 0.33981413]
300 37.68996257302342 [0.22667298 0.2174165  0.17862444 0.19514224 0.19657245 0.32913428
 0.27944483 0.30411183 0.25810974 0.34025754]
301 36.01097218456936 [0.22674313 0.21745478 0.17831329 0.19523366 0.19621192 0.32916546
 0.27971512 0.30398117 0.25768379 0.34040136]
302 38.4347413427204 [0.22675204 0.21734129 0.17799636 0.19535536 0.19586195 0.32883587
 0.28001216 0.30381229 0.25734013 0.34053709]
303 38.935992667354796 [0.22686258 0.21691965 0.17766717 0.19553315 0.1955173  0.32845889
 0.28037333 0.30385276 0.25707168 0.34041335]
304 39.13062504136975 [0.22686245 0.21653082 0.17741553 0.19585016 0.19490276 0.32813366
 0.28054319 0.30388173 0.25679977 0.34047143]
305 37.13312002275768 [0.22692179 0.21625321 0.17724216 0.19598154 0.19430907 0.327398
 0.2805993  0.3039845  0.25675829 0.34057005]
306 32.38376309604417 [0.22695701 0.21588376 0.17707318 0.19594673 0.19375353 0.32622249
 0.28052239 0.30394403 0.25661903 0.34049265]
307 34.79731044250217 [0.22704761 0.2156145  0.17691751 0.19582627 0.19334236 0.32535057
 0.28027064 0.30423675 0.25650636 0.34005061]
308 30.08740289493881 [0.22725146 0.21540321 0.17682012 0.19555518 0.19315147 0.32440623
 0.27986654 0.30498831 0.25635907 0.33963044]
309 37.192295368476394 [0.22731029 0.21513148 0.17673779 0.19502928 0.19287979 0.3235449
 0.27965643 0.30577278 0.2560451  0.33947627]
310 27.052313836966228 [0.22724418 0.21467568 0.17669572 0.19460516 0.19272537 0.32360031
 0.27952049 0.30686453 0.25572061 0.33940183]
311 34.95682419260879 [0.2271491  0.21416797 0.17669566 0.19417284 0.19264121 0.32380513
 0.27943586 0.30777139 0.25555007 0.33916541]
312 36.65017249772657 [0.22711658 0.21363882 0.17661174 0.19387162 0.19268865 0.3236276
 0.27926977 0.30848465 0.25540048 0.33854619]
313 32.43313095998638 [0.22712961 0.21297603 0.17642215 0.1935564  0.192831   0.3236737
 0.27886312 0.3090041  0.25510131 0.33810837]
314 32.13248840314459 [0.22706234 0.21236207 0.17630584 0.1935718  0.19311954 0.3235884
 0.27859905 0.30927999 0.25495811 0.33720003]
315 30.078102999633813 [0.22710535 0.21195826 0.1762231  0.19352177 0.19344936 0.32341016
 0.27837474 0.30945203 0.25479316 0.33643747]
316 33.63283290766673 [0.22700054 0.21165167 0.17623478 0.19354961 0.19381251 0.32315491
 0.27843165 0.30972665 0.25478469 0.33568015]
317 32.13763320268365 [0.22682522 0.21139897 0.17617046 0.19370494 0.19412693 0.3227947
 0.27857793 0.31011897 0.2547445  0.33513684]
318 29.70532272010751 [0.22669253 0.2112412  0.17615176 0.19359109 0.19452837 0.32236427
 0.27803203 0.3106883  0.25458891 0.33445124]
319 32.70201864015401 [0.22653087 0.21120888 0.17616926 0.19357253 0.19489263 0.32193873
 0.27748835 0.31111512 0.25439479 0.33383224]
320 26.814816289096303 [0.22631954 0.21108121 0.17627855 0.1935564  0.19509415 0.32142675
 0.27701036 0.31163057 0.25427056 0.33348202]
321 24.353035170701176 [0.22598089 0.21095061 0.17636218 0.19352423 0.19527493 0.32100298
 0.27683358 0.31183449 0.2541302  0.3328819 ]
322 30.140300764716574 [0.22561892 0.21073344 0.17638012 0.19339554 0.19574038 0.32033384
 0.2764724  0.31229079 0.25398283 0.3321451 ]
323 27.580235071551222 [0.22538553 0.21033992 0.17610891 0.19350064 0.19625774 0.31951995
 0.27649725 0.31268794 0.25407664 0.33155291]
324 25.729563712984536 [0.22518027 0.20999361 0.17570453 0.19362308 0.19663967 0.31888691
 0.27680721 0.31296753 0.25383466 0.33098337]
325 19.842050009022742 [0.22492603 0.20971614 0.17518454 0.19364414 0.19694123 0.31853
 0.27719134 0.31334217 0.25356305 0.33040664]
326 28.789135777867894 [0.2245781  0.20945088 0.17474311 0.19355381 0.19721089 0.31788605
 0.27756556 0.31370254 0.2532191  0.32993533]
327 21.65939345333983 [0.22414325 0.2092261  0.17425902 0.193476   0.19748277 0.31713644
 0.27803711 0.31423615 0.25293411 0.32964689]
328 21.367597564248555 [0.22345255 0.20883344 0.17385057 0.19346869 0.19771298 0.31654263
 0.27853677 0.31421471 0.25256767 0.32929859]
329 27.59778158077602 [0.22284168 0.20832724 0.17352047 0.19347168 0.19786111 0.31579452
 0.27910593 0.31410696 0.2523357  0.32895898]
330 24.653757300516595 [0.22235129 0.20783291 0.17331266 0.19339778 0.19805643 0.31506452
 0.27946625 0.3140785  0.25228192 0.32850611]
331 29.927901638239558 [0.22159856 0.20741509 0.17316782 0.19338628 0.19810708 0.31441249
 0.2798272  0.31426889 0.25228009 0.32811709]
332 32.5899478462307 [0.22093051 0.20685014 0.17296585 0.19338891 0.1980539  0.31368518
 0.28002738 0.3144021  0.2524899  0.3275207 ]
333 21.786535853457856 [0.2203342  0.20622258 0.1727735  0.19338092 0.19791502 0.31325737
 0.28032186 0.31440154 0.25245768 0.32714776]
334 28.310486432790917 [0.21968342 0.2057585  0.17256877 0.19337752 0.19776415 0.31275675
 0.28045356 0.31430549 0.25255174 0.32674564]
335 21.56758349645068 [0.21918428 0.20537133 0.17236919 0.193225   0.19767542 0.31223478
 0.28056965 0.31417525 0.25283389 0.32642632]
336 24.837730519407188 [0.21863619 0.20502951 0.17218295 0.1930702  0.19743734 0.3118866
 0.280505   0.31434627 0.2532182  0.32631294]
337 26.20739223226217 [0.21810106 0.20485914 0.1720611  0.19299764 0.19728405 0.31197009
 0.28004184 0.31417927 0.25365292 0.3257502 ]
338 24.13057320995755 [0.21769574 0.20468763 0.17205305 0.1930331  0.19716931 0.31221354
 0.27996512 0.31404809 0.25400856 0.32527496]
339 25.74780654632901 [0.21723192 0.20444837 0.17214419 0.19305583 0.19710522 0.31237154
 0.28012696 0.31390873 0.25455038 0.32485565]
340 28.633324178497887 [0.21666477 0.20440081 0.17224499 0.19285001 0.19717318 0.31230776
 0.28040726 0.31369532 0.25518087 0.32413612]
341 383.6247512876782 [0.21627159 0.20449164 0.17232766 0.1926388  0.19715482 0.31196969
 0.28064223 0.31321118 0.25575794 0.32358421]
342 28.494014271614905 [0.21556469 0.20444289 0.17243516 0.19227413 0.19703446 0.31126479
 0.28139035 0.31282384 0.25636518 0.32285858]
343 26.910427085811982 [0.21481613 0.20440471 0.17238758 0.19174658 0.19694743 0.31084746
 0.28207862 0.31246845 0.25725892 0.32181635]
344 31.089251598354252 [0.21411352 0.20426265 0.17218956 0.19144798 0.19694267 0.31057133
 0.28303227 0.31192446 0.25802212 0.32091125]
345 33.68408025144272 [0.2135361  0.20416343 0.17206356 0.19119824 0.19696229 0.31007181
 0.28416484 0.3113581  0.25873349 0.32029941]
346 35.71043067987209 [0.21298982 0.20402172 0.17189754 0.19105231 0.19701343 0.30988954
 0.28523523 0.31118191 0.25932734 0.31958072]
347 29.11487853306508 [0.21257917 0.20374294 0.17175629 0.19100926 0.19708291 0.30981602
 0.28607899 0.31125262 0.25995273 0.31948791]
348 32.01138683780451 [0.21219081 0.20353589 0.17155449 0.19093333 0.19728051 0.30974218
 0.28655074 0.31123168 0.26053426 0.31971393]
349 27.147423505699646 [0.21188638 0.20348959 0.17139814 0.19077201 0.19732122 0.3095449
 0.28681787 0.31138122 0.26112627 0.31962423]
350 34.93914309264396 [0.21165215 0.20341425 0.17133303 0.19068504 0.19732231 0.30947404
 0.28703572 0.311448   0.26149325 0.31976413]
351 22.94932099696853 [0.21128863 0.20343861 0.17124934 0.19004591 0.19738165 0.30949089
 0.28710013 0.31137715 0.2619062  0.31999316]
352 27.366729006280263 [0.21100782 0.20347649 0.17118594 0.18952871 0.19737242 0.30953707
 0.28714832 0.31138823 0.26228141 0.32010971]
353 29.905856807801825 [0.21054382 0.2036261  0.17111999 0.18912969 0.19745082 0.30946834
 0.28721674 0.31096093 0.26274041 0.32010418]
354 24.647337129139963 [0.21023261 0.20377372 0.17097258 0.18900354 0.19752807 0.30901976
 0.28751371 0.31060236 0.26313546 0.3200481 ]
355 25.607068196538876 [0.20984672 0.20403411 0.17077643 0.18889757 0.19742354 0.30883135
 0.28800184 0.31027012 0.26310295 0.31988868]
356 27.036192030592293 [0.20949596 0.2041316  0.17073588 0.18851006 0.19700543 0.30852547
 0.28893913 0.30993014 0.2629766  0.3200049 ]
357 30.1746895169803 [0.20906999 0.2040646  0.17067559 0.18812194 0.19661635 0.30817572
 0.28998524 0.30957894 0.26290604 0.32021691]
358 27.47830628099213 [0.20860963 0.20413851 0.1706922  0.18744144 0.19629293 0.30753991
 0.29077384 0.30872772 0.26285884 0.32026727]
359 26.00100464237389 [0.20829582 0.20431681 0.17067225 0.18667022 0.19585648 0.30710015
 0.29200431 0.30785442 0.26263927 0.32014653]
360 29.895526670018512 [0.20807916 0.20443564 0.17061407 0.1860793  0.1955896  0.30690304
 0.29286082 0.30693384 0.26245454 0.32008293]
361 32.27017495023291 [0.20764395 0.20456607 0.17061502 0.18554103 0.19540878 0.30687435
 0.2937754  0.30590912 0.26227676 0.32018283]
362 24.37528863232108 [0.20704335 0.20464235 0.17067193 0.1850187  0.19520499 0.30645373
 0.29526587 0.30498629 0.26214741 0.32008358]
363 37.74140031819479 [0.20622133 0.2047197  0.1707476  0.18435411 0.19509628 0.30590321
 0.29619958 0.304085   0.2620374  0.32016098]
364 26.707009219889002 [0.20527917 0.20459101 0.17069021 0.18371931 0.19507498 0.30537843
 0.2972391  0.30328044 0.26209927 0.3199953 ]
365 29.54129759767465 [0.20444058 0.20451641 0.17072021 0.18332077 0.19506101 0.30519165
 0.29839573 0.30292835 0.26217284 0.32012542]
366 26.60475210145833 [0.20376193 0.20445714 0.17074477 0.18298052 0.19499794 0.30499675
 0.29919426 0.30257038 0.2620955  0.32052351]
367 24.845500708814704 [0.20299495 0.20420213 0.1707082  0.18261824 0.19445559 0.30475372
 0.29965269 0.30229459 0.26223799 0.32069793]
368 30.335315493321527 [0.20239233 0.20371004 0.17062498 0.18215313 0.19382635 0.30463283
 0.30005818 0.30203443 0.26212179 0.32107828]
369 30.350705757981004 [0.20173888 0.2032771  0.1705882  0.18167602 0.19322717 0.30452354
 0.3005357  0.30188698 0.26158874 0.32139634]
370 370.3418976194678 [0.20091082 0.20276822 0.17061893 0.18123717 0.19251365 0.30426604
 0.30125798 0.30201696 0.26118195 0.32222726]
371 24.857853856866637 [0.20018992 0.20228451 0.17064724 0.18075142 0.19183514 0.30424669
 0.30160996 0.30220825 0.26080281 0.32282643]
372 29.479922700144286 [0.19935824 0.20192655 0.17055058 0.18041548 0.19128273 0.30434245
 0.30202528 0.30287085 0.26037725 0.32302982]
373 28.21345824869191 [0.19857945 0.20152521 0.17033275 0.17992989 0.19086444 0.30451466
 0.30287655 0.30349087 0.26006068 0.32278013]
374 29.527658074382693 [0.19791217 0.20126094 0.17020809 0.17946345 0.19033454 0.30457878
 0.30381469 0.30411498 0.25950472 0.3226706 ]
375 29.13188662751344 [0.19743538 0.20099269 0.17010871 0.17908742 0.18965579 0.30460489
 0.30456682 0.30474859 0.25886846 0.32259555]
376 25.85041858257606 [0.19692738 0.20063325 0.17007304 0.17864285 0.18909187 0.30475824
 0.30503153 0.30548261 0.2586363  0.32217681]
377 21.519538902800953 [0.19650233 0.20040399 0.17005576 0.17829171 0.18865217 0.30455944
 0.30508491 0.30613844 0.25798722 0.32182275]
378 386.13247397402773 [0.19623871 0.20017694 0.17006359 0.17794592 0.18829727 0.30442995
 0.30471804 0.30681033 0.2574443  0.32164661]
379 36.405702943867766 [0.19605319 0.1999792  0.17024342 0.17763345 0.18789982 0.3047703
 0.30369115 0.30730553 0.25723063 0.32152968]
380 28.563893403042595 [0.1959228  0.19960616 0.17040085 0.1775331  0.18750819 0.30496954
 0.30270713 0.30775257 0.25707565 0.32168617]
381 30.018287043939782 [0.19548564 0.19932522 0.17058158 0.17723194 0.18714553 0.30503599
 0.30217081 0.30810964 0.2567271  0.32165782]
382 27.846849446582798 [0.19511755 0.19902799 0.17086179 0.17696621 0.18681395 0.30491524
 0.30194917 0.30809413 0.25643699 0.32202728]
383 33.134618697203145 [0.19469025 0.19878563 0.17111398 0.17655525 0.18661361 0.30465058
 0.30106867 0.30827057 0.25626655 0.32246724]
384 30.853192265220336 [0.19436371 0.19850602 0.17131191 0.17612834 0.18647104 0.30454293
 0.3002924  0.30812687 0.25587727 0.32273577]
385 31.43074454203849 [0.19394121 0.19827623 0.17151184 0.17563793 0.18657761 0.30432267
 0.29974132 0.30789912 0.25531843 0.32288264]
386 30.03648321323163 [0.1934987  0.19817691 0.17169799 0.17531129 0.1867325  0.3040881
 0.29887628 0.30760526 0.25473551 0.32276594]
387 30.288152675245872 [0.19319589 0.1979874  0.17176269 0.17490939 0.18678787 0.30390967
 0.29736982 0.30716575 0.25434922 0.32295073]
388 27.965181536335486 [0.19291058 0.19785633 0.17190307 0.17460008 0.18683653 0.30380203
 0.29622101 0.30662153 0.25402594 0.32319479]
389 28.63841763677409 [0.19257521 0.19768204 0.17211583 0.17424012 0.18696098 0.30365408
 0.29518375 0.30614002 0.25376709 0.32330738]
390 34.63191288283336 [0.19215459 0.19753317 0.17245109 0.1738546  0.18706406 0.30357086
 0.29424918 0.30566392 0.25345014 0.32350787]
391 30.032231056579324 [0.19167162 0.19735826 0.17276182 0.17364957 0.18708619 0.30351778
 0.29352185 0.30511421 0.25311994 0.32354776]
392 27.427637139555443 [0.19113585 0.19718976 0.17326165 0.17330209 0.18716094 0.30363628
 0.29293969 0.30451048 0.25292149 0.32339494]
393 27.12783524164634 [0.19056757 0.19711396 0.17373508 0.1729673  0.18732564 0.30336247
 0.29234835 0.30416146 0.25259484 0.32305196]
394 29.962534658534125 [0.1900128  0.19695956 0.17399597 0.17246942 0.18749405 0.303347
 0.29159637 0.30395128 0.25243425 0.32257205]
395 23.831890586210484 [0.18964155 0.19676647 0.17437149 0.17199055 0.1876744  0.30349924
 0.29090574 0.30368552 0.25213071 0.32184514]
396 25.642188649511162 [0.18938891 0.19641546 0.17486945 0.1716371  0.18789868 0.30330458
 0.29041093 0.30325716 0.25218927 0.32148416]
397 29.510615452646014 [0.18917371 0.19617285 0.17535991 0.17118089 0.18791735 0.30338238
 0.29000458 0.30296844 0.25237947 0.32119359]
398 33.58229352975601 [0.18911461 0.19586103 0.17595282 0.17076064 0.18784729 0.30331083
 0.2897647  0.30264371 0.25239312 0.32118924]
399 29.18736344274559 [0.18903202 0.19563625 0.17640877 0.17037778 0.18775686 0.30343755
 0.28940481 0.30228218 0.25224099 0.32109898]
400 30.43249271582839 [0.18905474 0.19539378 0.17671863 0.1700505  0.18773976 0.3036329
 0.28917077 0.30199995 0.25187925 0.32103426]
401 389.37687165781955 [0.18922997 0.1952089  0.17696843 0.16996673 0.18748335 0.30385092
 0.28883235 0.30182223 0.25187181 0.32079073]
402 33.16484567944432 [0.18937532 0.19485139 0.17712327 0.16987446 0.18721575 0.30388309
 0.28848323 0.30180398 0.25188376 0.32075769]
403 35.90196289552365 [0.18951807 0.19451991 0.17719573 0.16964236 0.18696491 0.30358541
 0.28795703 0.30185748 0.25165807 0.32057121]
404 54.77681518640827 [0.18948971 0.19429293 0.17750113 0.16935227 0.1866446  0.30348172
 0.28761385 0.30181461 0.25134667 0.32012535]
405 36.405666292066556 [0.18947214 0.19413369 0.17787246 0.16909974 0.18639189 0.30331527
 0.28725236 0.30182463 0.25083151 0.31942275]
406 38.065458673538195 [0.18944327 0.19399077 0.17803528 0.16894237 0.18602928 0.30312114
 0.28688989 0.30165339 0.25026696 0.31887356]
407 38.17904766727246 [0.18941341 0.19387667 0.17828652 0.168842   0.18574422 0.30255356
 0.28664758 0.3014086  0.24984844 0.31846084]
408 30.482668485417904 [0.18940396 0.19379899 0.17848052 0.16880638 0.18550464 0.30190814
 0.2861256  0.30139161 0.24966562 0.31803301]
409 32.88132238766636 [0.18948829 0.19368407 0.17874713 0.16874877 0.18527559 0.30129807
 0.28574452 0.30130635 0.24928906 0.31763024]
410 390.8841760158638 [0.18967346 0.19342525 0.17895583 0.168849   0.18517221 0.30084705
 0.28527636 0.30125365 0.24910389 0.31725193]
411 395.7274087858794 [0.1897721  0.19316464 0.17927565 0.16902351 0.18507996 0.30047975
 0.28482474 0.30113438 0.24905012 0.31718885]
412 26.51280419182135 [0.18974971 0.19299291 0.17958238 0.16931635 0.18482719 0.30025832
 0.28418552 0.30120088 0.24904497 0.31733235]
413 33.388725200784826 [0.18981855 0.19296076 0.17989247 0.16971287 0.18454536 0.3005257
 0.28337428 0.30148278 0.24901698 0.31743628]
414 28.96124414879985 [0.189661   0.19290572 0.18015649 0.17021346 0.18421689 0.30071203
 0.28267783 0.30182952 0.24889965 0.31756172]
415 39.63145065117791 [0.18940784 0.19306807 0.18050972 0.17064057 0.18386863 0.30121582
 0.28205325 0.30225901 0.24884976 0.31717055]
416 42.29445254365499 [0.18906078 0.19318642 0.18060157 0.17089684 0.18370342 0.30156032
 0.28116265 0.30257177 0.24861561 0.31674043]
417 743.3379456365526 [0.18871979 0.19325839 0.1807883  0.17119432 0.18361117 0.30189611
 0.28022478 0.30279543 0.24847336 0.31637081]
418 383.7817311275974 [0.18845235 0.19317593 0.18085689 0.17133443 0.18360175 0.30239709
 0.27927897 0.3032289  0.24842679 0.31636068]
419 402.40437291824685 [0.18816958 0.19301082 0.18096849 0.17158325 0.18352742 0.30292277
 0.2785883  0.3035596  0.24835607 0.31602928]
420 34.20642719580866 [0.18803609 0.19292148 0.18107988 0.17177401 0.18342461 0.30358145
 0.27822238 0.30367175 0.24820141 0.31554428]
421 39.76444322699372 [0.18792608 0.19279397 0.1811427  0.17189912 0.18341671 0.30426457
 0.27781181 0.30378784 0.24829902 0.31547963]
422 35.37546001295212 [0.18794133 0.19260153 0.18109962 0.17194619 0.18344126 0.30494512
 0.27750226 0.3039013  0.24814166 0.31550061]
423 34.57729767859766 [0.18798393 0.19238184 0.18139887 0.17204073 0.18360945 0.3056613
 0.27736581 0.30373274 0.24803394 0.31523798]
424 32.268279340718664 [0.18803531 0.19214193 0.18168503 0.17212815 0.18368599 0.3064759
 0.27716125 0.3036832  0.24811608 0.31499087]
425 25.784381273144735 [0.18807271 0.19199412 0.18184489 0.17211535 0.18372362 0.30716817
 0.27713151 0.3037889  0.24820843 0.31452414]
426 34.41736459980686 [0.18827204 0.19189536 0.18211114 0.17202954 0.18370271 0.30787572
 0.27701776 0.30412696 0.24811785 0.31409031]
427 25.479012970354773 [0.18858802 0.19187259 0.18219457 0.17194716 0.18363014 0.30868468
 0.27684031 0.30475283 0.24817359 0.31368314]
428 27.341933190272677 [0.18879007 0.19192366 0.18219823 0.17182236 0.18354859 0.30920273
 0.27670997 0.30540446 0.24830255 0.31302968]
429 33.39639065841985 [0.18897036 0.19188461 0.18211215 0.17161704 0.18348146 0.3097144
 0.27645067 0.30609326 0.24850889 0.31238699]
430 23.43614806425291 [0.18892732 0.19192039 0.18193067 0.17144093 0.18359909 0.3102732
 0.27609555 0.3066555  0.24882955 0.31161634]
431 27.46857319763561 [0.18893708 0.19192637 0.18155032 0.17144092 0.18360662 0.31068821
 0.27586084 0.30740201 0.24913979 0.31112983]
432 25.068764247300713 [0.18904745 0.19202352 0.18117031 0.17140077 0.18360496 0.31088905
 0.27530097 0.30847503 0.24915074 0.31073475]
433 24.63620260181726 [0.1891901  0.19218084 0.180773   0.17133888 0.1835777  0.31097949
 0.27480183 0.30966953 0.24917568 0.31051764]
434 35.26808359936226 [0.18923713 0.1923567  0.18039068 0.17121199 0.18350334 0.31098389
 0.27470639 0.31058854 0.24925352 0.3106612 ]
435 21.055836877656947 [0.18928299 0.19246202 0.18038959 0.17101406 0.18342716 0.31079586
 0.2744823  0.31106731 0.24933855 0.31074372]
436 21.489564064644227 [0.18942617 0.19263426 0.1803241  0.17090186 0.18335808 0.31076529
 0.27427736 0.31111495 0.24911923 0.31090854]
437 29.803679182206942 [0.18959358 0.19244373 0.18039703 0.17064169 0.18340139 0.31029826
 0.27418583 0.31141704 0.24897901 0.31115064]
438 28.09903607125978 [0.18967776 0.19213548 0.18026892 0.17040001 0.18333759 0.31003509
 0.27405322 0.31165326 0.24868336 0.31139878]
439 23.56958061857775 [0.18980412 0.19183169 0.18015381 0.17005827 0.1833391  0.30953237
 0.27384174 0.3118204  0.24858026 0.31160941]
440 18.423667025275215 [0.18997642 0.19155535 0.18009977 0.16985867 0.183311   0.30877798
 0.27366309 0.31217908 0.24824198 0.31196708]
441 27.693943904396082 [0.19017456 0.19121731 0.17986917 0.16969459 0.18346177 0.30816997
 0.27339589 0.31232771 0.24799794 0.31195304]
442 27.44825724050925 [0.19025197 0.19078832 0.17966412 0.1694159  0.183618   0.30738445
 0.27289282 0.31238246 0.24780617 0.31225116]
443 19.312718866865595 [0.19034633 0.19051453 0.17956777 0.16925284 0.18377492 0.30649161
 0.27250596 0.31274509 0.24752643 0.31253406]
444 20.56870747776121 [0.19035344 0.19034834 0.17933983 0.16905206 0.1840803  0.30546339
 0.27190004 0.31276883 0.24720886 0.31281867]
445 23.77638224235868 [0.19034587 0.19027235 0.17921561 0.16897214 0.18433876 0.304714
 0.27166289 0.31272421 0.247024   0.31335242]
446 385.09502463525996 [0.19012237 0.19020484 0.17908963 0.16869058 0.18450947 0.30403524
 0.27157146 0.31172262 0.2468924  0.31393661]
447 21.424719776674426 [0.1898458  0.19013918 0.17890713 0.16836998 0.18459684 0.30329733
 0.271499   0.31073193 0.24678133 0.31443188]
448 25.61923118976489 [0.18933093 0.19001032 0.17857577 0.16803108 0.18468035 0.30205774
 0.27138818 0.30969864 0.24671937 0.31480679]
449 25.720215493017918 [0.1887989  0.18985231 0.17807618 0.16760248 0.18468171 0.30093219
 0.27113262 0.30905222 0.24705668 0.31511523]
450 21.959427868463166 [0.18823493 0.18972673 0.177739   0.16721945 0.18455537 0.29981602
 0.2709993  0.30838163 0.2475631  0.31555787]
451 19.781687119085998 [0.18746214 0.18954564 0.17715386 0.16681046 0.18445007 0.29881532
 0.2709583  0.3078432  0.24795922 0.31624782]
452 366.1929055782075 [0.18658563 0.18947639 0.17638455 0.16627618 0.18433124 0.29818467
 0.27090158 0.30807471 0.2485159  0.31677278]
453 378.6226806558872 [0.18597626 0.18939715 0.1758157  0.16560012 0.18420613 0.29763583
 0.27102179 0.30789869 0.24927641 0.31749887]
454 365.4081214598145 [0.18535897 0.1893801  0.17549724 0.16498273 0.1842636  0.29715067
 0.27143607 0.3080665  0.24972973 0.31823986]
455 369.1102959389823 [0.18481206 0.18946267 0.17520459 0.16447247 0.18417029 0.29704655
 0.27201496 0.30736417 0.24985086 0.31891511]
456 375.72167614330436 [0.18429418 0.18972868 0.1750417  0.16401061 0.18419405 0.29706859
 0.27279927 0.30685695 0.24989788 0.31975479]
457 367.69677217919997 [0.18397384 0.18996034 0.17509692 0.16371067 0.1842663  0.29745233
 0.27410854 0.30685363 0.24975249 0.32048144]
458 22.73259780014638 [0.18380142 0.19020305 0.17518972 0.16334693 0.18426491 0.29758069
 0.27545669 0.30758808 0.2500732  0.32126739]
459 20.93315619054893 [0.18365562 0.19039576 0.17528854 0.16303758 0.18434654 0.29755528
 0.27671    0.30831444 0.25053692 0.3219338 ]
460 25.78281480801529 [0.18347812 0.19056863 0.1754115  0.16270678 0.18441384 0.29748541
 0.27800737 0.30877946 0.2510359  0.32222228]
461 26.76045642978714 [0.18329229 0.19082677 0.17541235 0.16238949 0.18441382 0.29755607
 0.27918094 0.30953484 0.25146034 0.322411  ]
462 25.646045212337604 [0.1831276  0.19103658 0.17553463 0.16210415 0.18452413 0.29762671
 0.28026357 0.31047268 0.25197463 0.32221187]
463 20.98221793103893 [0.18300962 0.19121956 0.1757242  0.16171924 0.1846825  0.29771818
 0.28141879 0.31141766 0.25254425 0.32190389]
464 21.694326267487895 [0.18300763 0.19148163 0.17591056 0.16143093 0.18473717 0.29767631
 0.28235513 0.31241118 0.25299251 0.32170987]
465 720.8794728179441 [0.18301175 0.19165527 0.17592534 0.16127784 0.18480719 0.29768015
 0.28296321 0.31349848 0.25341179 0.32144691]
466 382.2543590162335 [0.18285614 0.19182999 0.17586603 0.16112038 0.18498002 0.2980018
 0.28340667 0.31425542 0.25372527 0.32121422]
467 28.647422326838246 [0.18275038 0.19175791 0.17583291 0.16106181 0.18509956 0.29853213
 0.28369137 0.31471939 0.2540577  0.32122769]
468 370.02796891577094 [0.1826045  0.19157539 0.17577102 0.16109895 0.18523897 0.29883002
 0.28398371 0.31511457 0.25426485 0.32139816]
469 25.06900626091465 [0.18254175 0.19136128 0.17569856 0.16101604 0.18526069 0.29872868
 0.28408669 0.3150911  0.25422472 0.3217212 ]
470 24.0172878443328 [0.18248327 0.19112879 0.17570722 0.16098919 0.18536298 0.29861704
 0.28419216 0.31509384 0.25412746 0.32219253]
471 28.814266339714166 [0.18247569 0.19109208 0.17551417 0.16098553 0.18545297 0.29864099
 0.28417145 0.31515142 0.25421041 0.32269015]
472 27.564124661943417 [0.18248416 0.19101644 0.17542499 0.16093703 0.18545472 0.29846571
 0.28433401 0.31506058 0.25466357 0.32280118]
473 1065.595985354262 [0.18250868 0.19087167 0.17529411 0.16082185 0.18540598 0.2982491
 0.28467132 0.31475787 0.25484452 0.32295141]
474 24.212080620273433 [0.1826307  0.19065334 0.17508078 0.16072311 0.18536342 0.29790679
 0.2850134  0.31464961 0.25507766 0.3234345 ]
475 722.1472350070953 [0.18282401 0.19040716 0.17474242 0.16069401 0.18534189 0.29759334
 0.2853947  0.31492546 0.25547705 0.3237714 ]
476 717.8647087206707 [0.18301892 0.19014299 0.17449596 0.16062542 0.18533727 0.29723625
 0.28581302 0.31527491 0.25593703 0.32423532]
477 26.85340799016012 [0.18325934 0.18970247 0.17427431 0.16051058 0.18542549 0.29709749
 0.28625637 0.31561116 0.25577161 0.32477127]
478 21.473931384990042 [0.18373756 0.18927557 0.17406525 0.16040795 0.18551614 0.29693176
 0.28673374 0.31612554 0.25560481 0.32507524]
479 379.875644024492 [0.18419672 0.18877375 0.17386241 0.16038574 0.18558167 0.29692962
 0.28721089 0.31681015 0.25555822 0.32550927]
480 27.76278755009948 [0.18476177 0.18835684 0.17360104 0.16034968 0.1854518  0.29692038
 0.2875682  0.31763672 0.25546427 0.32593423]
481 371.46898136070297 [0.18525979 0.18811897 0.17345757 0.16027518 0.18535714 0.29688927
 0.28755123 0.31833051 0.25537795 0.32639033]
482 24.403389015949138 [0.1858967  0.1878069  0.17330381 0.16026681 0.18526984 0.29663493
 0.28733067 0.31871042 0.25537773 0.32653475]
483 730.4164682959764 [0.18640949 0.18756435 0.17308961 0.16026559 0.1852883  0.29655056
 0.28700747 0.31900534 0.25569766 0.32657459]
484 23.252954731592055 [0.18698415 0.18725696 0.17271063 0.16028154 0.18518061 0.29632809
 0.28683726 0.31970379 0.25576345 0.32683709]
485 395.1084817970526 [0.18751133 0.18704704 0.17257342 0.16030439 0.18510571 0.29626628
 0.28653563 0.32038918 0.25599381 0.32723014]
486 25.674856594667183 [0.18788501 0.18683984 0.1724055  0.16046441 0.18505008 0.29628958
 0.2864747  0.32095644 0.2565458  0.32761399]
487 738.1611127529242 [0.18799958 0.18662314 0.17223631 0.16060378 0.18498608 0.29624885
 0.28659731 0.32070756 0.25650734 0.3281775 ]
488 29.99794039008465 [0.18828656 0.18641532 0.17219002 0.16083124 0.18501245 0.29631533
 0.2867736  0.32063599 0.25636777 0.32895381]
489 734.7804675184726 [0.18865236 0.18622205 0.1720226  0.16104014 0.18514204 0.2961346
 0.28671346 0.32054306 0.25644564 0.32939239]
490 27.44461036796058 [0.18892769 0.18594346 0.17195992 0.16116959 0.18531591 0.29603278
 0.28662561 0.3205558  0.25652073 0.32956292]
491 30.19047683994073 [0.18922871 0.18568242 0.17184196 0.1612456  0.18528022 0.29582346
 0.28660009 0.32050584 0.25643646 0.32954852]
492 727.4480718636319 [0.18938278 0.18555076 0.17170033 0.16130203 0.18523728 0.29577797
 0.28691686 0.32054647 0.25658534 0.32923932]
493 370.0062001275582 [0.18945177 0.18539701 0.17146026 0.16151139 0.18520632 0.29576087
 0.28743327 0.32045537 0.25624625 0.32901124]
494 385.6588273792866 [0.1895969  0.18529359 0.17131737 0.16179017 0.18516422 0.29602744
 0.28761307 0.3205772  0.25567627 0.32879895]
495 374.46302729178035 [0.18976311 0.18517635 0.1709528  0.16219857 0.18521068 0.29632934
 0.28800904 0.32106127 0.25522783 0.32856833]
496 383.6914450085553 [0.18984834 0.18523783 0.17070637 0.16250959 0.18537208 0.29648124
 0.28847191 0.3208752  0.25503925 0.32822743]
497 373.14704134981423 [0.1899387  0.18521633 0.17044832 0.16284335 0.18556954 0.29675368
 0.28897021 0.32088967 0.2545234  0.32759821]
498 728.6763445879678 [0.19006327 0.18529697 0.16998219 0.16312446 0.18581501 0.29704306
 0.28963258 0.32016189 0.25403247 0.32733978]
499 43.53605594480902 [0.19011235 0.18532472 0.16950998 0.1633194  0.18602399 0.2972633
 0.29030016 0.31940164 0.2535063  0.32718793]
