0 152.3633648494263 [0.30103135 0.30103135 0.30103135 0.29962496 0.29915616 0.29821856
 0.62840921 0.30243775 0.67309095 0.30009375 0.30009375 0.62794043
 0.62794041]
1 134.37760531668113 [0.30202405 0.30187385 0.30157867 0.30002706 0.29870126 0.29621215
 0.62806173 0.3040866  0.67460642 0.30005882 0.30025226 0.62902083
 0.62867781]
2 179.78527601789966 [0.30239191 0.30182077 0.30247806 0.30045715 0.29877301 0.29516283
 0.62779551 0.3053703  0.67514217 0.30072506 0.30064114 0.62869224
 0.62833259]
3 139.72582320805623 [0.30263562 0.3020053  0.30251157 0.30127061 0.29880077 0.2940444
 0.62782055 0.30575438 0.67547911 0.30170432 0.30078962 0.62865984
 0.62830094]
4 129.48957120143456 [0.30313909 0.30246998 0.30264454 0.30285875 0.29877202 0.29308879
 0.62785671 0.30655987 0.67592731 0.30241983 0.3012418  0.62898426
 0.6287157 ]
5 127.65322283924868 [0.30363235 0.30261128 0.30304158 0.30417051 0.2988388  0.29222824
 0.62794946 0.30715359 0.67650069 0.30280187 0.30160855 0.62943683
 0.62947128]
6 171.4980224050347 [0.30398463 0.30280064 0.30290523 0.3048324  0.29914063 0.29133013
 0.62832094 0.30789078 0.67704783 0.30319091 0.30208679 0.6298563
 0.6298074 ]
7 144.05729062811739 [0.30381361 0.30284164 0.30265786 0.30515636 0.29940223 0.29025957
 0.62912606 0.30867681 0.67760861 0.30360074 0.30259222 0.63017448
 0.63042448]
8 151.8130321580956 [0.3037614  0.30308441 0.30243523 0.30495921 0.29919016 0.28935706
 0.629911   0.30940028 0.67825281 0.30425243 0.3030951  0.63027392
 0.63092086]
9 109.84316373862646 [0.30353835 0.30336968 0.30250573 0.30459886 0.29905545 0.2886025
 0.63055691 0.31011852 0.67856146 0.30472597 0.30349634 0.63032191
 0.63128966]
10 122.1497762257095 [0.30341972 0.30297906 0.30255032 0.30442966 0.29888872 0.28804155
 0.63104674 0.3107326  0.67858099 0.3049335  0.30386679 0.63024572
 0.63157014]
11 160.11154143907817 [0.30354308 0.30271099 0.30270957 0.3042329  0.29885839 0.28749933
 0.63143089 0.31088905 0.67846774 0.30507538 0.30408561 0.63032161
 0.63189962]
12 127.58397067572233 [0.30356398 0.30259012 0.30294278 0.30400614 0.2988842  0.28709359
 0.63174642 0.31096269 0.67823482 0.30527114 0.30437614 0.63034722
 0.63213023]
13 127.11675423254898 [0.30370953 0.30260288 0.30314389 0.30388688 0.29881552 0.28656738
 0.63209327 0.31115805 0.67794974 0.30561502 0.30473042 0.63040496
 0.63248692]
14 160.58127589929077 [0.30372191 0.30259373 0.30315448 0.30374137 0.2989185  0.28600652
 0.63250689 0.31132921 0.67771344 0.30622077 0.30499337 0.63055633
 0.63296749]
15 139.19773981569068 [0.30376444 0.30274521 0.30335589 0.30329692 0.29881854 0.28556094
 0.63291969 0.31145556 0.67749424 0.30684785 0.30532272 0.6306782
 0.63335906]
16 113.39007470108716 [0.30376733 0.30269739 0.30364098 0.30286563 0.29863568 0.28511557
 0.63331215 0.31134865 0.6771955  0.3074069  0.30565833 0.63071742
 0.63395229]
17 94.79760879917964 [0.30390597 0.30273577 0.30397674 0.30232957 0.29842458 0.28476658
 0.6335534  0.31108813 0.67703565 0.3079045  0.30561239 0.63062176
 0.63437122]
18 91.82857127191969 [0.303987   0.30294366 0.30426476 0.30164714 0.29837855 0.28429701
 0.6336701  0.31102658 0.67695418 0.30839711 0.30544521 0.63045003
 0.63475586]
19 84.69212087910844 [0.30391497 0.30300978 0.30444943 0.30106428 0.29824736 0.28386989
 0.63391181 0.31104982 0.67691654 0.30879946 0.30553492 0.6303202
 0.63515831]
20 93.54486287819606 [0.30367676 0.30296224 0.30469817 0.30035273 0.29817421 0.28336896
 0.63423603 0.31111731 0.67681646 0.3093677  0.3057001  0.63032683
 0.63559234]
21 86.35821760818635 [0.3033437  0.3031128  0.30496842 0.29997109 0.29799555 0.28260561
 0.63447823 0.31124747 0.67679064 0.3099324  0.30585315 0.63035912
 0.63606857]
22 96.92165192164238 [0.30292142 0.30346773 0.30505946 0.29958683 0.29786193 0.28191927
 0.63466952 0.31108167 0.67665935 0.31019159 0.30579299 0.63042362
 0.63640808]
23 89.61151438579442 [0.30223287 0.30379536 0.30509897 0.29918524 0.2976739  0.28128031
 0.63489101 0.31103713 0.67670568 0.31027541 0.30578629 0.6305923
 0.63655201]
24 143.18410284661041 [0.3013394  0.30395451 0.30506953 0.298663   0.29750984 0.28069938
 0.63511825 0.31079832 0.67680104 0.31018788 0.30582645 0.63070971
 0.63652638]
25 66.26373826534848 [0.30056619 0.30413905 0.30491338 0.29811617 0.29748176 0.28015895
 0.63546479 0.31049653 0.67687734 0.31018955 0.30592966 0.63098769
 0.63650375]
26 116.78868730269983 [0.30003092 0.30423837 0.30463772 0.29756342 0.29742223 0.27974486
 0.6357814  0.31031904 0.67684541 0.31015046 0.30593873 0.63132716
 0.63642304]
27 65.13086209616155 [0.29959111 0.30434416 0.30451286 0.29736177 0.29751152 0.27928578
 0.63625771 0.31010867 0.67688728 0.3103614  0.30614565 0.63159716
 0.63637636]
28 112.94972236224012 [0.29923312 0.30426709 0.30436748 0.2969936  0.29747992 0.27914929
 0.63660795 0.31008877 0.676985   0.31047331 0.30648956 0.6318757
 0.63618294]
29 92.73428601230304 [0.29883132 0.30418417 0.30402182 0.29663089 0.29733719 0.27916416
 0.636944   0.31020909 0.67706312 0.31068688 0.30677977 0.63217639
 0.63604849]
30 80.73645825588022 [0.29831515 0.3043047  0.3038581  0.29652643 0.29718215 0.27916293
 0.63715271 0.31042366 0.67730184 0.31078073 0.30717904 0.63249319
 0.63597635]
31 82.95812261872287 [0.29775401 0.30436225 0.30364009 0.29668402 0.29706194 0.27923165
 0.63725261 0.31072755 0.67761571 0.31078726 0.30737496 0.6327008
 0.6359084 ]
32 88.45444917407352 [0.29701669 0.30447644 0.3034657  0.29693027 0.29699864 0.27941521
 0.63717902 0.31093279 0.67796621 0.31092228 0.30775764 0.63288264
 0.63577951]
33 97.43502271925946 [0.29640446 0.30465212 0.30336905 0.29701481 0.29694917 0.27955383
 0.63721054 0.31110713 0.67813965 0.3113449  0.30806629 0.63296172
 0.63557212]
34 143.5797273710402 [0.2958489  0.30490264 0.30304686 0.29703121 0.29683997 0.27957952
 0.63722212 0.31112007 0.67821994 0.31198181 0.30831869 0.63304754
 0.6355515 ]
35 94.70450943376507 [0.2953912  0.30514954 0.30269418 0.29690296 0.29682608 0.27966811
 0.63723448 0.31100534 0.67816386 0.31263378 0.30843918 0.63330579
 0.63536561]
36 99.47067858948472 [0.29494161 0.30533089 0.30230077 0.29667126 0.29678393 0.27973829
 0.6373859  0.31089697 0.67812699 0.31344211 0.3084786  0.6335431
 0.63524137]
37 71.607112683104 [0.29456261 0.30556098 0.3019143  0.29651632 0.29681831 0.27978081
 0.63760711 0.31090532 0.67818348 0.31421674 0.30847527 0.63389119
 0.6352161 ]
38 73.3425568790948 [0.29430148 0.30561773 0.30155649 0.29651145 0.29675825 0.27962146
 0.63786355 0.31104336 0.6782497  0.31511618 0.30820283 0.63414791
 0.63519982]
39 88.02780740126676 [0.2942316  0.30588958 0.30122081 0.29668243 0.29665905 0.27932618
 0.63801334 0.31133429 0.67824643 0.315888   0.30805192 0.63446526
 0.63501024]
40 86.85767017291269 [0.29414665 0.30628701 0.30073532 0.29667178 0.29646265 0.2791795
 0.63826279 0.31143523 0.67824046 0.31671594 0.3078261  0.63487263
 0.63471447]
41 98.83063050882225 [0.29403112 0.30663181 0.30042217 0.29658955 0.29624865 0.27912106
 0.63850638 0.31157266 0.67827533 0.31775944 0.30766679 0.63519743
 0.63439001]
42 65.96650069771006 [0.29374957 0.30684107 0.30001599 0.2966297  0.29615342 0.27896184
 0.63867327 0.31158965 0.67819792 0.31872251 0.30753601 0.6355047
 0.63406525]
43 101.98293737512601 [0.29335841 0.30700103 0.29972483 0.29662393 0.29617915 0.2788159
 0.63869685 0.31151087 0.67807251 0.3194998  0.30734541 0.63576082
 0.63372234]
44 73.48567477258146 [0.29289937 0.30713471 0.29955259 0.29680997 0.29615921 0.27864293
 0.63887489 0.31144724 0.67798598 0.32036458 0.30709711 0.63595701
 0.63346648]
45 85.93801074566528 [0.2924303  0.30724745 0.29925451 0.29706593 0.29612623 0.27848821
 0.6391165  0.31116402 0.67800198 0.3210295  0.30698536 0.63610512
 0.6334194 ]
46 43.61956496850309 [0.29189996 0.30741917 0.2989671  0.29735457 0.29604401 0.2783005
 0.63935097 0.31097863 0.67796535 0.32167551 0.30690062 0.6361866
 0.63320279]
47 56.34994405062479 [0.29141187 0.30741494 0.29861474 0.2975698  0.29603176 0.27810941
 0.63960264 0.31073772 0.67786644 0.32220565 0.30680655 0.63630159
 0.63304917]
48 108.15375667895115 [0.29098425 0.30736523 0.29825863 0.29772105 0.29603692 0.27791508
 0.6399295  0.31033589 0.67776132 0.32282666 0.30655403 0.63638044
 0.63291838]
49 64.62826560566135 [0.29062128 0.30738975 0.2979682  0.29776561 0.29590177 0.27780716
 0.64018874 0.30993627 0.67767726 0.32345685 0.30614093 0.63646637
 0.63282996]
50 66.53154806554556 [0.29038511 0.30754837 0.29766552 0.29787559 0.29572025 0.27772423
 0.64045212 0.30948248 0.67760657 0.32401897 0.30579589 0.63656484
 0.63289075]
51 54.09899824379298 [0.29017493 0.30777348 0.29744411 0.29810079 0.29563684 0.27768599
 0.64049817 0.30912487 0.6776323  0.32460587 0.30549628 0.6367063
 0.63294164]
52 73.67595534081312 [0.28987406 0.3079835  0.29722369 0.29818852 0.2954702  0.27770343
 0.64077189 0.30882782 0.67766395 0.32508372 0.30524071 0.6368689
 0.63296422]
53 88.7533126650128 [0.28955948 0.30802451 0.29684322 0.29811964 0.29534775 0.27770143
 0.64110293 0.30853308 0.67780735 0.3255655  0.30498645 0.63706043
 0.63310568]
54 73.67507245725622 [0.28927389 0.30827663 0.29660673 0.29781128 0.2953826  0.27749954
 0.64156003 0.30824076 0.67790986 0.32575584 0.30479482 0.6371121
 0.63315321]
55 73.68060787544695 [0.28900119 0.30857767 0.29639411 0.29730626 0.29540555 0.27737871
 0.64204133 0.30807531 0.67798194 0.32608567 0.30450311 0.6372231
 0.63324969]
56 62.306684139281884 [0.28863187 0.30878418 0.29631324 0.29677265 0.29509708 0.27740162
 0.64243005 0.30806793 0.67796331 0.32630262 0.30401544 0.63732765
 0.63320673]
57 66.77155809954733 [0.28834701 0.30889611 0.29637827 0.29621054 0.29473841 0.27750663
 0.64274805 0.30799745 0.67800543 0.32645252 0.30347116 0.63742859
 0.6330961 ]
58 52.95213911815306 [0.28807731 0.30891997 0.29656695 0.29554024 0.29439195 0.27754675
 0.64309065 0.30801343 0.67801156 0.32660121 0.3029681  0.63749972
 0.63306186]
59 77.62318967294658 [0.28782239 0.30882307 0.2968928  0.29497774 0.29399607 0.27758075
 0.64351257 0.30799788 0.67800999 0.32650209 0.30239834 0.63743748
 0.63298657]
60 53.62815099827772 [0.28751954 0.30867279 0.29704984 0.29437519 0.29362586 0.27751334
 0.64394055 0.3080347  0.67815387 0.3262867  0.30178046 0.63738717
 0.63300119]
61 50.442451645072865 [0.28717001 0.30862246 0.29731368 0.29396935 0.29328307 0.27737868
 0.64433992 0.30815237 0.67840744 0.32623964 0.30116483 0.63741257
 0.63312134]
62 66.66129506832357 [0.28659438 0.30866103 0.29749742 0.29355625 0.2929959  0.27721941
 0.6447644  0.30835137 0.67869456 0.32618664 0.30050776 0.63749531
 0.63312636]
63 72.65920766956191 [0.28609257 0.30870998 0.29756785 0.29329874 0.29260711 0.27700163
 0.64511891 0.30857251 0.67899209 0.32613475 0.29984239 0.63755466
 0.6332447 ]
64 65.5434299028867 [0.28555785 0.3087845  0.29758424 0.29309066 0.29238142 0.27680575
 0.64549548 0.308743   0.67922741 0.32604261 0.29917893 0.63759831
 0.63334747]
65 51.788709731135235 [0.28496385 0.30858377 0.29759243 0.29287732 0.29222334 0.27663267
 0.64587962 0.30870068 0.67961913 0.32595532 0.2986904  0.63766281
 0.63342137]
66 48.04700489975535 [0.28446941 0.30861953 0.29758353 0.29263273 0.292154   0.27635606
 0.64619197 0.30860707 0.67996875 0.32580398 0.29800193 0.63781515
 0.63350088]
67 39.6205154006552 [0.28404116 0.30872728 0.29761796 0.29231358 0.29224595 0.27614154
 0.64640171 0.30848211 0.68020605 0.32585768 0.29744402 0.63803253
 0.63344941]
68 57.518781414788094 [0.28358494 0.30870839 0.29782245 0.29193722 0.29216643 0.27604838
 0.64668413 0.30838398 0.68045812 0.32583971 0.29702918 0.63814144
 0.63342833]
69 39.808960116278115 [0.28316711 0.3085261  0.29801711 0.29163834 0.29213355 0.27590456
 0.64688872 0.30837713 0.68071159 0.32582363 0.29665033 0.63822619
 0.63336784]
70 34.74739964174468 [0.28270379 0.30845561 0.29815828 0.29139811 0.29213299 0.27579889
 0.64715516 0.30847752 0.6808321  0.32601709 0.29635531 0.63834191
 0.63340739]
71 60.13762844628196 [0.28224318 0.30819282 0.29824225 0.29135603 0.29214963 0.27581347
 0.64734169 0.30860963 0.68100912 0.32619437 0.29596545 0.63834557
 0.63351832]
72 71.25178586440019 [0.28191545 0.30802372 0.29836931 0.29139609 0.2920551  0.27566925
 0.64748888 0.30880061 0.68109145 0.32610058 0.29575386 0.63840456
 0.63362643]
73 53.33172239315225 [0.28159169 0.30779313 0.29825607 0.29149198 0.29195619 0.27566682
 0.64779473 0.30883017 0.68119588 0.32604298 0.29529548 0.63848658
 0.63371696]
74 60.131122142447396 [0.28141279 0.3075601  0.29826815 0.29147809 0.29189514 0.27565995
 0.64810472 0.30891188 0.68131019 0.32596322 0.29498997 0.63846908
 0.63372414]
75 67.09609320776178 [0.28130912 0.30739852 0.29837058 0.291393   0.2917315  0.27579169
 0.64835673 0.30891979 0.68129216 0.32583683 0.29477428 0.63855849
 0.6336258 ]
76 53.09934527638505 [0.28118458 0.30713179 0.29855269 0.29138483 0.29164822 0.27584095
 0.6485352  0.30906579 0.6813289  0.32578355 0.29464522 0.63865114
 0.63348472]
77 46.187574685588004 [0.28117188 0.30686269 0.2988211  0.29123731 0.29148921 0.27593228
 0.64858125 0.30926956 0.68131083 0.32584466 0.29447605 0.63881302
 0.63339055]
78 55.032578277966884 [0.28131507 0.30671707 0.29905639 0.29112686 0.29137748 0.27603936
 0.64860643 0.30955958 0.68121879 0.32569611 0.29435336 0.63899725
 0.63328194]
79 36.69507509540798 [0.28130286 0.30658044 0.29917698 0.29100686 0.29119919 0.27606262
 0.64867185 0.30965974 0.68126333 0.32557682 0.29423951 0.63913625
 0.63328227]
80 51.40902467603676 [0.28130033 0.30636157 0.29929186 0.29091528 0.29102882 0.2762075
 0.6486992  0.30987049 0.68123862 0.32563266 0.29409043 0.63918016
 0.63334529]
81 42.479499676921954 [0.28149547 0.30605154 0.29942566 0.29081781 0.29095107 0.27629082
 0.64876495 0.31003198 0.68122239 0.32590195 0.29406278 0.63941434
 0.63345824]
82 32.74000525566133 [0.28171644 0.30568346 0.29935524 0.29046925 0.29076437 0.2763487
 0.64884496 0.31008335 0.6812524  0.32602921 0.29412512 0.63963656
 0.63358536]
83 37.81386014822719 [0.28193753 0.30544505 0.2992177  0.29017425 0.29056337 0.27645104
 0.64883407 0.30995288 0.68119773 0.32614514 0.29416245 0.63992197
 0.63367525]
84 31.67714647458462 [0.28211723 0.3051614  0.29911118 0.28989375 0.29039178 0.27655993
 0.64875575 0.30987083 0.68111605 0.3261949  0.29418123 0.64024207
 0.63373179]
85 36.9240299797972 [0.2821858  0.30499066 0.29894108 0.28957581 0.2902091  0.27665087
 0.64856859 0.30980094 0.68096542 0.32631564 0.29422309 0.64053257
 0.63378777]
86 34.24074910388252 [0.28224493 0.30488109 0.29889218 0.28926098 0.29002514 0.27668681
 0.64839327 0.30973806 0.68095403 0.3263775  0.2940965  0.64081225
 0.63386245]
87 32.296760468488294 [0.28215029 0.30478003 0.29870711 0.2891351  0.28989344 0.27657855
 0.64834283 0.3097175  0.68100917 0.32625316 0.29391204 0.64101821
 0.63389262]
88 37.280093112832 [0.28212409 0.30462071 0.29861903 0.28897555 0.28969966 0.27637309
 0.64820468 0.30977037 0.68102206 0.32594398 0.29376102 0.64121922
 0.63386854]
89 67.49611488914552 [0.28204576 0.30451177 0.2984998  0.28876631 0.28945744 0.27615438
 0.64803908 0.31003968 0.68098013 0.3256822  0.29363231 0.64134516
 0.63385986]
90 45.59966693206812 [0.28201386 0.30441266 0.2983806  0.28851789 0.28927667 0.2759594
 0.64794651 0.31030916 0.68098408 0.32543142 0.29348349 0.6413394
 0.63378139]
91 36.31775781482135 [0.28202763 0.30432921 0.29832913 0.28842223 0.28923355 0.27574294
 0.64764515 0.31050897 0.68100804 0.32509542 0.29348667 0.64138031
 0.63375798]
92 41.428435001063505 [0.28209205 0.30434974 0.29817758 0.28849541 0.28921458 0.27549036
 0.64734344 0.31079946 0.6810197  0.32466245 0.29351572 0.64142244
 0.63368696]
93 40.40451478027553 [0.28210291 0.30447753 0.29805146 0.28855512 0.28909487 0.27533242
 0.64711219 0.31103225 0.68111498 0.32442454 0.2935578  0.64146368
 0.63369959]
94 42.61653504486337 [0.28195812 0.30454652 0.29789443 0.28852665 0.28908741 0.27520226
 0.64687154 0.31104995 0.68119204 0.32410194 0.29347024 0.64154359
 0.63378135]
95 49.032990353038386 [0.28170098 0.30463165 0.29787672 0.28850256 0.28907706 0.2750059
 0.64665634 0.31097941 0.6813014  0.32382893 0.2934626  0.64166542
 0.63380121]
96 44.82441766983214 [0.28152718 0.30463072 0.2978915  0.28842209 0.28892232 0.27470525
 0.64656682 0.31094749 0.68143506 0.32345975 0.29334241 0.64171469
 0.63375686]
97 52.60259696639385 [0.2812089  0.30464771 0.29786278 0.28840386 0.2889438  0.27441905
 0.64623482 0.31069626 0.6815593  0.32300926 0.29312185 0.64172431
 0.63373241]
98 48.59649030566432 [0.28096275 0.30478043 0.29786822 0.2882673  0.28920095 0.27424335
 0.64609925 0.31058421 0.68156685 0.32256554 0.29298352 0.6417993
 0.63376745]
99 32.14438435101971 [0.28067569 0.30499957 0.29780332 0.28814017 0.28959258 0.27409907
 0.64602717 0.31040641 0.6816136  0.32211208 0.29290837 0.64195039
 0.63383195]
100 37.592206088424106 [0.28042955 0.30523058 0.29770523 0.28802345 0.28987959 0.27398462
 0.64598015 0.31011826 0.68169255 0.32173335 0.2927508  0.64213081
 0.63380509]
101 26.084803488667937 [0.28035698 0.30537099 0.29766403 0.28780214 0.29013376 0.27379865
 0.64594592 0.3098253  0.6818459  0.32157572 0.29268729 0.64232228
 0.6338572 ]
102 42.015327140609955 [0.28027989 0.30563905 0.29760026 0.28766704 0.2902227  0.27362451
 0.64589476 0.30954804 0.68203614 0.32148057 0.29255431 0.64254279
 0.63392522]
103 22.649014483377453 [0.28026256 0.3057817  0.29754827 0.28764583 0.29024317 0.27345217
 0.64579104 0.30948161 0.68215664 0.32148891 0.29243229 0.64280606
 0.63394118]
104 39.974256115384634 [0.28028431 0.30582436 0.29754445 0.28769156 0.29023031 0.27336255
 0.64556495 0.30951398 0.68229419 0.32153791 0.29236192 0.64310013
 0.6340476 ]
105 37.67268813685982 [0.28032735 0.30586958 0.29752171 0.28777508 0.29025431 0.27325001
 0.64544144 0.30954515 0.68244394 0.32164165 0.29225856 0.64336787
 0.63408772]
106 24.070258764292838 [0.28021107 0.30592978 0.29743857 0.28782386 0.29033502 0.27301315
 0.64541434 0.30951792 0.68262088 0.32172318 0.29203047 0.64356876
 0.63409038]
107 32.96036912534931 [0.28003978 0.30596727 0.29734743 0.28794123 0.29053746 0.27285442
 0.64543757 0.30946249 0.68278513 0.32181941 0.29183702 0.64372846
 0.63410574]
108 37.63761476641413 [0.2798666  0.30607154 0.29725982 0.28819931 0.29064835 0.27272558
 0.64544014 0.30949574 0.68287777 0.3218312  0.29154412 0.64384276
 0.6341274 ]
109 49.900772259871715 [0.27977968 0.30602856 0.29723927 0.28844785 0.29069851 0.27263845
 0.64545122 0.30948428 0.68284886 0.32181318 0.29125828 0.64395841
 0.63415784]
110 36.92676234312371 [0.27965324 0.30607004 0.29718327 0.28861132 0.29083453 0.27260405
 0.64545028 0.30938024 0.6829408  0.32169437 0.29101288 0.64410311
 0.63422399]
111 37.90302049442899 [0.27954468 0.30610485 0.2971781  0.28883845 0.29099283 0.27254923
 0.64537088 0.30932082 0.68304292 0.32164178 0.2907502  0.64422218
 0.63420885]
112 33.7739020400108 [0.27929425 0.30595823 0.29703063 0.28897362 0.29116738 0.27236399
 0.64525197 0.30935172 0.6829512  0.32164073 0.29048202 0.64432569
 0.63418365]
113 32.653256248239366 [0.27918598 0.30582127 0.29673294 0.28914779 0.29132772 0.27207965
 0.64499311 0.30949883 0.68275092 0.32163145 0.29029179 0.64447834
 0.63423469]
114 28.967252927797738 [0.27918845 0.30573163 0.29641276 0.28929036 0.29145922 0.27178769
 0.64487271 0.3097118  0.682507   0.3216721  0.29010976 0.64451268
 0.63434056]
115 26.378087668419827 [0.27916642 0.30560292 0.29618881 0.28938431 0.29151574 0.27149623
 0.64481605 0.30992935 0.68219404 0.32166593 0.28995214 0.64459737
 0.63445761]
116 30.22261255491567 [0.27914355 0.30535189 0.29611357 0.28931225 0.29150903 0.27111503
 0.64471941 0.31022403 0.68191531 0.3217063  0.28984537 0.64472948
 0.63461131]
117 26.87428951006789 [0.27916979 0.30514524 0.29598057 0.28919631 0.29141636 0.270818
 0.64470068 0.31024734 0.68180093 0.32172096 0.2896252  0.64491
 0.63458481]
118 38.402637923442136 [0.27915204 0.30486548 0.29583973 0.28900425 0.29139838 0.27052228
 0.64464995 0.31024462 0.68173806 0.32175137 0.28951446 0.64513062
 0.63457749]
119 24.133833591448944 [0.27914332 0.30474236 0.29572525 0.28876868 0.2912976  0.27018246
 0.64457653 0.3102411  0.68167999 0.32180546 0.28940178 0.64529312
 0.63459297]
120 34.147822900607636 [0.27911176 0.30469373 0.29566494 0.28846148 0.29121721 0.26997197
 0.64451722 0.31015792 0.68159333 0.32178206 0.2893219  0.64536025
 0.63457937]
121 35.57780102737043 [0.27911656 0.30463641 0.29566302 0.28818278 0.29110745 0.26980292
 0.64436838 0.31007108 0.68155256 0.32170526 0.28933509 0.64536603
 0.63459653]
122 28.89435609575434 [0.27904791 0.30443655 0.29565497 0.28798761 0.2910729  0.26958911
 0.64424726 0.31001022 0.6814246  0.3216718  0.28925308 0.64537667
 0.63455297]
123 31.949455729955755 [0.27901329 0.30432289 0.29563532 0.28781377 0.29111242 0.26941377
 0.64421601 0.30998213 0.68132531 0.32164181 0.28917383 0.64536204
 0.63449943]
124 27.49469894960676 [0.27900409 0.3041057  0.29565465 0.28767101 0.29121841 0.26918926
 0.64411673 0.3099513  0.68125006 0.32158174 0.28919164 0.64535887
 0.63434364]
125 26.873604515026678 [0.27896457 0.30394398 0.29578611 0.28753725 0.29132422 0.26903898
 0.64405631 0.30992151 0.68117357 0.32158876 0.28921557 0.64534364
 0.63418679]
126 20.31487862666775 [0.27892383 0.30381044 0.29587859 0.28738811 0.29144863 0.26890189
 0.64404318 0.30994041 0.68111558 0.32155127 0.28924207 0.64528446
 0.63403928]
127 25.64166874894363 [0.27891049 0.30384608 0.29581559 0.28725902 0.29148386 0.26873324
 0.644035   0.30979531 0.68107027 0.32147735 0.28930855 0.64523648
 0.63395652]
128 20.252802500555838 [0.27886212 0.3038012  0.29570137 0.28706407 0.2914674  0.26850074
 0.64401425 0.30973564 0.68094729 0.32128085 0.28941111 0.64527031
 0.63388515]
129 23.925505141706623 [0.27882981 0.30373426 0.29547652 0.28697914 0.29137309 0.26819639
 0.64373944 0.30981624 0.68078599 0.32120152 0.28968631 0.6452668
 0.63377001]
130 32.50561254582935 [0.27876081 0.30366621 0.29519339 0.28675632 0.29141635 0.26802476
 0.64352016 0.30998633 0.68061917 0.32123765 0.29005132 0.64525678
 0.63354301]
131 35.11350111389578 [0.2787414  0.30356611 0.29478918 0.28651121 0.29138927 0.26779761
 0.6432205  0.31011365 0.68050276 0.32131884 0.29041837 0.64524787
 0.63335268]
132 29.879953438675745 [0.27869245 0.30355164 0.29447726 0.28624669 0.29139884 0.26759705
 0.64301982 0.31032383 0.68042895 0.3214713  0.29076491 0.64527523
 0.63313694]
133 22.580789764228637 [0.27863045 0.30346133 0.29436356 0.28593168 0.29149876 0.26739398
 0.6429355  0.31047868 0.68038766 0.32155294 0.29102037 0.64512216
 0.63288629]
134 39.43190484729074 [0.27860616 0.30330403 0.29404215 0.2856227  0.29150164 0.26726232
 0.64292679 0.31062426 0.68027365 0.32176054 0.29130401 0.64501386
 0.63264538]
135 34.739199738009034 [0.27872189 0.30315541 0.29383439 0.28531474 0.2913879  0.26719887
 0.64281076 0.31065396 0.68010031 0.32199541 0.29157819 0.6449454
 0.63241653]
136 35.3327916506541 [0.27883767 0.30304436 0.29356039 0.28496433 0.29120383 0.26710384
 0.64280312 0.31073302 0.68001182 0.32220828 0.29184013 0.64484159
 0.63219009]
137 34.86561267944859 [0.27900661 0.30297026 0.29340271 0.28462547 0.29106783 0.26697329
 0.6428309  0.31067447 0.67997022 0.32243342 0.29215948 0.64469958
 0.63193683]
138 41.50886920205073 [0.27922459 0.30289169 0.29322713 0.28436676 0.29098645 0.2668292
 0.64275256 0.31056992 0.67996952 0.32268817 0.29250516 0.64454435
 0.63170545]
139 48.000686342732834 [0.27938999 0.30277352 0.29307842 0.28426264 0.29087642 0.26672144
 0.64258385 0.31056128 0.68004026 0.32295021 0.29280128 0.64453126
 0.63155384]
140 22.18657975252318 [0.27947785 0.30257945 0.29296372 0.28424563 0.29075739 0.26658549
 0.64252876 0.31063128 0.67999165 0.32322915 0.29294612 0.64461015
 0.63140209]
141 37.388480321218935 [0.27946066 0.30230499 0.29291141 0.28423003 0.29061132 0.26645108
 0.6425267  0.31079273 0.67991781 0.32351949 0.29300228 0.64461554
 0.63116189]
142 20.551092544156184 [0.27940237 0.30203691 0.29285785 0.28420111 0.29052606 0.26635239
 0.64253771 0.31098949 0.6797833  0.323748   0.29308439 0.64458695
 0.6309201 ]
143 32.407856985778366 [0.27937763 0.30179177 0.29263631 0.28419772 0.29041825 0.2662543
 0.64251671 0.31122988 0.67963931 0.32391369 0.2931806  0.64454893
 0.63075067]
144 21.14643793227152 [0.27934061 0.30144    0.29244039 0.28408529 0.29029754 0.26619686
 0.64242984 0.31147879 0.67947712 0.32419222 0.293227   0.64463408
 0.63064832]
145 33.054447164914166 [0.27920404 0.30113396 0.29225989 0.28400969 0.29024092 0.26617767
 0.64236998 0.31168622 0.67940175 0.32441736 0.29315052 0.64473914
 0.63058414]
146 25.142984248724737 [0.27907135 0.30086849 0.29195193 0.28386321 0.29011743 0.26614647
 0.64226734 0.31172979 0.67937499 0.32481316 0.29324167 0.64488359
 0.63054794]
147 32.55966282363622 [0.27892026 0.30060904 0.29162775 0.28373381 0.2900419  0.26611326
 0.64216918 0.31178612 0.67938356 0.32505792 0.29333753 0.64508093
 0.63051568]
148 24.50618422143603 [0.27870875 0.30027515 0.29136485 0.28349461 0.29000971 0.26605381
 0.64216373 0.31181272 0.67938786 0.32516004 0.29335756 0.64512148
 0.6305228 ]
149 26.176058310429646 [0.27856603 0.29994369 0.29112088 0.28322524 0.29005207 0.26590307
 0.64207872 0.31177628 0.67936937 0.32533898 0.29328893 0.645192
 0.6305375 ]
150 36.64864184528673 [0.2784651  0.29972323 0.29093983 0.28301594 0.29000481 0.26583697
 0.64200107 0.31182253 0.67932749 0.32551086 0.29326404 0.64527812
 0.63045898]
151 35.889435403243965 [0.27843676 0.2996259  0.29082197 0.28288929 0.28988471 0.26560891
 0.64192185 0.31193446 0.67933926 0.32566567 0.29330444 0.64537855
 0.63042972]
152 39.45153555942846 [0.27840858 0.29954888 0.29077962 0.28276309 0.28976421 0.26533862
 0.64179586 0.31207957 0.67937175 0.32580513 0.29333454 0.64544678
 0.63044222]
153 31.97075357490512 [0.27829859 0.29943963 0.29076341 0.28265134 0.28968122 0.26511074
 0.64175717 0.3122344  0.67932658 0.3259805  0.29338029 0.64551398
 0.63048555]
154 24.577120223640875 [0.27811393 0.29933097 0.29068997 0.28254766 0.28954543 0.26497367
 0.64168656 0.31236028 0.67929392 0.32605979 0.29340744 0.64545897
 0.63054795]
155 31.468965962643598 [0.27794505 0.29915839 0.29065559 0.28249719 0.28947521 0.26475064
 0.64178758 0.31263048 0.6792972  0.32615389 0.29352444 0.64538571
 0.63054701]
156 32.16533311288252 [0.27773572 0.29886412 0.29067644 0.28238787 0.28936288 0.26448901
 0.64179974 0.31293282 0.67933988 0.32631992 0.29354594 0.64532618
 0.63049077]
157 21.150265528530024 [0.27746912 0.29861749 0.29067431 0.28227908 0.28925294 0.26426854
 0.64184462 0.31327858 0.67940499 0.32642549 0.29359384 0.64526351
 0.63041444]
158 25.282279643780686 [0.27712656 0.29846512 0.2906663  0.28209796 0.289165   0.26403052
 0.64189299 0.31353372 0.6794089  0.32671877 0.29370101 0.64521592
 0.63023807]
159 21.189146129526332 [0.27686145 0.29843429 0.29057694 0.28195771 0.28897328 0.26380064
 0.64193134 0.3138175  0.67954317 0.32689817 0.2938023  0.64523092
 0.62999267]
160 29.9350779017005 [0.27658136 0.29838424 0.29056621 0.28183187 0.28876992 0.26360397
 0.64195998 0.31397159 0.67962588 0.32707561 0.29391188 0.64524853
 0.6298005 ]
161 19.25773227901871 [0.27631271 0.29823117 0.29054479 0.2817561  0.28859689 0.26344695
 0.64194936 0.31399806 0.67976342 0.32721592 0.29395528 0.64526798
 0.62963065]
162 32.44716866753901 [0.27590286 0.29808035 0.29049396 0.28159836 0.28842083 0.26335552
 0.64196709 0.31391166 0.67996456 0.3273196  0.29403311 0.64528912
 0.62950287]
163 18.53718953953222 [0.27552492 0.29792105 0.29043611 0.28135903 0.28826865 0.26327927
 0.6420242  0.31394428 0.68009079 0.32729315 0.29411236 0.64528896
 0.62940522]
164 24.349699023032358 [0.27512544 0.29779707 0.29024385 0.2812257  0.28813388 0.26321287
 0.64215792 0.31398497 0.68023071 0.32734691 0.29420852 0.64531209
 0.62932079]
165 22.116832630716868 [0.27471281 0.29757373 0.29005973 0.28110347 0.2879586  0.26312173
 0.64232961 0.31408833 0.68040842 0.32738245 0.29435172 0.64527137
 0.62924216]
166 27.366942571657674 [0.27432654 0.29737844 0.28993432 0.28100679 0.28779549 0.26300296
 0.64251788 0.3140327  0.68056625 0.32742179 0.29446768 0.64529102
 0.62913056]
167 21.578017468046703 [0.27396343 0.29721266 0.28982387 0.28093011 0.28754099 0.26292014
 0.64269936 0.31393166 0.68067706 0.32743265 0.29452061 0.64523308
 0.6289821 ]
168 27.745406272709126 [0.273619   0.29709002 0.28976908 0.28070943 0.28733775 0.26278258
 0.64291722 0.31396372 0.68077678 0.32738677 0.29460505 0.64511657
 0.62886641]
169 28.817298160284324 [0.27333312 0.2970236  0.28975603 0.28053438 0.28722851 0.26262855
 0.64308256 0.31388544 0.6808592  0.32737912 0.29460871 0.6449269
 0.62873599]
170 18.94191444776979 [0.27326858 0.29708005 0.28979681 0.28022146 0.28708544 0.26252127
 0.64321648 0.31380169 0.68089039 0.32743008 0.29452411 0.64474612
 0.62863032]
171 31.59265963300893 [0.27322153 0.29720135 0.28988013 0.27988223 0.28689826 0.26248845
 0.64333231 0.31362338 0.68093438 0.32745941 0.29438723 0.6445432
 0.62846512]
172 28.233109223466254 [0.27320761 0.29714305 0.28990182 0.27955271 0.28667136 0.26242474
 0.64334813 0.31345295 0.68098696 0.3274871  0.29420809 0.64439246
 0.62827573]
173 19.23066478276389 [0.27321281 0.29707836 0.28990055 0.27924916 0.28647687 0.26242733
 0.6433763  0.31331712 0.68110205 0.32742248 0.29406792 0.64432519
 0.62815847]
174 22.077981343601902 [0.27330611 0.2969034  0.29000723 0.27891469 0.28629833 0.26237977
 0.64343874 0.31327724 0.68130301 0.32734547 0.29395052 0.64424931
 0.62809048]
175 27.551176103990464 [0.27333363 0.2968293  0.29019086 0.27860047 0.28613206 0.26234599
 0.6435178  0.31328181 0.68154149 0.32725215 0.29381954 0.64413308
 0.62800119]
176 25.11111595664781 [0.27335459 0.29675578 0.29025586 0.27835038 0.28598725 0.26233881
 0.64355875 0.31318441 0.68178141 0.32721784 0.29370847 0.64399003
 0.62793112]
177 25.33380045885623 [0.27339909 0.29671192 0.29031918 0.27818348 0.2858783  0.2623904
 0.64356613 0.31303494 0.68205159 0.32720664 0.29367959 0.64381258
 0.62790862]
178 24.7631811147081 [0.27342996 0.29669789 0.29034151 0.27792848 0.28569715 0.26239087
 0.64362457 0.31294359 0.68221827 0.32718725 0.29364844 0.6436816
 0.62797049]
179 27.80827301614599 [0.27353442 0.29666377 0.29037288 0.27768616 0.28553677 0.2623961
 0.64355253 0.31276526 0.68229352 0.32719649 0.29360457 0.64363653
 0.62804024]
180 18.788568355177638 [0.27366197 0.29659914 0.2903821  0.27749489 0.28536302 0.26239933
 0.64354902 0.3125694  0.68233681 0.32722462 0.29356706 0.64361749
 0.62807426]
181 20.43020448105254 [0.27376631 0.29657115 0.29039173 0.27735686 0.28525658 0.26232735
 0.64360706 0.31238167 0.68233539 0.32729801 0.29342391 0.64354237
 0.62810021]
182 19.969927949047783 [0.27375574 0.29664774 0.29033664 0.27723217 0.28504064 0.26230358
 0.64346943 0.31227713 0.68235528 0.32730665 0.29330207 0.64342993
 0.62817361]
183 18.33856588682326 [0.27374123 0.29662535 0.29031635 0.27706573 0.28479855 0.26231301
 0.64334927 0.31215941 0.68245527 0.32721    0.29319162 0.64335539
 0.62820078]
184 27.615652507799744 [0.27382984 0.29657911 0.29029546 0.27696639 0.28456874 0.26234403
 0.64315701 0.31203678 0.68255671 0.32703053 0.29306668 0.64317153
 0.62825934]
185 19.520158300038005 [0.27393349 0.29657714 0.29030463 0.27684656 0.28428319 0.26240952
 0.64305073 0.31187796 0.68262566 0.3268486  0.29294144 0.64305413
 0.62833736]
186 19.678801121895187 [0.27388031 0.29657619 0.29041251 0.27671649 0.28402094 0.26241068
 0.64297794 0.31174051 0.68263144 0.32666333 0.29287767 0.64289569
 0.62837904]
187 20.9353463660052 [0.27385893 0.29655788 0.29052313 0.27663426 0.28373988 0.26239066
 0.64294528 0.31164261 0.6827847  0.3265766  0.29280288 0.64278786
 0.6284059 ]
188 14.603141085483188 [0.27390499 0.29654538 0.29063875 0.27659166 0.28348105 0.26241506
 0.6429227  0.3115137  0.68291592 0.3265382  0.29265294 0.6427387
 0.62843694]
189 17.414054732071477 [0.27394021 0.29652145 0.29071539 0.27652619 0.28330006 0.26246985
 0.64285303 0.3114074  0.68305313 0.32651306 0.29261872 0.64260839
 0.62842554]
190 20.56290777504025 [0.27393224 0.29654442 0.29069634 0.2763639  0.28308898 0.26255562
 0.64280352 0.3113311  0.68312783 0.32656927 0.29258292 0.64254662
 0.62841133]
191 18.370441807031714 [0.2739303  0.2965702  0.29062267 0.27619354 0.28286794 0.26263463
 0.64278988 0.31125088 0.68329582 0.32658619 0.29252647 0.64241419
 0.62838378]
192 21.239881650231375 [0.27391846 0.29657282 0.29045471 0.27594734 0.28266829 0.26263079
 0.64270526 0.31108388 0.68340308 0.32652701 0.2924876  0.64230658
 0.628428  ]
193 17.081409879340086 [0.27392484 0.29655375 0.29035507 0.27561701 0.28253312 0.26264819
 0.64263436 0.31092391 0.68345582 0.32653301 0.29241655 0.64218707
 0.62849707]
194 20.822544921665205 [0.2739907  0.2965213  0.29021083 0.27529396 0.28247315 0.26261819
 0.64253203 0.31078543 0.68354312 0.32660007 0.29227383 0.64203243
 0.62864583]
195 22.704376608175693 [0.27412922 0.29644015 0.29003771 0.27497248 0.28240169 0.26260639
 0.64245493 0.31056373 0.68359743 0.32654465 0.29219197 0.64177892
 0.62876256]
196 17.080866557720768 [0.27419098 0.29637563 0.28991832 0.27464666 0.28228645 0.26257451
 0.64240839 0.31036191 0.6836682  0.32638639 0.29208947 0.64164352
 0.62889747]
197 19.204245094956676 [0.2742164  0.29635173 0.28978014 0.2742897  0.28216803 0.26251365
 0.64233105 0.31014732 0.68371    0.32619935 0.29204347 0.64156034
 0.6290186 ]
198 21.243252239454584 [0.27417207 0.29628171 0.28962651 0.273945   0.28204038 0.26244623
 0.64221755 0.31002434 0.6838039  0.32606031 0.2919863  0.64157927
 0.62913817]
199 15.25137260755356 [0.27412312 0.29606868 0.28946721 0.27359103 0.28194947 0.26236529
 0.64209783 0.31001493 0.68391997 0.32598523 0.29193824 0.6415432
 0.62926063]
