0 4248.760436846611 [0.30178748 0.2998518  0.30033571 0.29985179 0.30081963 0.29985179
 0.63827414 0.30081964 0.66060981 0.29985181 0.30130355 0.63875807
 1.        ]
1 5741.45440295892 [0.30289792 0.29878975 0.29933004 0.29988248 0.30088795 0.2992826
 0.63820632 0.30162906 0.66031553 0.30105404 0.30155347 0.63794853
 1.        ]
2 6857.802282896511 [0.30377798 0.29750837 0.29831179 0.29988287 0.30195617 0.29896608
 0.63863091 0.30184615 0.66043031 0.30189545 0.30247716 0.63734483
 1.        ]
3 9218.867256781883 [0.3040782  0.29621128 0.29812441 0.29907027 0.302397   0.29924509
 0.63891317 0.30212362 0.66048586 0.3023944  0.30278189 0.63686793
 1.        ]
4 7282.448949035809 [0.30474092 0.29482336 0.29845686 0.29867639 0.30315047 0.30005148
 0.63912855 0.30226583 0.66032129 0.30275201 0.30299751 0.63637681
 1.        ]
5 8849.674718412454 [0.30512448 0.29370842 0.29861236 0.29890122 0.30356581 0.30080286
 0.63912168 0.30199938 0.66020783 0.30306322 0.30265915 0.63623718
 1.        ]
6 9171.50782906398 [0.30529289 0.29259251 0.29875212 0.29899791 0.30387981 0.30149077
 0.63930408 0.30166895 0.66021659 0.30324401 0.30248861 0.63630106
 1.        ]
7 9277.96608283422 [0.30564553 0.29120022 0.29917896 0.29899506 0.30410875 0.30217603
 0.63949603 0.30132018 0.66005866 0.30284579 0.30257549 0.63631462
 1.        ]
8 7349.432070926312 [0.30646966 0.29024625 0.29954418 0.29877312 0.30372946 0.30303485
 0.63953483 0.30076944 0.65991026 0.30298097 0.30318412 0.63650453
 1.        ]
9 7889.18454113989 [0.30721868 0.28937848 0.29985303 0.2988982  0.30359633 0.3036273
 0.63946191 0.30010391 0.65964306 0.30319715 0.30370555 0.63659035
 1.        ]
10 8091.9054834416975 [0.30775191 0.28864223 0.30034169 0.29913051 0.30346641 0.30391903
 0.63937619 0.29958271 0.65937815 0.30352146 0.30393994 0.63663341
 1.        ]
11 8018.288017135386 [0.3083289  0.2877378  0.30085621 0.29929299 0.30329545 0.30418791
 0.63929736 0.29899561 0.65911861 0.30388287 0.30417362 0.63675345
 1.        ]
12 6089.186106204768 [0.30887504 0.2869068  0.30113375 0.29935216 0.30311836 0.30435028
 0.63921746 0.29853688 0.65891232 0.30408494 0.30469646 0.63690158
 1.        ]
13 5314.291010531775 [0.30947478 0.28620755 0.30126458 0.29961755 0.30286743 0.30474368
 0.6392367  0.29784251 0.65869782 0.30441926 0.30512739 0.63712615
 1.        ]
14 4986.095914863485 [0.31009892 0.2857189  0.3010736  0.29997814 0.30246855 0.3051423
 0.63929887 0.29752733 0.65844324 0.30490587 0.30546551 0.63731678
 1.        ]
15 4615.675884961029 [0.3106438  0.28536736 0.30100155 0.30005427 0.30219643 0.30560925
 0.63913315 0.29739662 0.65820973 0.30533288 0.30571106 0.6373485
 1.        ]
16 5713.5580232788925 [0.31114308 0.28511663 0.30102314 0.30023435 0.30175691 0.30634211
 0.63907607 0.29719224 0.65804486 0.30585193 0.30583255 0.63745265
 1.        ]
17 7267.3984619678195 [0.31157543 0.28500673 0.30106314 0.30001302 0.30142054 0.3071377
 0.63899162 0.29709699 0.65788145 0.30641744 0.30583284 0.63752023
 1.        ]
18 6841.341998004502 [0.3121274  0.28493925 0.30108724 0.30020772 0.30119417 0.30766763
 0.63893984 0.29666898 0.65781659 0.30689695 0.30551035 0.63766725
 1.        ]
19 3429.451383095755 [0.31251409 0.28503041 0.30122576 0.30049009 0.30073071 0.30799506
 0.63893876 0.29644985 0.65778654 0.30720148 0.30516006 0.63792397
 1.        ]
20 8011.511351788946 [0.31277031 0.28509978 0.30138973 0.300664   0.30038731 0.30865035
 0.63898728 0.296247   0.65789799 0.30745511 0.30504657 0.63820255
 1.        ]
21 2759.160941683327 [0.31310024 0.28515313 0.30146523 0.30085516 0.30039246 0.30922345
 0.63906683 0.29615625 0.6579972  0.30758247 0.30487257 0.63849135
 1.        ]
22 6562.168819368538 [0.31346785 0.28524555 0.30153818 0.30098515 0.30028514 0.31001599
 0.63907203 0.2959299  0.65821434 0.30788252 0.30462899 0.63871926
 1.        ]
23 6092.007092540947 [0.31368503 0.28529633 0.30168473 0.30109574 0.3003867  0.31072692
 0.63919861 0.29568965 0.65821774 0.30799314 0.30447331 0.63879423
 1.        ]
24 6518.578918076266 [0.31425126 0.28532178 0.30184996 0.30134928 0.3006722  0.31146685
 0.63943293 0.29563275 0.65846767 0.30819302 0.30466937 0.63901212
 1.        ]
25 6549.728945914576 [0.31477076 0.28536814 0.30211197 0.30158421 0.30084721 0.31208355
 0.63958609 0.29553383 0.65878968 0.30822926 0.30488712 0.63916037
 1.        ]
26 6150.257070394623 [0.31520707 0.28530759 0.30257639 0.30186011 0.30085986 0.31249282
 0.63968215 0.29543028 0.65901555 0.30837887 0.30513446 0.63938391
 1.        ]
27 5700.188695891493 [0.31575244 0.28533168 0.30301532 0.30218413 0.30086647 0.31311815
 0.63983917 0.29530826 0.65927886 0.30856397 0.30522613 0.63954591
 1.        ]
28 6498.8851664630065 [0.31624077 0.28523408 0.3033834  0.30262808 0.30100133 0.31383211
 0.63981306 0.29512436 0.65933291 0.30866635 0.30507898 0.63994476
 1.        ]
29 6890.462491252673 [0.31668898 0.28523465 0.30386676 0.30313015 0.30117226 0.31459526
 0.6398259  0.29505119 0.65941731 0.30874383 0.30475497 0.64026441
 1.        ]
30 5012.665592335961 [0.31696152 0.28511252 0.30446339 0.30363449 0.30142108 0.31514226
 0.6399432  0.29506365 0.65961432 0.30885699 0.30436124 0.64067589
 1.        ]
31 2443.1571145082667 [0.31742054 0.28505555 0.30508527 0.30389896 0.3018534  0.3156169
 0.64019305 0.29510395 0.65978366 0.30879575 0.30403719 0.6410586
 1.        ]
32 6384.1395667088345 [0.31759093 0.28507498 0.30561286 0.3039304  0.3022456  0.31623537
 0.64039533 0.29501757 0.65992173 0.30862248 0.30375595 0.64140233
 1.        ]
33 3057.460272477838 [0.31749869 0.28498245 0.30604191 0.3040558  0.3026605  0.31639987
 0.64049694 0.29531527 0.66023846 0.30844118 0.30352976 0.64162603
 1.        ]
34 4185.099625990921 [0.31728178 0.28484294 0.30638913 0.30415574 0.30301171 0.3168331
 0.64063157 0.29558273 0.66054378 0.30823918 0.30329243 0.64201545
 1.        ]
35 3812.6987547360136 [0.31719428 0.28457415 0.306693   0.30432842 0.30345968 0.31690815
 0.64090936 0.29569519 0.66085996 0.30809744 0.30284489 0.64228356
 1.        ]
36 4229.069136577847 [0.31697052 0.28437752 0.30685583 0.3046766  0.30401249 0.31714506
 0.64116427 0.29583605 0.66112483 0.30793444 0.30235219 0.64243581
 1.        ]
37 4194.4663688366545 [0.31665137 0.28414219 0.30690655 0.30511706 0.30435637 0.31743905
 0.64142866 0.2959869  0.66151177 0.30753344 0.30185299 0.64255729
 1.        ]
38 3883.600888001525 [0.31626743 0.2837557  0.30725625 0.30551067 0.30461297 0.31772085
 0.64181369 0.29598697 0.66180851 0.30729693 0.30139414 0.64267172
 1.        ]
39 2786.1814797714824 [0.31602875 0.2834104  0.30770209 0.30579769 0.30478464 0.31820994
 0.64211446 0.29592144 0.66216412 0.30708972 0.30096965 0.64284686
 1.        ]
40 2349.196824883552 [0.31580655 0.28302755 0.30789641 0.30596145 0.30484906 0.31842076
 0.64231111 0.29579036 0.66246029 0.30684131 0.30051783 0.64310073
 1.        ]
41 2728.7464773550028 [0.31561569 0.28268299 0.3078789  0.30589755 0.3049281  0.31862386
 0.64245065 0.29576128 0.66280693 0.30669692 0.30003722 0.64338076
 1.        ]
42 4938.491710106244 [0.3154275  0.28229712 0.30789503 0.30607216 0.30505427 0.31865436
 0.64250274 0.2957143  0.6632013  0.30667053 0.29971429 0.64367549
 1.        ]
43 2348.137319931846 [0.31497209 0.28190779 0.30794014 0.30604559 0.30536092 0.31845823
 0.64232921 0.29561715 0.66347513 0.30672014 0.29972213 0.6439174
 1.        ]
44 3059.6081123224094 [0.31473852 0.28136094 0.30789815 0.30597819 0.30566756 0.31828289
 0.64230292 0.29570554 0.66380291 0.30689766 0.29966889 0.64408936
 1.        ]
45 3495.786204284058 [0.31447491 0.28096865 0.30770312 0.30597792 0.30583513 0.31800335
 0.64208885 0.29593005 0.66411233 0.30705201 0.29976227 0.64407
 1.        ]
46 1259.0597050746753 [0.31429537 0.28078475 0.30781337 0.30607196 0.30614703 0.31764144
 0.64195095 0.29618718 0.66460092 0.3071702  0.29984364 0.64416862
 1.        ]
47 2733.2831018975544 [0.3138928  0.28078759 0.30806347 0.30601785 0.3064262  0.31740602
 0.6418066  0.29637482 0.66512627 0.30712765 0.29991634 0.64431812
 1.        ]
48 1264.3785177411219 [0.31342327 0.2809072  0.30846419 0.30609787 0.30683639 0.31725592
 0.64151389 0.29668538 0.66569255 0.30711063 0.29998527 0.64461241
 1.        ]
49 3085.3883027824054 [0.31300544 0.28092868 0.30861612 0.30627593 0.30703601 0.31718461
 0.64125447 0.29708615 0.6662212  0.30714576 0.30004289 0.64490621
 1.        ]
50 2020.815662444389 [0.31264344 0.28080512 0.30895589 0.30624227 0.30714521 0.31715996
 0.6411595  0.29754861 0.66660422 0.30715822 0.300373   0.64545532
 1.        ]
51 2718.058724219536 [0.31247517 0.28074326 0.30937361 0.30616156 0.30720658 0.31707535
 0.64107712 0.29793422 0.66689397 0.30701412 0.30057757 0.6461075
 1.        ]
52 2012.7936555260258 [0.31242172 0.28045697 0.3097165  0.30624613 0.30727352 0.31726029
 0.64114297 0.29819317 0.66722868 0.30691588 0.30070525 0.64691656
 1.        ]
53 4625.628157577015 [0.3125131  0.28013849 0.31014152 0.3065374  0.30736137 0.3174494
 0.64127573 0.29839795 0.66750544 0.30686037 0.30085049 0.64763928
 1.        ]
54 1280.4033121319942 [0.31261007 0.27990931 0.3106781  0.30677957 0.30737832 0.31753643
 0.64148118 0.29868572 0.66774691 0.30701837 0.30100547 0.64822359
 1.        ]
55 2376.785286114026 [0.31292425 0.27967745 0.31126495 0.30696755 0.30750858 0.31761314
 0.64148999 0.29926098 0.66807929 0.30713672 0.30111947 0.64888231
 1.        ]
56 2300.7978810093205 [0.31314063 0.27932405 0.31180739 0.30723008 0.30757578 0.31754406
 0.64146398 0.29967542 0.66831951 0.30737058 0.30105513 0.64955957
 1.        ]
57 1974.4044981879754 [0.31336723 0.27883777 0.31231122 0.30742503 0.30755116 0.31741841
 0.64150299 0.2999961  0.66856404 0.30746925 0.3009941  0.65015859
 1.        ]
58 1242.16633043825 [0.31360701 0.27858456 0.31294373 0.30765403 0.30744025 0.31721017
 0.64133314 0.30016739 0.66855042 0.30734683 0.30077841 0.6507641
 1.        ]
59 3133.4074445093124 [0.31401882 0.27841869 0.31354085 0.30779211 0.30736639 0.31698214
 0.64117345 0.30030157 0.66854552 0.30710271 0.30068047 0.65146215
 1.        ]
60 1256.9202866509697 [0.31446418 0.27831682 0.3139472  0.30816923 0.30752668 0.31671516
 0.64117972 0.30044735 0.66854535 0.30711071 0.30068375 0.65214283
 1.        ]
61 1255.8260256676688 [0.31464839 0.27821725 0.31421762 0.3084892  0.30767711 0.31647209
 0.64123607 0.30056569 0.66854017 0.30717319 0.3006679  0.65294215
 1.        ]
62 1263.127661450802 [0.31491446 0.27816886 0.31469252 0.30871352 0.30788829 0.3162228
 0.6412072  0.30062811 0.66859668 0.30712462 0.30071478 0.65371822
 1.        ]
63 896.7734773403014 [0.31513047 0.27817207 0.3151234  0.30889883 0.30799993 0.31600194
 0.64120746 0.30086471 0.66871044 0.30721427 0.30077985 0.65442919
 1.        ]
64 3090.4647061930755 [0.31530541 0.27803303 0.31547149 0.30902099 0.30802403 0.31585986
 0.64121448 0.301229   0.66871627 0.30743256 0.30099519 0.65487677
 1.        ]
65 928.8436498365156 [0.31526653 0.27788806 0.31559716 0.30894271 0.30815222 0.31575118
 0.64127265 0.30146413 0.66863275 0.30769155 0.30106897 0.6551569
 1.        ]
66 1670.6225047101302 [0.31527549 0.27802007 0.31565911 0.30896559 0.3082758  0.31588025
 0.64140288 0.3017939  0.66885204 0.30793802 0.30098696 0.65548874
 1.        ]
67 2347.06775693795 [0.31526382 0.27802928 0.31551075 0.30918644 0.3084831  0.3160989
 0.6414464  0.30211915 0.66916412 0.30825577 0.30072788 0.65582767
 1.        ]
68 2765.6927292524633 [0.3152936  0.27792197 0.31546715 0.3094547  0.30867873 0.31623751
 0.64146604 0.30253564 0.66937256 0.30849554 0.30046929 0.65619387
 1.        ]
69 3049.0120751616632 [0.315362   0.27789774 0.31567899 0.3096658  0.30892491 0.31628741
 0.64152313 0.30283547 0.66935333 0.30895769 0.3004383  0.65648492
 1.        ]
70 892.7834328083587 [0.31524776 0.27784206 0.31608648 0.30983346 0.30907737 0.31635818
 0.64153739 0.30306334 0.6693156  0.30935464 0.30053111 0.65662417
 1.        ]
71 2346.559408243794 [0.31521102 0.2777399  0.31626082 0.30978499 0.30943813 0.31648857
 0.6415796  0.30350263 0.66927575 0.30974349 0.30068049 0.65672221
 1.        ]
72 2710.159064891402 [0.31523089 0.27747713 0.31648553 0.30981387 0.30983783 0.31639472
 0.64159402 0.30399741 0.66934686 0.31003683 0.30093139 0.65680168
 1.        ]
73 1581.598317428031 [0.315272   0.27721276 0.31654721 0.30985066 0.31036988 0.31634418
 0.641622   0.30427157 0.66952993 0.31038272 0.30130763 0.65687435
 1.        ]
74 526.1378744537526 [0.31547474 0.27693564 0.31656361 0.30975682 0.31092519 0.31617767
 0.6415982  0.30443518 0.66952572 0.3106166  0.30171654 0.6567718
 1.        ]
75 1969.5208289259156 [0.3159661  0.27665709 0.31667726 0.30943974 0.31147063 0.31580044
 0.64160895 0.30471649 0.66948801 0.31089175 0.30216283 0.6567413
 1.        ]
76 1234.6058631525696 [0.31639831 0.27647771 0.31669528 0.3090423  0.31183355 0.31553415
 0.64162932 0.305107   0.66953883 0.31123866 0.30249565 0.65654253
 1.        ]
77 1632.2192735664698 [0.31697099 0.27633926 0.31655057 0.30883787 0.31192605 0.31540784
 0.64173112 0.30561697 0.66944443 0.31118278 0.30261732 0.65621609
 1.        ]
78 843.0978896484414 [0.31721136 0.27645047 0.31645561 0.30882445 0.31205442 0.31528212
 0.64193025 0.30611829 0.66936251 0.31108273 0.30261293 0.6560786
 1.        ]
79 2687.4500241162864 [0.31724129 0.27671686 0.3164566  0.30879039 0.31224874 0.31528466
 0.64194614 0.30679609 0.66940842 0.31090528 0.30239876 0.65577572
 1.        ]
80 1626.5903222123122 [0.31734254 0.27705261 0.31629676 0.30867263 0.31235305 0.31522782
 0.64184582 0.30732543 0.66949746 0.31095266 0.3022668  0.65547705
 1.        ]
81 2348.818429389368 [0.31739465 0.27742732 0.31628762 0.30827783 0.31236417 0.31499815
 0.64176577 0.3075764  0.66945992 0.31109479 0.3021514  0.65520266
 1.        ]
82 2695.5191498628683 [0.3175857  0.2777699  0.31636952 0.30792298 0.31232699 0.31464763
 0.64161002 0.30753655 0.669539   0.31107945 0.30205156 0.65497637
 1.        ]
83 1196.1386305696142 [0.31790756 0.27804328 0.31637142 0.30773393 0.31236964 0.31444177
 0.64134316 0.30739395 0.66970972 0.31100803 0.30198265 0.65483458
 1.        ]
84 1185.9204195267607 [0.31790776 0.27829638 0.31636241 0.30757161 0.31247106 0.31418961
 0.64122437 0.30722465 0.66980595 0.31107724 0.30185415 0.65474142
 1.        ]
85 1945.1987141583932 [0.31770865 0.27852676 0.31634627 0.30744056 0.31252664 0.31372598
 0.64108363 0.30706088 0.66985934 0.31104424 0.3017707  0.65445696
 1.        ]
86 884.4772250168968 [0.31758083 0.27885084 0.3162486  0.30715387 0.31244704 0.3135515
 0.64085997 0.30675824 0.66990076 0.31093911 0.30167561 0.65417911
 1.        ]
87 2306.322651073443 [0.31725766 0.27924461 0.31609325 0.3070118  0.31264719 0.31343672
 0.64072959 0.30642261 0.66997273 0.31065732 0.30169105 0.65416485
 1.        ]
88 845.7222856015036 [0.31691391 0.27963644 0.31603455 0.30687642 0.31295093 0.31340852
 0.64061808 0.3061607  0.67016003 0.31025253 0.30185899 0.65419515
 1.        ]
89 2363.1399071625997 [0.31660234 0.27974942 0.31586202 0.30691858 0.31298417 0.31351585
 0.64040839 0.30603897 0.6704377  0.30981364 0.30209427 0.65424454
 1.        ]
90 825.0616766586234 [0.31612247 0.28001782 0.31553174 0.30704652 0.31302913 0.31347838
 0.64030733 0.30602983 0.67080124 0.30982861 0.30225672 0.65431982
 1.        ]
91 852.4456672572505 [0.31575557 0.28039213 0.31524338 0.30725199 0.31282373 0.31348505
 0.64025349 0.30613568 0.67130702 0.30997758 0.30218391 0.65422732
 1.        ]
92 1582.0895956219845 [0.31539097 0.28093612 0.31478618 0.30745183 0.31273906 0.31343492
 0.64009254 0.30630184 0.67178432 0.31014384 0.30235949 0.6542356
 1.        ]
93 1953.950324350582 [0.31520044 0.2812351  0.3143415  0.30757966 0.31270935 0.3134689
 0.63984426 0.30670947 0.67224592 0.30999067 0.30236233 0.65419284
 1.        ]
94 101.24952033462037 [0.31507984 0.2814207  0.31367777 0.30785679 0.31282361 0.31331091
 0.63976856 0.30717354 0.67272861 0.30989942 0.30236614 0.65427799
 1.        ]
95 827.4656446237511 [0.31517728 0.28170706 0.31306002 0.30803855 0.31279658 0.3132116
 0.63967389 0.30768939 0.67309028 0.30995664 0.30233242 0.65429858
 1.        ]
96 471.45444569002547 [0.31538339 0.28186233 0.31271118 0.30822928 0.31288657 0.31330616
 0.63959084 0.30829765 0.67352374 0.30999454 0.30232948 0.65432558
 1.        ]
97 1580.6934440998448 [0.31539508 0.2819623  0.3121888  0.30849556 0.31263576 0.31338409
 0.63946902 0.30885083 0.67385038 0.31022984 0.30253428 0.65445623
 1.        ]
98 809.0734850559086 [0.31547681 0.28188315 0.31169492 0.30845168 0.31235687 0.31339848
 0.63922724 0.30935575 0.67422896 0.31017371 0.30265369 0.65457729
 1.        ]
99 816.6752400442211 [0.31577111 0.28166017 0.31122088 0.3085558  0.31201583 0.31361615
 0.63884962 0.30985674 0.67447706 0.31024999 0.30292349 0.65454616
 1.        ]
100 1190.943386935759 [0.31611104 0.28135983 0.31053921 0.30875104 0.31181643 0.31382011
 0.63857724 0.31024428 0.67469014 0.3101734  0.30311783 0.6545853
 1.        ]
101 826.707739985474 [0.31632803 0.28105648 0.30976617 0.30881752 0.3114852  0.3139558
 0.63830922 0.31050857 0.6747677  0.31013481 0.30321908 0.65459833
 1.        ]
102 444.1600997591413 [0.31679129 0.28066874 0.30915652 0.3088201  0.31088498 0.31412516
 0.63820903 0.31089905 0.67493209 0.3100925  0.30331709 0.65454107
 1.        ]
103 818.1225410186826 [0.3173802  0.2802207  0.30854669 0.30878466 0.31036309 0.31420466
 0.63805253 0.31129886 0.67513961 0.31018139 0.30347889 0.65450062
 1.        ]
104 452.928521654229 [0.31800051 0.27996127 0.30763152 0.30877329 0.30980171 0.31426234
 0.63787261 0.31182606 0.67532821 0.31026532 0.30350141 0.65439104
 1.        ]
105 838.7098363431982 [0.31854262 0.27968761 0.30657946 0.30884925 0.30964377 0.31436089
 0.63781205 0.31221648 0.67562783 0.31035354 0.30372031 0.65416108
 1.        ]
106 847.212345688746 [0.31868976 0.27944213 0.3055227  0.30902751 0.30963755 0.31437691
 0.63773943 0.31249019 0.67585027 0.31028784 0.30400639 0.65410063
 1.        ]
107 1529.2864037317815 [0.31894683 0.27903355 0.30464055 0.30939638 0.30965585 0.31418817
 0.63769693 0.31278574 0.67620116 0.3100122  0.30427808 0.6540897
 1.        ]
108 469.9093747458902 [0.31916507 0.27874898 0.30393157 0.30984299 0.30969761 0.31417745
 0.6377998  0.3128538  0.67663523 0.30986443 0.30468157 0.6540543
 1.        ]
109 1184.8714003686723 [0.31944923 0.2785476  0.30300342 0.31007025 0.30987406 0.31423977
 0.63784473 0.31283789 0.67704699 0.30988751 0.30509566 0.65382793
 1.        ]
110 443.2597633854309 [0.31984778 0.27840965 0.3024031  0.31015869 0.30988211 0.31440473
 0.63790181 0.31268519 0.67754376 0.30987609 0.30557569 0.65364057
 1.        ]
111 447.43607736344933 [0.32019402 0.27844794 0.30177666 0.31004242 0.3098412  0.31466295
 0.63779761 0.31255956 0.6779457  0.30991347 0.30610635 0.65350378
 1.        ]
112 474.56633868983363 [0.32013744 0.27869774 0.30118745 0.30984318 0.30990757 0.31461311
 0.63769221 0.31246661 0.67829534 0.30994857 0.30654189 0.65351031
 1.        ]
113 826.1836333587312 [0.32022072 0.27894092 0.3005428  0.30979315 0.30991038 0.31469541
 0.63761399 0.31224298 0.67856603 0.30998361 0.30695209 0.6536347
 1.        ]
114 466.687426699593 [0.32027595 0.2790606  0.29990524 0.30992712 0.30981659 0.31478537
 0.6375652  0.31189556 0.67884223 0.31005021 0.30752104 0.65381938
 1.        ]
115 1961.125853827933 [0.32027617 0.27914606 0.29944555 0.31002009 0.30983886 0.3146916
 0.63762257 0.31167235 0.67914102 0.31000382 0.30782725 0.65391732
 1.        ]
116 2338.420670038811 [0.32032838 0.27912546 0.29908136 0.31015005 0.30989948 0.31448788
 0.63761388 0.31156255 0.6794162  0.30999104 0.30818472 0.6538605
 1.        ]
117 1595.7076242407363 [0.32032647 0.27903378 0.29873178 0.31028414 0.3099534  0.31434515
 0.63763837 0.31168859 0.67970882 0.30986921 0.30851299 0.65393773
 1.        ]
118 455.003011047912 [0.32017423 0.27884465 0.29836991 0.31048752 0.31016111 0.31434764
 0.63772532 0.3116854  0.680032   0.30968097 0.30875399 0.65392645
 1.        ]
119 1213.3692222466482 [0.3201762  0.27875487 0.29804335 0.3104968  0.31045914 0.31442946
 0.63788705 0.31177275 0.68040208 0.30957462 0.30896221 0.65404844
 1.        ]
120 785.3505087669647 [0.32028799 0.27891408 0.29762665 0.31052467 0.31058923 0.3143504
 0.63821146 0.31186687 0.68074961 0.30939539 0.30931132 0.65414287
 1.        ]
121 810.8078430908066 [0.3203856  0.27899015 0.29724665 0.3105238  0.31065608 0.31427901
 0.63846674 0.31194781 0.68110176 0.30913622 0.3098419  0.65444814
 1.        ]
122 1174.2009161223134 [0.32042851 0.27908797 0.29682448 0.31047669 0.3105172  0.31407394
 0.63868688 0.31208174 0.68132403 0.30914559 0.31023708 0.65473887
 1.        ]
123 819.3858856005402 [0.32039399 0.27901892 0.29654937 0.31041114 0.31030501 0.31411714
 0.63890132 0.31218697 0.68159127 0.30917824 0.31064631 0.65488475
 1.        ]
124 1159.4344821424918 [0.32054186 0.27889993 0.29640269 0.3103386  0.31012868 0.31400443
 0.63905137 0.31217746 0.68192033 0.30945071 0.31114098 0.65513716
 1.        ]
125 871.678113165742 [0.32091926 0.27878574 0.29621008 0.31024147 0.3100776  0.31375532
 0.63934176 0.31230354 0.68234354 0.30971961 0.31145276 0.65546076
 1.        ]
126 1207.8108841231756 [0.3211658  0.27859137 0.29596864 0.31007456 0.3101818  0.31359836
 0.63960234 0.31262739 0.68271804 0.31007047 0.3116111  0.65565254
 1.        ]
127 457.66630270852403 [0.32135864 0.27847629 0.2958933  0.30985596 0.31042345 0.31341069
 0.63993583 0.31297706 0.68316995 0.31034302 0.31184794 0.65589237
 1.        ]
128 106.12564718446022 [0.3213294  0.27846371 0.29582192 0.30966917 0.31075977 0.31335657
 0.64021376 0.31310989 0.68345552 0.31041943 0.31196781 0.65609602
 1.        ]
129 865.6028306889428 [0.32114469 0.2784705  0.29557589 0.30956764 0.31100804 0.31336464
 0.64051019 0.31322544 0.68379821 0.31035553 0.3121349  0.65638701
 1.        ]
130 1611.0873617988066 [0.32078733 0.27846118 0.29555083 0.30941066 0.31122561 0.31339064
 0.64076348 0.31350582 0.68420514 0.31018905 0.31218735 0.65633323
 1.        ]
131 489.0169480108864 [0.32021171 0.27853124 0.29573099 0.30936341 0.3111746  0.31347421
 0.6410703  0.31390386 0.68479859 0.30992339 0.31221996 0.65634334
 1.        ]
132 475.67287419235186 [0.31952556 0.27851358 0.29588299 0.30943921 0.31104764 0.31369379
 0.6414718  0.31416843 0.68521676 0.30943392 0.31249286 0.65643098
 1.        ]
133 1528.18865016369 [0.31903475 0.27844257 0.296162   0.30965896 0.31097502 0.31378861
 0.64202687 0.31440145 0.68551215 0.30895439 0.31281816 0.65654091
 1.        ]
134 793.8530388255201 [0.3186588  0.2782185  0.29646147 0.30986911 0.31092727 0.31411732
 0.64270082 0.31464018 0.68587703 0.30846686 0.31316486 0.65677737
 1.        ]
135 490.3850569156446 [0.31834269 0.27788535 0.29682808 0.3099232  0.31086886 0.31420669
 0.64332703 0.31487846 0.68621417 0.30798696 0.31349715 0.65708039
 1.        ]
136 834.8379985270699 [0.31811669 0.27765096 0.29711606 0.31011103 0.31062436 0.31403551
 0.64365352 0.3152514  0.6864088  0.30747462 0.31387673 0.65740922
 1.        ]
137 95.42375542215177 [0.31790448 0.27730099 0.29731791 0.31037378 0.31030836 0.31394397
 0.64390215 0.31560008 0.68667445 0.30700692 0.31419579 0.65776164
 1.        ]
138 92.9151880200067 [0.31747804 0.27692794 0.29743403 0.31053494 0.31047058 0.31389214
 0.64422629 0.31578941 0.68702343 0.30664611 0.31440584 0.65814321
 1.        ]
139 79.83496634364259 [0.31672509 0.27647169 0.2976274  0.31057641 0.31057064 0.31387744
 0.64440626 0.31582775 0.68722171 0.30616606 0.31421082 0.65844094
 1.        ]
140 462.37080182873603 [0.31602192 0.27584047 0.29785184 0.31061616 0.31039407 0.31382203
 0.64463623 0.31576913 0.68727802 0.30543996 0.31428573 0.65867914
 1.        ]
141 821.3970706605508 [0.31507681 0.27533335 0.29795602 0.31074695 0.31045606 0.31391348
 0.64479947 0.31590675 0.68731947 0.30496731 0.31403854 0.65902452
 1.        ]
142 823.6885231267619 [0.31416777 0.27462051 0.29814036 0.31081131 0.31040377 0.31419595
 0.64492371 0.31594101 0.68737266 0.30441725 0.3137324  0.65948103
 1.        ]
143 88.91344606925361 [0.31334137 0.27392839 0.29833789 0.31129388 0.31012896 0.31462125
 0.64511826 0.31632856 0.68732998 0.3037806  0.31339341 0.65999384
 1.        ]
144 96.14094764514104 [0.31263031 0.27335018 0.29837454 0.31190504 0.30988429 0.3146746
 0.64540422 0.31682406 0.68730442 0.30315262 0.3130265  0.66059073
 1.        ]
145 85.805624497217 [0.31204148 0.27284065 0.29842827 0.31195545 0.30955415 0.31474702
 0.64557958 0.31709616 0.68749026 0.30247482 0.31251914 0.66098544
 1.        ]
146 88.40921403582308 [0.31138074 0.27261964 0.29861359 0.31192699 0.30924576 0.31474047
 0.64597513 0.31752634 0.68763945 0.30193481 0.31188716 0.66126009
 1.        ]
147 489.8458397446973 [0.3107021  0.27247382 0.29884535 0.31172804 0.3090292  0.31450601
 0.64643567 0.3179274  0.68767615 0.3015401  0.31124418 0.6615799
 1.        ]
148 451.83993891778385 [0.30976526 0.27237536 0.29902368 0.31161863 0.3087395  0.31440861
 0.64691765 0.31822657 0.68792373 0.30124007 0.310429   0.66188456
 1.        ]
149 473.50002211258254 [0.30902087 0.27209931 0.29930702 0.31162766 0.30857856 0.3144683
 0.64727485 0.31864875 0.68835434 0.30100014 0.30950785 0.66238634
 1.        ]
150 793.0148383473723 [0.30826841 0.27202627 0.29963496 0.31149874 0.3084621  0.31452133
 0.64755353 0.31886459 0.6889321  0.30096327 0.30896779 0.66291183
 1.        ]
151 78.27381446187835 [0.30748181 0.27192913 0.29988559 0.31117007 0.30839318 0.3146533
 0.6480312  0.31926104 0.68935091 0.30118851 0.30861171 0.66343712
 1.        ]
152 80.07902835509782 [0.3067195  0.27186083 0.3000032  0.31090688 0.3081789  0.31480002
 0.64851106 0.31965716 0.68970491 0.30129757 0.30832587 0.66397916
 1.        ]
153 415.0370333186661 [0.30610663 0.27185268 0.30014202 0.31069499 0.307915   0.31483241
 0.64866948 0.32012549 0.68984036 0.30137505 0.3082576  0.66455437
 1.        ]
154 450.1788698984809 [0.30547705 0.27196631 0.30029476 0.31049853 0.30791265 0.31482308
 0.64868587 0.32055542 0.68978909 0.30167468 0.30822646 0.66523901
 1.        ]
155 451.04599327772314 [0.30497065 0.27197864 0.3005798  0.31048311 0.30807054 0.31465972
 0.64877358 0.32097863 0.68968183 0.30211069 0.3082654  0.66595855
 1.        ]
156 801.8571579611879 [0.30437608 0.27202246 0.3006701  0.31069093 0.30806967 0.31482655
 0.6488045  0.32131015 0.68947444 0.30230584 0.30830505 0.66674912
 1.        ]
157 401.1717860461223 [0.30389292 0.27184837 0.30078306 0.31086983 0.30812368 0.31487279
 0.6487396  0.32140807 0.68951717 0.30246454 0.30838675 0.66758652
 1.        ]
158 69.64889932381271 [0.30366362 0.27175523 0.30095846 0.31103347 0.30813327 0.31490722
 0.6488181  0.32139198 0.6896734  0.30269574 0.30824217 0.66838122
 1.        ]
159 65.2859036805394 [0.30336995 0.27170372 0.30111203 0.31115257 0.30828464 0.31490587
 0.6489382  0.32145802 0.69004949 0.30300617 0.30798943 0.66917623
 1.        ]
160 59.19176521073459 [0.30318168 0.27162101 0.30122555 0.31114773 0.30803492 0.31514694
 0.64880251 0.32131379 0.69041816 0.30335982 0.30794357 0.66966899
 1.        ]
161 413.96265657667925 [0.30289241 0.27149541 0.30120513 0.31119797 0.307761   0.3152645
 0.64856522 0.32126066 0.69084698 0.30375778 0.30805771 0.6702952
 1.        ]
162 49.72245959446131 [0.3025999  0.2712591  0.30111557 0.31119559 0.30741519 0.31534432
 0.64840657 0.32141798 0.69131569 0.30404539 0.30804077 0.6709307
 1.        ]
163 58.90128388702574 [0.30226806 0.27088289 0.30107283 0.31110129 0.3069803  0.31532536
 0.64829529 0.32156592 0.69173478 0.30419524 0.30802147 0.67137461
 1.        ]
164 801.7985945530319 [0.30203678 0.27054876 0.30106552 0.31092276 0.30657041 0.31560209
 0.6479939  0.32172947 0.69219017 0.30436559 0.30810767 0.67198037
 1.        ]
165 57.36406661799901 [0.30179029 0.26993184 0.30099016 0.31081637 0.30615968 0.31565393
 0.64778615 0.32199844 0.69256905 0.30463727 0.30812654 0.67245396
 1.        ]
166 423.28801916437556 [0.30146839 0.26942729 0.30094118 0.31074901 0.30583606 0.31563969
 0.64766896 0.3222089  0.69290406 0.30472106 0.30833052 0.67266167
 1.        ]
167 46.856744821228055 [0.3011076  0.26902335 0.30092246 0.31091007 0.30553756 0.31538359
 0.64756995 0.32257292 0.69343632 0.30479314 0.30866223 0.67268422
 1.        ]
168 62.39771248410951 [0.30109857 0.26871212 0.30106606 0.31099346 0.3052433  0.3150571
 0.64747344 0.3230214  0.69390555 0.30491035 0.30903183 0.67256969
 1.        ]
169 435.4874375544797 [0.30112682 0.26845907 0.30102954 0.3112427  0.30494938 0.31471842
 0.6473786  0.32330343 0.69430208 0.30515392 0.30934233 0.67277144
 1.        ]
170 59.63884736689813 [0.30110693 0.26811867 0.30100419 0.31127585 0.30459632 0.31419296
 0.64717973 0.32340973 0.69455806 0.30532257 0.3096994  0.67304029
 1.        ]
171 68.14091003205263 [0.30116777 0.26761145 0.3009257  0.31111911 0.30419664 0.31364127
 0.64699257 0.32343081 0.69452138 0.30558771 0.30998586 0.67334513
 1.        ]
172 54.092090496098876 [0.30118708 0.26732036 0.300828   0.31108303 0.30376751 0.31320227
 0.64693501 0.32337242 0.69454047 0.30568144 0.31031237 0.67356411
 1.        ]
173 55.19458341342382 [0.30148467 0.26689732 0.3007315  0.31082281 0.30342116 0.31294404
 0.64697474 0.32367499 0.69481049 0.30583965 0.31047771 0.67396227
 1.        ]
174 51.64549499584243 [0.30180179 0.26668598 0.30069118 0.31073274 0.30326696 0.31264294
 0.64711214 0.32367118 0.69523834 0.30596375 0.31051733 0.67435289
 1.        ]
175 48.81284359295096 [0.30206086 0.26648536 0.30082601 0.31077053 0.30293865 0.31233835
 0.64743794 0.32403065 0.69590451 0.30601476 0.31052252 0.67476547
 1.        ]
176 46.2732586077041 [0.30223256 0.26635628 0.30086155 0.31086466 0.3024725  0.31206657
 0.64770785 0.32427459 0.69606359 0.30611152 0.31028729 0.67562022
 1.        ]
177 45.21837108511377 [0.30248166 0.2660931  0.30100868 0.31104106 0.3020583  0.31168486
 0.64800363 0.32441136 0.69597136 0.30605629 0.31018302 0.67643361
 1.        ]
178 39.23318287073374 [0.30254424 0.26590858 0.30101841 0.31111418 0.30175216 0.31125343
 0.64819844 0.32456526 0.69581983 0.30616229 0.31032919 0.67710828
 1.        ]
179 414.14676818503483 [0.30252583 0.2656131  0.30104978 0.3113553  0.30146625 0.31091234
 0.64848624 0.32475631 0.69567652 0.30614181 0.31026119 0.67793121
 1.        ]
180 50.77441605523182 [0.30258289 0.26531967 0.30122859 0.3116026  0.30143195 0.3103828
 0.64877996 0.32502773 0.69553347 0.30582632 0.31030708 0.67851221
 1.        ]
181 404.52086325174866 [0.30283935 0.26524733 0.30144319 0.31207295 0.30162278 0.30970468
 0.6490689  0.32507035 0.69560615 0.30534299 0.310352   0.67884154
 1.        ]
182 407.00860949516095 [0.30305592 0.26531916 0.3019362  0.3125609  0.30185989 0.30914815
 0.64939515 0.32520327 0.6954646  0.30484647 0.3107097  0.67891986
 1.        ]
183 49.60510834335652 [0.30331057 0.26540985 0.30226988 0.3129736  0.30223414 0.30840331
 0.6495619  0.32541154 0.69545502 0.30421227 0.31099506 0.6788589
 1.        ]
184 52.84478203624092 [0.3035847  0.26549799 0.30250948 0.31336618 0.30259384 0.30771622
 0.64952712 0.3257046  0.69556001 0.30342354 0.31113148 0.67892364
 1.        ]
185 42.08110654078436 [0.3041028  0.26567741 0.30268377 0.31373019 0.30293917 0.30709359
 0.64953673 0.32594629 0.69559578 0.30270015 0.31126482 0.67891914
 1.        ]
186 768.536642295013 [0.30456916 0.26587215 0.30303101 0.31413625 0.30328942 0.30659033
 0.64961314 0.32604798 0.69550852 0.30213887 0.31119144 0.67889042
 1.        ]
187 53.49647266999285 [0.30520103 0.26601337 0.30335635 0.31460296 0.30352184 0.30608222
 0.6497831  0.32634754 0.69543265 0.30146703 0.31093241 0.67911505
 1.        ]
188 422.08722086927304 [0.30589365 0.26618114 0.3035905  0.3151243  0.30380889 0.30587497
 0.64998168 0.3266705  0.6953749  0.30085529 0.31049483 0.67920408
 1.        ]
189 427.24219072350957 [0.30649784 0.2662398  0.30381028 0.31536418 0.30415557 0.30576827
 0.65023538 0.32734464 0.69533606 0.30016136 0.31010682 0.67911366
 1.        ]
190 417.3807424992165 [0.30720437 0.26633277 0.30417715 0.31547019 0.30457885 0.30559288
 0.65046762 0.32829075 0.69519933 0.29944639 0.30988934 0.67915768
 1.        ]
191 430.3066947925574 [0.30766702 0.26645139 0.30455488 0.31550503 0.30492628 0.3053561
 0.65071774 0.32908098 0.69504376 0.29879992 0.30982318 0.67912902
 1.        ]
192 50.41720275957275 [0.30817573 0.26661039 0.30499975 0.315522   0.30500894 0.30505253
 0.65090763 0.33000018 0.69507498 0.29806031 0.30967922 0.67885513
 1.        ]
193 413.50852184727114 [0.3086795  0.26669406 0.30542839 0.31546144 0.30527977 0.30467126
 0.65112075 0.33082377 0.69509492 0.29735187 0.30951288 0.67863184
 1.        ]
194 49.24100488713462 [0.30920171 0.26645086 0.30605762 0.31556165 0.30545715 0.30432997
 0.65125403 0.33150848 0.69511373 0.29675617 0.30933033 0.67865034
 1.        ]
195 47.449504479362986 [0.3097833  0.26618793 0.30669371 0.3155352  0.3055071  0.30418237
 0.65129991 0.33210468 0.69493212 0.29607907 0.30931052 0.67870874
 1.        ]
196 54.74688026128862 [0.31033215 0.26601623 0.30723891 0.31564741 0.30561095 0.30429995
 0.65138345 0.33262134 0.69482886 0.29557182 0.30928509 0.67888352
 1.        ]
197 55.08873588547197 [0.31088126 0.2658137  0.30767188 0.31583121 0.30571756 0.30431717
 0.65151982 0.333111   0.69469402 0.29513457 0.30919429 0.6791541
 1.        ]
198 53.367651212987234 [0.31142441 0.26551633 0.3079352  0.31597227 0.30577755 0.30460383
 0.65151313 0.3334477  0.69471772 0.29463573 0.30894674 0.67941189
 1.        ]
199 41.763229229875066 [0.31195343 0.26515614 0.30809502 0.31599321 0.30585405 0.30491115
 0.65160369 0.33388294 0.69484968 0.29415506 0.30883969 0.67969856
 1.        ]
200 46.553236393202255 [0.31227573 0.26478791 0.308372   0.31614308 0.30598158 0.30510038
 0.65156854 0.33404021 0.6948922  0.29383491 0.30880581 0.68006053
 1.        ]
201 50.380287617438185 [0.31240389 0.26453912 0.30900928 0.3162111  0.3060986  0.30514943
 0.65146299 0.33388136 0.69518811 0.29340326 0.30884243 0.68043133
 1.        ]
202 44.64889320829734 [0.31256128 0.26434003 0.3095496  0.31637257 0.30630415 0.30497357
 0.65116554 0.33380957 0.69564475 0.29329996 0.30904211 0.68032937
 1.        ]
203 51.207493323017644 [0.31271504 0.26406196 0.30995892 0.31656419 0.30636223 0.30477952
 0.6510765  0.33368072 0.69606523 0.29315088 0.30932872 0.67953795
 1.        ]
204 51.225058155493 [0.31300412 0.26379067 0.31025106 0.31670854 0.30637066 0.3045388
 0.65098975 0.33347712 0.69651394 0.29286843 0.30960086 0.67886896
 1.        ]
205 428.0320864381558 [0.31329272 0.26323748 0.31049734 0.31679339 0.30633661 0.30423913
 0.6510565  0.33322379 0.69698962 0.29268509 0.30978547 0.67810319
 1.        ]
206 51.01985737152539 [0.31351936 0.26269755 0.31062175 0.31696479 0.30649656 0.30418815
 0.65136294 0.33278978 0.69712147 0.29262227 0.31003234 0.6772833
 1.        ]
207 41.01267209882467 [0.31377333 0.26226807 0.31072316 0.31712952 0.30653842 0.30413067
 0.65175814 0.33234722 0.69727333 0.2925895  0.31020887 0.6763653
 1.        ]
208 435.70811859642095 [0.31401262 0.26184283 0.3108338  0.31750715 0.30657624 0.30405048
 0.65213984 0.33193643 0.69744975 0.29229975 0.31042324 0.67568904
 1.        ]
209 50.603493782429965 [0.31410264 0.26141627 0.31093459 0.31780222 0.30656614 0.30387045
 0.65244495 0.33145666 0.697483   0.29205907 0.31065607 0.67510259
 1.        ]
210 56.86228289530138 [0.31422994 0.26080493 0.31112246 0.31838667 0.30663198 0.30371734
 0.65278629 0.33112102 0.69744638 0.29204642 0.31087516 0.67473586
 1.        ]
211 59.881861932276806 [0.31423221 0.26032162 0.31128066 0.31899881 0.30669922 0.3036184
 0.65317505 0.33098275 0.69755368 0.29204816 0.31102707 0.67454885
 1.        ]
212 45.90893237766148 [0.31415436 0.26006954 0.31148113 0.31959915 0.3066898  0.30355391
 0.65333425 0.33096453 0.69779206 0.29198517 0.31111246 0.67438085
 1.        ]
213 429.6466300674806 [0.31413615 0.25985074 0.31169175 0.32022617 0.30659823 0.30363265
 0.65354227 0.33117886 0.69815073 0.29206363 0.31112372 0.67412802
 1.        ]
214 394.98377392399004 [0.31415268 0.25944123 0.31194925 0.32074609 0.3065352  0.30383978
 0.6537719  0.33143141 0.69836522 0.29188597 0.31096904 0.67388747
 1.        ]
215 387.1053201283515 [0.31419989 0.25900879 0.31227004 0.32104502 0.30659498 0.30403425
 0.65403115 0.33160617 0.69854455 0.29164488 0.310869   0.67385996
 1.        ]
216 40.785737852230326 [0.31402059 0.25866442 0.3125658  0.32127094 0.3067028  0.30419292
 0.6541363  0.33181843 0.69879153 0.2915908  0.31060963 0.67364651
 1.        ]
217 49.07948016739748 [0.31371367 0.25831317 0.31293271 0.3214081  0.30693064 0.30436769
 0.65410896 0.33210533 0.69888328 0.29137811 0.31024185 0.67334467
 1.        ]
218 41.8830905196982 [0.31342702 0.25790737 0.3133482  0.32189195 0.30703695 0.30441567
 0.65406321 0.33244664 0.69889401 0.29117359 0.30987953 0.67333633
 1.        ]
219 47.21963313670712 [0.31318686 0.25740775 0.31386768 0.32228474 0.30713163 0.30449908
 0.65397937 0.33241159 0.69882933 0.29110585 0.30974772 0.67317612
 1.        ]
220 52.17698720198877 [0.31290382 0.25696072 0.31414716 0.32256632 0.30755473 0.30486558
 0.65407503 0.33256958 0.69880119 0.29104557 0.30963797 0.67261984
 1.        ]
221 730.4316188182838 [0.31254523 0.25671001 0.31446584 0.32274962 0.3077115  0.30511532
 0.6542358  0.33254162 0.69883654 0.29087295 0.30969585 0.671956
 1.        ]
222 50.565579254916756 [0.31230543 0.25641281 0.31484984 0.32301024 0.30787546 0.30537463
 0.65433237 0.33267956 0.6987282  0.29071777 0.30965887 0.67152418
 1.        ]
223 395.11596597287325 [0.31215103 0.25596521 0.31488227 0.32305527 0.30786409 0.30567547
 0.65427754 0.33282833 0.69868883 0.29058493 0.30944078 0.67131299
 1.        ]
224 414.8300376563143 [0.3120861  0.25563605 0.31494576 0.32298794 0.30780843 0.30590755
 0.65434876 0.33303807 0.69846707 0.29039777 0.30938652 0.67110631
 1.        ]
225 400.01762137130487 [0.3119513  0.25558002 0.31456078 0.32296177 0.30769472 0.30614476
 0.65441004 0.33346407 0.69824274 0.29033152 0.30933223 0.67088068
 1.        ]
226 386.8973116715871 [0.31165228 0.25561839 0.31400894 0.32290822 0.30747891 0.30624124
 0.65455696 0.33380545 0.69818549 0.2903611  0.30926756 0.67072172
 1.        ]
227 43.38563039272 [0.31130362 0.25572045 0.31346218 0.32283772 0.30703917 0.30634917
 0.65466574 0.33442003 0.6980342  0.29041929 0.30927002 0.67067703
 1.        ]
228 50.44608813930428 [0.31104553 0.25580472 0.31286662 0.32263039 0.30638309 0.30631997
 0.65481989 0.33498716 0.69791312 0.29046465 0.30939331 0.67023424
 1.        ]
229 47.82478549062216 [0.31075315 0.25611165 0.31245655 0.32244713 0.30570377 0.30614788
 0.65506703 0.33556877 0.69786103 0.29061815 0.3094213  0.66969994
 1.        ]
230 425.39204687312406 [0.31057313 0.25639973 0.31210351 0.32225437 0.30514302 0.30615383
 0.65507055 0.33621981 0.69777792 0.29072509 0.30932268 0.66906072
 1.        ]
231 51.174782058482904 [0.31049998 0.25661532 0.31180423 0.32196116 0.30473526 0.30604678
 0.65476545 0.33659208 0.69777021 0.29072287 0.30919203 0.66855693
 1.        ]
232 430.796845465111 [0.31005191 0.25674611 0.31145003 0.3216948  0.30477484 0.30596133
 0.65447468 0.33714958 0.69780078 0.29062617 0.30908538 0.66823586
 1.        ]
233 52.1012018758757 [0.30963387 0.25680505 0.31107616 0.32141384 0.30485315 0.30584562
 0.65439212 0.33748806 0.69818811 0.29045301 0.30921629 0.66800476
 1.        ]
234 764.136438780228 [0.30918331 0.25659794 0.31087568 0.32110521 0.30497622 0.30582263
 0.65434379 0.33769256 0.69850315 0.29046076 0.30940808 0.66780771
 1.        ]
235 42.85882281508368 [0.30870999 0.25648486 0.31070554 0.32104992 0.30471012 0.30573771
 0.65428488 0.33787311 0.6987276  0.29030275 0.30954176 0.66764858
 1.        ]
236 422.1890968690412 [0.30834976 0.25649796 0.31069979 0.32082995 0.30443217 0.30558907
 0.65430308 0.33810301 0.69908981 0.29017505 0.30970673 0.66746017
 1.        ]
237 397.6153619489723 [0.30823413 0.2563263  0.31089748 0.32038633 0.30431112 0.30543884
 0.65431517 0.33792209 0.69929844 0.29020508 0.30981904 0.66730459
 1.        ]
238 46.52840541059534 [0.30827994 0.25631609 0.31114229 0.31992402 0.30412557 0.30530032
 0.65439942 0.33808498 0.69960766 0.29000533 0.30986541 0.66707364
 1.        ]
239 397.44635708538567 [0.30842778 0.25639689 0.31115063 0.31940849 0.30381696 0.30511752
 0.65442634 0.33830127 0.69993193 0.28998629 0.310055   0.66695965
 1.        ]
240 405.73304340782187 [0.30849121 0.25633122 0.31103203 0.31882083 0.30338561 0.30478198
 0.65444163 0.33829255 0.70000726 0.29005386 0.31009749 0.66679096
 1.        ]
241 765.5322937087103 [0.30878159 0.25627391 0.31097761 0.3184143  0.30300954 0.30459906
 0.65441572 0.3382063  0.70014003 0.29011324 0.3102076  0.66672927
 1.        ]
242 55.0893436980207 [0.30903041 0.25612877 0.31124309 0.31802108 0.30237184 0.30455312
 0.65468749 0.3379398  0.70042778 0.29021017 0.31026753 0.66658636
 1.        ]
243 53.54772623825197 [0.30917171 0.25602167 0.31145751 0.31755866 0.30188087 0.30433168
 0.65493181 0.33768705 0.70050922 0.29037332 0.3103333  0.66649806
 1.        ]
244 1165.717509988923 [0.3092576  0.25600025 0.31156497 0.31712062 0.3013867  0.30420931
 0.65521068 0.33739658 0.70053195 0.29056073 0.31035838 0.66654925
 1.        ]
245 400.1690872392379 [0.30944909 0.25618522 0.31145068 0.31670548 0.30101804 0.3042027
 0.65555825 0.33714    0.70038249 0.29100332 0.31052241 0.66656357
 1.        ]
246 52.808383201463506 [0.30979501 0.25649544 0.3112714  0.31625614 0.30069203 0.3041067
 0.65590583 0.3370485  0.70032909 0.29140821 0.31061086 0.66657826
 1.        ]
247 43.10875511418564 [0.31009425 0.25674544 0.31124408 0.31565157 0.30023443 0.30400334
 0.65628466 0.3369007  0.70025174 0.2917092  0.31076779 0.66652961
 1.        ]
248 46.67703352076018 [0.31047717 0.25696889 0.31135186 0.31516992 0.29985548 0.30402195
 0.65668144 0.33679777 0.70020086 0.29189536 0.31101749 0.66647152
 1.        ]
249 44.99023291663475 [0.31082555 0.25735858 0.31165459 0.31479082 0.29962042 0.30419903
 0.65721127 0.33665147 0.70014267 0.29202749 0.31112102 0.66650661
 1.        ]
250 398.3219315193214 [0.31104931 0.25758818 0.31179094 0.3146482  0.29914336 0.30441592
 0.65759672 0.33657979 0.70000869 0.29225743 0.31102075 0.66659287
 1.        ]
251 416.96636369758704 [0.31144867 0.25773566 0.31207194 0.31440944 0.29872568 0.30421461
 0.65788075 0.3364119  0.69971847 0.29251878 0.31107195 0.66667412
 1.        ]
252 408.62554696037034 [0.31190949 0.25791872 0.3122999  0.31417813 0.29830296 0.30401381
 0.65804261 0.33613065 0.69958359 0.29266248 0.31105362 0.66671236
 1.        ]
253 49.320586872361346 [0.31226568 0.25813428 0.31266211 0.31407987 0.29806181 0.30367704
 0.65831339 0.33592113 0.6994738  0.29291038 0.31108964 0.66646439
 1.        ]
254 402.22014403981603 [0.31259302 0.25852482 0.31316931 0.31377825 0.29797228 0.30336527
 0.65864606 0.33570652 0.69933833 0.29304071 0.31121782 0.66616882
 1.        ]
255 43.90660455209617 [0.31289315 0.25904291 0.31356972 0.3135761  0.29783537 0.30294641
 0.65907048 0.33572051 0.69930175 0.29323855 0.31143051 0.6658793
 1.        ]
256 47.546720232562606 [0.31293464 0.25952774 0.31387589 0.31334955 0.29779673 0.30268631
 0.65939241 0.33558332 0.69932988 0.29361408 0.311689   0.6656539
 1.        ]
257 40.331556532472604 [0.31263882 0.25995096 0.31414589 0.31314707 0.29797488 0.30250338
 0.65973394 0.33537284 0.69961868 0.29388801 0.31202673 0.6652834
 1.        ]
258 396.90369675863406 [0.31241845 0.26016197 0.31412527 0.31301267 0.29818742 0.3023273
 0.66018635 0.3351133  0.69980288 0.29418215 0.31245077 0.66484563
 1.        ]
259 50.43267072451742 [0.31195661 0.26033959 0.31411179 0.31289228 0.2983822  0.30222767
 0.66063352 0.33468083 0.70005925 0.29450909 0.31303999 0.66446738
 1.        ]
260 43.881767764846664 [0.31143739 0.26048253 0.31407521 0.3127604  0.2981581  0.30211822
 0.66127182 0.33424383 0.70035612 0.29493771 0.31351113 0.66417196
 1.        ]
261 45.763922105845865 [0.31092737 0.2605814  0.31416014 0.31249899 0.29770147 0.30196451
 0.66177156 0.33398269 0.70074394 0.29537403 0.31359759 0.66397367
 1.        ]
262 43.71005895824321 [0.31030356 0.26038912 0.31424686 0.31236568 0.29725201 0.30183571
 0.66213301 0.33363756 0.70107518 0.29571154 0.31346016 0.66378734
 1.        ]
263 43.70128516842945 [0.30971014 0.2602498  0.31450172 0.3121842  0.29681183 0.30171597
 0.66248609 0.33328666 0.70140393 0.29604598 0.31332935 0.66353652
 1.        ]
264 41.86105762136003 [0.30920951 0.26026113 0.31495271 0.31206955 0.29640826 0.3016411
 0.66283424 0.33281135 0.70171394 0.2964254  0.31332337 0.6634577
 1.        ]
265 416.41304646385817 [0.30871706 0.26016587 0.31542773 0.31178028 0.29604272 0.30160711
 0.66335411 0.33241621 0.7022334  0.29672305 0.31339108 0.66346959
 1.        ]
266 36.87469324575777 [0.30842308 0.25995906 0.31579863 0.31160667 0.29571619 0.30153684
 0.6639742  0.33207431 0.7025281  0.29694517 0.31329914 0.66346954
 1.        ]
267 37.74039129005922 [0.30813602 0.25993645 0.31603025 0.31120907 0.29560934 0.30173831
 0.66442973 0.331636   0.70293038 0.2973852  0.31320416 0.66358146
 1.        ]
268 40.304804216881244 [0.30775604 0.25984248 0.31624192 0.31087986 0.29558197 0.30181473
 0.66453679 0.33139851 0.70345728 0.29790971 0.31306735 0.66372217
 1.        ]
269 42.28743886058 [0.30704972 0.25962364 0.31622559 0.3104278  0.29565987 0.30191265
 0.66473191 0.33126308 0.70418366 0.29844047 0.31296015 0.66385844
 1.        ]
270 51.041201252107086 [0.30653412 0.25957414 0.31620323 0.30987837 0.29572128 0.30196362
 0.66510871 0.3311704  0.70494976 0.29885081 0.31282581 0.66399029
 1.        ]
271 37.53723639080082 [0.30607435 0.25954203 0.31612479 0.30916733 0.29591476 0.30218258
 0.66557685 0.33119281 0.70555259 0.29928702 0.31272739 0.66373602
 1.        ]
272 27.782032106481047 [0.30561298 0.25954267 0.31599959 0.30853487 0.29594682 0.30263076
 0.66590716 0.33131314 0.70630875 0.2998615  0.31241479 0.66362286
 1.        ]
273 39.41860200239752 [0.30526    0.25953843 0.31596855 0.30782585 0.29605326 0.30308673
 0.66633855 0.3315492  0.70690944 0.30045708 0.312173   0.66342193
 1.        ]
274 42.35313767643758 [0.30486403 0.25969209 0.31607024 0.30707806 0.29588264 0.30337864
 0.66685413 0.33195383 0.70754637 0.30089151 0.31165035 0.66319354
 1.        ]
275 41.941117053302264 [0.3045955  0.25966477 0.31609058 0.30647588 0.29546922 0.30355703
 0.66738402 0.33252438 0.70803814 0.30115434 0.31102585 0.66300549
 1.        ]
276 35.027394960659045 [0.30425871 0.25963908 0.31584619 0.30596104 0.2949207  0.30378567
 0.66774449 0.33317485 0.70837969 0.30136924 0.31060542 0.66260167
 1.        ]
277 34.42709819502639 [0.30395496 0.25969809 0.31545701 0.30553579 0.29440333 0.30409372
 0.6680864  0.33384817 0.70858267 0.30164995 0.3101833  0.66224306
 1.        ]
278 31.91216052883067 [0.30379984 0.25974309 0.31515329 0.30516822 0.29381386 0.3042982
 0.66834321 0.33451713 0.70875109 0.30207622 0.30973863 0.66199952
 1.        ]
279 34.132335717778275 [0.30371936 0.25992754 0.31505167 0.30471664 0.29316793 0.30457548
 0.66845479 0.33517274 0.70899969 0.30254611 0.30949843 0.66180151
 1.        ]
280 44.056110012870576 [0.30376807 0.26017133 0.31495187 0.30421516 0.29268386 0.30471724
 0.66849983 0.335647   0.70907247 0.30315114 0.30944958 0.66164823
 1.        ]
281 40.47300646340625 [0.30379393 0.2605034  0.31505872 0.303706   0.2922463  0.30478476
 0.66850959 0.33606039 0.70935603 0.30382036 0.30954425 0.6614505
 1.        ]
282 36.67467960428203 [0.30406069 0.26075849 0.31523291 0.30308794 0.29201865 0.3047263
 0.66852281 0.33646945 0.70958158 0.30428111 0.30959141 0.66107432
 1.        ]
283 386.40877179301253 [0.30423595 0.26085338 0.31548846 0.30242541 0.29168859 0.30470169
 0.66856212 0.33698796 0.7098501  0.30471955 0.30984158 0.66050707
 1.        ]
284 35.52705097704696 [0.3043263  0.26087956 0.31565296 0.30186752 0.29124033 0.30450366
 0.66887442 0.33757062 0.7101199  0.30523911 0.31007595 0.65992639
 1.        ]
285 30.609613663438253 [0.30440027 0.26095616 0.3156926  0.30128964 0.29081193 0.30446431
 0.66923604 0.33811032 0.71004003 0.30573783 0.31020908 0.65952508
 1.        ]
286 31.04711367107982 [0.3044285  0.26094752 0.31584318 0.3006733  0.29034552 0.30453132
 0.66975697 0.33892214 0.7099871  0.30610592 0.31045372 0.65904003
 1.        ]
287 394.4726787983682 [0.30447579 0.26100566 0.31561021 0.30001821 0.28995626 0.30459263
 0.67008402 0.33968461 0.7099366  0.30660251 0.31067729 0.65861285
 1.        ]
288 410.4250592807543 [0.30416095 0.26103808 0.31557456 0.29954938 0.28954609 0.30471113
 0.67037462 0.34041049 0.70941803 0.30706119 0.31079253 0.6582338
 1.        ]
289 38.966705260368066 [0.30373624 0.26093184 0.31555811 0.29911015 0.2892384  0.30493223
 0.67069638 0.3409092  0.70901248 0.30746508 0.3109822  0.65782178
 1.        ]
290 33.529343032157364 [0.30338237 0.26094214 0.31526972 0.29857348 0.28906255 0.30520175
 0.67097738 0.34129572 0.70881101 0.30789405 0.31133998 0.65754642
 1.        ]
291 35.33806696553674 [0.30303962 0.26103801 0.31487929 0.29801068 0.2889134  0.30566108
 0.67119905 0.34160145 0.70878622 0.30818584 0.31177905 0.65735149
 1.        ]
292 32.72001151944334 [0.3029931  0.26104256 0.31453741 0.29735699 0.28897765 0.30621921
 0.67142013 0.34196418 0.70890055 0.30849818 0.312031   0.65693363
 1.        ]
293 398.2211629188198 [0.30290777 0.2609376  0.31424791 0.29668189 0.28896863 0.30669437
 0.67179216 0.34235551 0.70916341 0.30873457 0.31236832 0.65654157
 1.        ]
294 395.8401082490823 [0.30286783 0.26097739 0.31399048 0.29610922 0.28903894 0.30719968
 0.67221478 0.34273284 0.70941795 0.30863189 0.31230919 0.65611679
 1.        ]
295 29.729512704176653 [0.30267652 0.26084092 0.3138277  0.29562347 0.28910575 0.30763009
 0.67260139 0.34310932 0.70955027 0.30877687 0.31228736 0.65587305
 1.        ]
296 31.0266048302323 [0.3023932  0.2605647  0.31371823 0.29519992 0.28910327 0.30783224
 0.67304321 0.34342007 0.70966972 0.30880363 0.31234345 0.65556762
 1.        ]
297 390.2302295743547 [0.30199233 0.26029196 0.313618   0.29474846 0.28894703 0.30783902
 0.67337119 0.3436187  0.70973727 0.30891249 0.31251303 0.65532774
 1.        ]
298 30.019917766117317 [0.3017023  0.25998798 0.31355299 0.29426308 0.2887736  0.30808676
 0.67371871 0.34419474 0.71010432 0.30908213 0.31247515 0.65502091
 1.        ]
299 422.6439113100072 [0.30133902 0.25982458 0.31336359 0.29389845 0.28851857 0.30848312
 0.6740193  0.344812   0.71040618 0.30908028 0.31235787 0.65469405
 1.        ]
300 35.884874856533564 [0.30098895 0.25948767 0.31304444 0.29362166 0.28831693 0.30842065
 0.67445077 0.34523562 0.71080398 0.30901696 0.31239834 0.65434098
 1.        ]
301 398.4680207298607 [0.30068777 0.25905616 0.312739   0.29332635 0.28825153 0.30824346
 0.67489586 0.3456776  0.71112084 0.30895246 0.31242175 0.65392113
 1.        ]
302 37.65728331780944 [0.30039517 0.25864375 0.31243503 0.29299462 0.28825758 0.30800981
 0.67515862 0.34623353 0.71141335 0.30889873 0.31248945 0.65362019
 1.        ]
303 31.36457648113076 [0.30032717 0.25804425 0.31214832 0.29272458 0.28810175 0.30769447
 0.67535025 0.34684679 0.71157501 0.30913981 0.31269508 0.6533421
 1.        ]
304 400.3294814775005 [0.30018738 0.25738931 0.31199017 0.29242999 0.28801561 0.30741807
 0.67541223 0.3474498  0.71167589 0.30920858 0.31292227 0.65334296
 1.        ]
305 41.83385552206886 [0.29999461 0.25683134 0.31188576 0.29218225 0.28807206 0.30737794
 0.67552095 0.34799301 0.7117528  0.30905118 0.31309474 0.6534196
 1.        ]
306 41.39047304677658 [0.30000599 0.25645038 0.31186581 0.29186587 0.28803156 0.30734599
 0.6754967  0.34867702 0.71186456 0.30886926 0.31338181 0.65335702
 1.        ]
307 33.03889032621559 [0.29996194 0.25615713 0.31194427 0.29147184 0.28789451 0.30734174
 0.6753982  0.34929621 0.71218592 0.30857492 0.31370596 0.65347518
 1.        ]
308 30.278013683842342 [0.29991597 0.25593784 0.31175852 0.29089482 0.28768974 0.30729065
 0.67570456 0.34975996 0.71242608 0.30825926 0.31404303 0.65342901
 1.        ]
309 31.65957377258313 [0.29998789 0.25561104 0.31161441 0.29043885 0.28758364 0.3069882
 0.67593628 0.35011975 0.7125215  0.30796844 0.31439378 0.65332594
 1.        ]
310 33.41886259899259 [0.3000901  0.25529819 0.31147974 0.28997073 0.28755553 0.30664149
 0.67613284 0.35024309 0.71258567 0.307579   0.31468818 0.653213
 1.        ]
311 39.04469209336168 [0.30019634 0.25480772 0.31133782 0.28965294 0.28747864 0.30612722
 0.67637122 0.35044858 0.71261223 0.30739008 0.31501692 0.65313653
 1.        ]
312 29.27320368638409 [0.30042232 0.25446165 0.31098869 0.28935541 0.28740155 0.30551541
 0.6766279  0.35075765 0.71267277 0.30718207 0.31532896 0.65284762
 1.        ]
313 31.98209196862802 [0.30070559 0.25406116 0.31086587 0.28915052 0.28741821 0.30488972
 0.67677227 0.35105444 0.71266516 0.30694323 0.31562208 0.65263984
 1.        ]
314 35.92297883945001 [0.30078548 0.25377321 0.31085836 0.28873216 0.28746507 0.30409614
 0.67690426 0.35170845 0.71267778 0.30645895 0.31595233 0.65235139
 1.        ]
315 41.93837064538047 [0.30079952 0.25359251 0.31101318 0.28828645 0.2873259  0.3033983
 0.67697008 0.35216864 0.71261276 0.30592707 0.31606517 0.65202734
 1.        ]
316 23.69158554432002 [0.30108985 0.25329677 0.31117215 0.28780115 0.28727993 0.30252298
 0.67695592 0.35265201 0.71281493 0.30554046 0.31606252 0.65167495
 1.        ]
317 28.71900678035817 [0.30132288 0.25293451 0.31110689 0.28738846 0.28731216 0.30174406
 0.67703086 0.35304007 0.71262475 0.30522222 0.31592823 0.65144669
 1.        ]
318 35.141627988870724 [0.30145589 0.25258356 0.31107824 0.28691345 0.28720534 0.30108001
 0.67703289 0.35349    0.71251192 0.30490078 0.31562445 0.65134929
 1.        ]
319 25.00499210785559 [0.30160021 0.25231882 0.3110873  0.28651182 0.28716779 0.30053895
 0.67716589 0.35385008 0.71247683 0.30465875 0.315408   0.65123991
 1.        ]
320 39.02410555612677 [0.30155445 0.25215744 0.31118616 0.28622487 0.28683288 0.30005831
 0.67716498 0.3543306  0.71268414 0.30451183 0.31510257 0.65124269
 1.        ]
321 34.02052763477789 [0.30160952 0.25206251 0.31122184 0.28610406 0.28676328 0.29993698
 0.67704401 0.35455915 0.71268126 0.3041812  0.31487704 0.65127198
 1.        ]
322 33.107634252942994 [0.30168547 0.25198702 0.31142732 0.28581635 0.28663958 0.29975416
 0.67668374 0.35475856 0.7128027  0.30397323 0.3147159  0.65139844
 1.        ]
323 32.47812397250211 [0.30155466 0.25197528 0.31178268 0.28564098 0.28664451 0.29962182
 0.67642375 0.35484805 0.7128866  0.30378709 0.31471975 0.65152361
 1.        ]
324 29.207446184813996 [0.30143193 0.2519746  0.31214722 0.28547928 0.28658018 0.29945342
 0.67630739 0.35494428 0.71307717 0.30365321 0.31474577 0.65159246
 1.        ]
325 31.546970452267125 [0.30143979 0.25204183 0.31255475 0.28529242 0.28647    0.29929416
 0.67635233 0.35509382 0.71337754 0.30342895 0.31495359 0.65163561
 1.        ]
326 24.615438329633925 [0.30154471 0.25212142 0.31293325 0.28502502 0.28647409 0.29902724
 0.67652778 0.35515942 0.71379316 0.3031297  0.3150093  0.65174786
 1.        ]
327 27.610955760727684 [0.30166224 0.25215875 0.31330939 0.28482447 0.28650742 0.29894992
 0.67657466 0.35497497 0.71425946 0.30280717 0.31522872 0.6517908
 1.        ]
328 31.11587272487974 [0.30165715 0.25226273 0.3136479  0.28468852 0.28646582 0.29878275
 0.67660874 0.3548385  0.71457233 0.3025485  0.315323   0.65177598
 1.        ]
329 413.86293495062137 [0.30177429 0.25247084 0.31393321 0.28455376 0.28654721 0.2986365
 0.67668081 0.35478363 0.71484646 0.30237152 0.31560568 0.6516819
 1.        ]
330 26.07434006085277 [0.30195588 0.25273644 0.31415727 0.28437279 0.2865654  0.29848731
 0.676778   0.354578   0.7149893  0.30218939 0.31577405 0.65149185
 1.        ]
331 22.307064145659258 [0.30196559 0.2531346  0.31415874 0.28418517 0.28637469 0.29847711
 0.67697398 0.35446244 0.71514223 0.30218815 0.31579134 0.65113654
 1.        ]
332 375.33757363214306 [0.30222282 0.25332435 0.31394817 0.28396898 0.28636311 0.29845876
 0.67723079 0.35430983 0.7152494  0.30225638 0.31577674 0.65084572
 1.        ]
333 26.191169297416515 [0.30235111 0.25335482 0.31379567 0.28370231 0.28638477 0.29815181
 0.67743159 0.35426302 0.71513283 0.3023586  0.31568029 0.65068469
 1.        ]
334 22.73029619813328 [0.30245905 0.25311397 0.31364246 0.28344744 0.28631251 0.29801455
 0.67789356 0.35439827 0.71497762 0.30266161 0.31566457 0.65055723
 1.        ]
335 24.643717508931594 [0.30226371 0.25288032 0.31358337 0.28306583 0.286191   0.29759022
 0.67767704 0.35440308 0.7144868  0.30287098 0.31545299 0.65057641
 1.        ]
336 29.35193612060425 [0.30183847 0.25275092 0.31349923 0.28278643 0.2859511  0.29713955
 0.67738431 0.35447966 0.71414849 0.30315664 0.31521677 0.65047392
 1.        ]
337 25.034152800403135 [0.30143404 0.25266011 0.31345192 0.28254664 0.28596026 0.2970048
 0.67717996 0.35460214 0.71423398 0.30362239 0.31481768 0.65027165
 1.        ]
338 36.2922401005429 [0.30105548 0.25256721 0.31351701 0.28237012 0.28617274 0.296727
 0.677065   0.35479101 0.71403549 0.3040401  0.31477241 0.64997616
 1.        ]
339 30.05779287750562 [0.30068498 0.25260255 0.31354804 0.28225763 0.28630985 0.29647217
 0.67682939 0.35502145 0.71395012 0.30440075 0.31480573 0.6496129
 1.        ]
340 27.95166744782816 [0.30024363 0.25258913 0.31354765 0.28210814 0.28645975 0.29599222
 0.67667514 0.35522608 0.71386684 0.30479223 0.31493822 0.64914927
 1.        ]
341 23.34961779059588 [0.29994671 0.25254595 0.31341606 0.28221351 0.28657057 0.29553002
 0.67635495 0.3553337  0.71380873 0.30521933 0.31497242 0.64880766
 1.        ]
342 26.427174035587655 [0.29964895 0.25253552 0.31344028 0.28228348 0.2867016  0.29520534
 0.67584238 0.35544299 0.71356103 0.30557338 0.31482167 0.64841831
 1.        ]
343 25.872645720126993 [0.29934559 0.25245315 0.3132688  0.28244097 0.28708197 0.29498916
 0.67536869 0.35572248 0.71323186 0.30602083 0.31454108 0.64811588
 1.        ]
344 29.44026547119717 [0.2988773  0.25239853 0.31309867 0.28253237 0.28730166 0.2947143
 0.67497625 0.35601898 0.71282108 0.30625749 0.31436574 0.64784903
 1.        ]
345 25.412418071075983 [0.29858943 0.25230829 0.31315016 0.28253453 0.28749798 0.29435645
 0.67455555 0.35637207 0.71261182 0.30650357 0.31438706 0.64760656
 1.        ]
346 24.793290272156668 [0.29856857 0.25220611 0.3131448  0.28259722 0.28757569 0.29416125
 0.6742215  0.35677891 0.712441   0.30680817 0.31456628 0.64734688
 1.        ]
347 25.810185282508414 [0.29858707 0.25224703 0.31310776 0.28262067 0.28769024 0.29401214
 0.67405188 0.35714561 0.71250728 0.30716101 0.31486098 0.64701809
 1.        ]
348 22.169771095856614 [0.29868853 0.25224726 0.312946   0.28262121 0.28780748 0.29400509
 0.67403416 0.35748128 0.71244792 0.30745933 0.31512382 0.64670459
 1.        ]
349 21.13950064002365 [0.29862889 0.25223376 0.312796   0.28256934 0.28809162 0.29394454
 0.67399814 0.35786855 0.71248523 0.30767187 0.31539511 0.64629647
 1.        ]
350 27.454351274440263 [0.29878611 0.25234195 0.31223862 0.28241049 0.288209   0.29389056
 0.67388149 0.35841667 0.71244014 0.30797531 0.31539548 0.64585055
 1.        ]
351 21.872618262861913 [0.29900566 0.25242427 0.31177324 0.28239928 0.28819341 0.29383684
 0.67358777 0.35894047 0.71239649 0.30841692 0.31534664 0.64549415
 1.        ]
352 23.857162136139664 [0.29919857 0.25250384 0.31122057 0.28247965 0.28823272 0.29368712
 0.67341938 0.35932498 0.71216888 0.30901296 0.31541462 0.64515247
 1.        ]
353 23.21658283247027 [0.29939782 0.25254696 0.3106007  0.28260367 0.2882681  0.2936517
 0.67341141 0.35985546 0.71193064 0.30946494 0.3153758  0.64483112
 1.        ]
354 23.352387829594534 [0.29968347 0.25266917 0.309782   0.2828001  0.28816556 0.29361516
 0.67329758 0.36034605 0.71174462 0.30996103 0.31500109 0.64440805
 1.        ]
355 20.93399629154859 [0.29986171 0.25284281 0.30929763 0.28308583 0.28801487 0.29371122
 0.67312785 0.36075255 0.71172921 0.31073454 0.31473799 0.64392731
 1.        ]
356 23.12141249102119 [0.3001448  0.25299347 0.30884328 0.2833884  0.28785647 0.29372166
 0.67314742 0.3611616  0.71172672 0.31139198 0.31447134 0.64351504
 1.        ]
357 20.421607940353248 [0.30051092 0.2531236  0.30831974 0.28355644 0.28758762 0.29384248
 0.67335224 0.36166188 0.71166182 0.31200512 0.31416739 0.64309587
 1.        ]
358 25.4635488758764 [0.3009832  0.25319001 0.30785998 0.28358392 0.28739385 0.29393993
 0.67334924 0.36225089 0.71159716 0.31258067 0.3138725  0.64284542
 1.        ]
359 24.505623386552152 [0.30145368 0.25331533 0.30748263 0.28376131 0.28717567 0.29406322
 0.67334668 0.36280387 0.7114599  0.31313187 0.31363081 0.64262831
 1.        ]
360 20.590604446646267 [0.30176969 0.25344205 0.30700808 0.28392713 0.28683777 0.29441696
 0.67331925 0.36328193 0.71136745 0.31374799 0.31349181 0.64249351
 1.        ]
361 23.330271155192335 [0.30201154 0.25355928 0.30657322 0.28398113 0.28620798 0.29469465
 0.673372   0.36359328 0.7112314  0.31442612 0.31322366 0.64246402
 1.        ]
362 22.782097893569972 [0.30246809 0.25373156 0.30611316 0.28395142 0.28564025 0.29473491
 0.67336197 0.36385879 0.71114177 0.3151016  0.3129959  0.64254422
 1.        ]
363 23.861826641106262 [0.30290507 0.25390449 0.30572086 0.28379282 0.2850557  0.29473948
 0.67344209 0.36419636 0.71107495 0.31572777 0.31272905 0.64260628
 1.        ]
364 23.56545538392359 [0.30316293 0.25397123 0.30512902 0.28370497 0.28471755 0.2945996
 0.6736497  0.36457088 0.71106584 0.31628538 0.31260602 0.64266293
 1.        ]
365 23.88903638165514 [0.30338543 0.25417819 0.30466238 0.28365155 0.284399   0.29436106
 0.67415545 0.36499861 0.71093596 0.31695847 0.31247316 0.64277874
 1.        ]
366 22.571475765421834 [0.30336529 0.25434232 0.30408292 0.28377274 0.28396192 0.29405712
 0.67467118 0.36535195 0.71087427 0.31758965 0.31249234 0.64285977
 1.        ]
367 27.08465184760273 [0.3032361  0.2545872  0.30355118 0.28390547 0.2835821  0.29385554
 0.67495391 0.36562078 0.71095133 0.31813375 0.31255936 0.64281268
 1.        ]
368 22.392570877583232 [0.30277939 0.25481602 0.30306406 0.28397766 0.2833253  0.29374364
 0.67513486 0.36583632 0.71109687 0.31862443 0.31264015 0.64274912
 1.        ]
369 22.27212688079824 [0.30244333 0.25499273 0.30259715 0.28407241 0.28304712 0.29343132
 0.67518354 0.36607205 0.71136909 0.31889489 0.31255832 0.64259741
 1.        ]
370 22.720985981283896 [0.30200864 0.25534233 0.30210596 0.28426778 0.28292174 0.29320477
 0.67508713 0.36632657 0.71163157 0.31907321 0.31260156 0.64245621
 1.        ]
371 22.997683167551166 [0.30169131 0.25564958 0.30165408 0.28449114 0.28281391 0.29283868
 0.67510861 0.36664406 0.71208383 0.31922273 0.31276355 0.64233466
 1.        ]
372 22.82805837356458 [0.30107517 0.25597693 0.30118097 0.2847508  0.28275071 0.29263965
 0.67517921 0.36747485 0.7123571  0.3194645  0.31312136 0.64218633
 1.        ]
373 17.635844470401143 [0.30050468 0.2563587  0.30074013 0.28506225 0.28250455 0.29255296
 0.67513925 0.36808347 0.71268581 0.31977371 0.31354426 0.64214967
 1.        ]
374 25.828934456360617 [0.30007258 0.25646683 0.30033284 0.28525647 0.2823815  0.29240097
 0.67522308 0.36883542 0.71283678 0.31984146 0.31402542 0.64214258
 1.        ]
375 22.9474703338153 [0.29956136 0.25660393 0.29996458 0.28539619 0.28228432 0.29216924
 0.67516919 0.36944443 0.71297199 0.31996049 0.31442162 0.64215684
 1.        ]
376 396.90366376960026 [0.29915677 0.2567746  0.2995321  0.2855266  0.28204511 0.2920328
 0.67523729 0.36998754 0.71308181 0.32009356 0.31455953 0.64202947
 1.        ]
377 20.574095111846873 [0.29882541 0.25678499 0.29933837 0.28577009 0.28196071 0.29188375
 0.67531459 0.37037902 0.71318485 0.32024121 0.31474416 0.6420037
 1.        ]
378 17.197032132318345 [0.29865445 0.25672873 0.29920511 0.28593162 0.28188067 0.29183539
 0.67536211 0.37086995 0.71328037 0.32045595 0.31495355 0.64193689
 1.        ]
379 20.89984983799861 [0.29861315 0.25657647 0.29911756 0.28606026 0.28184927 0.29166182
 0.67553159 0.37130426 0.71343322 0.32064801 0.31509883 0.64193225
 1.        ]
380 21.435729251496618 [0.2985913  0.25650698 0.29917836 0.28611732 0.28189027 0.2915854
 0.67590442 0.37178971 0.71373087 0.32060717 0.31536057 0.64185452
 1.        ]
381 20.91128181829977 [0.29843301 0.25639284 0.29929909 0.28609661 0.2819109  0.29148217
 0.67628334 0.37206874 0.7140402  0.32059959 0.31551233 0.64179321
 1.        ]
382 19.121644024478165 [0.29818289 0.25636028 0.29940547 0.28615179 0.28204228 0.29123231
 0.67672847 0.37247911 0.71443835 0.32038831 0.31554092 0.64170705
 1.        ]
383 23.100810153620763 [0.29804646 0.25624899 0.29951899 0.28643277 0.28194215 0.29080238
 0.67710025 0.37303802 0.71479591 0.32040292 0.31563517 0.64170961
 1.        ]
384 21.18972408607836 [0.29775354 0.25612766 0.29959072 0.28661515 0.28167638 0.29028188
 0.67748895 0.37347815 0.71479297 0.32052097 0.31594718 0.6417324
 1.        ]
385 22.519188215504528 [0.29734124 0.25592603 0.29964288 0.28673373 0.28136268 0.28985976
 0.67778616 0.37396359 0.7148408  0.32030692 0.31608702 0.64181507
 1.        ]
386 17.46810915554388 [0.29684925 0.25580725 0.29958667 0.28687151 0.28084264 0.28940024
 0.67797019 0.37422381 0.71488737 0.32003285 0.31623013 0.64181429
 1.        ]
387 23.748415584150973 [0.29631354 0.25571066 0.299459   0.28710478 0.28035155 0.28880626
 0.67829363 0.37456086 0.715192   0.31972365 0.31643722 0.64174447
 1.        ]
388 369.4955332547001 [0.29586008 0.25546512 0.2994566  0.28719586 0.27986917 0.28832884
 0.67824746 0.37495266 0.71556659 0.31967242 0.31665899 0.64169841
 1.        ]
389 21.805579125256514 [0.29530503 0.25510137 0.2994876  0.28736947 0.27963601 0.28784429
 0.67804252 0.37519542 0.71602633 0.31966284 0.31673963 0.64182973
 1.        ]
390 22.313664424791476 [0.29492716 0.25477833 0.2994417  0.2873763  0.27957271 0.28733183
 0.67793564 0.37553989 0.71630535 0.3196692  0.31672575 0.64195261
 1.        ]
391 24.067791997535505 [0.29467126 0.25452277 0.29930031 0.28727874 0.27951912 0.28680623
 0.67793253 0.37588224 0.71671676 0.31962582 0.31671453 0.64216071
 1.        ]
392 19.997059929755842 [0.29455507 0.25420533 0.29914889 0.28717575 0.27940591 0.28644446
 0.67787521 0.37629544 0.71714036 0.31939584 0.3166595  0.64231693
 1.        ]
393 20.617144774115182 [0.29464704 0.25387806 0.29887022 0.28713411 0.27921727 0.28609554
 0.67780159 0.37644801 0.71745726 0.31920065 0.3168142  0.64245509
 1.        ]
394 18.886411498746494 [0.29447934 0.25369188 0.29865754 0.28709701 0.27904548 0.28580675
 0.67782625 0.37635046 0.71755723 0.31921932 0.31682942 0.64261554
 1.        ]
395 21.061674089984244 [0.29460115 0.25356003 0.29832157 0.28705262 0.27897446 0.2856704
 0.67797026 0.37607837 0.71755826 0.31918096 0.31677364 0.64276155
 1.        ]
396 22.064725543853143 [0.29466846 0.25351332 0.2979351  0.28703343 0.27890603 0.28542555
 0.67804297 0.37587449 0.71755166 0.31919814 0.3167168  0.64287368
 1.        ]
397 20.890145792307784 [0.29472235 0.25348572 0.29766658 0.287039   0.27873015 0.2851739
 0.67796429 0.37557951 0.7176405  0.31926262 0.31672321 0.64291927
 1.        ]
398 17.633747759297034 [0.29480541 0.25332275 0.2972919  0.28718229 0.27860949 0.28500399
 0.6779456  0.3755779  0.71771946 0.31921744 0.31688486 0.64304222
 1.        ]
399 17.77052842103356 [0.29484257 0.25325737 0.29694073 0.28724397 0.27858542 0.28484136
 0.6777384  0.37564055 0.7178396  0.31916047 0.31704942 0.64324063
 1.        ]
400 18.656742728139236 [0.29502422 0.25328797 0.29661809 0.28738949 0.27841586 0.28469944
 0.67741987 0.37562346 0.71812769 0.31916165 0.31709865 0.64330007
 1.        ]
401 26.638431220924915 [0.29522799 0.25337058 0.29645619 0.28737639 0.27827467 0.284273
 0.67722706 0.37560483 0.71845977 0.31928277 0.31709294 0.64333686
 1.        ]
402 15.97617146382784 [0.29540167 0.2534814  0.29637454 0.28732213 0.27810936 0.28391049
 0.67674808 0.37558581 0.71893876 0.31929587 0.31723063 0.64344024
 1.        ]
403 18.358196089358792 [0.29570877 0.25366209 0.29628606 0.28725752 0.27780103 0.28373134
 0.67635658 0.37589913 0.71944812 0.31918944 0.31737053 0.64363385
 1.        ]
404 17.348208470657188 [0.29594273 0.25368691 0.29594655 0.28735341 0.27735008 0.28365032
 0.67592144 0.37635507 0.71989982 0.31903733 0.31748405 0.64390029
 1.        ]
405 20.07011894277303 [0.29614493 0.25389239 0.29580004 0.28734818 0.27703917 0.28364309
 0.67532106 0.3765231  0.72005371 0.31890415 0.31767023 0.64416029
 1.        ]
406 20.5755177650272 [0.2963906  0.25410654 0.29585683 0.2871746  0.27687621 0.28359128
 0.67467399 0.37670751 0.71942795 0.31890064 0.31779044 0.64442959
 1.        ]
407 18.77601192630545 [0.29647666 0.2540481  0.295615   0.28701457 0.2766225  0.2836052
 0.67403093 0.37701101 0.71861066 0.31888495 0.31769602 0.64458651
 1.        ]
408 21.245740187129684 [0.29661844 0.25380586 0.29525758 0.28686322 0.2764389  0.28375939
 0.67343233 0.37714359 0.71773659 0.31896475 0.31773324 0.64483199
 1.        ]
409 15.61703324125607 [0.29660055 0.25357608 0.29498584 0.28661989 0.27632504 0.28383736
 0.67289073 0.37730095 0.71702943 0.31905114 0.31789079 0.64509054
 1.        ]
410 22.717194985604618 [0.29652297 0.25324846 0.29488426 0.28641263 0.27631294 0.28401557
 0.67242747 0.37737486 0.71652243 0.31907052 0.31808917 0.64531029
 1.        ]
411 18.754056827775173 [0.29658976 0.25294798 0.29488738 0.28604133 0.27633164 0.28432372
 0.6718925  0.37722014 0.71593658 0.31883995 0.3180565  0.64573646
 1.        ]
412 22.16031419974579 [0.2966082  0.25266361 0.29495042 0.28552073 0.27636862 0.28451762
 0.67133445 0.37714239 0.7154809  0.31867926 0.31820454 0.64601725
 1.        ]
413 17.443046868630013 [0.2965628  0.25255134 0.29489532 0.28501616 0.27648679 0.28471225
 0.67096032 0.37701553 0.71504155 0.31858353 0.31827104 0.64622322
 1.        ]
414 20.948545235178976 [0.29643837 0.25247644 0.29492843 0.28468817 0.27664007 0.28488767
 0.67073005 0.37695889 0.71459302 0.31825438 0.31832    0.64653477
 1.        ]
415 20.369989660423148 [0.29638174 0.25248658 0.2949945  0.28427108 0.27679626 0.28499392
 0.67052861 0.37681023 0.71428876 0.31785962 0.31827137 0.64695457
 1.        ]
416 21.96509159201704 [0.29622949 0.2524652  0.29510131 0.28396874 0.27689446 0.28500104
 0.67036139 0.37666261 0.71401958 0.31758424 0.31831413 0.64730995
 1.        ]
417 17.995086181893555 [0.29599826 0.25247374 0.2950785  0.28371835 0.27709343 0.28516957
 0.67023818 0.37647622 0.71377161 0.31730388 0.3181949  0.64757727
 1.        ]
418 363.3973509230658 [0.29564166 0.25241273 0.29492489 0.28339376 0.27724457 0.28543594
 0.67014299 0.37634243 0.71340799 0.31701422 0.31792987 0.64791005
 1.        ]
419 19.668110801926183 [0.29543894 0.25242001 0.29471332 0.28290409 0.27732754 0.28577651
 0.67005553 0.37615379 0.71303574 0.31662723 0.3176941  0.6483086
 1.        ]
420 21.03787912768138 [0.29520925 0.25244394 0.29445429 0.28241398 0.27722669 0.28609866
 0.66993823 0.37614163 0.71272406 0.31617813 0.3173661  0.64874587
 1.        ]
421 20.92834043438944 [0.29509825 0.2526606  0.29420725 0.28187773 0.27710993 0.28650935
 0.66995041 0.37627915 0.71243788 0.31575258 0.31698599 0.64918706
 1.        ]
422 19.166794316558914 [0.29497393 0.25284555 0.29389636 0.28142353 0.27692701 0.28695961
 0.66981659 0.37626386 0.71225671 0.31536443 0.31680473 0.64955761
 1.        ]
423 16.3443890740767 [0.29455231 0.25308004 0.2936358  0.28107357 0.27677616 0.28732923
 0.66972119 0.37618858 0.71201495 0.31498809 0.31655528 0.64981304
 1.        ]
424 20.261524743504445 [0.2942796  0.25335438 0.2933577  0.28072164 0.2766198  0.28769408
 0.66967202 0.37625768 0.71187323 0.31459704 0.31635361 0.65009458
 1.        ]
425 17.347673452053527 [0.2940534  0.25361673 0.29315585 0.28042711 0.27652198 0.28795048
 0.66972358 0.37640263 0.71177915 0.31414236 0.31603942 0.65034299
 1.        ]
426 21.44967633352891 [0.29386718 0.25384993 0.29291426 0.28024532 0.27636881 0.28816195
 0.66986205 0.37655562 0.71178364 0.3136866  0.31562729 0.6505715
 1.        ]
427 16.48112386148549 [0.29370929 0.25406884 0.29276178 0.28019344 0.27626416 0.2881095
 0.67002175 0.3764389  0.71160115 0.31340374 0.31514302 0.65077627
 1.        ]
428 18.15312809702716 [0.29351007 0.25431116 0.29256003 0.28020949 0.27618685 0.28824731
 0.67023601 0.37656706 0.71148725 0.3130864  0.3147095  0.65085906
 1.        ]
429 18.287592207799392 [0.29316925 0.25473299 0.29238488 0.2801432  0.27598901 0.28842624
 0.6703953  0.37682941 0.7108548  0.31264095 0.31432686 0.65111438
 1.        ]
430 23.189356223122928 [0.29277726 0.25499274 0.29219124 0.28002246 0.2757848  0.28856643
 0.67041222 0.37700343 0.7103486  0.31240697 0.31415346 0.65115747
 1.        ]
431 20.783299329337147 [0.29264247 0.25532566 0.29222563 0.27989431 0.27552348 0.28877712
 0.67034153 0.37716967 0.70989527 0.31205748 0.31403109 0.65119336
 1.        ]
432 17.344457069731906 [0.2924041  0.25575778 0.29223759 0.27992016 0.27549706 0.28892886
 0.67026291 0.3773065  0.7094859  0.31179092 0.31378738 0.65129768
 1.        ]
433 15.564120703091934 [0.29203847 0.2560644  0.29217193 0.2800387  0.27551186 0.28914632
 0.67018201 0.37765771 0.70903989 0.31164487 0.31369232 0.65142612
 1.        ]
434 15.38175468971543 [0.2916933  0.25656513 0.29202358 0.28001663 0.27547345 0.28932869
 0.66988995 0.37792848 0.70874811 0.31148863 0.31372343 0.65147952
 1.        ]
435 19.125281721692094 [0.29154535 0.25707434 0.2919604  0.27999533 0.27545411 0.28947004
 0.66956964 0.37820231 0.70857055 0.31126032 0.3137191  0.65162575
 1.        ]
436 23.536535693726485 [0.29142416 0.2576368  0.29195214 0.27998476 0.27545588 0.28968321
 0.66932842 0.37844453 0.70851428 0.31111627 0.31372311 0.65175889
 1.        ]
437 23.755426905567326 [0.29105832 0.25809348 0.29184863 0.28001718 0.27545678 0.28990364
 0.66919973 0.378674   0.70852141 0.31100347 0.31385294 0.65193064
 1.        ]
438 19.64878779230243 [0.29075788 0.25855491 0.29166836 0.28005923 0.27553092 0.28999566
 0.66911254 0.37888575 0.70860965 0.31086839 0.31389593 0.65205009
 1.        ]
439 19.850930153124835 [0.29055407 0.25891253 0.29150899 0.28011839 0.27559584 0.28993744
 0.66891678 0.37919425 0.70867522 0.31073786 0.31395379 0.65210537
 1.        ]
440 19.1147492489784 [0.29038442 0.25914257 0.29136049 0.27992786 0.27576268 0.28978262
 0.66868525 0.37962296 0.70870695 0.31058958 0.3140618  0.65208786
 1.        ]
441 20.26237659475143 [0.29019468 0.25937281 0.29113474 0.27985708 0.27593118 0.28949088
 0.66845206 0.38003758 0.70856838 0.31064611 0.31396628 0.6521317
 1.        ]
442 22.14292468594283 [0.29006287 0.25968377 0.29096199 0.27978314 0.27598563 0.28926207
 0.66817087 0.38043884 0.70845732 0.31064345 0.3139628  0.65217321
 1.        ]
443 20.012936920517298 [0.28982601 0.25993196 0.29075906 0.27983311 0.27599423 0.28903316
 0.66784589 0.3807365  0.70849692 0.31069141 0.31386463 0.65222487
 1.        ]
444 17.489491671790894 [0.28960707 0.2603281  0.29060112 0.27987358 0.27612603 0.28886022
 0.66766892 0.3811625  0.70856313 0.31075092 0.31386614 0.6522606
 1.        ]
445 21.37514175903731 [0.28943774 0.26075628 0.29052168 0.27995886 0.27607006 0.28868867
 0.66744585 0.38160155 0.70850359 0.31079606 0.31406582 0.65226596
 1.        ]
446 20.96884007882344 [0.28939229 0.26102997 0.29043886 0.2800425  0.27604604 0.28867395
 0.66726508 0.38204574 0.7084765  0.31085729 0.31400771 0.65215126
 1.        ]
447 21.444497674134638 [0.28925922 0.2612179  0.29017351 0.28016018 0.27599034 0.28833386
 0.66693549 0.3824214  0.70864511 0.31102886 0.3137659  0.65214586
 1.        ]
448 17.404394767133105 [0.2891599  0.26134339 0.28993116 0.28034634 0.27597922 0.2880129
 0.6666574  0.38270324 0.70873539 0.31130034 0.31343334 0.65214535
 1.        ]
449 14.539344148262954 [0.28930361 0.26111751 0.28970478 0.28063651 0.27575122 0.28765491
 0.66645668 0.38311641 0.70884348 0.31153645 0.31321419 0.652059
 1.        ]
450 17.500310364198477 [0.28937236 0.26095618 0.28944532 0.28092442 0.27561746 0.28735339
 0.66624221 0.38348687 0.70908692 0.31179535 0.31301675 0.65191615
 1.        ]
451 19.72262272747334 [0.28952761 0.26082769 0.28932936 0.2811134  0.27554444 0.28705784
 0.66605891 0.38380101 0.70933095 0.31213349 0.31297351 0.65179634
 1.        ]
452 17.94906676855097 [0.28942555 0.26081004 0.28931131 0.28104742 0.27537486 0.28684631
 0.6658324  0.38417615 0.70939276 0.31261315 0.31266575 0.65172029
 1.        ]
453 396.00382574129156 [0.28946047 0.2608709  0.28934411 0.2810342  0.2750688  0.28668086
 0.66551673 0.38443172 0.70918017 0.31305226 0.3123836  0.65157939
 1.        ]
454 21.988305062073355 [0.28942862 0.26094326 0.28925237 0.28102718 0.2747029  0.28659308
 0.66523125 0.38486894 0.7090288  0.3133201  0.31223379 0.6514725
 1.        ]
455 14.661117477446595 [0.28942596 0.26100877 0.28917584 0.28095994 0.27439086 0.28646928
 0.66495867 0.38512579 0.70892535 0.31345091 0.31213139 0.65142345
 1.        ]
456 19.755369260390815 [0.28951583 0.26112316 0.28900028 0.2808846  0.27403756 0.28635206
 0.66463449 0.38538908 0.70878688 0.31366032 0.31213095 0.65142582
 1.        ]
457 18.406741822345015 [0.28953046 0.26143853 0.28861608 0.28075169 0.27374422 0.28604464
 0.66426955 0.38575771 0.70870205 0.31377524 0.31203863 0.65155821
 1.        ]
458 18.9788080097774 [0.28944076 0.26171389 0.28826397 0.28068681 0.27343819 0.28596727
 0.66399224 0.38573947 0.70885101 0.31399409 0.3119837  0.65169736
 1.        ]
459 18.918168807479624 [0.28929927 0.2618885  0.28795578 0.28062345 0.27318751 0.28602908
 0.66373466 0.38578415 0.70885256 0.31431412 0.31185962 0.65172806
 1.        ]
460 19.43144686886863 [0.28915115 0.2621354  0.28768107 0.28055174 0.27298413 0.28607882
 0.66348417 0.38595476 0.70891655 0.31464494 0.31161492 0.65174447
 1.        ]
461 15.494738376452563 [0.28899656 0.26252155 0.28738863 0.28038581 0.27276091 0.28609361
 0.66319204 0.38624541 0.70908401 0.3150464  0.31149421 0.65174031
 1.        ]
462 16.92071682022067 [0.2889466  0.26280793 0.28707841 0.28022061 0.27265233 0.28615034
 0.66304329 0.38651465 0.70912216 0.31538406 0.31159088 0.6515606
 1.        ]
463 21.8131779875689 [0.28902776 0.2631674  0.28677566 0.28004223 0.27257662 0.28624745
 0.66295881 0.38661417 0.70909868 0.31576681 0.31172816 0.65146853
 1.        ]
464 23.321750566722876 [0.28920361 0.26351412 0.28649924 0.27978963 0.27237647 0.28640966
 0.66288762 0.3867568  0.70906524 0.31596503 0.31181995 0.65136859
 1.        ]
465 21.643328472913907 [0.28929012 0.26381668 0.28623139 0.27960593 0.27237316 0.28645699
 0.66296265 0.38687896 0.70917496 0.31603665 0.31194633 0.65130897
 1.        ]
466 17.688213868229806 [0.28943902 0.26414619 0.2861192  0.27943249 0.27239435 0.28638439
 0.66295532 0.38697552 0.70930238 0.31613814 0.31199388 0.65132716
 1.        ]
467 17.421277400108412 [0.2896649  0.26468663 0.28577214 0.27923633 0.27229238 0.28630293
 0.6629172  0.38707498 0.70927633 0.31623403 0.31222874 0.6514087
 1.        ]
468 17.37279028878008 [0.28984832 0.26517518 0.28560497 0.27917518 0.27213586 0.28617258
 0.66287929 0.38717761 0.70936571 0.31629857 0.31245975 0.65147975
 1.        ]
469 20.692421678237956 [0.29000663 0.26555166 0.28546206 0.27907479 0.27195195 0.2860441
 0.66290906 0.38727235 0.70944301 0.3164842  0.31271235 0.65161396
 1.        ]
470 15.94920934834659 [0.29020797 0.26597122 0.28537146 0.2790927  0.27177152 0.28597031
 0.66288737 0.38716266 0.7093695  0.31657629 0.31301724 0.65168251
 1.        ]
471 16.34576059069043 [0.29044634 0.26630907 0.28522891 0.27895792 0.27151395 0.28591214
 0.66303223 0.38715149 0.70939514 0.31675074 0.313161   0.65166082
 1.        ]
472 19.308373557929315 [0.29059569 0.2664721  0.28503223 0.27881385 0.27141913 0.28584544
 0.66320016 0.3872542  0.70939348 0.31688102 0.31321071 0.65163631
 1.        ]
473 16.363686396036776 [0.2907305  0.26670804 0.28474932 0.27856715 0.27128682 0.28584808
 0.6634352  0.3873434  0.70937424 0.31703121 0.31326387 0.65165613
 1.        ]
474 18.641415199128907 [0.2909189  0.2670008  0.28442626 0.27822342 0.27113792 0.28575481
 0.66351285 0.38740588 0.70940683 0.31724951 0.31342132 0.65147598
 1.        ]
475 17.114984011583637 [0.29101542 0.26730479 0.28402359 0.27784806 0.27110366 0.28569499
 0.66365087 0.38746743 0.70941295 0.31742309 0.3134149  0.65142073
 1.        ]
476 13.0192185773369 [0.29118324 0.26749933 0.28372717 0.27748453 0.2710629  0.28567949
 0.66377369 0.3874813  0.70945415 0.31756614 0.31341872 0.65139504
 1.        ]
477 14.818672461412717 [0.29141364 0.2677727  0.28333733 0.27710533 0.27105093 0.28552443
 0.66391103 0.38739747 0.70949304 0.31759471 0.31338461 0.65146212
 1.        ]
478 14.261227474485588 [0.29167309 0.26750688 0.28288351 0.27672969 0.27112213 0.28535263
 0.66403105 0.38746165 0.70951089 0.31752965 0.3133525  0.65156287
 1.        ]
479 16.799198350339644 [0.29193118 0.26738336 0.28239438 0.27643206 0.27120905 0.28514887
 0.66419317 0.38734324 0.70954336 0.31745602 0.31338848 0.65160443
 1.        ]
480 15.158367995277665 [0.2921442  0.26727207 0.28198445 0.27606217 0.27101621 0.28492085
 0.66435414 0.38736181 0.70948815 0.3172738  0.31350213 0.65176218
 1.        ]
481 14.107451603557006 [0.29239009 0.26698852 0.28155447 0.27572007 0.27071985 0.28456838
 0.6644152  0.38729048 0.70944672 0.31717407 0.31339132 0.65191927
 1.        ]
482 17.023404415188924 [0.2926492  0.26672646 0.28112053 0.27545228 0.27028411 0.28411152
 0.66453274 0.38706519 0.70933208 0.31712937 0.31334663 0.65204809
 1.        ]
483 15.953121074476298 [0.29284566 0.26658365 0.28065815 0.27518449 0.26965131 0.28368638
 0.66463246 0.38695672 0.70917156 0.31719062 0.31343578 0.65210473
 1.        ]
484 16.269085817834913 [0.29306715 0.26644749 0.28020185 0.27502128 0.26906    0.28349275
 0.66468666 0.38678338 0.70908456 0.31729994 0.31343664 0.65209977
 1.        ]
485 14.646121027639081 [0.29322402 0.26640752 0.27986157 0.27496002 0.26847015 0.2833969
 0.66481459 0.38646866 0.70892867 0.31723424 0.31347809 0.65212535
 1.        ]
486 14.432020357290611 [0.29342695 0.26649252 0.27956246 0.27480042 0.26799312 0.28338506
 0.66485998 0.3861641  0.70873882 0.31715353 0.31348467 0.65224459
 1.        ]
487 17.143880775713974 [0.29357062 0.26644639 0.27934973 0.27466832 0.26766413 0.28341481
 0.66492506 0.38589739 0.70876104 0.31697664 0.31358135 0.65241096
 1.        ]
488 14.237479454823372 [0.29372623 0.26609624 0.27932673 0.27464005 0.26727883 0.28355742
 0.66490497 0.38562793 0.70876935 0.31671935 0.31352349 0.65259317
 1.        ]
489 16.007558672291186 [0.29387553 0.26567729 0.27924169 0.27466733 0.26685584 0.28376732
 0.66500563 0.38526244 0.70887869 0.31649745 0.31329917 0.65266449
 1.        ]
490 15.720395193675518 [0.29396242 0.26536692 0.27909996 0.27453357 0.26635928 0.28415246
 0.6650867  0.38495651 0.70888646 0.31624219 0.31312504 0.65273406
 1.        ]
491 16.173925786860938 [0.29398925 0.26522486 0.27889461 0.27441741 0.26596377 0.28452667
 0.66524247 0.38469148 0.70891587 0.31594376 0.31253649 0.65265978
 1.        ]
492 13.924813048713105 [0.2939852  0.26531911 0.27874624 0.27419625 0.26555588 0.2848111
 0.66533788 0.38439949 0.70891696 0.31572014 0.31217378 0.65260533
 1.        ]
493 12.13709903798948 [0.29384511 0.26538628 0.27857135 0.27404342 0.26515747 0.28511661
 0.66537113 0.38400488 0.70896352 0.31548882 0.31197263 0.6525841
 1.        ]
494 16.317129775027592 [0.29383456 0.2655191  0.2783275  0.27395594 0.26482835 0.28530574
 0.66533683 0.38377016 0.70907781 0.31517083 0.31182402 0.65262082
 1.        ]
495 12.686560696640363 [0.29387677 0.26561999 0.27814071 0.27388977 0.26446947 0.2855928
 0.66524082 0.38377037 0.70918815 0.31483333 0.31168443 0.65260948
 1.        ]
496 15.704005743589178 [0.29399572 0.26558426 0.27791549 0.27374381 0.26423309 0.28579978
 0.66512919 0.38389975 0.70936027 0.31439089 0.31155537 0.6524845
 1.        ]
497 15.454816557405742 [0.29415851 0.2655133  0.27767365 0.27365603 0.26412968 0.28574732
 0.66499891 0.3838561  0.7095333  0.31418452 0.31153396 0.65240992
 1.        ]
498 17.047444352897596 [0.29399713 0.26547044 0.27740201 0.27362834 0.26405355 0.28545664
 0.66487272 0.38396293 0.70966569 0.31405794 0.31150209 0.65234463
 1.        ]
499 15.784414225978754 [0.29387835 0.26539535 0.27715631 0.2737179  0.26387563 0.28526496
 0.66469766 0.38414314 0.70980617 0.31392359 0.31148507 0.6522376
 1.        ]
