0 576.2902196058355 [1.         0.29915618 0.30196896 0.29915616 0.30103135 0.30103135
 0.30103135 1.         0.30196895 0.29728097 0.29915616 1.        ]
1 233.65203611684535 [1.         0.29868639 0.30302708 0.29849973 0.29918038 0.30294689
 0.30419717 1.         0.30376711 0.29751289 0.29752692 1.        ]
2 213.9556717648582 [1.         0.29698523 0.30253482 0.29857544 0.298701   0.3039615
 0.30686662 1.         0.30498032 0.29742888 0.29548075 1.        ]
3 985.7446942549252 [1.         0.29536326 0.30165641 0.29860978 0.29801403 0.30449176
 0.30841931 1.         0.30573311 0.29657984 0.29369777 1.        ]
4 251.298407374436 [1.         0.29448016 0.30032721 0.29985345 0.29660779 0.3055676
 0.30944982 1.         0.30627095 0.29557876 0.29283435 1.        ]
5 1628.156662739734 [1.         0.29400363 0.29960499 0.30074352 0.29567815 0.30638915
 0.31013913 1.         0.3073206  0.2951687  0.29234409 1.        ]
6 1620.9669006741465 [1.         0.29404688 0.29921202 0.30149335 0.2952031  0.30631778
 0.31090808 1.         0.30839857 0.29485384 0.29221792 1.        ]
7 1277.9897164742251 [1.         0.29359265 0.29861571 0.30191356 0.2948413  0.30649938
 0.31096091 1.         0.30935125 0.29463546 0.29187904 1.        ]
8 2005.8804849232117 [1.         0.29349125 0.29845971 0.30132135 0.29441313 0.30657007
 0.31119033 1.         0.30996363 0.29437481 0.29154321 1.        ]
9 1690.1032943451025 [1.         0.29350273 0.29821334 0.30118496 0.29393782 0.30672029
 0.31172725 1.         0.31104705 0.29419493 0.29131206 1.        ]
10 614.1362044532436 [1.         0.29297241 0.29813459 0.30084866 0.29330347 0.30675907
 0.31210011 1.         0.3122328  0.2942892  0.29137919 1.        ]
11 908.3171112910161 [1.         0.29242529 0.29819522 0.30091892 0.29257118 0.30687611
 0.31251407 1.         0.31303839 0.29416881 0.29143722 1.        ]
12 575.8045263854209 [1.         0.29146273 0.29853219 0.3007269  0.29206821 0.30694263
 0.31275626 1.         0.31416007 0.29414703 0.29141562 1.        ]
13 547.7275667441512 [1.         0.29036435 0.29899238 0.300814   0.2915012  0.30691572
 0.31329738 1.         0.31516102 0.29398258 0.2916305  1.        ]
14 588.4098637108336 [1.         0.28961772 0.29921315 0.30126198 0.29113487 0.30642537
 0.31387987 1.         0.31674638 0.29398146 0.29212014 1.        ]
15 248.6075785115184 [1.         0.28908117 0.29919793 0.30131218 0.29044675 0.30604198
 0.31448188 1.         0.31768162 0.2940301  0.29275397 1.        ]
16 583.7358895890976 [1.         0.28862233 0.29908214 0.30121813 0.28980795 0.3056268
 0.31545818 1.         0.31866704 0.29405374 0.29307676 1.        ]
17 554.291768773782 [1.         0.28852124 0.29909844 0.30097394 0.28914651 0.30519314
 0.31657986 1.         0.31927651 0.29423639 0.2934063  1.        ]
18 557.3592243175967 [1.         0.28846137 0.2985972  0.30044043 0.28890349 0.30465013
 0.31754038 1.         0.32002924 0.29452428 0.2935856  1.        ]
19 582.34365869389 [1.         0.28837848 0.29810333 0.29955854 0.28863807 0.30390405
 0.31826436 1.         0.32117587 0.29473605 0.29381618 1.        ]
20 198.37938601107044 [1.         0.28826025 0.29759731 0.29911767 0.28808994 0.30313088
 0.31897351 1.         0.32194348 0.29515957 0.29397151 1.        ]
21 209.41907746256948 [1.         0.28823434 0.29732917 0.29861636 0.28750741 0.30217599
 0.31968398 1.         0.32246655 0.29556355 0.29382372 1.        ]
22 191.43803610633384 [1.         0.28842649 0.29677749 0.29839945 0.28675026 0.30136692
 0.32036258 1.         0.32358285 0.29574809 0.29388231 1.        ]
23 201.0943800362037 [1.         0.28862352 0.29585093 0.29768648 0.28583029 0.30065182
 0.32086196 1.         0.32463015 0.29593239 0.29380372 1.        ]
24 899.2034080740506 [1.         0.28859205 0.29527158 0.29689141 0.28526559 0.30007719
 0.32149154 1.         0.32547062 0.29627903 0.2936755  1.        ]
25 1194.198558963505 [1.         0.28867226 0.29459105 0.29650724 0.28511682 0.2994574
 0.32244374 1.         0.32581952 0.29649745 0.29342963 1.        ]
26 1543.2940611241625 [1.         0.28858664 0.2938393  0.29624976 0.28488945 0.29885352
 0.32304955 1.         0.32598692 0.29709927 0.29304501 1.        ]
27 510.14830486431083 [1.         0.28849641 0.29300932 0.29604142 0.28458413 0.29845515
 0.32350788 1.         0.32586823 0.29796747 0.29305925 1.        ]
28 856.5385752323407 [1.         0.28861868 0.29239759 0.29575357 0.28436217 0.29800048
 0.32402698 1.         0.32536239 0.29875102 0.29345827 1.        ]
29 1186.0619895646312 [1.         0.28862292 0.29187963 0.29561308 0.28434403 0.29750413
 0.32410323 1.         0.32452997 0.299462   0.2939503  1.        ]
30 841.5840742999767 [1.         0.28843736 0.29125906 0.29580536 0.28407727 0.29710939
 0.32439201 1.         0.32392478 0.29996291 0.29425326 1.        ]
31 527.9347414783397 [1.         0.28805766 0.2907582  0.29579101 0.28343751 0.29703979
 0.32473379 1.         0.32307214 0.30066832 0.29443445 1.        ]
32 491.0428846344389 [1.         0.28737946 0.29049196 0.29594022 0.28281361 0.29693683
 0.3248123  1.         0.32228216 0.30141564 0.29485057 1.        ]
33 846.9924900410265 [1.         0.28684674 0.29053086 0.29632569 0.28206569 0.29697762
 0.32451744 1.         0.32168921 0.301887   0.29535814 1.        ]
34 177.31581185795721 [1.         0.28640598 0.29090419 0.29665943 0.28146939 0.29709578
 0.32419632 1.         0.32108268 0.30237541 0.29589911 1.        ]
35 167.6524250639859 [1.         0.28585176 0.2914588  0.29677206 0.28071418 0.29717903
 0.32393318 1.         0.32028624 0.30281683 0.29687304 1.        ]
36 508.38648300321825 [1.         0.28551157 0.29215277 0.29671995 0.27983248 0.29725762
 0.32417533 1.         0.31918927 0.30307139 0.29745096 1.        ]
37 176.80523567670252 [1.         0.28516506 0.29280064 0.29679958 0.27880457 0.29781564
 0.32384667 1.         0.31791318 0.30328127 0.29764929 1.        ]
38 160.61482243109975 [1.         0.28461879 0.29337127 0.29662384 0.27769008 0.29834756
 0.32342366 1.         0.31667978 0.30358791 0.29778508 1.        ]
39 166.5664070193116 [1.         0.28398135 0.29383272 0.29608817 0.27669932 0.29856269
 0.32317386 1.         0.31569476 0.30374086 0.29791042 1.        ]
40 152.85998717274398 [1.         0.28337157 0.29431649 0.29535428 0.27583531 0.29860742
 0.32273106 1.         0.31511914 0.30364405 0.29813704 1.        ]
41 140.0643509534956 [1.         0.28308014 0.29465174 0.29448333 0.27502376 0.29876542
 0.322325   1.         0.31469615 0.30361005 0.29825082 1.        ]
42 509.36156667797985 [1.         0.28303609 0.29515599 0.29375221 0.27421029 0.29901474
 0.3221436  1.         0.31442199 0.30350851 0.29821996 1.        ]
43 139.29989977569377 [1.         0.28295395 0.29555923 0.29309599 0.27352568 0.29922798
 0.3213911  1.         0.31455521 0.30363449 0.29851508 1.        ]
44 144.62742880661528 [1.         0.28298608 0.29594867 0.29229676 0.27256074 0.2995718
 0.32104852 1.         0.31479986 0.30383973 0.29940399 1.        ]
45 134.57950581685688 [1.         0.28288754 0.29650251 0.29146147 0.27172387 0.30004686
 0.32048784 1.         0.31506014 0.30369744 0.30023285 1.        ]
46 154.429216941201 [1.         0.28304543 0.29673668 0.29074734 0.27067815 0.30045192
 0.31980136 1.         0.31538581 0.30316814 0.30120541 1.        ]
47 112.33611612313099 [1.         0.28336019 0.29714957 0.28979471 0.26973185 0.30066885
 0.31893544 1.         0.3158841  0.30317013 0.30252064 1.        ]
48 123.97959080367934 [1.         0.28366399 0.29773304 0.2887984  0.26886473 0.30054562
 0.31812634 1.         0.31634288 0.30311384 0.30373989 1.        ]
49 130.16888460803347 [1.         0.28389664 0.29808319 0.28802596 0.26817501 0.30025534
 0.31740061 1.         0.31673107 0.30314019 0.30493058 1.        ]
50 136.1928784781289 [1.         0.28415521 0.298413   0.28735602 0.26721004 0.30016419
 0.31650886 1.         0.31722648 0.30329227 0.30597406 1.        ]
51 115.57956367212765 [1.         0.28462578 0.29862832 0.28685224 0.26654072 0.3001607
 0.315741   1.         0.31756964 0.30336585 0.30712959 1.        ]
52 143.12085294935798 [1.         0.28511243 0.29878616 0.28635349 0.26618236 0.30020021
 0.31505245 1.         0.3181915  0.30345446 0.3082292  1.        ]
53 121.66881518690468 [1.         0.28544549 0.29892428 0.28571893 0.26568607 0.30026747
 0.31468854 1.         0.31859662 0.30342696 0.30885933 1.        ]
54 107.74255603692376 [1.         0.28575158 0.29903062 0.28499619 0.26498976 0.30019657
 0.3140433  1.         0.31856298 0.30355463 0.30962709 1.        ]
55 121.74366220573498 [1.         0.2857367  0.2991152  0.28447078 0.26450596 0.3000799
 0.31358991 1.         0.31844051 0.30388338 0.31012764 1.        ]
56 87.36551590420711 [1.         0.28571742 0.29941936 0.2840497  0.26409284 0.30006919
 0.31337839 1.         0.31820908 0.30424099 0.31046518 1.        ]
57 452.0913094005337 [1.         0.28576093 0.29923261 0.28352442 0.26384151 0.29999315
 0.31290983 1.         0.31787649 0.30442777 0.31042079 1.        ]
58 87.80235154281931 [1.         0.28553159 0.2994187  0.28318812 0.26347623 0.29993397
 0.31240514 1.         0.31795388 0.30422885 0.31058061 1.        ]
59 99.15825334770713 [1.         0.28537084 0.29922294 0.28274208 0.26348077 0.30001926
 0.31193741 1.         0.31796918 0.30456442 0.31077266 1.        ]
60 125.83911364506687 [1.         0.28534779 0.2986961  0.28251946 0.26366222 0.30004742
 0.31141004 1.         0.31805563 0.30501096 0.31085848 1.        ]
61 449.16678497947765 [1.         0.28535465 0.29830277 0.2824905  0.26381193 0.29970303
 0.31083817 1.         0.31799254 0.30546888 0.31120847 1.        ]
62 119.52646157991589 [1.         0.28538635 0.29811755 0.28248218 0.26390665 0.29928522
 0.31047277 1.         0.31767357 0.3062695  0.31145033 1.        ]
63 114.42241324589537 [1.         0.28524441 0.29804439 0.2823672  0.26386949 0.29880698
 0.3098995  1.         0.31702433 0.30692001 0.31172392 1.        ]
64 101.14702264285549 [1.         0.28517735 0.29800217 0.28189702 0.26403132 0.29839549
 0.30943876 1.         0.31643064 0.30769583 0.3118918  1.        ]
65 103.26929583110928 [1.         0.28502194 0.29789539 0.28132302 0.26400169 0.29790717
 0.30931628 1.         0.31578796 0.30849163 0.31216065 1.        ]
66 98.53649308445033 [1.         0.28478102 0.29773337 0.28102951 0.26389744 0.2971548
 0.30914135 1.         0.31507797 0.30925677 0.31271518 1.        ]
67 105.41463379866985 [1.         0.28440469 0.29793112 0.28081757 0.26399957 0.29661338
 0.30879222 1.         0.3144611  0.30992721 0.31338483 1.        ]
68 83.43073058824683 [1.         0.28439139 0.29794451 0.28056886 0.26407477 0.29554048
 0.30840584 1.         0.3141792  0.31030056 0.31409849 1.        ]
69 103.46985848539336 [1.         0.28434978 0.29798938 0.28017914 0.26425528 0.29453645
 0.30810485 1.         0.31387815 0.31060631 0.31488515 1.        ]
70 98.26693367873384 [1.         0.28414331 0.2978938  0.27987303 0.26438139 0.29384812
 0.30764079 1.         0.31360019 0.31099349 0.31561228 1.        ]
71 92.49481683217536 [1.         0.28386351 0.29805097 0.27955911 0.26426652 0.29300821
 0.30748435 1.         0.31342625 0.31139432 0.3165053  1.        ]
72 78.42936198246741 [1.         0.28351297 0.29792736 0.27948969 0.26400727 0.29193376
 0.30734684 1.         0.31299482 0.31162784 0.31744417 1.        ]
73 92.74851120751893 [1.         0.28327544 0.2978019  0.27940743 0.2637883  0.29102865
 0.30722604 1.         0.31226717 0.31178044 0.31783556 1.        ]
74 80.9368821891338 [1.         0.28318646 0.29762706 0.27934259 0.26351986 0.29017908
 0.30680122 1.         0.31128533 0.31180871 0.31784545 1.        ]
75 70.17978854205072 [1.         0.28313334 0.2973936  0.2792303  0.26291565 0.28942192
 0.30636884 1.         0.31004913 0.31171847 0.31764143 1.        ]
76 78.20962916012581 [1.         0.2831224  0.29718228 0.27911398 0.26228697 0.28896851
 0.30599153 1.         0.30882105 0.3115221  0.31708178 1.        ]
77 74.10243233110904 [1.         0.2830337  0.29677364 0.27921735 0.26163227 0.28855706
 0.30551774 1.         0.3076696  0.31128249 0.31662564 1.        ]
78 72.26557517655114 [1.         0.28304224 0.29662688 0.27937876 0.260848   0.28831877
 0.30516238 1.         0.30674206 0.31120966 0.31680503 1.        ]
79 78.25410042490904 [1.         0.28320137 0.29685919 0.27928442 0.25999248 0.28804954
 0.30495186 1.         0.30618521 0.31133488 0.31687852 1.        ]
80 98.65223699528126 [1.         0.28329176 0.29670888 0.27912734 0.25914762 0.28774842
 0.30461884 1.         0.30555835 0.31159128 0.31704807 1.        ]
81 66.74343149200709 [1.         0.28325187 0.29656709 0.27902375 0.25836053 0.28744306
 0.30421713 1.         0.30484941 0.31182311 0.31705177 1.        ]
82 85.38045629167623 [1.         0.28312316 0.29664171 0.27905402 0.25753343 0.287288
 0.30393644 1.         0.30395235 0.31200234 0.31710784 1.        ]
83 110.45842260147452 [1.         0.28276909 0.29666821 0.27912271 0.25666916 0.28717363
 0.30391346 1.         0.30294821 0.3121967  0.31719164 1.        ]
84 85.64996041412543 [1.         0.28257677 0.29658043 0.27919395 0.25570887 0.28717095
 0.30374732 1.         0.30190814 0.31240895 0.31712151 1.        ]
85 68.7277860621929 [1.         0.28228536 0.29635526 0.27915345 0.25475952 0.2873803
 0.30360669 1.         0.30073676 0.31256228 0.31692784 1.        ]
86 77.80465884733445 [1.         0.28196735 0.29610341 0.27926956 0.2541633  0.28780415
 0.30356508 1.         0.29971436 0.31269701 0.31675009 1.        ]
87 76.57600388707775 [1.         0.28157633 0.2955524  0.27953113 0.25311926 0.28821858
 0.30356065 1.         0.29877325 0.31283315 0.31713644 1.        ]
88 83.8422168956464 [1.         0.2813736  0.29497501 0.27957307 0.25221011 0.28853972
 0.3036277  1.         0.29817484 0.31304797 0.31754049 1.        ]
89 98.02197749104315 [1.         0.28133899 0.2944215  0.28012177 0.25116383 0.28917524
 0.30350986 1.         0.29765485 0.31319873 0.3180977  1.        ]
90 78.49599086316854 [1.         0.28146393 0.29350383 0.28031449 0.24985668 0.28942925
 0.30351412 1.         0.29733215 0.31350231 0.3184785  1.        ]
91 432.32239327801153 [1.         0.28160005 0.29267643 0.28065182 0.24865115 0.28982946
 0.30334611 1.         0.29727969 0.31378606 0.31860796 1.        ]
92 94.22635886896504 [1.         0.28183263 0.29192743 0.28097531 0.24782612 0.29018546
 0.30307284 1.         0.29704847 0.31400146 0.31869118 1.        ]
93 84.45938763973555 [1.         0.28224759 0.29106381 0.2813604  0.24718814 0.29038555
 0.30286238 1.         0.29680495 0.31413691 0.31886232 1.        ]
94 93.90579677146283 [1.         0.28263874 0.29010555 0.28158189 0.2463837  0.29050473
 0.30255127 1.         0.29663737 0.31434985 0.31906353 1.        ]
95 417.00491585178037 [1.         0.28287625 0.28926697 0.28180347 0.24576337 0.29031286
 0.30230703 1.         0.29654624 0.31464873 0.31891932 1.        ]
96 432.0488054670721 [1.         0.28323143 0.28866531 0.28196122 0.24510175 0.2901423
 0.30213907 1.         0.29592578 0.31502351 0.31905101 1.        ]
97 414.14225719849037 [1.         0.2837515  0.28803846 0.2819641  0.24459545 0.29020394
 0.3020326  1.         0.29527702 0.31524945 0.31945768 1.        ]
98 93.8582642060352 [1.         0.28426336 0.2874014  0.28201977 0.24395026 0.29003798
 0.30190846 1.         0.29476356 0.3153857  0.31986533 1.        ]
99 104.54541128243301 [1.         0.28467681 0.28686257 0.28214594 0.24348588 0.28946084
 0.30176564 1.         0.29435345 0.31570201 0.32030541 1.        ]
100 439.06171464049623 [1.         0.28463068 0.28639837 0.28208559 0.24320833 0.28910547
 0.30146567 1.         0.2939833  0.31611465 0.32081921 1.        ]
101 85.95462356066777 [1.         0.28437216 0.28588238 0.28198652 0.24293195 0.28875153
 0.30098934 1.         0.29380077 0.31631135 0.32144173 1.        ]
102 422.69894772382673 [1.         0.28394877 0.28546005 0.28188724 0.24246204 0.28872882
 0.30065704 1.         0.29374508 0.3163107  0.32162103 1.        ]
103 431.57600615543885 [1.         0.28346178 0.28532295 0.28169389 0.24210176 0.28857967
 0.30054797 1.         0.29385681 0.31626698 0.321822   1.        ]
104 438.9842246892894 [1.         0.2832993  0.28531317 0.28127457 0.24184636 0.28863844
 0.30074501 1.         0.2939641  0.31632963 0.32201375 1.        ]
105 413.7042970386087 [1.         0.28314161 0.28532191 0.28084992 0.24180061 0.2886632
 0.30074346 1.         0.29411739 0.31657171 0.32227259 1.        ]
106 97.38206145994886 [1.         0.28290751 0.28535348 0.28034971 0.24177733 0.28878231
 0.30060119 1.         0.29424815 0.31642669 0.32271559 1.        ]
107 83.18044720995 [1.         0.28251498 0.28530415 0.27968572 0.24173811 0.28888199
 0.30050448 1.         0.29461669 0.31627076 0.32316795 1.        ]
108 102.39383669092986 [1.         0.28187071 0.28532518 0.27905296 0.24190595 0.28848245
 0.30046532 1.         0.29513245 0.31642587 0.3235057  1.        ]
109 106.69917705829174 [1.         0.28130168 0.28526886 0.27836971 0.24202496 0.28809817
 0.30026479 1.         0.29531767 0.31631215 0.32359077 1.        ]
110 71.1901905954578 [1.         0.28058462 0.28497623 0.27796308 0.24203457 0.28806922
 0.30003625 1.         0.29522623 0.31604118 0.3235457  1.        ]
111 79.88516913069154 [1.         0.27993086 0.28465005 0.27753149 0.24204529 0.28785992
 0.29978509 1.         0.29507552 0.31598381 0.32353326 1.        ]
112 77.58762316890255 [1.         0.27940599 0.28420548 0.27731454 0.24189552 0.28763053
 0.29973348 1.         0.29498946 0.31600353 0.32334317 1.        ]
113 69.51713305763809 [1.         0.27884986 0.28370311 0.27695877 0.24171455 0.28754766
 0.29963734 1.         0.29494408 0.3158977  0.3232412  1.        ]
114 414.40597658161204 [1.         0.27834301 0.28303688 0.27653396 0.24158934 0.2875625
 0.2994972  1.         0.29495977 0.31574537 0.32314866 1.        ]
115 419.9354928015717 [1.         0.27792095 0.28240352 0.27618787 0.24130016 0.28734622
 0.29922046 1.         0.29506611 0.31583395 0.32324223 1.        ]
116 83.29588062885549 [1.         0.27760246 0.28157948 0.27583685 0.2410371  0.28733644
 0.29893523 1.         0.29474935 0.31609873 0.32338894 1.        ]
117 79.15533811474859 [1.         0.27744297 0.28057163 0.27558407 0.24051525 0.28747204
 0.29824337 1.         0.29461459 0.31635292 0.3235662  1.        ]
118 429.5308207386235 [1.         0.27724951 0.27980421 0.2751374  0.24013218 0.28776963
 0.29781957 1.         0.29441654 0.31625708 0.32386054 1.        ]
119 98.75771820001034 [1.         0.27676945 0.27930004 0.27481221 0.23976266 0.28803649
 0.29742769 1.         0.29451461 0.31627528 0.32397934 1.        ]
120 76.68755010450357 [1.         0.27644268 0.27869124 0.27465846 0.23929418 0.28857426
 0.29682062 1.         0.29460501 0.31626913 0.32415113 1.        ]
121 89.1668833926581 [1.         0.27635902 0.27835301 0.27450904 0.23889848 0.28899984
 0.29610247 1.         0.29476633 0.31607071 0.32475165 1.        ]
122 78.88408951242101 [1.         0.27629011 0.27812741 0.27458159 0.23841781 0.2894205
 0.29526671 1.         0.29491563 0.316258   0.32563899 1.        ]
123 79.92662696944026 [1.         0.27647289 0.27805869 0.27434754 0.23805724 0.28973217
 0.2944805  1.         0.29495608 0.31627506 0.3264063  1.        ]
124 415.14239547003905 [1.         0.27688987 0.27785723 0.27410792 0.23760225 0.2900777
 0.29379436 1.         0.29519324 0.3165537  0.32708359 1.        ]
125 76.75728465241909 [1.         0.27724595 0.27778775 0.27389133 0.23726949 0.29059671
 0.29315945 1.         0.2956942  0.31686257 0.32760041 1.        ]
126 76.8326197267993 [1.         0.27764926 0.27751734 0.27356414 0.23691099 0.29100073
 0.29250301 1.         0.29607443 0.3171019  0.3280927  1.        ]
127 69.27077960690644 [1.         0.27810822 0.27718334 0.27326632 0.23644959 0.29143589
 0.29216217 1.         0.29671043 0.31719815 0.32832235 1.        ]
128 76.61258400836377 [1.         0.27838133 0.27699628 0.27297043 0.23626951 0.29169304
 0.29169688 1.         0.29708141 0.31745394 0.32912213 1.        ]
129 82.00018262654865 [1.         0.27856944 0.27679953 0.27266954 0.23598432 0.29186379
 0.29119136 1.         0.2975022  0.31756602 0.32995367 1.        ]
130 84.92319792055294 [1.         0.27836724 0.27643409 0.27245781 0.23574609 0.29228381
 0.29087645 1.         0.29772953 0.31807784 0.33101578 1.        ]
131 73.8988317418896 [1.         0.27836794 0.2760749  0.27232613 0.23545511 0.29252111
 0.2907518  1.         0.29811234 0.31857975 0.33205745 1.        ]
132 63.91082815164246 [1.         0.2784681  0.27553322 0.27209557 0.23510158 0.29263969
 0.2908498  1.         0.29848203 0.31899055 0.33318008 1.        ]
133 71.54865439781545 [1.         0.27844264 0.27506135 0.27167917 0.23474391 0.29293527
 0.29079529 1.         0.29880242 0.31925027 0.33373134 1.        ]
134 80.02427780346663 [1.         0.27849239 0.27451473 0.27133152 0.23446449 0.29311481
 0.29072527 1.         0.29933201 0.3198311  0.33480239 1.        ]
135 71.68277357652539 [1.         0.27861622 0.27414551 0.27091547 0.23407817 0.2931316
 0.29091101 1.         0.29947942 0.32040683 0.33496082 1.        ]
136 457.4495419650168 [1.         0.27868994 0.27373605 0.27045166 0.2336587  0.29316347
 0.29124497 1.         0.29952545 0.32086198 0.33491119 1.        ]
137 81.72761658761596 [1.         0.27914717 0.27329869 0.27037307 0.23349089 0.29322445
 0.29155185 1.         0.29956509 0.32132756 0.33488157 1.        ]
138 83.25574051950471 [1.         0.27920054 0.27285009 0.27013522 0.23345257 0.29310648
 0.29171686 1.         0.29943852 0.32207078 0.33466553 1.        ]
139 77.07274261191344 [1.         0.27913307 0.27218703 0.26966061 0.23339797 0.29321593
 0.29179164 1.         0.29932562 0.32298564 0.33514483 1.        ]
140 78.15224173899792 [1.         0.27918094 0.27144152 0.26911569 0.23326329 0.29317706
 0.29190716 1.         0.29896857 0.32406836 0.33567211 1.        ]
141 73.19821168393213 [1.         0.27925954 0.27093856 0.26868483 0.23312012 0.29303442
 0.29185581 1.         0.29871373 0.32474387 0.33648846 1.        ]
142 78.64649550041116 [1.         0.27915157 0.27054579 0.26850905 0.23286657 0.29318915
 0.2915577  1.         0.29837156 0.32548126 0.33762672 1.        ]
143 84.45296591421646 [1.         0.27917227 0.27000808 0.26839867 0.23263383 0.29342938
 0.29125603 1.         0.29790035 0.32611271 0.33914454 1.        ]
144 86.91846985587685 [1.         0.27883946 0.2692649  0.26802869 0.23252782 0.29366239
 0.29098829 1.         0.29751294 0.32658361 0.3404626  1.        ]
145 77.3154702809141 [1.         0.27826732 0.26840919 0.26754407 0.23234017 0.29400575
 0.29067816 1.         0.29711542 0.32714007 0.34150911 1.        ]
146 71.13693393656466 [1.         0.27773129 0.26764938 0.26723704 0.23213794 0.29432466
 0.29037524 1.         0.29705195 0.32759688 0.34252525 1.        ]
147 81.25792580150872 [1.         0.27728211 0.26694847 0.26681463 0.23192742 0.2945288
 0.29005063 1.         0.29684973 0.3281046  0.34367769 1.        ]
148 80.66015159580694 [1.         0.27695437 0.26595662 0.26583526 0.23168854 0.29473182
 0.28975207 1.         0.29676656 0.32829565 0.34523416 1.        ]
149 60.331281711244614 [1.         0.27671707 0.26501679 0.26506059 0.2313356  0.2951899
 0.28942845 1.         0.29676313 0.32839889 0.34678374 1.        ]
150 79.70833713130858 [1.         0.27661323 0.26409397 0.26408686 0.23118542 0.29559983
 0.28904187 1.         0.29714393 0.32835567 0.34801434 1.        ]
151 410.0231361581368 [1.         0.27642579 0.26319759 0.26319383 0.23097081 0.2961715
 0.28870115 1.         0.29756748 0.32827991 0.34950195 1.        ]
152 411.72794913029986 [1.         0.27634363 0.26262681 0.26201652 0.23089867 0.29661435
 0.28861582 1.         0.29782538 0.32821418 0.35123803 1.        ]
153 417.92244613531267 [1.         0.27626638 0.26181812 0.26074327 0.23088457 0.29711437
 0.28859527 1.         0.29808003 0.32845122 0.35271305 1.        ]
154 61.4529070218572 [1.         0.2763426  0.26125189 0.25940259 0.23092931 0.29773501
 0.28842001 1.         0.29796006 0.32881133 0.3543952  1.        ]
155 62.08963943443655 [1.         0.27631919 0.26059857 0.25809101 0.23106375 0.29806107
 0.28828256 1.         0.29776736 0.32905781 0.35631278 1.        ]
156 72.87115849651667 [1.         0.27623164 0.26001081 0.25696953 0.23121011 0.29799091
 0.28850117 1.         0.29751545 0.3293808  0.35822023 1.        ]
157 68.13694050298076 [1.         0.27605594 0.25923556 0.25604869 0.23123312 0.29785629
 0.28894934 1.         0.2973099  0.32997083 0.3600656  1.        ]
158 406.43904758317456 [1.         0.27570328 0.25848172 0.25532261 0.23155674 0.29777347
 0.2892841  1.         0.29742465 0.33048109 0.36196533 1.        ]
159 68.41208059911003 [1.         0.27523639 0.25801108 0.25450085 0.23176899 0.29781893
 0.28927181 1.         0.29770244 0.33109072 0.36376853 1.        ]
160 750.5469863895916 [1.         0.27492394 0.25743129 0.25361384 0.23192415 0.29787001
 0.28927927 1.         0.2977869  0.33171694 0.36457442 1.        ]
161 418.50782191863965 [1.         0.27452729 0.25688499 0.25285006 0.23197698 0.29790902
 0.28935177 1.         0.2977114  0.33250904 0.36472102 1.        ]
162 72.03136847799647 [1.         0.27453842 0.25625479 0.2518899  0.23190269 0.29799479
 0.28941443 1.         0.29754768 0.332624   0.36472058 1.        ]
163 1440.3644308037954 [1.         0.27463652 0.25562617 0.25072526 0.23193065 0.29780983
 0.28922183 1.         0.29749317 0.33279712 0.36514657 1.        ]
164 69.71470022230824 [1.         0.27459679 0.25490104 0.249721   0.23202077 0.29750291
 0.28882466 1.         0.29739553 0.33303108 0.36587659 1.        ]
165 52.401170842186154 [1.         0.27458125 0.25420101 0.24896289 0.23208876 0.29717184
 0.28854847 1.         0.29748382 0.33342628 0.36623508 1.        ]
166 64.08018976661866 [1.         0.27446449 0.25377973 0.24838643 0.23209423 0.29670223
 0.28844731 1.         0.2976951  0.33383712 0.36669286 1.        ]
167 66.76398732100641 [1.         0.27434742 0.25311605 0.24764694 0.23207746 0.29627227
 0.28851025 1.         0.29835738 0.33455789 0.36749098 1.        ]
168 68.4056741102147 [1.         0.27433047 0.25274628 0.24709265 0.23182942 0.29568878
 0.28879697 1.         0.29893202 0.33480249 0.36865737 1.        ]
169 417.1328491392253 [1.         0.27397191 0.25227306 0.246532   0.23180317 0.29487684
 0.28915581 1.         0.29933798 0.33504102 0.36975241 1.        ]
170 409.2542765391912 [1.         0.27375967 0.25177771 0.24586153 0.23193927 0.29410189
 0.28940284 1.         0.29966881 0.33548132 0.3700937  1.        ]
171 63.76499385138042 [1.         0.27365498 0.25113947 0.24535796 0.23186511 0.29358275
 0.28967194 1.         0.29994009 0.33572526 0.37065504 1.        ]
172 68.61105515911916 [1.         0.27351348 0.25066858 0.2447867  0.23161018 0.29333748
 0.28992783 1.         0.29995749 0.33597106 0.37012512 1.        ]
173 67.40698621534963 [1.         0.27343664 0.25006959 0.24415141 0.23125848 0.29320813
 0.2903259  1.         0.29991985 0.33590156 0.36928561 1.        ]
174 69.54421216054749 [1.         0.27350687 0.24951767 0.24364929 0.23083463 0.29318036
 0.29077406 1.         0.29973776 0.33602049 0.36866268 1.        ]
175 62.10595211766105 [1.         0.27366872 0.24904183 0.24319834 0.23046672 0.29303057
 0.29103222 1.         0.29938188 0.33657809 0.36818148 1.        ]
176 63.25725086707614 [1.         0.2736336  0.24844684 0.24281934 0.23006659 0.2927727
 0.29131877 1.         0.29896866 0.33697732 0.36729393 1.        ]
177 402.8785530239369 [1.         0.27326912 0.24798468 0.24251915 0.22970363 0.29244767
 0.29171232 1.         0.29835386 0.33739211 0.36637026 1.        ]
178 61.273358183414906 [1.         0.27309179 0.24769812 0.24216444 0.22944435 0.29225271
 0.29197176 1.         0.29778698 0.3374977  0.36578322 1.        ]
179 53.12336456561214 [1.         0.27290911 0.24757425 0.24199048 0.22917189 0.29217312
 0.29222286 1.         0.29749331 0.33761083 0.36528513 1.        ]
180 403.5310137673916 [1.         0.27287262 0.2473905  0.24166991 0.22892807 0.29198063
 0.2922115  1.         0.29728111 0.33761815 0.36431239 1.        ]
181 402.1402903867517 [1.         0.27277487 0.24728691 0.24135631 0.22855043 0.29170918
 0.29227656 1.         0.29653705 0.33782453 0.36352467 1.        ]
182 408.25245826831497 [1.         0.27253521 0.24723321 0.24103427 0.22823989 0.29128603
 0.29203361 1.         0.29517951 0.33779088 0.36277601 1.        ]
183 57.288643001388955 [1.         0.27220511 0.24732535 0.24071086 0.22802849 0.29093714
 0.29136059 1.         0.29391656 0.33799521 0.36228    1.        ]
184 60.09097236194688 [1.         0.27195883 0.24724923 0.2402811  0.22793952 0.29070805
 0.29092011 1.         0.29272477 0.33825774 0.36153239 1.        ]
185 56.00548388098795 [1.         0.27156022 0.2471265  0.23995789 0.22784972 0.29040499
 0.29034707 1.         0.29158224 0.33858326 0.36103369 1.        ]
186 61.15551272542548 [1.         0.27099784 0.24697227 0.23960181 0.22778003 0.29013725
 0.2896757  1.         0.29081627 0.33893637 0.36119906 1.        ]
187 63.68045047104678 [1.         0.27059695 0.24657934 0.23915874 0.22788484 0.29032332
 0.28889872 1.         0.29045403 0.3392078  0.36143278 1.        ]
188 48.56098775153442 [1.         0.2699878  0.24611727 0.23874545 0.22783734 0.2907634
 0.28818816 1.         0.28992827 0.33948262 0.36192647 1.        ]
189 55.87366663082504 [1.         0.26956372 0.24526052 0.2385397  0.22770154 0.29070104
 0.28745883 1.         0.28937212 0.33986228 0.3623497  1.        ]
190 51.337771063133076 [1.         0.26901863 0.24459278 0.23816132 0.22770042 0.29037615
 0.28665755 1.         0.28896609 0.34014966 0.36280192 1.        ]
191 57.576793050671654 [1.         0.26843552 0.24395899 0.2377763  0.22772083 0.28989198
 0.28586684 1.         0.28850896 0.34047576 0.36300708 1.        ]
192 53.193580058876734 [1.         0.26790162 0.24341747 0.23753067 0.22752296 0.28941993
 0.28490142 1.         0.28830323 0.34091054 0.36295122 1.        ]
193 54.754202015412744 [1.         0.26757952 0.24284808 0.23721273 0.22735077 0.28917233
 0.2839673  1.         0.28832188 0.34135955 0.36298493 1.        ]
194 60.76119543995824 [1.         0.26692349 0.24221697 0.23668759 0.22725646 0.28887902
 0.28303174 1.         0.28825381 0.3416115  0.36286361 1.        ]
195 67.69580927298145 [1.         0.26621001 0.24172433 0.23621291 0.22717945 0.2887807
 0.28220834 1.         0.28817623 0.34195554 0.36254009 1.        ]
196 401.8031205077319 [1.         0.26549141 0.24145891 0.23547743 0.22729412 0.28856439
 0.28166688 1.         0.28776518 0.34251104 0.3622976  1.        ]
197 408.0855030702892 [1.         0.26500969 0.24106046 0.23457424 0.22738543 0.2884078
 0.2812196  1.         0.28701054 0.34302894 0.36195377 1.        ]
198 54.74368188029651 [1.         0.26452632 0.2405463  0.23365797 0.22740816 0.28838284
 0.28067628 1.         0.28638421 0.34354449 0.36193138 1.        ]
199 65.55492053984196 [1.         0.2642282  0.23995615 0.23287656 0.22767304 0.28828226
 0.28045999 1.         0.28571049 0.34353236 0.36195675 1.        ]
200 50.81099757816533 [1.         0.26396399 0.2394849  0.23221508 0.2278572  0.28806063
 0.28031751 1.         0.28517714 0.34373155 0.36195573 1.        ]
201 61.475874890173756 [1.         0.26376505 0.23907234 0.23175506 0.22794849 0.28795238
 0.2802802  1.         0.28486932 0.34402237 0.36180641 1.        ]
202 58.563724498181756 [1.         0.26358909 0.23874438 0.2313441  0.22800951 0.28778457
 0.28018871 1.         0.28448139 0.34391935 0.36221152 1.        ]
203 412.6426888577544 [1.         0.26339417 0.23845524 0.23100984 0.22800156 0.287722
 0.28027958 1.         0.28425761 0.34399767 0.3626773  1.        ]
204 61.116513007356374 [1.         0.26310828 0.23819501 0.23090964 0.22795813 0.28747462
 0.28058967 1.         0.28440273 0.34385529 0.3637025  1.        ]
205 54.018652361529995 [1.         0.26266661 0.23800219 0.23080491 0.22790168 0.28727231
 0.28102907 1.         0.28445924 0.34388632 0.36498846 1.        ]
206 51.39998688041507 [1.         0.26236176 0.23770708 0.23072589 0.22803023 0.28705451
 0.28144377 1.         0.2846493  0.34431537 0.36617389 1.        ]
207 1097.9476249392221 [1.         0.26218245 0.23723971 0.23038249 0.22809617 0.28682513
 0.28203296 1.         0.28459265 0.34463093 0.36747658 1.        ]
