0 541.1645553680305 [0.29915616 0.29821856 0.29821856 0.30009375 0.29915615 1.
 0.30009376 1.         0.30103135 0.30009375 0.30103135 1.        ]
1 912.6453692455852 [0.29901154 0.29728053 0.29854846 0.30032364 0.29814681 1.
 0.2997569  1.         0.30341354 0.29860468 0.30378446 1.        ]
2 209.04644135921043 [0.29934609 0.29699566 0.29942372 0.30025489 0.29695482 1.
 0.30012756 1.         0.30642801 0.29832719 0.30563434 1.        ]
3 249.5098405683022 [0.29979901 0.2969335  0.30041838 0.29971054 0.29585613 1.
 0.29986576 1.         0.30710631 0.29828987 0.30645617 1.        ]
4 601.8809635665449 [0.30014245 0.29650473 0.30070492 0.29990573 0.29512226 1.
 0.30024816 1.         0.30823149 0.29820271 0.30843271 1.        ]
5 1292.547590575891 [0.29980547 0.29672787 0.30100192 0.29927572 0.29416331 1.
 0.30021952 1.         0.30871535 0.29836388 0.3089672  1.        ]
6 924.0579338806258 [0.30003772 0.29722872 0.30163128 0.2986744  0.29364622 1.
 0.30033467 1.         0.30936714 0.29827212 0.30976263 1.        ]
7 593.9502629921838 [0.30049617 0.29794197 0.30164897 0.29800325 0.29317316 1.
 0.30059207 1.         0.30972856 0.29839381 0.31045553 1.        ]
8 230.0098206142041 [0.30064989 0.29858539 0.30173595 0.29761562 0.29282753 1.
 0.30085576 1.         0.31062309 0.29832302 0.31055543 1.        ]
9 225.8985117226186 [0.30097519 0.2992709  0.30180381 0.29712266 0.29265299 1.
 0.30130844 1.         0.31129425 0.29821675 0.31057421 1.        ]
10 939.9852999369729 [0.30093885 0.29926393 0.30204805 0.2968628  0.29261674 1.
 0.30167747 1.         0.3116521  0.29834652 0.31042826 1.        ]
11 198.3227646834526 [0.3008815  0.29915518 0.30217663 0.29676395 0.29241298 1.
 0.30238217 1.         0.31214606 0.2982975  0.30996342 1.        ]
12 213.63710212491304 [0.30058719 0.29912922 0.30253288 0.29652762 0.29188864 1.
 0.30327369 1.         0.31269271 0.2984482  0.30939435 1.        ]
13 202.85569073860825 [0.30007406 0.29907061 0.30234467 0.29644129 0.29129944 1.
 0.30409511 1.         0.31327889 0.29867926 0.30921078 1.        ]
14 539.300890333182 [0.29983284 0.29871228 0.30248181 0.29643393 0.2910753  1.
 0.30456049 1.         0.31384756 0.29864243 0.30917661 1.        ]
15 212.28795884903224 [0.29965961 0.29825277 0.30304937 0.29651031 0.2909859  1.
 0.30515968 1.         0.3147847  0.29832048 0.30890857 1.        ]
16 500.77780906936636 [0.29931972 0.29771628 0.30364544 0.29604929 0.2909926  1.
 0.3057868  1.         0.31543636 0.29799105 0.30932998 1.        ]
17 175.9407955183816 [0.29919506 0.2972128  0.30415781 0.29538005 0.29082723 1.
 0.3062505  1.         0.31605408 0.2979245  0.30985835 1.        ]
18 160.30230916124376 [0.29889969 0.29680826 0.3043817  0.29491909 0.29058785 1.
 0.30658266 1.         0.31645889 0.29771247 0.31036814 1.        ]
19 184.17702570320918 [0.29851537 0.29687751 0.3045058  0.29411488 0.28960126 1.
 0.30692445 1.         0.31712577 0.29791981 0.31105866 1.        ]
20 180.91733416369522 [0.29812504 0.29703582 0.30441882 0.29350763 0.28883016 1.
 0.30737768 1.         0.3179161  0.29796324 0.31217352 1.        ]
21 515.8674284256035 [0.29778898 0.29720543 0.30428296 0.29278257 0.28823189 1.
 0.3075351  1.         0.31901407 0.29813397 0.31299128 1.        ]
22 155.15680530758016 [0.29724285 0.29688039 0.30404792 0.29196348 0.28755908 1.
 0.30735437 1.         0.32004182 0.29826316 0.31344991 1.        ]
23 136.75389295501472 [0.29679554 0.29659585 0.30394175 0.29100356 0.28693776 1.
 0.30700782 1.         0.32106239 0.29850186 0.31390915 1.        ]
24 157.25957218710414 [0.29668428 0.29624554 0.3038388  0.28952875 0.28603655 1.
 0.30674553 1.         0.3216725  0.29845467 0.31472846 1.        ]
25 463.9859876096349 [0.29646612 0.29587384 0.30373095 0.28837029 0.28504759 1.
 0.30654626 1.         0.32203434 0.29829392 0.31534336 1.        ]
26 153.73731618581422 [0.29610601 0.29553434 0.3040169  0.28730248 0.28403477 1.
 0.3064196  1.         0.32206313 0.29817192 0.31555832 1.        ]
27 490.0899517604646 [0.29589631 0.29507496 0.30437411 0.28642909 0.28323223 1.
 0.30627826 1.         0.32203081 0.29787102 0.31579015 1.        ]
28 109.2555786146122 [0.29577202 0.29475108 0.3048984  0.28578549 0.28239184 1.
 0.3059275  1.         0.32181399 0.29779006 0.31576823 1.        ]
29 136.06233812978527 [0.29559747 0.29472721 0.30537682 0.28537524 0.28174654 1.
 0.3055116  1.         0.32162806 0.29746928 0.31587847 1.        ]
30 143.38358611373087 [0.29525293 0.29482181 0.30617339 0.28500571 0.28083922 1.
 0.30529923 1.         0.32162047 0.29712822 0.31596525 1.        ]
31 139.80030855871496 [0.29492583 0.29487748 0.30673454 0.28473557 0.28019809 1.
 0.30525305 1.         0.32154812 0.29687929 0.31579825 1.        ]
32 137.96415914565307 [0.29456699 0.29478055 0.30698138 0.28389048 0.27942468 1.
 0.30506774 1.         0.32176614 0.29678964 0.31573035 1.        ]
33 108.6005207031827 [0.29433325 0.29435977 0.30739445 0.28342635 0.27876012 1.
 0.30457857 1.         0.32205833 0.29663679 0.31558292 1.        ]
34 451.4251091252191 [0.29406263 0.29386391 0.30760463 0.28311903 0.27817575 1.
 0.30416015 1.         0.32251028 0.29665846 0.3154352  1.        ]
35 103.89243013693122 [0.29366146 0.29333593 0.30745061 0.28267511 0.27759495 1.
 0.30361098 1.         0.32301629 0.29678172 0.31530413 1.        ]
36 121.79178000795307 [0.29326996 0.29263422 0.30727753 0.28253822 0.27695443 1.
 0.30308545 1.         0.32362242 0.29702814 0.31516056 1.        ]
37 474.6765547906483 [0.29298388 0.2918681  0.30709971 0.28209945 0.27636603 1.
 0.30270471 1.         0.324327   0.29721094 0.3153168  1.        ]
38 454.90549158588976 [0.29274539 0.29121496 0.30685235 0.28183249 0.27540969 1.
 0.30223238 1.         0.32484078 0.29710299 0.31565517 1.        ]
39 110.4961545771617 [0.29290835 0.29051985 0.30652932 0.28150317 0.27444565 1.
 0.30171284 1.         0.32505433 0.29700649 0.31630623 1.        ]
40 131.05999235183413 [0.2930986  0.28985142 0.30608572 0.28117025 0.2732583  1.
 0.30097247 1.         0.32531563 0.29685197 0.31705809 1.        ]
41 125.75616807495933 [0.2929336  0.28899584 0.30539311 0.28058805 0.27216333 1.
 0.30037748 1.         0.32584726 0.29683609 0.31795227 1.        ]
42 114.01062867612765 [0.2925655  0.28817624 0.30475473 0.28008898 0.2711738  1.
 0.29978938 1.         0.32650579 0.29689733 0.31894571 1.        ]
43 116.17940429520131 [0.2921093  0.28749353 0.30398479 0.27940381 0.27007764 1.
 0.29939299 1.         0.32760263 0.29685161 0.31978297 1.        ]
44 94.0368264853472 [0.29136696 0.28728567 0.30317306 0.27866275 0.26909502 1.
 0.29921389 1.         0.32869497 0.29660015 0.32058886 1.        ]
45 106.8945649188402 [0.2906085  0.2871589  0.30226467 0.27800513 0.26825889 1.
 0.29879418 1.         0.32943537 0.29609264 0.3213691  1.        ]
46 117.78521642099624 [0.28991738 0.28701987 0.3013682  0.27730231 0.26718471 1.00000001
 0.29871056 1.00000001 0.32959494 0.29546419 0.32208778 1.00000001]
47 101.04484863635835 [0.28927236 0.28660782 0.30053157 0.27688288 0.26613636 1.00000001
 0.2989881  1.00000001 0.32975039 0.29472865 0.32280323 1.00000001]
48 100.91081978390588 [0.28840834 0.28632016 0.29977056 0.27635733 0.26528447 1.00000001
 0.29904051 1.00000001 0.32977498 0.29400089 0.32330974 1.00000001]
49 91.10901248370743 [0.28723689 0.28610855 0.29922946 0.27579551 0.26448454 1.00000001
 0.2992981  1.00000001 0.32992614 0.29319291 0.32398183 1.00000001]
50 127.16758728792824 [0.28592285 0.28599924 0.29851806 0.27530998 0.26356606 1.00000001
 0.29926913 1.00000001 0.33033819 0.29252715 0.32453449 1.00000001]
51 85.73179095742687 [0.28447871 0.28601268 0.29774369 0.27478544 0.26235894 1.00000001
 0.2993775  1.00000001 0.33061431 0.29196167 0.32490215 1.00000001]
52 98.7048021381407 [0.28340198 0.28585266 0.29688155 0.27429687 0.26118548 1.00000001
 0.29950759 1.00000001 0.33107726 0.29142712 0.32554337 1.00000001]
53 100.50816906005267 [0.28251905 0.28565719 0.29578118 0.27387942 0.26015329 1.00000001
 0.29944057 1.00000001 0.33134763 0.29103265 0.32601181 1.00000001]
54 84.97546386817268 [0.28198632 0.2853077  0.29425826 0.2732341  0.25893051 1.00000001
 0.29951165 1.00000001 0.33169955 0.29071394 0.32617143 1.00000001]
55 92.83687407818755 [0.28123736 0.28502427 0.29314796 0.27271054 0.25758681 1.00000001
 0.29978977 1.00000001 0.33213419 0.29080365 0.32631841 1.00000001]
56 106.97247852084419 [0.28051082 0.28473645 0.29214003 0.27195417 0.25603482 1.00000001
 0.30002587 1.00000001 0.33240801 0.29090299 0.32650456 1.00000001]
57 99.55424956842967 [0.27978905 0.28427064 0.29060471 0.27113311 0.25452613 1.00000001
 0.3003046  1.00000001 0.33289532 0.29119886 0.32618929 1.00000001]
58 109.19519667502334 [0.27897232 0.28376022 0.28933687 0.27027648 0.25300392 1.00000001
 0.30056614 1.00000001 0.33318724 0.29135921 0.32605871 1.00000001]
59 87.27857373615115 [0.27860821 0.28321793 0.28800224 0.26973426 0.25159814 1.00000001
 0.30098944 1.00000001 0.33332373 0.29160343 0.32604881 1.00000001]
60 106.802319982993 [0.27839817 0.28258036 0.28680056 0.26933372 0.25019215 1.00000001
 0.30157921 1.00000001 0.33368861 0.2920558  0.32571503 1.00000001]
61 102.46232403749306 [0.27831995 0.28182916 0.28534576 0.26885838 0.24885993 1.00000001
 0.30211799 1.00000001 0.33393361 0.29241177 0.32575233 1.00000001]
62 427.80161927265686 [0.27789357 0.28128578 0.28420236 0.26825917 0.24760413 1.00000001
 0.30242494 1.00000001 0.33414137 0.29277543 0.32583125 1.00000001]
63 101.08712351731195 [0.27722822 0.28081837 0.28323984 0.26777536 0.24651734 1.00000001
 0.30285835 1.00000001 0.33434065 0.29304279 0.32584115 1.00000001]
64 82.389916559001 [0.2767109  0.28041224 0.28234459 0.26716123 0.24542272 1.00000001
 0.30306935 1.00000001 0.33468218 0.29361655 0.32568231 1.00000001]
65 418.72549701962345 [0.27636616 0.28026375 0.28174644 0.2665441  0.24457357 1.00000001
 0.3032328  1.00000001 0.33461817 0.29390101 0.32528193 1.00000001]
66 79.15826061686471 [0.27603021 0.2800286  0.28116421 0.26603318 0.24367105 1.00000001
 0.30350869 1.00000001 0.33428222 0.29433044 0.32481689 1.00000001]
67 80.47798635770093 [0.27573233 0.27949905 0.28051265 0.26543944 0.24279404 1.00000001
 0.30384937 1.00000001 0.33420821 0.29481358 0.32408242 1.00000001]
68 89.72201177724409 [0.2752903  0.27888302 0.27998221 0.26486347 0.24189345 1.00000001
 0.30399915 1.00000001 0.33348016 0.29509387 0.32325238 1.00000001]
69 71.20183076214664 [0.27465106 0.27837933 0.2796489  0.26428359 0.24143094 1.00000001
 0.30399832 1.00000001 0.33307523 0.29555823 0.32269119 1.00000001]
70 86.70558122681342 [0.27385317 0.27767524 0.27921808 0.26401396 0.24103421 1.00000001
 0.3039642  1.00000001 0.33315783 0.29613567 0.32225855 1.00000001]
71 73.73456035120782 [0.27292763 0.2769287  0.2786957  0.26375353 0.24081458 1.00000001
 0.30397129 1.00000001 0.33314451 0.29656833 0.32165213 1.00000001]
72 75.11768832917554 [0.27207439 0.2762944  0.2782062  0.26351006 0.24074607 1.00000001
 0.30381164 1.00000001 0.33330288 0.29698888 0.32080366 1.00000001]
73 761.5909896146546 [0.27136803 0.27567152 0.27764918 0.26329598 0.24062493 1.00000001
 0.30354824 1.00000001 0.33344912 0.29745557 0.31983104 1.00000001]
74 81.84905316853661 [0.27061654 0.27508783 0.27727485 0.26290195 0.24028302 1.00000001
 0.30328109 1.00000001 0.33371409 0.29761332 0.31904356 1.00000001]
75 75.2456414957854 [0.27011104 0.27440826 0.2770459  0.26259708 0.23996502 1.00000001
 0.30294092 1.00000001 0.33350192 0.29767276 0.31831631 1.00000001]
76 66.2389272697237 [0.26959519 0.2736833  0.27691005 0.26221103 0.2397488  1.00000001
 0.30252221 1.00000001 0.33317387 0.29754443 0.31779204 1.00000001]
77 63.160471100765314 [0.26924131 0.2729325  0.27683309 0.26180518 0.23952812 1.00000001
 0.30205486 1.00000001 0.33302873 0.29760229 0.3174118  1.00000001]
78 66.0770720051149 [0.26873848 0.27222682 0.2768894  0.26147596 0.23934055 1.00000001
 0.30197484 1.00000001 0.33301604 0.29765325 0.31733195 1.00000001]
79 64.4044510463541 [0.26813476 0.27146466 0.2769414  0.26125481 0.23916103 1.00000001
 0.30218639 1.00000001 0.33306562 0.2975527  0.31721836 1.00000001]
80 57.85204012339438 [0.2671877  0.27090554 0.27679487 0.26106437 0.23895788 1.00000001
 0.30198551 1.00000001 0.33302324 0.29745389 0.31714194 1.00000001]
81 406.73085945558904 [0.26638478 0.27041134 0.27652425 0.2608309  0.23850316 1.00000001
 0.30211251 1.00000001 0.33289781 0.29785006 0.31687974 1.00000001]
82 70.76456052707022 [0.26548688 0.26965775 0.27650637 0.26078419 0.23801629 1.00000001
 0.30205006 1.00000001 0.33302273 0.2982383  0.31644463 1.00000001]
83 65.5112473174886 [0.26453105 0.26919665 0.27650346 0.26065705 0.2374737  1.00000001
 0.3020264  1.00000001 0.33316667 0.29850825 0.31625077 1.00000001]
84 50.385335007368056 [0.26351004 0.26885487 0.27685768 0.26062995 0.23711604 1.00000001
 0.30187246 1.00000001 0.33338079 0.29852055 0.3158566  1.00000001]
85 67.19467445876438 [0.26257498 0.26853044 0.27709935 0.2606159  0.23672528 1.00000001
 0.30150043 1.00000001 0.33398433 0.29821061 0.31577899 1.00000001]
86 741.6960827532931 [0.26184454 0.26813626 0.27740195 0.26049364 0.23646127 1.00000001
 0.30134722 1.00000001 0.33438274 0.29807176 0.3156205  1.00000001]
87 1101.0308860517744 [0.26126483 0.26765469 0.27782804 0.26032072 0.23635983 1.00000001
 0.3011411  1.00000001 0.33453949 0.29807839 0.31514845 1.00000001]
88 1098.5386363225518 [0.26060218 0.2674149  0.27801142 0.26013645 0.23616571 1.00000001
 0.30079363 1.00000001 0.33483828 0.29835974 0.3148648  1.00000001]
89 764.9990181699317 [0.26009005 0.2670346  0.27816761 0.25997922 0.23601434 1.00000001
 0.30063521 1.00000001 0.33516847 0.29860226 0.31481124 1.00000001]
90 1105.1675734391904 [0.25984436 0.26665476 0.27846801 0.25970733 0.2360705  1.00000001
 0.30044476 1.00000001 0.33551181 0.29874984 0.31452118 1.00000001]
91 66.96670803152392 [0.25965717 0.2663299  0.2783819  0.25958843 0.23609863 1.00000001
 0.30037595 1.00000001 0.33602758 0.29903064 0.31409363 1.00000001]
92 767.129288669694 [0.25943032 0.26607777 0.27836924 0.25943094 0.23610159 1.00000001
 0.30028929 1.00000001 0.33655703 0.29910502 0.31380673 1.00000001]
93 766.0313209389942 [0.25914287 0.26584995 0.27843223 0.25943972 0.23610359 1.00000001
 0.30019491 1.00000001 0.33671466 0.29926324 0.31351571 1.00000001]
94 71.97395514918543 [0.25879142 0.26529656 0.27836887 0.2595719  0.23608504 1.00000001
 0.3001569  1.00000001 0.33673885 0.29936136 0.31311016 1.00000001]
95 62.756166944422375 [0.25860922 0.26462067 0.27819124 0.25960319 0.23619326 1.00000001
 0.30033964 1.00000001 0.33655732 0.29940798 0.3126516  1.00000001]
96 66.63155832721476 [0.25852146 0.26398959 0.27812359 0.25956919 0.23631253 1.00000001
 0.30042299 1.00000001 0.33641402 0.2996123  0.3122807  1.00000001]
97 416.14292458898547 [0.25819565 0.26359777 0.2781     0.25943702 0.23634655 1.00000001
 0.30064472 1.00000001 0.33640684 0.29979305 0.31234164 1.00000001]
98 760.6682592942917 [0.25800738 0.26327614 0.27797003 0.25916578 0.23640897 1.00000001
 0.30071366 1.00000001 0.33646104 0.30007681 0.31202957 1.00000001]
99 420.93939202477986 [0.25789216 0.26301223 0.27797333 0.25883701 0.23639902 1.00000001
 0.300711   1.00000001 0.3365838  0.3001749  0.31175785 1.00000001]
100 408.2598819308671 [0.25758021 0.26289125 0.27802281 0.25856049 0.23626589 1.00000001
 0.30057351 1.00000001 0.3366675  0.30026427 0.31160339 1.00000001]
101 409.8336805105645 [0.25720603 0.26278384 0.27793377 0.25821945 0.2360952  1.00000001
 0.30057338 1.00000001 0.33699059 0.29995868 0.31154852 1.00000001]
102 401.4375769081237 [0.25677713 0.26261316 0.27797105 0.25804099 0.23601397 1.00000001
 0.30047304 1.00000001 0.33752605 0.29986982 0.31137448 1.00000001]
103 55.82780783614693 [0.25650702 0.2624096  0.27810752 0.25797798 0.23596649 1.00000001
 0.30064519 1.00000001 0.33800011 0.29994527 0.31130725 1.00000001]
104 740.1924423896147 [0.25623085 0.26239522 0.27822025 0.25788443 0.23598964 1.00000001
 0.30095542 1.00000001 0.33826764 0.3000181  0.31103041 1.00000001]
105 55.81750718789867 [0.25572171 0.26247824 0.27816421 0.25776279 0.23587044 1.00000001
 0.30145988 1.00000001 0.33877154 0.30014533 0.31097639 1.00000001]
106 392.5278190265233 [0.25517531 0.26274984 0.27815603 0.25747558 0.23562549 1.00000001
 0.30206627 1.00000001 0.33938806 0.30033127 0.31085214 1.00000001]
107 57.690396298880486 [0.25435889 0.26309478 0.27828648 0.25719249 0.23554552 1.00000001
 0.30236323 1.00000001 0.33998487 0.30052425 0.31074341 1.00000001]
108 742.3925140229192 [0.25346278 0.26355538 0.2784951  0.25702511 0.23548355 1.00000001
 0.30255795 1.00000001 0.34080666 0.30086694 0.31063031 1.00000001]
109 392.65680434167064 [0.25276693 0.26415855 0.2782798  0.25680517 0.23543216 1.00000001
 0.30253091 1.00000001 0.34135161 0.30129345 0.31073099 1.00000001]
110 399.34493130156517 [0.25215724 0.26488208 0.27813216 0.2565544  0.23555711 1.00000001
 0.30298228 1.00000001 0.3419377  0.30171595 0.31099411 1.00000001]
111 49.86927766067117 [0.25165144 0.2656919  0.27815489 0.25626637 0.23558533 1.00000001
 0.30352989 1.00000001 0.34299236 0.30198649 0.31126183 1.00000001]
112 45.92753336399336 [0.25118484 0.26645458 0.27821433 0.25607096 0.23565142 1.00000001
 0.30429518 1.00000001 0.34393358 0.30222296 0.31168243 1.00000001]
113 396.9364218534796 [0.25095355 0.26712035 0.2781966  0.2559237  0.23569396 1.00000001
 0.30478752 1.00000001 0.34488316 0.30271862 0.31203114 1.00000001]
114 389.7362227815363 [0.25083648 0.26788067 0.27824063 0.25558671 0.23572007 1.00000001
 0.30531373 1.00000001 0.34573325 0.30292218 0.31225242 1.00000001]
115 1083.1253526799348 [0.25064189 0.26845604 0.27789484 0.25541945 0.23596379 1.00000001
 0.30587271 1.00000001 0.34632333 0.30325159 0.31269267 1.00000001]
116 69.64538578731384 [0.25037908 0.26923156 0.27754724 0.25542572 0.23603644 1.00000001
 0.30638189 1.00000001 0.34717885 0.30391109 0.31282399 1.00000001]
117 400.12722904075304 [0.25023523 0.26980055 0.27737209 0.25552729 0.23628957 1.00000001
 0.306812   1.00000001 0.34759723 0.30457466 0.31275721 1.00000001]
118 65.29008761418211 [0.25004301 0.2703089  0.27710975 0.25567348 0.23649133 1.00000001
 0.30742124 1.00000001 0.34786461 0.30519227 0.31246424 1.00000001]
119 66.85461232498886 [0.24978136 0.2706733  0.27693454 0.25591023 0.23674158 1.00000001
 0.30784084 1.00000001 0.34797428 0.30595533 0.31207928 1.00000001]
120 71.64982820370521 [0.24961445 0.27114186 0.27688431 0.25615349 0.23692104 1.00000001
 0.30825176 1.00000001 0.34809369 0.30669503 0.31186921 1.00000001]
121 66.46623694123492 [0.2496835  0.27141068 0.27679967 0.25632537 0.23729549 1.00000001
 0.30843242 1.00000001 0.34838707 0.30721242 0.31166279 1.00000001]
122 65.72780906948987 [0.2494913  0.2718403  0.27672005 0.25630026 0.23751792 1.00000001
 0.30869808 1.00000001 0.34857918 0.30787628 0.31140903 1.00000001]
123 416.61037612156724 [0.2492506  0.27222447 0.27652439 0.25637065 0.23773172 1.00000001
 0.30890676 1.00000001 0.34858284 0.30854604 0.31136472 1.00000001]
124 71.6294349763149 [0.24900832 0.27282584 0.27651831 0.25655572 0.23789465 1.00000001
 0.30914451 1.00000001 0.34853439 0.3096629  0.31126393 1.00000001]
125 57.46996759854734 [0.24875792 0.27323567 0.27646281 0.25668599 0.23801274 1.00000001
 0.30948016 1.00000001 0.34835886 0.31040325 0.31109233 1.00000001]
126 53.224198658621404 [0.2484859  0.273408   0.27673368 0.25683529 0.23812902 1.00000001
 0.30975819 1.00000001 0.34854416 0.3112479  0.31128284 1.00000001]
127 396.9705369226056 [0.2482901  0.27365441 0.27709651 0.2570243  0.23837456 1.00000001
 0.31009989 1.00000001 0.34888272 0.31197189 0.3115373  1.00000001]
128 396.2355520619766 [0.24814233 0.27383289 0.27724536 0.25713382 0.23852541 1.00000001
 0.31053438 1.00000001 0.34908612 0.31232814 0.31141739 1.00000001]
129 407.04747899165716 [0.24798886 0.27414138 0.27731343 0.25732976 0.23874308 1.00000001
 0.31085088 1.00000001 0.3491523  0.31261617 0.31147891 1.00000001]
130 62.69140596371798 [0.24791066 0.27457593 0.27720092 0.25753326 0.23894037 1.00000001
 0.31106185 1.00000001 0.34904641 0.31303946 0.31147387 1.00000001]
131 52.19563900942023 [0.24789929 0.27503992 0.27715517 0.2575694  0.23883537 1.00000001
 0.31119624 1.00000001 0.34875114 0.31354767 0.31160761 1.00000001]
132 67.13977771184346 [0.24792758 0.27528784 0.27684645 0.25781732 0.23873701 1.00000001
 0.31109391 1.00000001 0.3485131  0.31342911 0.31188937 1.00000001]
133 66.57398923002424 [0.24789245 0.27549235 0.27651769 0.25812418 0.23861303 1.00000001
 0.3112191  1.00000001 0.34819556 0.31344061 0.31214813 1.00000001]
134 757.1259765679117 [0.24784646 0.2753532  0.2764366  0.25844492 0.23822108 1.00000001
 0.31115122 1.00000001 0.34782319 0.3136101  0.3124861  1.00000001]
135 403.3403963318705 [0.24806654 0.27520024 0.27650137 0.25866507 0.23788255 1.00000001
 0.31111547 1.00000001 0.34773903 0.31366854 0.31282936 1.00000001]
136 64.21880683940384 [0.2483779  0.2750337  0.27652107 0.25890268 0.23742348 1.00000001
 0.31090289 1.00000001 0.3475741  0.31368366 0.31339386 1.00000001]
137 76.3476981940212 [0.24860499 0.27483643 0.27672453 0.25903429 0.23687341 1.00000001
 0.31096406 1.00000001 0.34752622 0.31376874 0.31391028 1.00000001]
138 63.557145539632536 [0.24876078 0.27485048 0.2769399  0.25920429 0.23637375 1.00000001
 0.31092545 1.00000001 0.34741265 0.31395023 0.31434961 1.00000001]
139 71.37810177883826 [0.24878474 0.27488464 0.27710104 0.25951414 0.23586647 1.00000001
 0.31056952 1.00000001 0.34730258 0.31403772 0.31469684 1.00000001]
140 63.772622431497794 [0.24875997 0.27487697 0.2770996  0.25994012 0.23529252 1.00000001
 0.31019983 1.00000001 0.34719302 0.31431605 0.31487502 1.00000001]
141 71.96614189682478 [0.2484918  0.27519987 0.27699217 0.26026052 0.23490489 1.00000001
 0.3102731  1.00000001 0.34791136 0.31412602 0.31474244 1.00000001]
142 400.6730747468645 [0.24834858 0.27570409 0.27680905 0.260735   0.23442176 1.00000001
 0.30996079 1.00000001 0.34830103 0.3139283  0.31470364 1.00000001]
143 58.54743441769037 [0.24811586 0.27620728 0.27653518 0.26122233 0.23406796 1.00000001
 0.30937726 1.00000001 0.34859135 0.31381582 0.31452316 1.00000001]
144 65.71352705189636 [0.24787041 0.27685803 0.27608917 0.26157449 0.23372848 1.00000001
 0.30882863 1.00000001 0.34879353 0.31387818 0.3143791  1.00000001]
145 67.76604272754307 [0.24782152 0.27766397 0.27559317 0.26200415 0.23346824 1.00000001
 0.30819183 1.00000001 0.34853853 0.31330555 0.31424988 1.00000001]
146 61.18248933387259 [0.24777996 0.27834385 0.27529707 0.26227578 0.23309097 1.00000001
 0.30753389 1.00000001 0.34791278 0.31253846 0.31403915 1.00000001]
147 52.85495134479932 [0.24772409 0.27902095 0.27504113 0.26244329 0.23267775 1.00000001
 0.30695076 1.00000001 0.34691487 0.31161802 0.31379147 1.00000001]
148 54.6663686935307 [0.24765564 0.27965828 0.27485696 0.2627091  0.23229779 1.00000001
 0.30652318 1.00000001 0.34597164 0.31086219 0.31365368 1.00000001]
149 62.753109470387926 [0.24774134 0.2800179  0.27501223 0.26306022 0.23216014 1.00000001
 0.30576581 1.00000001 0.34512966 0.31003389 0.31372868 1.00000001]
150 54.21473263818297 [0.24760074 0.28011193 0.27504843 0.2632109  0.23187346 1.00000001
 0.30508206 1.00000001 0.34456287 0.30920702 0.31414998 1.00000001]
151 50.8922764601727 [0.24755519 0.28020262 0.27493795 0.26319339 0.2314894  1.00000001
 0.30423965 1.00000001 0.34402681 0.30823006 0.31477164 1.00000001]
152 420.7974541535772 [0.24769852 0.28019834 0.27467698 0.26311913 0.2310475  1.00000001
 0.30367302 1.00000001 0.34376615 0.30729112 0.31522058 1.00000001]
153 56.54743625012014 [0.24781262 0.27997971 0.27425248 0.26320423 0.23078762 1.00000001
 0.30325581 1.00000001 0.34360585 0.30631492 0.3156062  1.00000001]
154 385.2642312483807 [0.24806125 0.27973913 0.27382175 0.26339503 0.23056135 1.00000001
 0.30296214 1.00000001 0.34365814 0.30548717 0.31590116 1.00000001]
155 63.0360694622525 [0.24778392 0.27963727 0.27350728 0.26374044 0.2305501  1.00000001
 0.30270294 1.00000001 0.34374658 0.30478927 0.31616371 1.00000001]
156 408.2709079951853 [0.24738649 0.27959392 0.27310425 0.26407969 0.2305096  1.00000001
 0.30246148 1.00000001 0.34364373 0.30447334 0.3165153  1.00000001]
157 402.8537726298129 [0.24704076 0.27931563 0.27257282 0.26437948 0.23052705 1.00000001
 0.30225137 1.00000001 0.34358084 0.30425417 0.31705341 1.00000001]
158 409.3625780342456 [0.24668461 0.27897587 0.27225851 0.26450018 0.23063368 1.00000001
 0.30188987 1.00000001 0.34348061 0.30381909 0.31760246 1.00000001]
159 61.66199181641211 [0.24636877 0.27867146 0.27221375 0.264609   0.23042499 1.00000001
 0.3017412  1.00000001 0.34350995 0.30391466 0.31815782 1.00000001]
160 62.0578235329814 [0.24633274 0.27833994 0.27217987 0.26464841 0.2303485  1.00000001
 0.30160746 1.00000001 0.34333676 0.30422668 0.31856958 1.00000001]
161 60.83708480213356 [0.24619775 0.277968   0.27220291 0.26468289 0.23039663 1.00000001
 0.30151543 1.00000001 0.34318725 0.30472523 0.31921402 1.00000001]
162 49.65686087589868 [0.24633472 0.27749877 0.27243737 0.26457303 0.23033015 1.00000001
 0.30107317 1.00000001 0.34279844 0.30509308 0.31977489 1.00000001]
163 406.1201706824022 [0.24644313 0.27729971 0.27229017 0.2645389  0.23000127 1.00000001
 0.30065346 1.00000001 0.34250234 0.30524296 0.32016299 1.00000001]
164 63.30050011605212 [0.24667752 0.27702951 0.27189299 0.26437686 0.22966733 1.00000001
 0.30009709 1.00000001 0.34187191 0.30533361 0.32050559 1.00000001]
165 68.17111705734314 [0.24669657 0.27703978 0.27188455 0.26449041 0.22934383 1.00000001
 0.29958531 1.00000001 0.34141377 0.30509319 0.3207338  1.00000001]
166 391.92241938164915 [0.24680973 0.27721614 0.27198423 0.26460003 0.2289892  1.00000001
 0.29923226 1.00000001 0.34108486 0.30514681 0.32081961 1.00000001]
167 752.6696050308545 [0.24683475 0.27745178 0.27214194 0.26472902 0.22860317 1.00000001
 0.29888436 1.00000001 0.34058762 0.30554573 0.32085138 1.00000001]
168 748.8111776642176 [0.24685707 0.27775636 0.27234828 0.26488427 0.22826615 1.00000001
 0.29857411 1.00000001 0.34004162 0.30573814 0.32092481 1.00000001]
169 1778.1615407498666 [0.24676284 0.27799853 0.27240263 0.26503689 0.22801231 1.00000001
 0.29808898 1.00000001 0.33923529 0.30559997 0.32080515 1.00000001]
170 746.9548214600536 [0.24652573 0.27818346 0.27218043 0.26514562 0.22785669 1.00000001
 0.29764273 1.00000001 0.33835796 0.3055305  0.32068049 1.00000001]
171 742.0045915906051 [0.24650515 0.27844751 0.27198489 0.26525088 0.22758157 1.00000001
 0.29726627 1.00000001 0.33798308 0.30559988 0.32038208 1.00000001]
172 1106.1571925498138 [0.24630948 0.27883579 0.27180907 0.26519847 0.22730849 1.00000001
 0.29680266 1.00000001 0.33756701 0.30558781 0.32025924 1.00000001]
173 401.8517920776437 [0.24607936 0.27916933 0.27169263 0.26503097 0.22731365 1.00000001
 0.29655835 1.00000001 0.33709696 0.30526261 0.32028441 1.00000001]
174 754.0377513183582 [0.24596581 0.27928373 0.27155003 0.26482936 0.22717482 1.00000001
 0.29620928 1.00000001 0.33612039 0.30483224 0.32010042 1.00000001]
175 410.80138483827 [0.2458861  0.27963619 0.27132127 0.2648074  0.22710321 1.00000001
 0.29583976 1.00000001 0.33536956 0.30452936 0.31986647 1.00000001]
176 410.5027002446108 [0.24565261 0.27997019 0.27103625 0.26475676 0.22695376 1.00000001
 0.29549407 1.00000001 0.3345507  0.30437607 0.31972465 1.00000001]
177 1098.0422617164918 [0.24551939 0.28017594 0.27078582 0.26456886 0.22675039 1.00000001
 0.29521966 1.00000001 0.33371407 0.30399973 0.31965647 1.00000001]
178 70.1088143039689 [0.24540345 0.28049114 0.27058943 0.2639935  0.22659821 1.00000001
 0.29477326 1.00000001 0.3328421  0.30373557 0.31973548 1.00000001]
179 62.22865061913878 [0.24519988 0.28059033 0.27056005 0.26331713 0.22647449 1.00000001
 0.29423863 1.00000001 0.33203737 0.3034925  0.31982705 1.00000001]
180 63.25061156878397 [0.24462687 0.28072612 0.2704414  0.26266024 0.22639697 1.00000001
 0.29369019 1.00000001 0.33140498 0.30323121 0.31984105 1.00000001]
181 69.20677381706619 [0.24400109 0.28090809 0.27025277 0.26202459 0.22630927 1.00000001
 0.29255372 1.00000001 0.3309996  0.30299907 0.31979664 1.00000001]
182 423.5333615076156 [0.24336113 0.28129421 0.27013034 0.26157588 0.22630791 1.00000001
 0.29166062 1.00000001 0.33054036 0.30275592 0.31975995 1.00000001]
183 410.01228025971517 [0.24252539 0.28181094 0.26990887 0.26140611 0.2261967  1.00000001
 0.29091319 1.00000001 0.33000687 0.30244592 0.31992568 1.00000001]
184 77.97787587493667 [0.24170916 0.28238729 0.26958332 0.26112002 0.22594486 1.00000001
 0.29013891 1.00000001 0.32961549 0.3019093  0.32031255 1.00000001]
185 60.54299449966432 [0.24112507 0.28216725 0.26941075 0.26060832 0.2254359  1.00000001
 0.28961629 1.00000001 0.32920548 0.30139131 0.32041443 1.00000001]
186 66.38321249868073 [0.24049759 0.28177827 0.26927097 0.26003212 0.22481266 1.00000001
 0.28922563 1.00000001 0.32863569 0.30097969 0.32041094 1.00000001]
187 60.641332459677386 [0.23992592 0.2814997  0.26920541 0.25966383 0.22410313 1.00000001
 0.28905903 1.00000001 0.32779575 0.30066756 0.32061764 1.00000001]
188 68.01998575659044 [0.23917098 0.28149237 0.26875534 0.25918587 0.22341042 1.00000001
 0.28924217 1.00000001 0.32715213 0.30022667 0.32115319 1.00000001]
189 73.16014615954074 [0.23862401 0.28156751 0.26819158 0.25882968 0.22289777 1.00000001
 0.28952338 1.00000001 0.32650654 0.29971424 0.32202521 1.00000001]
190 65.6120085883667 [0.23800032 0.28120981 0.26775809 0.25841382 0.22235974 1.00000001
 0.28969093 1.00000001 0.32572724 0.2993269  0.32288085 1.00000001]
191 60.265109615556526 [0.23750182 0.28081465 0.26731701 0.25794902 0.22200935 1.00000001
 0.29000931 1.00000001 0.32516558 0.2988746  0.32377319 1.00000001]
192 68.06780811818805 [0.23687767 0.28005771 0.26701675 0.25703255 0.22175107 1.00000001
 0.29069428 1.00000001 0.32442838 0.29841557 0.3248298  1.00000001]
193 409.6658726344771 [0.23653116 0.27929388 0.26672751 0.256093   0.22137875 1.00000001
 0.29150078 1.00000001 0.3236695  0.29817096 0.32576424 1.00000001]
194 63.94466884103435 [0.2361751  0.27858035 0.26662876 0.25505198 0.22094657 1.00000001
 0.29216377 1.00000001 0.32279691 0.29831268 0.32655209 1.00000001]
195 68.67432453426058 [0.23581069 0.27777702 0.26655976 0.25408837 0.22039028 1.00000001
 0.29319491 1.00000001 0.32180913 0.29841997 0.3272246  1.00000001]
196 55.73544592272464 [0.23581413 0.27699031 0.26653573 0.25298137 0.21969909 1.00000001
 0.29408008 1.00000001 0.32104577 0.29864494 0.32813685 1.00000001]
197 69.60967005945957 [0.23579425 0.27638846 0.26654177 0.25193423 0.21903357 1.00000001
 0.29493098 1.00000001 0.32032342 0.29871774 0.32903041 1.00000001]
198 52.76375965291409 [0.23552292 0.2756485  0.26649508 0.25090174 0.21831526 1.00000001
 0.29558141 1.00000001 0.31964766 0.29868504 0.33014747 1.00000001]
199 64.48800653390282 [0.23516907 0.27499725 0.26641274 0.2497781  0.21760518 1.00000001
 0.29599586 1.00000001 0.31912971 0.29892729 0.33091934 1.00000001]
200 50.64899743748007 [0.23493031 0.27444285 0.26603344 0.24872633 0.21692612 1.00000001
 0.2958064  1.00000001 0.31859664 0.29886226 0.3317994  1.00000001]
201 53.62100616648044 [0.23464034 0.2737217  0.26581834 0.2473858  0.2165205  1.00000001
 0.29555072 1.00000001 0.31772281 0.29892277 0.33250111 1.00000001]
202 59.40182615832162 [0.23426943 0.27333624 0.26586439 0.24605438 0.21591597 1.00000001
 0.29508421 1.00000001 0.31670544 0.29888224 0.33312867 1.00000001]
203 58.15914906862791 [0.2340346  0.27298863 0.26598568 0.24494245 0.21526555 1.00000001
 0.29467701 1.00000001 0.3157338  0.29892527 0.33360551 1.00000001]
204 54.01470699069238 [0.23365224 0.2726988  0.26616912 0.24389224 0.21447777 1.00000001
 0.29470472 1.00000001 0.31483693 0.29887199 0.33387563 1.00000001]
205 51.65093024718935 [0.23319145 0.27242885 0.26637296 0.24286431 0.21394504 1.00000001
 0.2946107  1.00000001 0.31396511 0.29864164 0.33434305 1.00000001]
206 45.11637104011806 [0.23274608 0.27232893 0.26654221 0.24196891 0.21348056 1.00000001
 0.29430448 1.00000001 0.31321547 0.29854173 0.33477996 1.00000001]
207 47.35071992891274 [0.23225948 0.27240731 0.26629513 0.24116907 0.21301681 1.00000001
 0.2939921  1.00000001 0.31246306 0.29813315 0.3351797  1.00000001]
208 52.33693275998486 [0.23163431 0.2726467  0.26572846 0.24053932 0.21216818 1.00000001
 0.29334541 1.00000001 0.31172272 0.29769201 0.33566177 1.00000001]
209 42.39330039523585 [0.23113008 0.27278829 0.26499503 0.23979622 0.21135132 1.00000001
 0.29290855 1.00000001 0.31098665 0.29734229 0.33600539 1.00000001]
