0 29548.020245923424 [0.30124772 0.30009375 0.30067074 0.29836281 0.29778582 0.30009375
 0.56813448 0.30124772 0.73022829 0.30009376 0.30240169 0.3018247
 0.56871146]
1 29531.046126313533 [0.30065888 0.29982712 0.30137011 0.29678269 0.29660359 0.30063875
 0.56672467 0.30232516 0.72942246 0.30006781 0.305074   0.30327369
 0.56859099]
2 29480.286395341136 [0.30144839 0.29987434 0.30157522 0.29528344 0.29494362 0.30094881
 0.56612402 0.30273284 0.72898115 0.30052202 0.30668371 0.30357532
 0.5688221 ]
3 29481.734050432104 [0.30056362 0.30069048 0.30158896 0.29375747 0.2939832  0.3011579
 0.56537349 0.30253488 0.72890618 0.30148138 0.30875827 0.30374822
 0.56967807]
4 29424.07294144348 [0.29963589 0.30137739 0.30152758 0.29271885 0.29326749 0.30166126
 0.56500438 0.30197336 0.72888838 0.30202219 0.30985335 0.30380383
 0.57039696]
5 29441.229409777632 [0.2984309  0.30164033 0.3013295  0.29189278 0.29342668 0.3021723
 0.56421085 0.30132362 0.72894488 0.30247656 0.31124583 0.30336569
 0.57087448]
6 29388.24070862527 [0.29749799 0.30206096 0.30148149 0.29136123 0.29350845 0.30206377
 0.563369   0.30066942 0.72939215 0.30283599 0.31246408 0.30282387
 0.57143329]
7 29391.075131926278 [0.29630005 0.30244938 0.30166024 0.29123296 0.2934813  0.30171717
 0.56289818 0.30050478 0.72979559 0.30355011 0.31350919 0.30254528
 0.57213029]
8 29412.467957361558 [0.29510612 0.30279481 0.30226903 0.29123727 0.29327953 0.30129199
 0.56256672 0.30082825 0.73031064 0.30421726 0.31447382 0.30231601
 0.57288444]
9 29373.065414343204 [0.29379782 0.3032973  0.30300228 0.29122185 0.29291849 0.30101205
 0.56238191 0.3015424  0.73084543 0.30497386 0.31503737 0.3022985
 0.57327314]
10 29373.777609598048 [0.29224111 0.30382428 0.30333139 0.29127662 0.29268614 0.30090235
 0.562155   0.30245615 0.73129014 0.305496   0.31568971 0.30228577
 0.57340341]
11 29339.802244373575 [0.2910167  0.30445363 0.3035733  0.29096347 0.29268434 0.30080796
 0.56193955 0.30334636 0.7318194  0.30575946 0.31645072 0.30188424
 0.57359213]
12 29360.493602862007 [0.28981    0.30476325 0.30378762 0.29074484 0.29287424 0.30071826
 0.56193205 0.30379734 0.73249586 0.30613351 0.31731384 0.30154516
 0.57347659]
13 29352.794833893364 [0.28862817 0.30479091 0.30369452 0.29037744 0.29315733 0.30072274
 0.56206175 0.30406633 0.73312624 0.30661641 0.31810993 0.30161695
 0.57332727]
14 29347.605058332727 [0.28747381 0.30520015 0.30371898 0.29003137 0.29346291 0.30073203
 0.56231019 0.30429735 0.73363951 0.307155   0.31865984 0.30181196
 0.57317157]
15 29357.67232919314 [0.28601294 0.3060902  0.30374965 0.2892148  0.29406096 0.30088354
 0.56268437 0.30485529 0.73391269 0.30747579 0.31913099 0.30212293
 0.57294784]
16 29344.174114350462 [0.28421762 0.30694904 0.30371343 0.28850419 0.29474215 0.30091646
 0.56293021 0.30529674 0.73439287 0.30779985 0.31932751 0.3026974
 0.57267431]
17 29325.536100613215 [0.28256425 0.30786466 0.30378685 0.28813616 0.29545185 0.30077006
 0.5632091  0.30554662 0.73475377 0.30813068 0.31967301 0.30318577
 0.5723831 ]
18 29337.34331279502 [0.28086796 0.30876181 0.30425323 0.28766075 0.29606395 0.3004656
 0.56326309 0.3057648  0.73504238 0.30854768 0.32020519 0.30357208
 0.57215449]
19 29321.123594393743 [0.27934386 0.30936429 0.30504141 0.28740282 0.29666646 0.300275
 0.56344484 0.30626235 0.73546652 0.30889816 0.32069417 0.3039503
 0.57211338]
20 29332.98494455229 [0.27786919 0.31002309 0.30615912 0.2871553  0.29740612 0.30007703
 0.56371841 0.30649562 0.73586363 0.30923403 0.32128677 0.30438859
 0.57210256]
21 29322.89254364191 [0.27649559 0.31080732 0.30748511 0.28684708 0.29803276 0.29967803
 0.56398862 0.30703186 0.7361885  0.30932961 0.32176117 0.30486597
 0.57199417]
22 29320.57174263314 [0.27511749 0.31149049 0.30887786 0.28668676 0.29839774 0.29943991
 0.56459087 0.30752238 0.73651393 0.3096027  0.32211317 0.30515912
 0.57209491]
23 29294.815686789145 [0.27404105 0.31234897 0.31044458 0.28648375 0.29865506 0.29925041
 0.56476956 0.30781029 0.73684448 0.3097222  0.32220174 0.3057697
 0.57229046]
24 29296.30851797974 [0.27312172 0.31310872 0.3119656  0.28638872 0.29884418 0.29904705
 0.56480842 0.30780452 0.73722356 0.30964948 0.32213124 0.30623778
 0.57255483]
25 29311.478761756258 [0.27216354 0.31376192 0.31317509 0.28632981 0.29909301 0.29907475
 0.56490217 0.30798434 0.73748691 0.30953836 0.32195787 0.30697373
 0.57295744]
26 29292.386127485825 [0.27125819 0.31430538 0.31420828 0.28640236 0.29930443 0.29860089
 0.56500809 0.30833943 0.73763474 0.30943635 0.32208052 0.307744
 0.57318857]
27 29306.521791110237 [0.27048228 0.31487096 0.31511377 0.28629165 0.2995046  0.298052
 0.56489493 0.30854679 0.73789329 0.30915289 0.32212642 0.30841638
 0.57329353]
28 29303.919256719164 [0.269727   0.31556217 0.31601344 0.28597386 0.29983835 0.29734861
 0.56485202 0.30879521 0.73796141 0.3089489  0.32157152 0.30896186
 0.57348532]
29 29298.217904966332 [0.26884445 0.31620615 0.31647917 0.28559006 0.30025663 0.29680366
 0.56471536 0.30903329 0.73805905 0.30866801 0.32107604 0.30945668
 0.57357771]
30 29301.954787004095 [0.26804841 0.31679411 0.31686632 0.28530171 0.30076964 0.29615797
 0.56470867 0.30913863 0.73804601 0.30836438 0.32053872 0.30969833
 0.57359214]
31 29290.293612354995 [0.26721055 0.31723403 0.31723622 0.28494141 0.30128072 0.29547644
 0.56474586 0.30909824 0.73802552 0.30795876 0.32030318 0.30995203
 0.57354395]
32 29292.987057213024 [0.26631757 0.31755152 0.31758834 0.28442883 0.3019338  0.29477135
 0.56467161 0.30916743 0.73796612 0.30785096 0.32005975 0.31017706
 0.57341731]
33 29284.941861796156 [0.2656342  0.31767867 0.3179806  0.28392163 0.30261504 0.29396742
 0.56451976 0.30928145 0.7376272  0.30814029 0.32003988 0.31022633
 0.57344841]
34 29291.536481616873 [0.26509531 0.31763156 0.31845864 0.28360826 0.30337978 0.2931107
 0.56440452 0.30933413 0.73737795 0.30835765 0.32022814 0.3102933
 0.57365397]
35 29282.38014114332 [0.2645509  0.31756171 0.31906171 0.28334968 0.30432063 0.29227676
 0.56415307 0.30929497 0.73720642 0.30843437 0.32040768 0.31037795
 0.57385016]
36 29297.5632074608 [0.26421752 0.31754962 0.31954203 0.28309869 0.30522658 0.29140181
 0.56388481 0.30938525 0.73704265 0.30836923 0.32056085 0.31026733
 0.57409179]
37 29285.35673514475 [0.26387897 0.31781703 0.31968617 0.282998   0.30592635 0.29070176
 0.56363836 0.30988328 0.73693226 0.30840379 0.32047579 0.31008692
 0.57437325]
38 29291.173501142704 [0.26347243 0.31818704 0.31996297 0.28299031 0.30651895 0.29008738
 0.56342162 0.3102976  0.73677593 0.30844543 0.32053313 0.30997559
 0.57468128]
39 29280.568283646993 [0.26316617 0.3184932  0.32017025 0.28303408 0.30710548 0.28950348
 0.56320348 0.31037561 0.7365734  0.30859396 0.32035138 0.30986234
 0.57489145]
40 29273.115491652905 [0.26300571 0.31884737 0.32030376 0.28316792 0.30756159 0.28912119
 0.56300288 0.31049462 0.73642523 0.30864066 0.32012724 0.30962761
 0.57516786]
41 29287.218812246658 [0.26282277 0.31917918 0.32034961 0.28315915 0.30777221 0.28889768
 0.56282973 0.31044356 0.73625472 0.30852398 0.31991592 0.3095992
 0.57550543]
42 29295.668305563067 [0.26243715 0.31973864 0.32045603 0.28293649 0.30805851 0.28863225
 0.56280643 0.31056196 0.73604611 0.30852805 0.31967631 0.3095929
 0.57603313]
43 29280.073761132648 [0.26215345 0.32016224 0.32076048 0.28268933 0.30831636 0.28857375
 0.56281568 0.31075746 0.7358116  0.30848048 0.31957417 0.30956259
 0.57643807]
44 29271.936038279968 [0.26191009 0.32039665 0.32105464 0.28257809 0.30868197 0.28828237
 0.56282374 0.31085752 0.73549143 0.30828483 0.31955677 0.30965485
 0.57688375]
45 29261.350145618006 [0.26178589 0.32070815 0.3212692  0.28242849 0.30864787 0.28782937
 0.56273371 0.31089866 0.7352122  0.30800623 0.31954306 0.30991898
 0.57726598]
46 29286.595977324432 [0.26165557 0.32090264 0.32122801 0.28223117 0.30852457 0.28745107
 0.5624698  0.3109736  0.73483178 0.30798846 0.31970668 0.30995805
 0.57749754]
47 29274.038441235007 [0.26142617 0.32102673 0.32095215 0.28187928 0.30846153 0.28703398
 0.56218413 0.31127557 0.73459586 0.30787158 0.32001753 0.30995899
 0.57767832]
48 29261.294421507788 [0.26125602 0.32114556 0.32066936 0.28175584 0.30822545 0.28653625
 0.56187905 0.31156045 0.73443286 0.30778137 0.32028865 0.30987049
 0.57782771]
49 29258.612705623163 [0.26094599 0.32165525 0.3203759  0.28146785 0.30795736 0.28618127
 0.56140662 0.31173386 0.73432469 0.30727404 0.32040697 0.31020884
 0.57778701]
50 29283.13943575754 [0.26058832 0.32199881 0.31970051 0.28115142 0.30785404 0.28573714
 0.56100368 0.31189353 0.73423461 0.30663309 0.32034253 0.31050067
 0.57773932]
51 29264.68682512852 [0.26033762 0.32258017 0.31913537 0.28081865 0.30781896 0.2853795
 0.5605597  0.31198572 0.73418122 0.30602496 0.32034659 0.31069436
 0.57762164]
52 29287.939997891528 [0.26005007 0.32293274 0.31870675 0.2804061  0.30764099 0.28509739
 0.56004313 0.31186725 0.73412767 0.30548215 0.32017581 0.31083823
 0.5776114 ]
53 29286.999841014956 [0.2597907  0.32332701 0.31813735 0.27994155 0.30757287 0.28485877
 0.55952052 0.31189081 0.73404935 0.30511673 0.31998764 0.31096163
 0.57753003]
54 29277.149853569168 [0.2595478  0.32341882 0.31767005 0.27937086 0.30760344 0.28467607
 0.55918617 0.31198995 0.7341474  0.30496006 0.31985926 0.31108818
 0.57751426]
55 29265.912464851375 [0.25924417 0.32357991 0.31725163 0.27884018 0.30757989 0.28441716
 0.55866411 0.31205859 0.7343019  0.30481383 0.31974535 0.31124504
 0.57750898]
56 29261.659916546123 [0.25873661 0.32386967 0.31691199 0.27842354 0.3074551  0.28406373
 0.55826846 0.31215186 0.73433718 0.30470159 0.31958324 0.3114465
 0.57749018]
57 29290.253823960633 [0.2582954  0.32426823 0.31676589 0.27816965 0.30728072 0.28385713
 0.55800731 0.31236416 0.73445442 0.30446668 0.31960369 0.31152571
 0.57727915]
58 29276.384469305962 [0.25793903 0.32465464 0.31666914 0.2778697  0.30696132 0.28369755
 0.55774345 0.31278651 0.73466942 0.30426199 0.3194382  0.31141961
 0.57713003]
59 29274.029853806613 [0.25760172 0.3251104  0.31648008 0.27757101 0.30675678 0.28345592
 0.55740233 0.31291626 0.73478192 0.30425133 0.31960047 0.31154009
 0.57707314]
60 29258.123306640082 [0.25734066 0.32558187 0.31639849 0.2772248  0.30668171 0.28322641
 0.55716166 0.31315557 0.73502679 0.30438066 0.31957916 0.31176937
 0.57706618]
61 29264.644060916547 [0.25714781 0.32618079 0.31642829 0.27686369 0.30680661 0.28297984
 0.55679176 0.31312166 0.73524832 0.30456292 0.31922937 0.31232198
 0.57684829]
62 29279.764664621933 [0.2571066  0.32665717 0.31666358 0.27642822 0.30698912 0.2829105
 0.55652516 0.31307094 0.7355211  0.30476088 0.31911036 0.31292086
 0.57659948]
63 29274.91223905603 [0.25696241 0.32756013 0.3168365  0.27604415 0.30732096 0.28283137
 0.55622751 0.31309176 0.73571298 0.30490519 0.31910416 0.31347166
 0.57654052]
64 29285.51844817947 [0.25682316 0.32818441 0.31692708 0.27599718 0.30745326 0.28274102
 0.55597601 0.31277223 0.73578905 0.30491018 0.319077   0.31402241
 0.5764659 ]
65 29258.410222476967 [0.25671958 0.32870827 0.31697088 0.27598584 0.30728028 0.2828219
 0.55575955 0.31249966 0.73586612 0.30505106 0.31899767 0.31445807
 0.57639348]
66 29266.308190355485 [0.25657233 0.32912436 0.31687773 0.27585574 0.30716551 0.2828974
 0.55558117 0.31237244 0.73580825 0.30534339 0.31881364 0.3149966
 0.57629471]
67 29277.980206361062 [0.25645495 0.32951174 0.31666558 0.27587664 0.30692095 0.28285554
 0.55542159 0.31223899 0.73576245 0.30571615 0.31842613 0.31547645
 0.57614678]
68 29277.9052548799 [0.25628137 0.32985684 0.31664399 0.27582805 0.30669229 0.28262545
 0.5553933  0.31215859 0.73581534 0.30627304 0.31809353 0.31624037
 0.57593218]
69 29265.393100617894 [0.25616463 0.32999087 0.31699044 0.27572724 0.30663963 0.28214498
 0.55535707 0.31228192 0.73576528 0.30690189 0.31805589 0.31713579
 0.5756367 ]
70 29260.4544206174 [0.25619032 0.3304395  0.31750775 0.27565915 0.30672992 0.28174454
 0.55555562 0.31245176 0.73574075 0.30753755 0.31792947 0.3179066
 0.57553687]
71 29259.64882018719 [0.25619021 0.33095755 0.31785029 0.27574251 0.30681494 0.28136359
 0.55568911 0.31252398 0.73577023 0.30786576 0.31781783 0.31870219
 0.57555766]
72 29262.847309585617 [0.25618234 0.33140313 0.31832525 0.27585654 0.30681836 0.28114256
 0.55569615 0.3125814  0.73579354 0.30816565 0.31774554 0.3194118
 0.5755318 ]
73 29251.30148529291 [0.25632632 0.3319785  0.3188898  0.27590973 0.30676418 0.28059063
 0.55564927 0.31244013 0.73580284 0.30845044 0.3175356  0.3201278
 0.57561616]
74 29274.457690883602 [0.25637721 0.33277398 0.3191882  0.27590308 0.30653738 0.28013455
 0.55559509 0.3123492  0.73571475 0.30881247 0.31714764 0.32100335
 0.57571536]
75 29270.279478844157 [0.2563476  0.33338185 0.31946135 0.27603345 0.30614248 0.27982183
 0.55548947 0.31224159 0.73555346 0.30922339 0.31666699 0.3217515
 0.57577655]
76 29263.361821122853 [0.25620651 0.33412679 0.31947699 0.27602999 0.30583607 0.27974499
 0.55548464 0.312325   0.73521176 0.30947553 0.31615165 0.32216071
 0.57590225]
77 29264.35061236173 [0.2561039  0.33460047 0.31962609 0.27591771 0.30559649 0.27968828
 0.5555304  0.31216892 0.73483281 0.30983363 0.31564699 0.32257334
 0.57608676]
78 29298.009613325135 [0.25598208 0.3349636  0.31982449 0.27589758 0.30530405 0.27962534
 0.55557621 0.31186427 0.73441762 0.31020578 0.31538611 0.32282026
 0.57632997]
79 29279.0727109161 [0.25588639 0.3352945  0.31989933 0.27594183 0.30499615 0.2794723
 0.55557182 0.31164334 0.73416821 0.31052131 0.3151709  0.32307041
 0.57658666]
80 29265.03612495029 [0.25596969 0.33559817 0.31995897 0.27599792 0.30475993 0.27932105
 0.55547143 0.31138972 0.7339855  0.31072621 0.31504431 0.32320716
 0.57694877]
81 29261.83136463502 [0.25596007 0.33598011 0.31979222 0.2760647  0.3044296  0.27931163
 0.55526857 0.3110726  0.7337808  0.31085629 0.31486894 0.32330786
 0.57734633]
82 29253.43458551237 [0.25582879 0.33625904 0.31954    0.27601606 0.30416284 0.2791411
 0.55511308 0.31082985 0.7336683  0.31102933 0.31453968 0.32345978
 0.57769034]
83 29263.536418617183 [0.25579152 0.33656183 0.31941138 0.27585893 0.30394046 0.27888804
 0.5549992  0.31063286 0.73372817 0.3112789  0.3142741  0.32362367
 0.57796058]
84 29277.026393679076 [0.25583042 0.33686185 0.31944825 0.2756231  0.30360495 0.27856609
 0.55504801 0.31037135 0.73378912 0.31160586 0.31414961 0.32348281
 0.57807854]
85 29264.136390862786 [0.25588077 0.33729172 0.31957917 0.27553127 0.30341785 0.27813612
 0.55493876 0.31011126 0.73400353 0.31192872 0.3141932  0.3232508
 0.57830627]
86 29258.261956468352 [0.25605555 0.33765094 0.31977463 0.27550681 0.30319513 0.27758379
 0.55473879 0.30992686 0.7341566  0.31210384 0.31449723 0.32260656
 0.57850442]
87 29229.810421682865 [0.25635953 0.3379004  0.32003543 0.27540932 0.30287242 0.27704057
 0.55456756 0.30994942 0.73426953 0.31244172 0.31499054 0.32224014
 0.57871261]
88 29244.707848120026 [0.25657202 0.3382803  0.32037767 0.27542643 0.30245061 0.2766033
 0.55447042 0.31001408 0.73433462 0.31287163 0.31535227 0.32182954
 0.57874462]
89 29263.481065370856 [0.25683226 0.33875968 0.32087591 0.27538915 0.30206554 0.2760469
 0.55452977 0.3100295  0.73440821 0.31302262 0.3157261  0.32141328
 0.57897285]
90 29251.22936545656 [0.25697476 0.33952365 0.32101482 0.27519897 0.3016635  0.27559823
 0.55446605 0.31019289 0.7343978  0.31304928 0.31604349 0.32101932
 0.57906574]
91 29243.279516683335 [0.25719211 0.34028115 0.32115966 0.27494485 0.30122564 0.27520325
 0.55434518 0.31026685 0.73457494 0.31286256 0.3161481  0.32060174
 0.57921164]
92 29249.928587164046 [0.25717314 0.3411271  0.32119347 0.27494388 0.30075347 0.27498792
 0.55411575 0.31033845 0.73481455 0.31293804 0.31609554 0.3204177
 0.5793403 ]
93 29268.440867222125 [0.25729828 0.34156418 0.32107519 0.27487867 0.30045237 0.27466824
 0.55389184 0.31031458 0.73508459 0.31303995 0.31593057 0.3202639
 0.579342  ]
94 29259.421411804055 [0.25748419 0.3419804  0.32114216 0.27500268 0.30009807 0.27439733
 0.55375673 0.31038769 0.73533278 0.31331521 0.31560092 0.32011532
 0.57929258]
95 29253.030531359665 [0.25770645 0.34232454 0.32117063 0.27524795 0.29974894 0.27404426
 0.553602   0.31053845 0.73553554 0.31354666 0.31522778 0.31996293
 0.57915976]
96 29278.666307477626 [0.25795619 0.34272678 0.32117696 0.27519772 0.29952884 0.27375642
 0.55354458 0.31071199 0.73594531 0.31375084 0.31475021 0.31985685
 0.57887845]
97 29242.082722210987 [0.25819345 0.34311908 0.32098907 0.27522249 0.29928549 0.27339735
 0.55341512 0.31106092 0.73629807 0.31404803 0.31458699 0.31983959
 0.57867909]
98 29262.310848950743 [0.25826154 0.34357263 0.32091493 0.27514004 0.29893997 0.27317952
 0.55329255 0.31150433 0.73663394 0.31428309 0.31453602 0.31989887
 0.57840959]
99 29274.937292161732 [0.25846925 0.34404846 0.32084591 0.27495711 0.29855101 0.27298979
 0.55319557 0.31185574 0.73686945 0.31459168 0.31449857 0.31985775
 0.57819096]
100 29263.84990569413 [0.25857845 0.34449696 0.32076566 0.27485935 0.29821543 0.27278565
 0.55304515 0.31210079 0.73711102 0.31468963 0.31461079 0.31963937
 0.57784425]
101 29256.793204616726 [0.25846897 0.34514793 0.32080523 0.27463468 0.29787398 0.27255779
 0.5529747  0.31237486 0.7374186  0.31472476 0.31465205 0.31956547
 0.57729748]
102 29261.817501960708 [0.25838312 0.34572551 0.32084261 0.274423   0.29757197 0.272474
 0.55286843 0.31255664 0.73772657 0.31478716 0.31488663 0.31953143
 0.57661295]
103 29273.813013242856 [0.25852625 0.34628268 0.32071107 0.27431857 0.29762054 0.27232853
 0.55275687 0.31254525 0.73801345 0.31507478 0.31501519 0.31917058
 0.57614515]
104 29273.698819845158 [0.25869397 0.3468189  0.32057083 0.27412135 0.29789066 0.27220291
 0.55265401 0.3125203  0.73823536 0.31536178 0.31499872 0.31898373
 0.57570772]
105 29283.625744049183 [0.25892559 0.34730853 0.32047961 0.27395009 0.29824773 0.27199557
 0.55253197 0.31219574 0.7383936  0.31567699 0.31464078 0.31878894
 0.57519   ]
106 29287.177884152923 [0.25926567 0.34750191 0.32054917 0.27392714 0.29888426 0.27174147
 0.55233996 0.31183172 0.73841229 0.31610913 0.31404322 0.31874395
 0.57456659]
107 29280.099884547817 [0.2595943  0.34785296 0.32054048 0.27369527 0.29956226 0.2715007
 0.55224218 0.31161868 0.73839417 0.31631784 0.31345286 0.31870083
 0.5739286 ]
108 29274.026045223534 [0.25981028 0.3482321  0.32054925 0.27352366 0.30009332 0.27129707
 0.55209746 0.31137988 0.73828015 0.3166149  0.31267001 0.3186845
 0.57347123]
109 29271.505489965362 [0.25997852 0.3484569  0.32046537 0.27325808 0.30062514 0.27120295
 0.55183117 0.31087792 0.7380956  0.31712373 0.31201782 0.31875419
 0.57302702]
110 29290.704974081174 [0.26013788 0.34886956 0.32028628 0.27294917 0.30123244 0.2712093
 0.55161603 0.31034931 0.73796611 0.31758922 0.31133042 0.31888388
 0.57271521]
111 29268.571389285542 [0.26032731 0.34915948 0.3200028  0.27251606 0.30181495 0.27119394
 0.55138503 0.30977022 0.73785329 0.31807553 0.31087843 0.31890397
 0.57252935]
112 29265.099827653772 [0.26080572 0.34947212 0.31983328 0.27195193 0.30242751 0.27116262
 0.55113442 0.30943474 0.73755372 0.31848609 0.31062655 0.31882532
 0.57251553]
113 29270.085009170078 [0.26121969 0.34989425 0.31975593 0.27132303 0.30296484 0.2711614
 0.55085049 0.30917539 0.73737407 0.31889126 0.31065476 0.31901532
 0.57246449]
114 29244.310847161196 [0.26153202 0.35006119 0.31970437 0.27078754 0.30337538 0.2711468
 0.55057261 0.30900452 0.73734391 0.31926107 0.31062801 0.31912168
 0.57239531]
115 29270.539703155886 [0.26186918 0.35040568 0.31976529 0.27021313 0.3037272  0.27108272
 0.55030704 0.30882255 0.73727402 0.31951454 0.31062537 0.31924545
 0.57233014]
116 29276.469130909554 [0.26209644 0.35081478 0.31963159 0.2697897  0.30404765 0.27102396
 0.55006831 0.3085668  0.73736354 0.31967251 0.31055074 0.31953017
 0.57247934]
117 29271.01885733309 [0.26227213 0.35133736 0.31941605 0.26931675 0.30434936 0.27091466
 0.54986458 0.30838426 0.73750321 0.31996347 0.31060996 0.31977892
 0.57274877]
118 29273.6851730496 [0.2621817  0.35181757 0.31914862 0.268771   0.30460225 0.27060717
 0.54983862 0.30820001 0.73764686 0.32022701 0.31063125 0.32014605
 0.5729706 ]
119 29262.63599255086 [0.26200308 0.35213078 0.31914945 0.2681072  0.30450081 0.27039335
 0.54986888 0.30815158 0.7377852  0.32032356 0.31065398 0.32025352
 0.57326341]
120 29258.415005537823 [0.26183433 0.35234665 0.31911007 0.26745175 0.30434633 0.27010059
 0.54991809 0.30808162 0.73791601 0.3204429  0.3107227  0.32046542
 0.57349594]
121 29248.9934828307 [0.26175358 0.35259006 0.31901473 0.26685247 0.30422595 0.2697557
 0.5500585  0.30788739 0.73801427 0.32055908 0.31073674 0.32081056
 0.57349883]
122 29248.020561354067 [0.26172402 0.35266009 0.3188161  0.26639975 0.30427886 0.26931704
 0.55027227 0.30764761 0.73800691 0.32062315 0.31075222 0.32115487
 0.57361463]
123 29250.360523464107 [0.26171065 0.35283756 0.31847267 0.2659738  0.30426141 0.26906198
 0.55044413 0.30744205 0.73800277 0.32071876 0.3107906  0.32145848
 0.57381768]
124 29245.016641152753 [0.26165381 0.3529292  0.31812964 0.26582436 0.3043243  0.26872807
 0.55057797 0.30726118 0.73795808 0.32094876 0.31074586 0.32177769
 0.57408982]
125 29279.369784852577 [0.26172326 0.35309954 0.31773395 0.26572475 0.30444829 0.26862144
 0.55087957 0.30720743 0.73790518 0.32120613 0.31039438 0.32164183
 0.57430854]
126 29246.598088103518 [0.2616162  0.35333962 0.31743049 0.26548405 0.30437783 0.26855045
 0.55121955 0.30714003 0.73779069 0.32143978 0.30997896 0.32147076
 0.5745037 ]
127 29260.965051747997 [0.26144828 0.35376828 0.31716144 0.26532774 0.3042115  0.26848919
 0.5514018  0.30722489 0.73766455 0.32171402 0.30944778 0.32127729
 0.57466505]
128 29256.25388159718 [0.26137473 0.35401689 0.31689408 0.26524454 0.30399817 0.2685205
 0.55173088 0.30699316 0.73750606 0.32208516 0.30887105 0.32121995
 0.57489383]
129 29250.814193083257 [0.2611966  0.35430235 0.31659426 0.26490596 0.30395947 0.26854233
 0.55210352 0.30658419 0.73749001 0.32243643 0.30835925 0.32106206
 0.57526686]
130 29242.891403946593 [0.26113135 0.3544074  0.31635645 0.26464257 0.30382172 0.26863966
 0.55255615 0.30631644 0.73746642 0.32269735 0.30801484 0.32094155
 0.57556421]
131 29233.84441443024 [0.26108404 0.35438998 0.31596141 0.2643119  0.30364677 0.26878505
 0.55309357 0.30619975 0.73742882 0.32295298 0.30777701 0.3209117
 0.57568592]
132 29261.718320521082 [0.26091738 0.3544128  0.31565112 0.26406589 0.30351121 0.26893718
 0.55359082 0.30617646 0.73728487 0.32316281 0.30764533 0.3208887
 0.57575243]
133 29270.65527583924 [0.2606609  0.35453656 0.31545373 0.26385805 0.30336192 0.26907116
 0.55383873 0.30629496 0.73719638 0.32357804 0.30737748 0.32068581
 0.57596397]
134 29272.559084641933 [0.260404   0.35480116 0.31526977 0.26371941 0.30320103 0.2692893
 0.55404927 0.306358   0.73720182 0.32406337 0.30693197 0.32043955
 0.57607226]
135 29280.59432740455 [0.26028907 0.35500526 0.3151746  0.26377469 0.30333478 0.26955461
 0.55426313 0.30622378 0.73730395 0.32443455 0.30646719 0.32028136
 0.57630026]
136 29247.88132216917 [0.26016634 0.35531258 0.31525422 0.26379284 0.30356194 0.26969065
 0.55440515 0.30637084 0.73737494 0.32461374 0.30621401 0.32024328
 0.57663886]
137 29252.28436267464 [0.26022468 0.355716   0.31533082 0.26380057 0.30374357 0.26976596
 0.5545768  0.30654663 0.73743841 0.32489055 0.30602213 0.32028937
 0.57687621]
138 29266.681920143616 [0.26024189 0.35610409 0.31526217 0.26377309 0.30376314 0.26982461
 0.5547456  0.30652951 0.73739614 0.32521979 0.30593985 0.32035935
 0.57709572]
139 29261.373892596726 [0.25998693 0.35625292 0.31527522 0.26360693 0.30371456 0.26981751
 0.55491808 0.30643748 0.73741703 0.32553026 0.30589616 0.32063971
 0.57732494]
140 29248.082813948644 [0.25972881 0.35651911 0.31525288 0.26338557 0.3037229  0.26967554
 0.55513489 0.30637359 0.73750869 0.32561406 0.30593613 0.3207827
 0.57752272]
141 29262.612840967508 [0.2595681  0.35665708 0.31525694 0.26329011 0.30351148 0.26950869
 0.55526806 0.3063989  0.73765366 0.32590896 0.30590634 0.32085317
 0.57780971]
142 29247.907930316855 [0.25920102 0.35683226 0.31525253 0.26328427 0.30319354 0.26952303
 0.55533741 0.30634686 0.7377985  0.32629126 0.30588171 0.32057325
 0.57789147]
143 29257.871408606974 [0.25896234 0.35707309 0.3153082  0.26312067 0.30300688 0.26948727
 0.55532187 0.30619465 0.73800994 0.32685119 0.30566503 0.32013136
 0.57784671]
144 29254.801873491688 [0.25878057 0.35718984 0.31538519 0.26290437 0.30270592 0.2694988
 0.55537644 0.30614929 0.73801681 0.32745227 0.30537871 0.31978702
 0.57809372]
145 29265.21131888732 [0.25849429 0.35735147 0.31541522 0.26273525 0.30234964 0.26953038
 0.55549678 0.30605128 0.73806639 0.32800166 0.30501244 0.31976142
 0.57825553]
146 29238.574808819645 [0.2582615  0.35752452 0.31541511 0.26247229 0.3018452  0.26964518
 0.55559668 0.30594997 0.73824515 0.3284721  0.30470541 0.31966711
 0.57858506]
147 29245.547726435296 [0.2580962  0.35776806 0.31532086 0.26232548 0.30146505 0.2697575
 0.55572978 0.30571031 0.73835044 0.32882878 0.30441967 0.31947784
 0.57907616]
148 29251.512893626044 [0.25797902 0.35799948 0.31525117 0.2620774  0.30101732 0.26988621
 0.55561265 0.30537889 0.73836971 0.32934186 0.30418441 0.31917066
 0.5792734 ]
149 29231.27562847635 [0.2577706  0.3581715  0.31529227 0.26173774 0.30074119 0.26987295
 0.55556559 0.30508302 0.7384531  0.32978509 0.30407527 0.31875187
 0.57960449]
150 29229.910075582273 [0.25748586 0.35862375 0.31530729 0.26140229 0.30037051 0.26997515
 0.5555365  0.30474464 0.73852348 0.33016824 0.30401904 0.31849216
 0.57981802]
151 29255.56648604302 [0.25726518 0.35894542 0.31539374 0.26110873 0.29998123 0.27005339
 0.55529172 0.30446487 0.73854439 0.33042028 0.30399404 0.31838919
 0.58003606]
152 29249.25689569441 [0.25710236 0.35937894 0.31532687 0.26087408 0.29945466 0.27006106
 0.55508786 0.30443933 0.73870116 0.33073225 0.3039396  0.31835961
 0.58014359]
153 29236.423986032856 [0.25694132 0.35981288 0.31553178 0.26053692 0.29904546 0.26996369
 0.55481634 0.3044073  0.73889783 0.33095762 0.30392783 0.31845328
 0.5802038 ]
154 29225.78900847979 [0.25689987 0.36022654 0.31565504 0.26031543 0.29879834 0.26987788
 0.55455257 0.30420105 0.73904176 0.33124848 0.30388731 0.3185997
 0.58011737]
155 29260.095683935015 [0.25678625 0.36060279 0.31578189 0.26007297 0.29851577 0.26969512
 0.55436682 0.3039242  0.7392611  0.33160128 0.3039262  0.31880671
 0.58006996]
156 29273.396701995865 [0.25671305 0.36078074 0.31595351 0.2600181  0.29842491 0.26945588
 0.55421427 0.30375696 0.73942925 0.33193443 0.30409634 0.31913394
 0.58020618]
157 29258.16548456072 [0.25650409 0.36101684 0.3160831  0.26001244 0.29826003 0.26924565
 0.55403318 0.30337463 0.73959844 0.33204633 0.3041201  0.31935108
 0.58029232]
158 29282.527819658964 [0.2562513  0.36110271 0.31619553 0.25993271 0.29814133 0.26920926
 0.55396378 0.30301578 0.73977041 0.33198446 0.30426489 0.31948451
 0.58026994]
159 29278.800399383046 [0.25603274 0.36114104 0.31637166 0.25985188 0.29819159 0.26906698
 0.5537833  0.30274002 0.74000368 0.33199027 0.30437364 0.31963077
 0.58027239]
160 29251.82489505454 [0.25589613 0.36122619 0.31668436 0.25981175 0.29801364 0.26910464
 0.55361673 0.30242646 0.74015325 0.33218011 0.30456394 0.31979479
 0.58012754]
161 29277.850245303627 [0.2558358  0.36138118 0.31678569 0.25980106 0.29790679 0.26919784
 0.55345372 0.30227099 0.74017465 0.33226554 0.30488249 0.31987942
 0.57993875]
162 29255.847489754873 [0.25562558 0.36161771 0.3167696  0.25984976 0.29793652 0.26924563
 0.55321698 0.30188806 0.74013508 0.33226564 0.30510722 0.31990474
 0.57955608]
163 29238.168659892224 [0.2554448  0.36170582 0.31656698 0.25989322 0.29797703 0.26937195
 0.55301523 0.30155072 0.74001663 0.33230195 0.30548127 0.31994012
 0.5792347 ]
164 29252.452858231074 [0.25519345 0.36205533 0.31649585 0.2599747  0.29807419 0.2696561
 0.55288978 0.30126562 0.73977944 0.33220525 0.3057198  0.31991962
 0.57887976]
165 29245.363624636306 [0.25488733 0.36251655 0.31639048 0.26006475 0.29827832 0.26989277
 0.55271748 0.30115398 0.73962406 0.33197175 0.30583438 0.32000269
 0.57838101]
166 29256.82986606751 [0.25458456 0.36305964 0.31621118 0.26021265 0.29839097 0.27007421
 0.55265028 0.3010701  0.73947868 0.33177655 0.30596342 0.32011398
 0.57796435]
167 29238.37917222977 [0.25428967 0.36345291 0.31586548 0.26028399 0.29809404 0.27006876
 0.55263429 0.30107013 0.73930827 0.33157085 0.30605359 0.32015649
 0.57769605]
168 29256.28922981375 [0.25383058 0.3639676  0.31572701 0.26031996 0.29794613 0.26994372
 0.55271308 0.3009722  0.73920386 0.33198932 0.30607111 0.32012213
 0.5773942 ]
169 29261.88489404767 [0.25343546 0.36445636 0.31567574 0.26040991 0.29782276 0.26977806
 0.55293311 0.30099792 0.73899709 0.33243575 0.30623479 0.32014141
 0.57708037]
170 29240.985979184494 [0.25304806 0.36486206 0.31578031 0.26045247 0.29743393 0.26960584
 0.55318076 0.3009284  0.73866689 0.33292416 0.30642711 0.32013826
 0.57694278]
171 29295.810161391644 [0.25277337 0.3651224  0.31601565 0.26035875 0.29708261 0.2693837
 0.55342696 0.3007634  0.73832933 0.33354988 0.30657439 0.32015255
 0.57679426]
172 29250.142579739724 [0.25245806 0.3656297  0.31625901 0.26017619 0.29712309 0.26912461
 0.55356091 0.30050752 0.73800686 0.33397976 0.30684894 0.32020722
 0.57672268]
173 29247.603991396827 [0.25205556 0.36620083 0.31623412 0.26013959 0.29708506 0.26902958
 0.55350617 0.30035164 0.73777757 0.33419227 0.30724159 0.32009274
 0.5767505 ]
174 29261.045297378143 [0.25185323 0.36695249 0.31624037 0.26014251 0.29700636 0.26884529
 0.55335453 0.30021892 0.73749865 0.33431992 0.30757953 0.32008292
 0.57688525]
175 29250.197483539487 [0.25141223 0.36767689 0.3162402  0.26010536 0.29685607 0.26866309
 0.5531908  0.29995285 0.73711934 0.33422894 0.30805289 0.31974448
 0.57721781]
176 29249.039774944362 [0.25088766 0.36803039 0.31623243 0.26001444 0.29681691 0.26858758
 0.55306386 0.29969908 0.73675152 0.33417048 0.30864825 0.31949331
 0.57744558]
177 29267.772439478045 [0.25023463 0.36833465 0.31605538 0.2599765  0.29677584 0.26862425
 0.55284643 0.2994264  0.73650026 0.33384288 0.30910838 0.31930825
 0.57770934]
178 29256.624420892407 [0.24978664 0.36862591 0.31597016 0.25985805 0.29647902 0.26882263
 0.55267894 0.2991314  0.73622571 0.33369077 0.309303   0.31928738
 0.57800366]
179 29254.29213538523 [0.24935304 0.36877391 0.31570541 0.25971794 0.29602152 0.26905834
 0.5525472  0.29880588 0.73608261 0.33349054 0.30944486 0.31925948
 0.57839146]
180 29255.20127784016 [0.24896442 0.36905809 0.3157485  0.25975597 0.29562228 0.2691214
 0.55234046 0.29855613 0.73589854 0.33323974 0.30951916 0.31943509
 0.57878267]
181 29241.63915232561 [0.24870785 0.36944554 0.31576223 0.25984032 0.29535267 0.26910197
 0.55220514 0.29848592 0.73566434 0.3330406  0.30956312 0.31957561
 0.57913014]
182 29240.80081392774 [0.24852837 0.36976611 0.31577173 0.25991097 0.29522632 0.26905408
 0.55208207 0.29832004 0.73549368 0.33290302 0.309577   0.31964479
 0.57939231]
183 29239.02173019525 [0.2484774  0.3702959  0.31575974 0.26016637 0.29529155 0.26895938
 0.55185518 0.29831207 0.73547845 0.33268875 0.30942283 0.31963259
 0.57969223]
184 29241.156597504094 [0.24843105 0.37081996 0.31559876 0.26032291 0.29544166 0.2689407
 0.55171382 0.29821956 0.73549811 0.3324171  0.30929571 0.31955657
 0.57975484]
185 29249.001361563314 [0.24812227 0.37143024 0.31531033 0.26034525 0.2955671  0.26893589
 0.55170018 0.29821426 0.73558794 0.33206262 0.30923639 0.3194606
 0.57986828]
186 29228.58721783491 [0.24775974 0.37204262 0.3150802  0.26038708 0.29573412 0.26894765
 0.55169334 0.29833333 0.7355956  0.33168693 0.3089363  0.31952579
 0.57990201]
187 29246.837174649823 [0.24742356 0.37257133 0.31498484 0.26035224 0.29577513 0.26891735
 0.55174585 0.29864958 0.73556077 0.33137527 0.30870065 0.31940015
 0.57996813]
188 29236.86408335402 [0.24724085 0.37312554 0.31507984 0.26023533 0.29609087 0.26892854
 0.55178239 0.29892626 0.73550018 0.33105926 0.30846286 0.3192163
 0.57996611]
189 29231.379540979608 [0.24715831 0.3737065  0.31531578 0.25995102 0.296516   0.26886989
 0.55173262 0.29908812 0.73541077 0.33090667 0.30834052 0.3190633
 0.57982025]
190 29244.755302106838 [0.24709152 0.37432252 0.31564029 0.25973271 0.29694446 0.26865793
 0.55172178 0.29928824 0.73538137 0.33089395 0.30822485 0.3188131
 0.57966691]
191 29245.559374938268 [0.24720425 0.37488475 0.3158964  0.25948083 0.29712733 0.26849118
 0.55181989 0.29935284 0.73528057 0.33071224 0.30809679 0.31849647
 0.57966258]
192 29244.725441465984 [0.24714381 0.37528816 0.31603736 0.25905857 0.29729977 0.26844112
 0.55179456 0.29928762 0.73526798 0.33058866 0.30817852 0.3183178
 0.57956864]
193 29226.875081817558 [0.24715132 0.37576888 0.31631921 0.25859303 0.29739107 0.26850111
 0.55190009 0.29911222 0.73534111 0.33068672 0.30829061 0.31832836
 0.57955167]
194 29244.385238135306 [0.2470718  0.3762475  0.3165316  0.25812242 0.29747254 0.2685906
 0.55199787 0.29884697 0.73540776 0.33083333 0.30840916 0.31849285
 0.57946043]
195 29237.815214061222 [0.24693177 0.37653829 0.31668304 0.25771759 0.29746993 0.26863319
 0.55214483 0.29871168 0.73541148 0.33109155 0.3085025  0.31876369
 0.57945156]
196 29242.71212207913 [0.24673548 0.37717952 0.31692839 0.25749556 0.29753166 0.26853953
 0.55238293 0.29851183 0.73541321 0.33130998 0.30869609 0.31925877
 0.57934495]
197 29232.662167405364 [0.24651627 0.37784809 0.31708924 0.25726895 0.29760907 0.26849774
 0.55253493 0.29833837 0.7353923  0.3317757  0.30872884 0.31968807
 0.57924303]
198 29214.313249497314 [0.24641515 0.37850545 0.31721568 0.25689278 0.29780289 0.26835668
 0.55255145 0.2981196  0.73538884 0.33233531 0.30880296 0.32007871
 0.57927539]
199 29235.613976488265 [0.24617349 0.37901922 0.31736753 0.25648621 0.29785776 0.26828967
 0.55266617 0.29789537 0.73533449 0.33287385 0.30897637 0.32043479
 0.57925565]
200 29247.009508316994 [0.24585026 0.37928333 0.31761831 0.25588892 0.29785847 0.26820631
 0.55275904 0.29760735 0.73521579 0.33339659 0.30914793 0.3207256
 0.57933376]
201 29241.179346488705 [0.24552396 0.37930524 0.31778282 0.25522036 0.29783836 0.2681377
 0.55279793 0.29743403 0.73516642 0.33374739 0.3093001  0.32118916
 0.57948872]
202 29238.36247008168 [0.24519602 0.37929008 0.31795573 0.25477159 0.2977897  0.26808575
 0.55295932 0.29733664 0.73503931 0.33408164 0.30928482 0.32184735
 0.5796161 ]
203 29242.22886569058 [0.24493439 0.37894394 0.31816989 0.25432598 0.29779682 0.26824079
 0.55312923 0.29722184 0.73494814 0.33456642 0.30913059 0.32219222
 0.57973314]
204 29243.251407452 [0.2446554  0.37888219 0.31836162 0.25384984 0.29799109 0.26840961
 0.55343969 0.29709037 0.73481197 0.335102   0.30894614 0.32241192
 0.57977994]
205 29237.737637932725 [0.24435364 0.3787561  0.31845223 0.25351445 0.29831847 0.26847522
 0.55370777 0.29697221 0.73462926 0.33546854 0.30866663 0.32273552
 0.57988675]
206 29242.154389445466 [0.24397813 0.37898266 0.31869819 0.25329233 0.29863968 0.26851079
 0.55383362 0.29680728 0.73446746 0.33585096 0.30839662 0.32311756
 0.57997431]
207 29232.780794859682 [0.24358729 0.37888152 0.31888322 0.25317842 0.29893322 0.26836265
 0.55406343 0.29660935 0.73434203 0.33628769 0.30843328 0.32346895
 0.57994485]
208 29236.45960986786 [0.2433158  0.37879178 0.31905534 0.2530653  0.29915195 0.26821897
 0.55427137 0.29625854 0.73414458 0.33664833 0.30836513 0.32394782
 0.58009809]
209 29231.0931508601 [0.24300537 0.37884547 0.31926755 0.25303944 0.29939799 0.26796453
 0.55451053 0.29581276 0.7339532  0.33679149 0.30828336 0.32421759
 0.58024593]
210 29248.623557104565 [0.24261469 0.37893768 0.31946902 0.25304396 0.29959021 0.26787036
 0.55465453 0.29550371 0.73378293 0.33698227 0.30801083 0.32448351
 0.58036147]
211 29256.812369706186 [0.24220412 0.37915921 0.31957114 0.25292495 0.2998587  0.26774834
 0.55488084 0.29512438 0.73373926 0.33722054 0.30784827 0.32471121
 0.58045329]
212 29256.490911198587 [0.24192847 0.37937626 0.31968748 0.25279118 0.29990763 0.26756022
 0.55510142 0.2949178  0.73376284 0.33752358 0.30760486 0.3248169
 0.58042236]
213 29251.257876806216 [0.24174672 0.37957352 0.31964881 0.25283905 0.29984881 0.26739926
 0.55524484 0.29469403 0.73372845 0.33770606 0.30742042 0.32497379
 0.58041795]
214 29277.156946946474 [0.24162035 0.37972823 0.31961973 0.25294688 0.29977123 0.26739222
 0.55551266 0.29445717 0.73365745 0.33787713 0.30721747 0.32502679
 0.58046018]
215 29241.934978163335 [0.24132669 0.3796851  0.31955823 0.25313581 0.29984835 0.26718993
 0.55572875 0.29432036 0.73363018 0.33786785 0.30711482 0.32522655
 0.58049747]
216 29255.30010650029 [0.24107333 0.37949507 0.31960159 0.2532166  0.29983882 0.26686116
 0.5560326  0.29397406 0.73357079 0.33782639 0.30703487 0.32528204
 0.58072927]
217 29228.747129917712 [0.24089543 0.37949076 0.3197889  0.25339892 0.29978699 0.26669564
 0.5563138  0.29353776 0.73346948 0.33778078 0.30689232 0.32545804
 0.58077529]
218 29252.28197536998 [0.24075935 0.37937578 0.31988071 0.25356926 0.29958239 0.26663854
 0.55646585 0.29319669 0.73339685 0.33764201 0.30679317 0.32564015
 0.58084646]
219 29250.57992601239 [0.24072156 0.37943153 0.32003932 0.25365887 0.29955066 0.26655527
 0.55656689 0.29274254 0.73330383 0.33747431 0.30677368 0.32568734
 0.58114429]
220 29243.166854817486 [0.24073498 0.37917108 0.31996509 0.25362771 0.29953149 0.26662342
 0.55660049 0.29225228 0.73311003 0.33728843 0.3067294  0.32550208
 0.58134019]
221 29256.690859412643 [0.24066449 0.37873266 0.31987157 0.25389902 0.29955122 0.26672936
 0.556791   0.29162946 0.73291703 0.3369056  0.30661461 0.32534043
 0.58167306]
222 29252.488822667277 [0.24043235 0.37825321 0.31977493 0.25423389 0.29945725 0.26663742
 0.55709189 0.29092888 0.73274349 0.33648971 0.30638786 0.32502371
 0.58179443]
223 29245.31499862509 [0.24022978 0.37773814 0.31990892 0.25456045 0.29949996 0.26643688
 0.55735744 0.29020067 0.73259331 0.33621466 0.30627888 0.32495263
 0.58185962]
224 29255.452592838225 [0.23996596 0.37729036 0.32012318 0.25464855 0.2994784  0.26648556
 0.55767434 0.28941302 0.7323853  0.33597988 0.30609186 0.32508921
 0.58196328]
225 29254.880674770757 [0.2398185  0.37699222 0.32032156 0.25474653 0.29950493 0.26641211
 0.55786847 0.28877056 0.73215397 0.33573312 0.30588196 0.32529519
 0.58200682]
226 29248.373993622958 [0.23972724 0.37667773 0.32035106 0.25497174 0.29964608 0.26645177
 0.55806968 0.28813894 0.73198554 0.33556569 0.30570082 0.32541917
 0.58210181]
227 29247.94184158949 [0.239603   0.37644465 0.32059019 0.25513245 0.2997551  0.26650411
 0.55815483 0.28768912 0.73187172 0.3353824  0.30557902 0.32559344
 0.5823572 ]
228 29273.637024134616 [0.23938695 0.3762733  0.32082165 0.25525775 0.29994672 0.26656027
 0.55828191 0.28730941 0.73179342 0.33514788 0.30549512 0.32580959
 0.58270808]
229 29247.78835743093 [0.23915047 0.37634484 0.32089315 0.25547348 0.30021383 0.26664518
 0.55835849 0.28705322 0.73176814 0.33506603 0.30559951 0.32600313
 0.58315128]
230 29285.089629421032 [0.23889655 0.37628517 0.32098798 0.25561456 0.30055417 0.26668832
 0.55846713 0.28680279 0.73169256 0.33510682 0.30575744 0.32614069
 0.58357976]
231 29260.114287050754 [0.23856289 0.37611496 0.32091036 0.25593196 0.30096594 0.26673805
 0.55858188 0.28653609 0.73160015 0.33513176 0.30567832 0.32626601
 0.58387243]
232 29240.97503395719 [0.23823511 0.37606516 0.32082323 0.25626328 0.30124516 0.26665771
 0.55877385 0.2863076  0.73162283 0.33517984 0.30555699 0.32645582
 0.58423211]
233 29268.58009494177 [0.23781752 0.37598058 0.32070999 0.25650258 0.3013913  0.26657964
 0.55893178 0.28609344 0.73152885 0.33528257 0.30533057 0.32666279
 0.5845049 ]
234 29244.23955587487 [0.23748973 0.37592536 0.32058924 0.25672769 0.30152015 0.26654366
 0.55917253 0.28589416 0.73144161 0.33540815 0.30513326 0.32684302
 0.58480645]
235 29263.17795960482 [0.23720124 0.37573364 0.32043981 0.25683654 0.30163745 0.26639809
 0.55937901 0.28571093 0.73139192 0.33534878 0.30497912 0.32711517
 0.58509833]
236 29241.29385729381 [0.23691168 0.3754565  0.3202914  0.25699238 0.30183894 0.26639347
 0.5596121  0.28545591 0.73134001 0.33503969 0.30478227 0.3272069
 0.58540562]
237 29235.36752455512 [0.23668963 0.37529827 0.32010996 0.25714775 0.30197135 0.26640645
 0.55974144 0.28527317 0.73132612 0.33461697 0.3044504  0.32726814
 0.58564746]
238 29248.63642060603 [0.23650249 0.37519587 0.31981731 0.25716319 0.30221154 0.26637488
 0.55977071 0.28521795 0.73132272 0.33438486 0.30414464 0.32746086
 0.5858365 ]
239 29237.759675972262 [0.23636958 0.37467444 0.31944506 0.25710424 0.30246116 0.26622355
 0.55970329 0.2851076  0.73134864 0.33438266 0.3038874  0.32762951
 0.58585272]
240 29239.687429253187 [0.2363223  0.37416483 0.31914871 0.25692423 0.30262808 0.26598234
 0.55974555 0.28499394 0.7313604  0.33435532 0.30359628 0.32783262
 0.58593924]
241 29222.75031446237 [0.23623216 0.3736463  0.31884929 0.25660235 0.30291638 0.26576969
 0.55973489 0.28491964 0.73134729 0.33427206 0.30343637 0.32807934
 0.58605982]
242 29231.039924292265 [0.23619304 0.37323701 0.3187042  0.25626218 0.30349218 0.26563573
 0.55975853 0.28488953 0.73139187 0.33414062 0.30332794 0.32826927
 0.58604194]
243 29227.81386496745 [0.23618811 0.37278188 0.31851619 0.25598377 0.30396433 0.26539762
 0.55985218 0.28486401 0.73137707 0.33409928 0.30333106 0.32840148
 0.58605402]
244 29245.497455174976 [0.23637617 0.37236063 0.31857157 0.25563965 0.30438651 0.26517141
 0.56011206 0.28470758 0.73139144 0.33411559 0.30317701 0.32838649
 0.58619983]
245 29244.68780843985 [0.23658929 0.37197225 0.3186927  0.25541634 0.30472903 0.26485123
 0.56047819 0.28473053 0.73138912 0.3342524  0.30312479 0.3284455
 0.58621726]
246 29231.690269291277 [0.23675397 0.37169674 0.3188391  0.25518663 0.30510075 0.26453255
 0.56083054 0.28460482 0.73132799 0.33424639 0.30308317 0.32842769
 0.58612474]
247 29237.79428667498 [0.23684152 0.37131957 0.31895763 0.25511195 0.30537904 0.26419789
 0.56105375 0.28453283 0.73125473 0.33411496 0.30287709 0.32847688
 0.585878  ]
248 29229.411570353943 [0.23699223 0.37100249 0.31918402 0.25507529 0.30576275 0.2638195
 0.56127815 0.28454999 0.73133317 0.33384002 0.30259594 0.32863628
 0.58540956]
249 29244.01788962405 [0.23717629 0.37064308 0.31932041 0.25513262 0.30606191 0.26332589
 0.56145216 0.28477468 0.7314122  0.33362902 0.30243533 0.32875063
 0.58490501]
250 29220.55819975571 [0.23735116 0.3703112  0.31937579 0.25513484 0.30628163 0.26283438
 0.5615591  0.28504962 0.73142164 0.3332757  0.30260072 0.32861679
 0.58438911]
251 29232.032472946077 [0.23747767 0.3700042  0.31939747 0.25509762 0.30653648 0.26241493
 0.5616433  0.28529381 0.73151017 0.33297616 0.30280133 0.32851207
 0.58400309]
252 29234.264900707174 [0.23746959 0.36994043 0.31950601 0.25491472 0.30667963 0.26188678
 0.56172942 0.28541533 0.73161903 0.33257907 0.3030395  0.32832703
 0.58369309]
253 29235.053867191044 [0.23743386 0.3701072  0.31975381 0.25481981 0.30681717 0.26139937
 0.5618441  0.28566982 0.73166179 0.33217986 0.30342978 0.32828062
 0.58345196]
254 29249.33554357495 [0.23732969 0.37017436 0.31984358 0.2547455  0.30718987 0.26102371
 0.56210201 0.28597864 0.73174842 0.33176451 0.3037971  0.32822447
 0.58323976]
255 29242.323676817367 [0.23728714 0.3702226  0.31996819 0.25475402 0.30768001 0.26068427
 0.56235445 0.28628324 0.73184656 0.33145572 0.30407162 0.32812262
 0.58301424]
256 29239.62475960453 [0.2372703  0.37028507 0.31996039 0.25458684 0.30806056 0.26036499
 0.56252046 0.28648475 0.73190895 0.3312051  0.30433531 0.3279299
 0.58281888]
257 29241.193092841913 [0.23735188 0.37023379 0.3199437  0.25442711 0.30836886 0.26011299
 0.5627731  0.28669999 0.73181191 0.33108908 0.30462226 0.32777765
 0.58266732]
258 29238.49846681722 [0.23749301 0.3700924  0.31987165 0.25420936 0.30866828 0.2598024
 0.56297955 0.2869619  0.73171082 0.33107456 0.30496949 0.32748397
 0.58254544]
259 29237.550765896623 [0.23754605 0.36999744 0.3198834  0.25409537 0.308913   0.25954452
 0.56307616 0.28715512 0.73160123 0.33104327 0.30522182 0.32713352
 0.58247935]
260 29251.35330487431 [0.23757666 0.36996105 0.31990908 0.25396246 0.30901952 0.25919053
 0.56313462 0.28727986 0.73149201 0.33115907 0.30551895 0.32666605
 0.58256258]
261 29246.37253391006 [0.23756534 0.3700743  0.31992177 0.25373902 0.30902677 0.25889363
 0.56317748 0.28740732 0.731349   0.33137131 0.3059681  0.3262883
 0.58256868]
262 29232.849214918744 [0.23753438 0.36997668 0.32006076 0.25359665 0.30908261 0.25868483
 0.5633204  0.28737669 0.73125008 0.33158562 0.30629688 0.32583712
 0.58261144]
263 29251.249004386285 [0.23762269 0.36987711 0.32012373 0.25351966 0.3091832  0.25868208
 0.56340163 0.28735839 0.73121477 0.33173431 0.30658727 0.32557407
 0.58249909]
264 29237.031413582474 [0.23778537 0.36998043 0.32016066 0.25337529 0.30923658 0.25870258
 0.56345892 0.28751915 0.73121956 0.33192978 0.30674478 0.32542366
 0.58247153]
265 29231.209615658514 [0.23791272 0.37008702 0.32011752 0.25329715 0.30911244 0.25872681
 0.56357417 0.28764089 0.73115319 0.3320912  0.30699962 0.32520046
 0.58238747]
266 29237.818991110296 [0.23794454 0.370062   0.32000029 0.25332396 0.30892812 0.25876214
 0.56362491 0.28753594 0.73118264 0.33228424 0.30740167 0.3247423
 0.58233327]
267 29228.98460238334 [0.23801348 0.36993242 0.32000442 0.25334946 0.30889625 0.25876656
 0.56373902 0.28742988 0.73124367 0.33241282 0.30769043 0.32424694
 0.58224025]
268 29228.065330379515 [0.23806978 0.36972345 0.31984671 0.2534511  0.30881557 0.25880282
 0.5637912  0.28726574 0.73129226 0.33277739 0.30787255 0.32381255
 0.5820611 ]
269 29234.007342000867 [0.23821    0.36960739 0.31969215 0.25343422 0.30875808 0.25880024
 0.56396297 0.28702096 0.73131251 0.33307377 0.30806097 0.32362574
 0.58201726]
270 29236.341494250377 [0.23833755 0.36953098 0.31938137 0.25351299 0.30881477 0.25877789
 0.56416594 0.2868285  0.7313102  0.333368   0.30830686 0.32342109
 0.58201873]
271 29236.231434235415 [0.23843341 0.36961381 0.31907065 0.25361332 0.3089174  0.25887201
 0.56437101 0.28667575 0.73131326 0.33366965 0.30860025 0.32334866
 0.58189235]
272 29222.644611532778 [0.23859342 0.36985371 0.31884864 0.25378981 0.30914565 0.25910967
 0.5645043  0.28663485 0.73139288 0.3337645  0.30879657 0.3234914
 0.5817274 ]
273 29226.881606850722 [0.23885239 0.36999508 0.31866319 0.25394559 0.3093086  0.2594053
 0.56451774 0.2866702  0.7314384  0.33399814 0.3089378  0.32352896
 0.58162052]
274 29243.492932423156 [0.23917725 0.37010564 0.31837379 0.2542673  0.30941677 0.2596608
 0.564564   0.28680641 0.73151056 0.33420408 0.3090805  0.32357668
 0.58152597]
275 29234.602137786387 [0.23945776 0.37011011 0.31798887 0.25458159 0.30957063 0.26006511
 0.56473956 0.28675294 0.73153275 0.33451806 0.3094418  0.32366088
 0.58151595]
276 29247.299634888837 [0.23969165 0.37013109 0.31776376 0.25490404 0.30980445 0.26036222
 0.56490419 0.28681114 0.73153472 0.33490004 0.30985516 0.32373492
 0.58132424]
277 29229.577364098837 [0.23983619 0.37020621 0.31757853 0.25505939 0.3101168  0.26071155
 0.56507863 0.2869152  0.73150964 0.3349785  0.31016973 0.32381298
 0.58115205]
278 29250.908593849465 [0.23995904 0.37031491 0.31732899 0.25525209 0.31051365 0.26102894
 0.56524593 0.28692471 0.73155423 0.33502158 0.31054334 0.3238731
 0.58087879]
279 29230.813792437315 [0.24007225 0.37043838 0.31707245 0.25546051 0.31097628 0.26132618
 0.56536348 0.28702467 0.73151351 0.33491251 0.31089361 0.32383867
 0.58063232]
280 29239.576649274684 [0.24019453 0.37032929 0.31702714 0.2555331  0.31130067 0.26160597
 0.56541586 0.28719909 0.73151938 0.33526853 0.31123265 0.32374695
 0.58039068]
281 29237.01467987334 [0.24028618 0.37041477 0.31707123 0.25558082 0.31156414 0.26188261
 0.56549741 0.28751889 0.73149715 0.33554089 0.31160641 0.3236203
 0.58019369]
282 29239.028669846863 [0.24037296 0.37044075 0.31722826 0.25558283 0.31184853 0.262232
 0.5656887  0.28776907 0.73148892 0.33610153 0.31198462 0.32358509
 0.58013242]
283 29225.85489015864 [0.24047255 0.37024184 0.31729639 0.25564666 0.31224425 0.26247899
 0.56568089 0.28813135 0.73155956 0.33677293 0.31242587 0.3237167
 0.57992591]
284 29262.6219671287 [0.24047608 0.37016125 0.31734843 0.25570087 0.31257212 0.26259849
 0.56569173 0.28860489 0.73170127 0.33741409 0.31267161 0.32387838
 0.5797146 ]
285 29243.07059003513 [0.24059749 0.3701023  0.31748407 0.25572088 0.31298281 0.2626695
 0.56563606 0.2888479  0.73193624 0.33803058 0.31298138 0.32381679
 0.57951196]
286 29231.01487745077 [0.24064206 0.37004473 0.31750082 0.25577434 0.31325579 0.26285184
 0.56554782 0.28906823 0.73211737 0.3385481  0.31321483 0.32369026
 0.57928981]
287 29241.31906680703 [0.24070154 0.36987075 0.31736747 0.2558574  0.31346581 0.26300584
 0.56555728 0.2893264  0.73229296 0.33914876 0.31328225 0.32355042
 0.57898859]
288 29252.72873110666 [0.24066416 0.36961347 0.31717232 0.25599054 0.31375421 0.26317887
 0.56564271 0.28962885 0.73245475 0.33978521 0.313447   0.32334593
 0.5787808 ]
289 29226.105177808182 [0.24067606 0.36951879 0.31696687 0.25606982 0.31384907 0.26342994
 0.56567118 0.28981648 0.73256219 0.34024708 0.31365153 0.3229811
 0.57856557]
290 29242.15097998485 [0.24061577 0.36931539 0.3167675  0.25613819 0.31383034 0.26358684
 0.56571654 0.29001482 0.73267822 0.34067226 0.31398252 0.32259807
 0.57834122]
291 29247.022686336368 [0.24046146 0.36919385 0.31666657 0.25617233 0.3137853  0.26374082
 0.56579035 0.29008884 0.73277517 0.34091278 0.31426154 0.32226086
 0.57817515]
292 29237.150603303307 [0.24021701 0.36889429 0.31672284 0.2562025  0.31356302 0.26392437
 0.56591071 0.29012611 0.73285879 0.34122775 0.31466915 0.32201782
 0.5781868 ]
293 29242.508991478877 [0.24003591 0.36874006 0.31675898 0.25643628 0.31335198 0.26415221
 0.5659673  0.29022143 0.73296401 0.34138563 0.3149902  0.32185926
 0.57823113]
294 29230.25782987845 [0.23982308 0.36848486 0.31690751 0.25674305 0.31338199 0.26437802
 0.56603733 0.2902739  0.73307668 0.34140381 0.31520394 0.32163787
 0.57824093]
295 29242.617576052937 [0.23959681 0.36826438 0.31700866 0.2570936  0.31342343 0.26447238
 0.5660325  0.2904055  0.73321067 0.34147374 0.3153533  0.32154882
 0.5782385 ]
296 29233.346101437382 [0.23939724 0.36804923 0.31711307 0.25731377 0.31338012 0.26448097
 0.56605102 0.29048934 0.73326402 0.3414909  0.3154871  0.32148298
 0.5782029 ]
297 29230.580042250847 [0.23913235 0.36771649 0.31719359 0.25745021 0.3133435  0.26453495
 0.56599439 0.29063539 0.73336311 0.34156072 0.31569104 0.32132596
 0.57819862]
298 29235.742698251917 [0.23890603 0.36734583 0.31728174 0.25760139 0.31330212 0.26456123
 0.56591529 0.29074746 0.73354354 0.3414855  0.31581926 0.32118591
 0.57825384]
299 29236.217670336267 [0.23856118 0.36724255 0.31726476 0.2576608  0.31326621 0.26466152
 0.56595496 0.29091579 0.73375603 0.34126268 0.31608547 0.32098941
 0.5782654 ]
300 29227.228573420598 [0.23824268 0.36708872 0.31715107 0.25781346 0.313464   0.26476537
 0.56597461 0.29110587 0.73394294 0.34111558 0.3161322  0.32082769
 0.57819028]
301 29241.5137812994 [0.23793952 0.36699864 0.3168319  0.25815508 0.3136993  0.26487298
 0.56592983 0.29136227 0.73410536 0.34100803 0.31624803 0.3205316
 0.5781058 ]
302 29233.859719780885 [0.23764258 0.36702438 0.31629514 0.25827976 0.3137751  0.26506199
 0.56583288 0.29158937 0.73429863 0.34109659 0.31608858 0.32023664
 0.57806066]
303 29218.039530599042 [0.23732319 0.36709681 0.31563241 0.25832057 0.31380299 0.26529134
 0.56586357 0.2917355  0.73444052 0.34126925 0.31608515 0.31998832
 0.57807137]
304 29230.073366563396 [0.23706614 0.36700804 0.31502536 0.25834548 0.31385116 0.26546894
 0.56593252 0.29190678 0.73459705 0.3414021  0.31589753 0.31959659
 0.57801131]
305 29233.61823268351 [0.23689487 0.36687348 0.31446834 0.25850809 0.31390421 0.26574922
 0.56604136 0.29215391 0.73477756 0.34156346 0.31566633 0.3192525
 0.57805417]
306 29246.013045612068 [0.23674081 0.36667693 0.31405866 0.2585796  0.31406008 0.26602266
 0.5661454  0.29243551 0.73498273 0.34179472 0.31537477 0.31891809
 0.57810814]
307 29273.61671580442 [0.23650003 0.36645126 0.31370179 0.25840008 0.31418712 0.26634207
 0.56621064 0.292809   0.73520295 0.34208013 0.31500366 0.3187415
 0.57805644]
308 29238.095599313092 [0.23632357 0.36656673 0.31320074 0.25835726 0.31434779 0.2665888
 0.56622938 0.29308684 0.73536722 0.34217129 0.31476663 0.31864873
 0.5780732 ]
309 29233.332972812714 [0.23633757 0.36648142 0.31289151 0.25834853 0.31458528 0.26677367
 0.56622362 0.29342903 0.7354839  0.34212874 0.31456653 0.31867289
 0.57813466]
310 29231.792039918015 [0.23636011 0.36662245 0.31262749 0.25838952 0.31494734 0.26709418
 0.56612858 0.29365334 0.73569665 0.34207306 0.31433068 0.31871731
 0.57810869]
311 29239.6389711436 [0.23636365 0.36693259 0.31244624 0.25838264 0.31538654 0.26734616
 0.56589199 0.29391446 0.73595213 0.34207431 0.31418361 0.31891214
 0.57811227]
312 29238.92879788282 [0.23636324 0.36726086 0.31221692 0.25810246 0.31574126 0.2677032
 0.56585638 0.29417091 0.73626659 0.34212673 0.31398412 0.3187988
 0.57811528]
313 29247.431623737953 [0.23630253 0.36744327 0.31207793 0.2579429  0.31599762 0.26797731
 0.56581872 0.29445181 0.7365325  0.34212975 0.31373214 0.31861216
 0.57807984]
314 29241.369282127514 [0.23618833 0.36767717 0.31195221 0.2577929  0.31618306 0.26816362
 0.56580313 0.29481363 0.73680883 0.34204656 0.31350226 0.31854999
 0.5778935 ]
315 29226.34014076493 [0.23611266 0.36804513 0.31191361 0.25766129 0.31642319 0.26810865
 0.56585485 0.29500887 0.73709207 0.34205443 0.31326056 0.31842933
 0.57762622]
316 29220.578071786804 [0.23594654 0.36839468 0.3118902  0.25740361 0.31668505 0.26799515
 0.56592722 0.29522412 0.73727234 0.34206527 0.31304466 0.31830097
 0.57741307]
317 29255.15567338954 [0.23582557 0.36873625 0.31194022 0.25711084 0.31699974 0.26793599
 0.56599787 0.2953832  0.73749915 0.34206851 0.31298382 0.31814945
 0.57720783]
318 29248.834801957946 [0.23569874 0.36904788 0.31190481 0.25683262 0.31741945 0.26765617
 0.56609411 0.29549409 0.73768023 0.34208664 0.31297656 0.3179957
 0.5770736 ]
319 29231.31870145676 [0.23564497 0.36926036 0.31180186 0.25670507 0.3176515  0.26746117
 0.56627593 0.29559005 0.73776172 0.34210302 0.31295348 0.31797238
 0.57701135]
320 29233.685567721295 [0.23558411 0.36939222 0.31177442 0.25660463 0.31788443 0.26726745
 0.56636699 0.29567407 0.73786624 0.34200743 0.31290003 0.31794041
 0.57696563]
321 29229.29036735525 [0.23552376 0.36941738 0.31174654 0.25658934 0.31819746 0.26712626
 0.5665191  0.2958173  0.73799697 0.34182005 0.31282984 0.31792664
 0.57695861]
322 29223.950730187382 [0.23552326 0.36942394 0.31172242 0.25657111 0.31835832 0.26704918
 0.56660358 0.2958626  0.73808979 0.3417803  0.31284945 0.31798046
 0.57695523]
323 29239.16631417386 [0.23551418 0.36951283 0.31171208 0.25662091 0.31847493 0.26703442
 0.56670009 0.29587468 0.73817347 0.34151772 0.31283639 0.31817389
 0.57699531]
324 29244.737378490972 [0.23548878 0.36935637 0.31166031 0.25658511 0.3185163  0.26690492
 0.56676078 0.29584541 0.73817229 0.34118548 0.31306418 0.31853675
 0.57713307]
325 29206.57154230427 [0.23542169 0.36919928 0.31154525 0.25660679 0.31845776 0.26670193
 0.56676665 0.2958125  0.73818715 0.34077298 0.31319993 0.31879396
 0.57723052]
326 29223.832701772466 [0.23537582 0.36906813 0.31136829 0.25657123 0.3183856  0.26648278
 0.56677343 0.29577642 0.73826019 0.34049781 0.31341557 0.31892661
 0.57731046]
327 29238.55081092974 [0.23526825 0.3688263  0.31112375 0.25660764 0.31830332 0.26620187
 0.56685049 0.29577859 0.73830671 0.3403071  0.31353512 0.31904147
 0.57733136]
328 29239.304616636444 [0.23517191 0.36851937 0.31082835 0.25673801 0.31807632 0.26586737
 0.5669103  0.29587284 0.73831147 0.3402596  0.31382687 0.31913996
 0.57734121]
329 29238.401423022584 [0.23500486 0.36835171 0.31054682 0.25679948 0.31759815 0.26567658
 0.5668853  0.29589582 0.73843128 0.34030738 0.3140861  0.31917538
 0.57731354]
330 29234.764838544885 [0.2348597  0.368399   0.31024755 0.25695228 0.317104   0.26547343
 0.5668148  0.29594072 0.73858098 0.34027594 0.31421094 0.3191182
 0.57730371]
331 29242.98918136269 [0.23472364 0.36844436 0.30984823 0.25707116 0.31653793 0.26524628
 0.5668402  0.29615912 0.7387684  0.34024443 0.31439633 0.31889459
 0.57726209]
332 29235.493788957552 [0.23462265 0.36860669 0.30949703 0.25711078 0.3160167  0.26525868
 0.56692039 0.29643835 0.73886699 0.34011071 0.31464774 0.31855708
 0.57726438]
333 29232.26742534346 [0.23444733 0.36884986 0.30909277 0.25715097 0.3156215  0.26524596
 0.56702931 0.29679744 0.73897157 0.3400236  0.31487221 0.31814486
 0.57726219]
334 29229.75435430809 [0.2343066  0.36894419 0.30878857 0.25723662 0.31531179 0.26523406
 0.56709617 0.29712366 0.7390552  0.33983475 0.31502217 0.31768106
 0.577318  ]
335 29227.219904450103 [0.23415082 0.36912436 0.30853064 0.25727913 0.31487828 0.26502777
 0.56710842 0.29732571 0.73910397 0.33981219 0.31520191 0.31720906
 0.5774727 ]
336 29226.771202965894 [0.23404847 0.3692725  0.30819905 0.2573962  0.31462736 0.26487413
 0.56715741 0.29740899 0.73915636 0.33959695 0.31535967 0.31670545
 0.57757049]
337 29251.081030769445 [0.23392437 0.36949312 0.30792124 0.2574956  0.31444942 0.26477084
 0.56720319 0.2975634  0.73923356 0.3394712  0.31553563 0.31622479
 0.57768203]
338 29224.47949057377 [0.23386336 0.36982005 0.30769683 0.2576009  0.314357   0.26469558
 0.56724926 0.29765242 0.73927332 0.33942119 0.31568299 0.31574683
 0.57783559]
339 29241.539899866082 [0.23390479 0.37012821 0.30749582 0.25773557 0.31417995 0.26459984
 0.56742764 0.29777201 0.73928478 0.33958578 0.31576645 0.31541165
 0.57792515]
340 29233.996689532916 [0.23399865 0.37040702 0.30721833 0.25773817 0.3140176  0.2645531
 0.56761897 0.29794894 0.73937397 0.34000452 0.31572416 0.31515551
 0.57806661]
341 29241.008684384025 [0.23401294 0.37078889 0.30695071 0.25779357 0.31391308 0.26450427
 0.5678146  0.29803584 0.73939098 0.3403973  0.31558183 0.31492452
 0.57824942]
342 29228.575094783097 [0.23398293 0.37105112 0.30657328 0.25800437 0.31384764 0.26445921
 0.56794683 0.29818998 0.7394646  0.34073699 0.31559868 0.31482295
 0.57836448]
343 29221.63179865705 [0.23388722 0.37136367 0.3061681  0.25824699 0.31374558 0.26417872
 0.56817685 0.29825295 0.73958402 0.34117935 0.31563912 0.31460286
 0.57842325]
344 29224.892425268907 [0.23382694 0.37163625 0.30586869 0.2585751  0.31367571 0.26392431
 0.56854763 0.29836894 0.73968991 0.34154203 0.3157296  0.31439608
 0.57852392]
345 29242.28337553946 [0.23372921 0.37192144 0.30572127 0.25898215 0.31368509 0.26376326
 0.56881421 0.29853148 0.73979855 0.3418509  0.31602741 0.31417935
 0.57856749]
346 29233.96303231029 [0.23358635 0.37247086 0.30558123 0.25929041 0.31379807 0.2636345
 0.56914169 0.29871509 0.73986693 0.3421241  0.31625075 0.31395968
 0.57857935]
347 29230.38293156316 [0.2334628  0.37290201 0.3052724  0.25954843 0.31386836 0.26346037
 0.56949707 0.29879289 0.73989241 0.3425615  0.31643845 0.31389044
 0.57846844]
348 29223.912608702296 [0.2333953  0.37329552 0.30496709 0.25981924 0.31420556 0.26329184
 0.56983883 0.29891096 0.73987127 0.34299682 0.31657523 0.31385758
 0.57836269]
349 29238.314815869948 [0.23316913 0.37355023 0.30475383 0.26005013 0.314671   0.26320093
 0.57020411 0.29905723 0.73992006 0.34334248 0.31674645 0.31377166
 0.57838512]
350 29232.148924423756 [0.2330142  0.37374566 0.30452759 0.26030333 0.31505135 0.26316602
 0.57054185 0.29922097 0.74009733 0.34356103 0.31695664 0.31370576
 0.57854179]
351 29244.91596438709 [0.23295169 0.37387027 0.30445082 0.26056679 0.31550494 0.26318653
 0.57085596 0.29944234 0.74022686 0.34365346 0.31721613 0.31361867
 0.57870968]
352 29239.906954222228 [0.2330525  0.37416692 0.30439733 0.26081072 0.31596919 0.26324688
 0.57126193 0.29951484 0.74033717 0.34369827 0.31748482 0.31349033
 0.57880925]
353 29241.584659201413 [0.23315868 0.37447777 0.30432746 0.2610389  0.31636444 0.26331278
 0.57147291 0.29961615 0.74044222 0.3435072  0.31769038 0.31336638
 0.57886123]
354 29249.771919340114 [0.23314569 0.37441711 0.30429987 0.26125043 0.31682222 0.26353485
 0.57162614 0.29992442 0.74053155 0.34313102 0.31781952 0.31312132
 0.57886875]
355 29228.21347342919 [0.23312066 0.37428333 0.30423724 0.26151035 0.31735956 0.26378475
 0.5718099  0.30005201 0.74059586 0.34281932 0.3179902  0.31278303
 0.57889322]
356 29233.515048633097 [0.23311354 0.37417743 0.30416397 0.26176213 0.31787283 0.26410994
 0.57199543 0.30012084 0.74073382 0.34253471 0.318044   0.31245787
 0.57890728]
357 29230.63636927891 [0.23308842 0.37401567 0.30406461 0.26194897 0.31848368 0.26446923
 0.572182   0.30020438 0.74091529 0.34250741 0.31806626 0.31219632
 0.57900689]
358 29251.676735562003 [0.23305482 0.37386008 0.30390193 0.26207647 0.31915307 0.26479013
 0.57243576 0.30035967 0.74104652 0.34256063 0.31816912 0.31206192
 0.57910396]
359 29242.74772487751 [0.23314386 0.37364524 0.3037573  0.26218258 0.31962262 0.26507106
 0.57272003 0.30051633 0.74115233 0.34260329 0.31816009 0.31194263
 0.57916784]
360 29246.12123788903 [0.23315773 0.37348794 0.30365925 0.26213122 0.31996822 0.26527061
 0.57312516 0.30062477 0.74118846 0.34273913 0.31814017 0.31187952
 0.57929765]
361 29253.075343254553 [0.23318328 0.37329752 0.30343106 0.26212037 0.32034575 0.26548099
 0.5734731  0.30075317 0.74112726 0.34293632 0.31810117 0.31183292
 0.57937179]
362 29227.56330088524 [0.2332353  0.3731134  0.30321369 0.26208533 0.32059738 0.26557123
 0.57371369 0.30094211 0.74113626 0.34305608 0.31805192 0.31185744
 0.57942373]
363 29239.59178946969 [0.23328613 0.37296488 0.30300929 0.26205846 0.32085966 0.26564152
 0.57389261 0.3010109  0.74115766 0.34301203 0.31801627 0.31189342
 0.57944925]
364 29226.140623686257 [0.233344   0.37303154 0.30293547 0.26200862 0.32082184 0.26578646
 0.5742038  0.30115047 0.74116732 0.34306446 0.31781845 0.31195623
 0.57946038]
365 29224.237138105425 [0.23354383 0.37296751 0.302855   0.26192505 0.32079326 0.26579693
 0.57450084 0.30125972 0.74114221 0.34312012 0.31759263 0.31200212
 0.57941521]
366 29232.620782749436 [0.23379693 0.3727327  0.30265065 0.26178809 0.32087539 0.26591548
 0.57494886 0.30136452 0.7409381  0.34308093 0.31744827 0.31205742
 0.57929728]
367 29247.57465495782 [0.23397032 0.37251428 0.30242891 0.26170667 0.32066532 0.2660885
 0.57531453 0.30147809 0.74072808 0.34310022 0.31734699 0.31208071
 0.57917674]
368 29247.322191707237 [0.23405811 0.37234429 0.30225023 0.26160739 0.32039289 0.26624927
 0.57561141 0.30154146 0.74055944 0.34307402 0.3171451  0.31202078
 0.57914637]
369 29235.78093658188 [0.23414037 0.37220493 0.30212951 0.26151488 0.32021681 0.26646692
 0.5758018  0.30170299 0.74047416 0.34301391 0.31724361 0.31190153
 0.5791072 ]
370 29234.36171387457 [0.23419703 0.3720046  0.30205617 0.2614997  0.32018409 0.26665802
 0.57604499 0.30191391 0.74043086 0.34287496 0.31736568 0.31182887
 0.5791029 ]
371 29224.505380644543 [0.23422771 0.37193971 0.30199712 0.26154503 0.32029896 0.26675607
 0.57638404 0.30217029 0.74042739 0.34268566 0.31749767 0.31182748
 0.57913328]
372 29213.979720900425 [0.23412908 0.37200868 0.30197293 0.26152955 0.32036551 0.26691449
 0.57674078 0.30239194 0.74042935 0.34256405 0.31772923 0.31192307
 0.57914065]
373 29217.124524400988 [0.23405285 0.37218039 0.30202704 0.26151067 0.32046942 0.2671167
 0.57704383 0.30253926 0.74039081 0.34245888 0.31799548 0.31211691
 0.57917648]
374 29235.219772878307 [0.23393593 0.3722479  0.30206306 0.26147989 0.32031619 0.26738695
 0.57739087 0.30266265 0.74041358 0.34233573 0.3181955  0.31219732
 0.57929773]
375 29244.8386093964 [0.23377535 0.3721762  0.30212011 0.26135351 0.32020387 0.2675751
 0.57772224 0.30281072 0.74034157 0.34230987 0.31837558 0.3122029
 0.5793621 ]
376 29234.772831588765 [0.23358856 0.37212313 0.3021957  0.26129262 0.32015318 0.26768304
 0.57790454 0.30291587 0.74027536 0.34223317 0.31863983 0.31228065
 0.57932067]
377 29245.773970706206 [0.23341278 0.37195339 0.30224583 0.26120604 0.32010663 0.26785322
 0.57816869 0.30302365 0.74022193 0.34207375 0.31887923 0.31231831
 0.5793098 ]
378 29221.312774560793 [0.23329273 0.37185745 0.30236973 0.26114985 0.32010604 0.2680159
 0.57833012 0.3030399  0.74014843 0.34192757 0.3191363  0.31234216
 0.57933345]
379 29233.314298298676 [0.23311518 0.37147713 0.30257992 0.26103232 0.32019018 0.26819072
 0.57857089 0.30295795 0.74014786 0.34190143 0.31944262 0.31234169
 0.57936272]
380 29222.552390815967 [0.2329248  0.37113012 0.30275759 0.2610348  0.32040461 0.26836814
 0.57876452 0.30289646 0.74019407 0.34179746 0.31956754 0.3122083
 0.57941163]
381 29238.915434525632 [0.23278968 0.37057156 0.30285112 0.26106825 0.32055642 0.26862823
 0.57882409 0.30280545 0.74026865 0.34175983 0.31974221 0.31206182
 0.57947938]
382 29244.716577763174 [0.23270291 0.37009314 0.30290657 0.26110461 0.32076159 0.26887429
 0.57879079 0.30273585 0.74039352 0.3415529  0.31989439 0.31199973
 0.57960546]
383 29248.304926179717 [0.23261211 0.36954259 0.30295661 0.26125926 0.32095069 0.26904628
 0.57871904 0.30265621 0.74050639 0.34140093 0.31996564 0.31189311
 0.57968979]
384 29241.729657843047 [0.23246156 0.36900599 0.30297626 0.26141816 0.32114569 0.26928583
 0.57868925 0.30278009 0.74052184 0.34105295 0.32004961 0.31187756
 0.5798612 ]
385 29241.84997834942 [0.23229247 0.36866131 0.30291272 0.26146094 0.32134131 0.26951911
 0.57852083 0.30286377 0.74051633 0.3406456  0.3201983  0.31183996
 0.57981727]
386 29242.224704991393 [0.23219647 0.36835918 0.30286461 0.26149529 0.32146353 0.26969902
 0.57830955 0.30298318 0.74052746 0.34048101 0.32030912 0.31188847
 0.57977066]
387 29236.002100745547 [0.23213201 0.36816248 0.30307594 0.26145668 0.32159351 0.269893
 0.57807893 0.30316688 0.74052753 0.34028688 0.3204934  0.31186383
 0.5796956 ]
388 29242.60689256278 [0.23204868 0.36809609 0.30333858 0.26139016 0.32192462 0.27015445
 0.57788897 0.30331195 0.7406052  0.3401365  0.32065128 0.31192949
 0.57960414]
389 29229.59977923554 [0.23194809 0.36805187 0.30362347 0.26126574 0.32204965 0.27028608
 0.57765199 0.30342499 0.74065418 0.34007946 0.32080649 0.31182452
 0.57961108]
390 29227.664111588078 [0.23186336 0.36793054 0.30387434 0.26116    0.32222763 0.27037742
 0.57748532 0.30343595 0.74075378 0.34003838 0.32084874 0.31181367
 0.5795942 ]
391 29218.676129534964 [0.23175997 0.367544   0.30410999 0.26109655 0.32259084 0.27040347
 0.57739833 0.30338626 0.74083043 0.34007634 0.320862   0.31178474
 0.57961715]
392 29222.79809109099 [0.2317249  0.36709429 0.30431683 0.26100537 0.32269268 0.27037092
 0.5773621  0.30338367 0.74087362 0.34016628 0.32091176 0.31176732
 0.57967026]
393 29247.612826382196 [0.23168653 0.36670942 0.3045656  0.26087963 0.32301938 0.27050921
 0.57737178 0.30353376 0.74096842 0.34036682 0.32107851 0.31175079
 0.57976123]
394 29231.550189622016 [0.23163406 0.36652156 0.30486131 0.26079593 0.32330178 0.27054952
 0.57734813 0.30369339 0.74104018 0.34046959 0.32127208 0.31179695
 0.57981169]
395 29244.112071658565 [0.23166368 0.36624621 0.30508176 0.2606857  0.32359389 0.27059131
 0.57735923 0.30384401 0.74107377 0.34057021 0.3214525  0.31177817
 0.57992273]
396 29236.420743673072 [0.23169188 0.36600534 0.30524164 0.26061627 0.32387286 0.27062253
 0.57730919 0.30398236 0.74114979 0.34073111 0.32168409 0.31170131
 0.58004598]
397 29234.259414330085 [0.23160743 0.36576529 0.30529404 0.26064171 0.32413911 0.27044678
 0.57728234 0.30406923 0.74126737 0.34080578 0.32179517 0.31165544
 0.58015088]
398 29230.066726925732 [0.23156545 0.36548651 0.30534702 0.26064819 0.32443151 0.27028758
 0.57719414 0.30410179 0.74130519 0.34065887 0.32191306 0.31166526
 0.5801319 ]
399 29234.990290011006 [0.23156021 0.3651489  0.30536525 0.2606656  0.32468584 0.27016288
 0.57702147 0.30415759 0.74139524 0.34055434 0.32203338 0.31164831
 0.58014551]
400 29227.95892548583 [0.23155176 0.36474641 0.3053289  0.26070342 0.32484068 0.27008825
 0.57694936 0.30424596 0.74143567 0.3404483  0.32209872 0.31150217
 0.5799843 ]
401 29237.800097101055 [0.23164629 0.36429327 0.30540991 0.26075579 0.32502559 0.26998598
 0.57690828 0.30415958 0.74143015 0.34039098 0.32229759 0.3113574
 0.5798442 ]
402 29238.906003800395 [0.23170831 0.36395203 0.30538497 0.26073656 0.32526809 0.26994462
 0.57689611 0.30409414 0.74139649 0.34026299 0.32241795 0.3112695
 0.57963571]
403 29235.762647133124 [0.23173749 0.36367578 0.30547042 0.26060247 0.32529699 0.26991922
 0.57689951 0.30405446 0.74131466 0.34028971 0.32252257 0.31122928
 0.57937211]
404 29244.551155116962 [0.23177459 0.36328433 0.30569627 0.2605135  0.3253857  0.26997761
 0.57686999 0.30396054 0.74115245 0.34029508 0.32254533 0.31134005
 0.57918657]
405 29213.304690152174 [0.23187039 0.36291928 0.30592603 0.26028607 0.3255122  0.2700721
 0.57682121 0.30372325 0.74098286 0.3401695  0.32249801 0.31144982
 0.57897259]
406 29232.456183775394 [0.23196693 0.36268207 0.30615434 0.26011281 0.32569671 0.2701411
 0.57674087 0.30345645 0.74078405 0.33993196 0.3223824  0.31149788
 0.57888164]
407 29237.462716259033 [0.23211197 0.36254612 0.30631183 0.25992074 0.32583449 0.2702301
 0.57665001 0.3032411  0.74059768 0.33968031 0.32236661 0.31149849
 0.57873351]
408 29245.268394022358 [0.23226998 0.36238474 0.30632584 0.2597626  0.32585086 0.27014284
 0.57657919 0.30295135 0.74043515 0.33953878 0.3223225  0.31169906
 0.57855072]
409 29246.911226395016 [0.23243468 0.36228829 0.30627969 0.25965447 0.32581607 0.2700702
 0.57653928 0.30269957 0.74031674 0.33947142 0.32226911 0.31193315
 0.57837511]
410 29239.608397869375 [0.23256633 0.36211699 0.30631202 0.25955508 0.32579832 0.27000474
 0.57660329 0.3024419  0.74019342 0.33934176 0.32221194 0.31205937
 0.57821481]
411 29235.652737817356 [0.23258789 0.36221454 0.3062652  0.25949566 0.32582448 0.26993749
 0.57663159 0.30224613 0.74009843 0.33936769 0.32200539 0.31225867
 0.57813712]
412 29220.262217101277 [0.23259352 0.36232704 0.30615631 0.25951779 0.32606915 0.26977995
 0.5767085  0.30200775 0.73990358 0.33916685 0.32182378 0.3124191
 0.57809775]
413 29246.625591070697 [0.23261677 0.36235229 0.30612707 0.2594969  0.32636944 0.2696563
 0.57676664 0.30172016 0.73969888 0.33914029 0.32159661 0.31257296
 0.57811902]
414 29231.731631504044 [0.23270166 0.36249029 0.30611412 0.25955588 0.32672932 0.2695816
 0.57676169 0.30139326 0.73951344 0.33911946 0.32138588 0.31281474
 0.57815459]
415 29242.892307549348 [0.23272116 0.36254997 0.30611263 0.25951027 0.32683013 0.26955635
 0.57663332 0.30100899 0.73937508 0.33897828 0.32126073 0.31310493
 0.57815357]
416 29216.990255684366 [0.23272621 0.36249599 0.30614182 0.2594305  0.32686053 0.26949958
 0.57649635 0.30057373 0.73928665 0.33884183 0.32103729 0.313355
 0.57819534]
417 29245.674454875523 [0.23275224 0.36253332 0.30622703 0.25935941 0.32689832 0.2694212
 0.5764229  0.3001611  0.7391995  0.33873364 0.32076334 0.31361931
 0.57820307]
418 29239.215160614127 [0.23276707 0.36256341 0.30648974 0.25924111 0.32695579 0.26936294
 0.57629897 0.29977315 0.73931219 0.33872414 0.32051422 0.31385706
 0.57834639]
419 29230.610247942735 [0.23272788 0.36244908 0.3068368  0.25925425 0.32701896 0.26923354
 0.57611578 0.29941705 0.73940154 0.33867465 0.32033024 0.31407196
 0.57842522]
420 29241.923185727694 [0.2326659  0.36243058 0.30710404 0.2593219  0.32702143 0.26916683
 0.57592368 0.29910042 0.73939863 0.33859205 0.32011207 0.31432955
 0.57844335]
421 29244.527023144386 [0.2326235  0.36231418 0.30740886 0.25934891 0.32708976 0.26917219
 0.57559865 0.29879485 0.73940596 0.33852537 0.31993827 0.31455089
 0.57845682]
422 29221.91534259014 [0.2326353  0.36218207 0.30780581 0.25925452 0.32692419 0.26911229
 0.57530095 0.29852108 0.73948196 0.33841983 0.31976709 0.31468163
 0.57850598]
423 29223.128699610716 [0.23263608 0.3618556  0.30807524 0.2591661  0.32675855 0.26914114
 0.5749978  0.29826265 0.73953898 0.33840481 0.3193302  0.31478627
 0.57853692]
424 29252.357735635876 [0.23254192 0.36154247 0.30831197 0.25917628 0.32670473 0.26918333
 0.57469135 0.29797035 0.73955134 0.33844414 0.31899062 0.31498577
 0.57844359]
425 29232.548102585362 [0.23255658 0.36122109 0.3084055  0.25900645 0.32674907 0.26924546
 0.57449936 0.29765447 0.73956249 0.33857583 0.31860013 0.31537596
 0.57848631]
426 29240.245564617144 [0.23256522 0.36096031 0.30845558 0.25887411 0.32676686 0.26934635
 0.57431866 0.29740212 0.73952846 0.3386905  0.31825895 0.3157831
 0.57855547]
427 29242.638821384047 [0.23259558 0.36064979 0.30845396 0.25885915 0.32679941 0.26941337
 0.57410585 0.29717746 0.73948918 0.33882895 0.3179459  0.31614885
 0.57861573]
428 29246.375005493643 [0.23258058 0.36042945 0.30838317 0.25886594 0.32679482 0.26949529
 0.57392753 0.29688576 0.73943618 0.33900968 0.31757254 0.31655628
 0.57876645]
429 29219.240465815274 [0.23253528 0.36008112 0.30832951 0.25886997 0.3268284  0.26961588
 0.57383693 0.29667609 0.73936625 0.33909156 0.31722252 0.31690512
 0.57887399]
430 29250.566272202726 [0.23241558 0.35968299 0.30831848 0.2589004  0.32686757 0.26958003
 0.57369268 0.29657193 0.73931747 0.33901423 0.3169388  0.31706428
 0.57905833]
431 29248.16133341992 [0.23238274 0.35930853 0.30823295 0.25893144 0.32693778 0.26950412
 0.57358929 0.29652509 0.7392605  0.33887164 0.31657921 0.31712525
 0.57928586]
432 29214.04951601364 [0.23225753 0.35905298 0.30820227 0.25891385 0.32694575 0.26953018
 0.57349148 0.29643923 0.73919592 0.33873695 0.31629679 0.31730866
 0.57944495]
433 29233.71054070656 [0.23224775 0.3589595  0.30822016 0.25896487 0.32692631 0.26960353
 0.57350353 0.29645518 0.73922532 0.33845453 0.31602727 0.31749304
 0.57968918]
434 29230.371304355755 [0.2322371  0.35894826 0.30826788 0.25902769 0.32693148 0.26965446
 0.57353428 0.29645785 0.73921054 0.33822878 0.31575949 0.31767196
 0.57993087]
435 29240.976120669824 [0.23225627 0.35902438 0.30832702 0.25905342 0.32695679 0.26981249
 0.57349981 0.29641099 0.73922243 0.33806244 0.31547763 0.31793154
 0.58016511]
436 29238.409909678587 [0.23223157 0.35892674 0.3084184  0.25908648 0.32703503 0.27004272
 0.57342396 0.29630889 0.73930947 0.33796884 0.3151752  0.31805797
 0.58032679]
437 29223.53048878148 [0.23221816 0.35888215 0.30841058 0.25909989 0.32713679 0.27025965
 0.57338301 0.29628388 0.73951057 0.33797801 0.31479766 0.31812905
 0.58046847]
438 29217.536390323305 [0.23220196 0.35891132 0.30836108 0.25919355 0.32710126 0.27046165
 0.57333797 0.29623644 0.73970281 0.33787676 0.31437959 0.31817112
 0.58060833]
439 29231.539079559327 [0.23218434 0.35899764 0.30822609 0.25930184 0.32712457 0.27071766
 0.57325819 0.29611642 0.7398252  0.33772505 0.31403472 0.31811644
 0.58060825]
440 29233.84367184378 [0.23199641 0.3591805  0.30803079 0.2593711  0.32707687 0.27102189
 0.57315454 0.29597896 0.73992381 0.33747697 0.31369678 0.31802015
 0.58064754]
441 29249.216487918813 [0.23182387 0.35951327 0.30782911 0.2595054  0.32707056 0.27126915
 0.57317014 0.29582522 0.74002121 0.337184   0.31340565 0.31799371
 0.58071523]
442 29247.195955694202 [0.2316392  0.35992603 0.3076555  0.25970797 0.32691886 0.27142895
 0.57329334 0.29576646 0.74003164 0.3368977  0.31314934 0.31798897
 0.5807577 ]
443 29239.425411002274 [0.23151264 0.3603724  0.30747162 0.25980978 0.32669225 0.27158907
 0.57348233 0.2957442  0.74008483 0.33648691 0.3127992  0.31795951
 0.58088003]
444 29239.13133885958 [0.23141512 0.36083935 0.30740435 0.25994999 0.32644476 0.27172937
 0.57361161 0.29574391 0.74010915 0.33611342 0.31248451 0.31783493
 0.58095884]
445 29238.787569911707 [0.23132045 0.36125533 0.30729745 0.26000169 0.32625341 0.27183698
 0.57376902 0.29565182 0.74012913 0.33566856 0.31216911 0.3177808
 0.58106883]
446 29225.83203772543 [0.23115327 0.36146061 0.30720815 0.26001919 0.32607471 0.27198666
 0.57399957 0.29548817 0.74012578 0.33532096 0.31189343 0.31779773
 0.5812386 ]
447 29240.917834879176 [0.23096346 0.36181456 0.30715729 0.25988445 0.32595547 0.27236893
 0.57414159 0.29546503 0.74020266 0.33511715 0.31168037 0.31788215
 0.58146538]
448 29238.545146064185 [0.23076223 0.36220969 0.30719534 0.2597428  0.32591378 0.27274023
 0.57422414 0.29547367 0.74033443 0.33503599 0.3114537  0.31786002
 0.58169381]
449 29237.65485515615 [0.23062879 0.36247318 0.3071973  0.25956768 0.32590435 0.27304488
 0.57429348 0.29552981 0.74051414 0.33519161 0.31110448 0.31790335
 0.58190801]
450 29246.167910080596 [0.2305593  0.36285228 0.30710776 0.25937418 0.32599558 0.27335134
 0.57428927 0.29551158 0.74071521 0.33533095 0.31081685 0.31791829
 0.58216887]
451 29244.206731549264 [0.23046852 0.36313114 0.30700963 0.25932089 0.32602045 0.27359959
 0.57425417 0.29547333 0.74092228 0.33549308 0.31068651 0.31810809
 0.58246807]
452 29228.54799690066 [0.23037016 0.36359875 0.30700297 0.25932624 0.32610928 0.27376322
 0.57419547 0.29546918 0.74108051 0.33571008 0.3105254  0.31837301
 0.58272754]
453 29238.93055637058 [0.23028466 0.36399588 0.30695927 0.25935738 0.32613867 0.27384751
 0.57417279 0.2954552  0.74123814 0.33580282 0.31035478 0.31869332
 0.58293793]
454 29232.586127077535 [0.23007048 0.36440613 0.30712222 0.25937308 0.32618241 0.27381096
 0.57405609 0.29536743 0.74146056 0.33589968 0.31016734 0.31893629
 0.58307457]
455 29253.776150096506 [0.22986045 0.36475285 0.30731028 0.25927545 0.32618369 0.27380657
 0.57396846 0.29521628 0.74173154 0.33605903 0.30988402 0.31922318
 0.58321566]
456 29232.298899215577 [0.22967528 0.36502538 0.30747132 0.2592493  0.32619507 0.27381885
 0.57390681 0.29503937 0.74199101 0.3362924  0.30963911 0.31948756
 0.58330068]
457 29217.71033750273 [0.22956733 0.36538029 0.30767089 0.25930804 0.32619638 0.27383737
 0.57383453 0.29485743 0.74223006 0.33651053 0.30942478 0.31976278
 0.58333691]
458 29241.143101450012 [0.22943042 0.36583147 0.30785806 0.2593057  0.32624245 0.27389135
 0.57385753 0.29465336 0.7424454  0.33672788 0.30931308 0.31996195
 0.58345166]
459 29225.995200169888 [0.22928325 0.36614515 0.30808808 0.25930164 0.32620042 0.27391679
 0.57390406 0.29447496 0.74265504 0.33696633 0.30928815 0.32014716
 0.58354264]
460 29236.618975480418 [0.22909457 0.36649393 0.30831138 0.25915609 0.32615482 0.27405077
 0.57392014 0.29425079 0.74278742 0.33706317 0.30923861 0.32036846
 0.5836974 ]
461 29227.804103658986 [0.22898477 0.36676751 0.30854468 0.25897481 0.32613596 0.27413457
 0.57388322 0.29400006 0.74286793 0.33715863 0.30925319 0.32057193
 0.58383388]
462 29236.77411372517 [0.22895292 0.36706855 0.30879533 0.25882912 0.32623073 0.27426189
 0.57377437 0.29369391 0.74297449 0.33730404 0.30919053 0.32077846
 0.58394047]
463 29230.467509776663 [0.22897227 0.36730567 0.30891888 0.25885248 0.32626253 0.27444953
 0.57364291 0.29333358 0.74302937 0.3375766  0.30907509 0.32098818
 0.58398107]
464 29260.80760006645 [0.22894594 0.36737206 0.30891726 0.25890644 0.32630251 0.27457702
 0.57357828 0.29305058 0.74306649 0.33770568 0.3089237  0.32110717
 0.58407974]
465 29243.099558453512 [0.22890813 0.36740276 0.30884789 0.2588492  0.3262091  0.2747876
 0.57346559 0.29281514 0.74316479 0.33769007 0.30884242 0.32120169
 0.58410673]
466 29237.21631920115 [0.22884443 0.36752531 0.30874141 0.25886604 0.32616682 0.27486543
 0.57345905 0.29265341 0.74325833 0.33768466 0.30882242 0.32120587
 0.58409651]
467 29234.392466164307 [0.22880715 0.36756411 0.30863475 0.2588169  0.32600369 0.27488097
 0.57340204 0.29262113 0.74339849 0.33768781 0.30896121 0.32115876
 0.58403576]
468 29239.089813636932 [0.22884578 0.36753959 0.30851809 0.25868746 0.32585811 0.27467701
 0.57337357 0.29250295 0.7435043  0.33771782 0.30914366 0.3212067
 0.58405986]
469 29232.946413528007 [0.22889089 0.36755442 0.30840036 0.25854867 0.3257739  0.27444702
 0.57340036 0.29244778 0.74361355 0.33775486 0.30933087 0.32122974
 0.58413386]
470 29224.015603581516 [0.22888733 0.36765268 0.30826875 0.25837126 0.32569753 0.27423007
 0.57332197 0.29246431 0.74387558 0.33778187 0.30954141 0.32135569
 0.584023  ]
471 29229.80815602834 [0.22901061 0.3677228  0.30815575 0.25816424 0.32575687 0.27392594
 0.57322703 0.292487   0.74422002 0.33774148 0.30977495 0.3214221
 0.58386239]
472 29220.820583317218 [0.22909693 0.36782237 0.30810245 0.25803862 0.32589021 0.27366418
 0.57311381 0.29245885 0.74441524 0.33761751 0.30996577 0.32147829
 0.58368426]
473 29243.980291445514 [0.22917334 0.36775527 0.30804677 0.25793614 0.32594455 0.27349106
 0.57301882 0.29244687 0.74458867 0.33745053 0.31012398 0.32144156
 0.58353113]
474 29231.555305145266 [0.22924898 0.36764269 0.30789179 0.25782992 0.32603538 0.27342306
 0.57292412 0.29240519 0.74481351 0.33743181 0.3103009  0.321517
 0.58339163]
475 29256.407736472433 [0.22928621 0.36737214 0.3079687  0.25774136 0.32618194 0.27328203
 0.57278373 0.29236883 0.74502616 0.33742333 0.31050104 0.32153196
 0.58322302]
476 29221.48598609108 [0.22934647 0.36709169 0.30800266 0.25773654 0.32619235 0.27316882
 0.57267448 0.29233429 0.74520617 0.33737206 0.31072197 0.32148929
 0.58315754]
477 29236.826359300285 [0.22944398 0.36683629 0.30803886 0.25779075 0.32605372 0.27299309
 0.57261874 0.29236084 0.74526765 0.33728667 0.3109648  0.32151564
 0.58302815]
478 29232.720658423437 [0.22947013 0.3666495  0.30812008 0.25778991 0.32593974 0.27278231
 0.57260625 0.2922995  0.74535237 0.33714692 0.31119997 0.32148873
 0.58292055]
479 29238.037046473095 [0.22948393 0.36649704 0.30817767 0.2577664  0.32584568 0.2724807
 0.57253429 0.2922898  0.74548776 0.33705437 0.31144482 0.32139271
 0.5826852 ]
480 29231.296306042866 [0.22950789 0.36635397 0.30824232 0.25778345 0.32566293 0.27223467
 0.57248384 0.29237458 0.74559988 0.33692178 0.31175422 0.32125417
 0.58241597]
481 29238.476057796383 [0.22952895 0.36627806 0.30827339 0.25775359 0.32544269 0.27189506
 0.57234524 0.29245354 0.74564338 0.33689075 0.31194712 0.32129253
 0.58215661]
482 29224.962524085153 [0.22956363 0.36631734 0.30835002 0.25780134 0.32523362 0.27161319
 0.57224184 0.29253959 0.74565368 0.33683603 0.31220082 0.32117876
 0.58192716]
483 29211.45515397929 [0.22958861 0.36625959 0.30840832 0.25784805 0.32512949 0.27129569
 0.57214018 0.29261912 0.7456692  0.33680476 0.31244159 0.32104629
 0.58166626]
484 29239.845275932574 [0.22962381 0.36620631 0.30844077 0.25789381 0.32503214 0.27094736
 0.57210021 0.29268138 0.74568895 0.33680856 0.31259689 0.32094494
 0.58145826]
485 29225.900238268092 [0.22971259 0.36612081 0.30848824 0.25786092 0.32498318 0.27066254
 0.57205939 0.29279961 0.74576548 0.33678691 0.31264606 0.32084472
 0.5814017 ]
486 29238.70877010365 [0.22974225 0.36606717 0.30850439 0.25783414 0.32489403 0.27045413
 0.5720364  0.29287139 0.74594082 0.33677808 0.3127051  0.32080535
 0.58128116]
487 29220.798416611535 [0.22983994 0.36602721 0.30847364 0.25780265 0.32490914 0.27029752
 0.5721471  0.29300457 0.74611908 0.33674422 0.31278577 0.32062182
 0.58116773]
488 29239.543251754934 [0.22992084 0.36592366 0.30853561 0.25780365 0.32494353 0.2701719
 0.57225171 0.29319148 0.74623476 0.33671883 0.31284964 0.32059121
 0.58109168]
489 29230.364346795403 [0.22998258 0.36580284 0.30856339 0.25786118 0.32490338 0.27008997
 0.57233247 0.29334325 0.74638954 0.33664481 0.3129083  0.32057637
 0.58107724]
490 29237.95917372645 [0.22999581 0.36568425 0.30852935 0.25797167 0.32487136 0.27000973
 0.57244466 0.29353084 0.74657911 0.336572   0.31292089 0.32057561
 0.58099207]
491 29229.720013708735 [0.22995116 0.36562399 0.3085315  0.25814866 0.32489162 0.26984814
 0.57254608 0.29374451 0.74683157 0.33651218 0.31296856 0.3205338
 0.58089848]
492 29234.486999586723 [0.2299175  0.36556143 0.30852237 0.25831925 0.32480737 0.2697385
 0.57262947 0.2939372  0.74711544 0.33644029 0.31295207 0.32047767
 0.58074608]
493 29244.935009003177 [0.22989827 0.36552227 0.30855268 0.25832368 0.32458311 0.26960388
 0.57277553 0.29408795 0.74740144 0.33651697 0.31286137 0.32040238
 0.58063907]
494 29227.64732966382 [0.2298416  0.3655118  0.30853728 0.25823985 0.32437077 0.26950143
 0.57291258 0.29418546 0.74762166 0.33657884 0.31273943 0.32034793
 0.58053039]
495 29243.765867963157 [0.22983968 0.36545095 0.30850267 0.25820397 0.32422055 0.26941803
 0.57308182 0.29430135 0.7478242  0.33656464 0.31271268 0.32034206
 0.58036508]
496 29244.226288225254 [0.22982971 0.36535982 0.30835444 0.25820016 0.32409214 0.26939505
 0.57318156 0.29449556 0.7480422  0.33666186 0.31259953 0.32028834
 0.58029586]
497 29234.488428537283 [0.22987242 0.36531789 0.30822977 0.25815548 0.3239492  0.26941475
 0.57328752 0.29464459 0.74831567 0.33671353 0.31252227 0.32019919
 0.58022373]
498 29247.827287610235 [0.22994816 0.36532617 0.30812958 0.25799298 0.32378901 0.26935937
 0.57339205 0.29480666 0.74863667 0.33672799 0.31243075 0.32026024
 0.58009749]
499 29253.307105533357 [0.2300353  0.36532882 0.3080289  0.25783744 0.32355643 0.26927532
 0.57342107 0.29491345 0.74888191 0.33692693 0.31235822 0.32021007
 0.5800094 ]
