0 10284.329992711744 [0.30309407 0.30159391 0.30084383 0.30309406 0.30234399 0.30084383
 0.43857484 0.29859361 0.86151889 0.30009374 0.29934368 0.44307531
 0.44157453]
1 10288.576573778715 [0.30406049 0.30258944 0.30113074 0.30369355 0.30370121 0.30181832
 0.43681182 0.2986324  0.86153883 0.29863272 0.29834502 0.44455967
 0.44343048]
2 10282.498648939036 [0.30409886 0.30292599 0.30058478 0.30511192 0.30524819 0.30382075
 0.4360194  0.29922957 0.86146837 0.29773785 0.29860195 0.44525295
 0.44501372]
3 10257.699405609575 [0.30425398 0.30307459 0.30113046 0.30531431 0.30611814 0.30612296
 0.43589331 0.29993014 0.86150006 0.29664282 0.29993227 0.44511344
 0.44706747]
4 10261.614120307599 [0.30541392 0.30328235 0.30165476 0.30493938 0.30710077 0.30736271
 0.43583477 0.30061804 0.86158307 0.2960758  0.30038225 0.44484247
 0.44880226]
5 10273.602508502343 [0.30616566 0.30357433 0.30270572 0.30488569 0.30785274 0.3079118
 0.4361589  0.30105967 0.86130161 0.29637254 0.30082054 0.44393601
 0.45015822]
6 10257.752201800458 [0.30673392 0.30391305 0.30378383 0.30470823 0.30844326 0.30825474
 0.43588179 0.30078985 0.86097133 0.29639037 0.30152237 0.4431635
 0.4510212 ]
7 10235.896484652792 [0.30738616 0.30459718 0.30534922 0.30505153 0.30924983 0.30941117
 0.43529414 0.30074705 0.86057738 0.29663533 0.30204828 0.44219334
 0.45150799]
8 10225.826514410757 [0.30768286 0.30520843 0.30646578 0.30526853 0.30983403 0.31084443
 0.43489091 0.30117083 0.86026385 0.29717149 0.30301987 0.44151322
 0.45219299]
9 10214.298370010656 [0.30731519 0.30513853 0.30749144 0.30563722 0.30997709 0.31188868
 0.43442945 0.30108659 0.85987778 0.29765109 0.30406605 0.44077039
 0.45224245]
10 10205.49599100291 [0.3071771  0.30489611 0.30846157 0.30637433 0.31020914 0.31312149
 0.43395251 0.30160392 0.85940748 0.29815586 0.30490293 0.44020625
 0.45222999]
11 10190.213482415693 [0.30681794 0.30486771 0.30923111 0.30696876 0.31053582 0.31406866
 0.43380018 0.3021214  0.85893188 0.29848049 0.30563574 0.43978331
 0.45244204]
12 10186.984322133356 [0.30660168 0.30498115 0.30985005 0.3076217  0.31078742 0.31511176
 0.43362431 0.30275827 0.85842322 0.2984786  0.3063072  0.43938922
 0.4528004 ]
13 10175.49919797435 [0.30662663 0.30472878 0.30979796 0.30846934 0.31114682 0.31577106
 0.43336299 0.3030892  0.85797237 0.29809384 0.30683711 0.43923005
 0.45314476]
14 10167.309284115017 [0.30675474 0.30430605 0.30985927 0.30940934 0.31152073 0.31659853
 0.43327106 0.30325801 0.85764518 0.29748053 0.30761717 0.43909398
 0.45347978]
15 10145.608667690954 [0.30688459 0.30378406 0.31003281 0.31023427 0.31193927 0.31742167
 0.43313138 0.3032093  0.85738214 0.29688195 0.30818071 0.43875692
 0.45388446]
