0 7.132901417297551 0.30048441907746004
1 8.35054492580067 0.30060411897441014
2 12.267604541400242 0.3006066722380263
3 7.758926667286282 0.30051491579412004
4 8.903189725258105 0.30041062931185625
5 9.807799290494408 0.30039640500024617
6 11.999196588831094 0.30034572607904525
7 7.543400175009625 0.3001809563051967
8 8.583585629639144 0.2999777301476535
9 9.061074166671762 0.2997197381220789
10 8.559995594863903 0.2995837219006757
11 9.01873871499367 0.29937416836116654
12 11.254303903166939 0.2991235217965062
13 10.128066317239712 0.2988501375631003
14 4.44399896037501 0.2986165827924146
15 5.551930070061614 0.29836322668646154
16 6.217369232508757 0.2981476470002019
17 6.787748210050481 0.2978810155069655
18 6.639701766700674 0.2976244245849442
19 5.60496765813549 0.29737321483366475
20 4.213707020599201 0.2972191205925943
21 9.338838383611128 0.29718553779476914
22 6.622216457136616 0.29714517176326977
23 4.006846800271369 0.29702580409288654
24 6.301930665761732 0.29694613536717585
25 6.035383751358655 0.29685540835121854
26 5.4324582821055065 0.296725187160646
27 6.072847832829366 0.2965358805290028
28 5.545080941824101 0.2963549725843437
29 6.470076151173046 0.296084253929153
30 8.746663697518692 0.29582333914788245
31 5.912621535328645 0.2955848772251902
32 4.3246282632425554 0.29528491748758384
33 2.9959362955366142 0.29515422275671993
34 3.346086899868409 0.29508946807767517
35 3.23750522852682 0.2950745293183601
36 3.206518484368531 0.2950547999260459
37 3.162357283359407 0.2950798809255576
38 3.4856143849237 0.2951270045587741
39 6.670803295656735 0.2952234324858583
40 4.947039124619925 0.295213037151654
41 3.2360710086719777 0.295107862308753
42 7.321332411021542 0.29498730764006104
43 3.689938559203366 0.29485690244654766
44 4.4983308922005465 0.29472166969592156
45 6.425536052238716 0.29465656051808886
46 5.784948913725051 0.29459749076171354
47 4.131279341017377 0.2946182249659493
48 7.822543327963827 0.29461169264614456
49 5.076360273768173 0.29458710511721375
50 4.3311342738818075 0.29454543110452935
51 4.9965712436902106 0.2944965777581907
52 5.400566638881532 0.29446841178061633
53 5.070528404249556 0.2944460944297465
54 4.854883085193087 0.29441078862856224
55 5.130353988621509 0.2944371263202943
56 6.302065491164537 0.29448508330860407
57 4.563716324961364 0.2945617020199775
58 3.9996729843495533 0.29470083790450424
59 4.550692622327439 0.29483603960038446
60 3.947802120166938 0.29493153934922156
61 2.900839389843113 0.29502883503969884
62 4.138676279856309 0.29502530437884317
63 3.3189615248946036 0.2949462525416233
64 2.8328608614399258 0.29491923034348333
65 4.019999218416623 0.2948320046134559
66 4.759132381788959 0.2948143120869809
67 2.4933651409978834 0.2948648272106457
68 3.846973980244049 0.29484220476055006
69 10.275303342820171 0.29473661647331467
70 3.5666501837385622 0.29465831269577986
71 5.034180050993245 0.2945876692825875
72 2.863245515849605 0.2944925153685995
73 3.0005379398240315 0.29428677615119564
74 3.852879879338583 0.2941274037135088
75 4.184352606413928 0.29400492252899213
76 3.154728749827734 0.29395887770874385
77 3.052133166716209 0.29397474017662384
78 2.7339876410299357 0.29397115874756374
79 2.8222968911268884 0.2939866036653072
80 2.4479135035383583 0.2940158069513118
81 3.033188188886565 0.2941267744571569
82 4.0891955422692465 0.29420211922804074
83 3.5913014383055404 0.2942571018636793
84 2.6903681540464044 0.29419005530244047
85 1.5297109335004888 0.29413520955607925
86 2.6368940821445475 0.29405704805697624
87 2.1520980059302204 0.2940846330165746
88 2.903113894186756 0.2940628184336724
89 1.7150691191124188 0.294040433483133
90 4.001959419175488 0.29403887297005904
91 2.5148470264462945 0.2940675277362971
92 2.319853342795435 0.2940887400236619
93 2.8987721870140373 0.294086113085493
94 1.3306842698064751 0.29412267628966277
95 3.26948134536783 0.2941334807180888
96 2.2241779263235077 0.2940779247177836
97 1.8793291337321447 0.29405417403607254
98 2.0988318419883374 0.29398250163968775
99 0.8610043519019532 0.2938945723605776
100 2.5415937653967804 0.2938146778378932
101 1.7674877906977589 0.2938014783552417
102 1.8579883071521948 0.29378255608072673
103 3.774096909176876 0.2937648043075112
104 1.7697626265453352 0.29372366068861017
105 2.133120261329676 0.2936945514602081
106 1.2700745693606266 0.29366318898476745
107 2.669643623104813 0.29377392480688735
108 1.6097091688022984 0.29390475090208423
109 0.9763161546778236 0.29413926233858856
110 1.1331651967481622 0.29433612651292707
111 0.879867904064348 0.29445032746993266
112 2.0018261101745973 0.29450205783448
113 0.8902765413985874 0.29459950799434
114 1.0750657460303803 0.29472919320295377
115 0.8986134145542986 0.29480623887950125
116 1.3612956762271229 0.29488810032709717
117 1.4462765498574788 0.295044333256329
118 1.8796321731151044 0.29515632285373145
119 1.3685681393973415 0.29523886580812875
120 2.210069181317383 0.29530594404560523
121 1.3100421237013806 0.2953863050110707
122 2.3783457416662777 0.29536783662057436
123 1.605368098162078 0.2953162568216535
124 2.8754259638206405 0.29522948144473327
125 1.3645385561391028 0.29511868503205557
126 2.2721823465731097 0.2950329338758492
127 1.6259293327478321 0.294930875260263
128 1.5670354430719797 0.29496494945139357
129 1.8915311223127589 0.2949338712672166
130 1.954154310549682 0.2949187255066948
131 1.7888969599274085 0.2948648289243412
132 2.528576616893225 0.29481441082115806
133 1.4074071431093698 0.29485157056209926
134 2.3446257978256284 0.29497063110949256
135 2.6440222024867337 0.2950629965643436
136 1.102292590977138 0.29512515955449087
137 1.168166343140689 0.2951480484720264
138 2.832736352718099 0.29510819706683156
139 2.3524739208707803 0.2950109811676466
140 1.8758056782945007 0.2948999806294613
141 1.624391000236999 0.2947675820705395
142 1.800537952037994 0.29463049666281405
143 2.2790705116509953 0.2945054335198715
144 1.1419919653297448 0.2943916732817658
145 3.2148996704030615 0.2942188569734812
146 1.2796896512361626 0.29409910779860876
147 1.8577494611566872 0.2938986519739599
148 2.286093700786198 0.2937800825902412
149 1.2193844660911688 0.29365273618035453
150 1.8110068998084015 0.2933270505446086
151 1.988176778659392 0.2930493888926818
152 1.2566071795204241 0.29288105729251873
153 1.0979178271179986 0.29276913965864054
154 1.0756479238023269 0.2926365421920142
155 1.2234373065043713 0.29242553299572727
156 1.0173918894094518 0.29220635703864006
157 1.2476754501067415 0.2919717147013113
158 1.4905500276932453 0.2916590991500472
159 1.1442022163288326 0.291317538683516
160 0.6870820209454402 0.29082594769236964
161 1.6153994724559104 0.2903730500211417
162 3.0319881668056694 0.28996392944848287
163 0.5092858988993547 0.2896503131388442
164 1.0438971896507852 0.28943529212803093
165 0.9763184661187383 0.2892758860483298
166 1.4312428894129001 0.289194387726394
167 1.498242209517691 0.28910092056950987
168 1.1120194000531143 0.2890949533499918
169 1.8189881579511098 0.28916172288013736
170 0.838293940481626 0.2891259050709988
171 1.7362143216344659 0.2890156905410001
172 3.348740465912279 0.2889441522734389
173 1.6629665689284583 0.28879966664455403
174 0.3961882222689126 0.2886422307486937
175 2.3134305183835435 0.28845384016166475
176 1.8761292952033426 0.2882019518404662
177 0.9162386441912144 0.2879456868172489
178 0.9385381506875468 0.28783722837417797
179 2.6359158145141595 0.28776413539665097
180 1.105360081887002 0.28773927580540515
181 1.5484750911746628 0.2876512683007662
182 1.0836702069292965 0.2876390687969726
183 1.595653912308737 0.28764007581451384
184 1.7342628243180225 0.2876439410977612
185 2.139905979897689 0.28757170126975035
186 1.3386778792087741 0.28739497271002523
187 1.1408276900867207 0.2872424463318521
188 3.1437751318751808 0.2872209340951361
189 0.7966860073087068 0.2871971586828295
190 1.290488976072166 0.28725733519201363
191 0.9437227968805031 0.28740453770499014
192 1.3015533785220437 0.28749838413920664
193 0.9961027866256097 0.2877113290834092
194 1.301156169822072 0.2878928506910286
195 2.7513581095629274 0.2881421193943304
196 2.2211358621209802 0.2883587366257782
197 1.510738374527926 0.28865968272435355
198 2.0768682590169045 0.28897064918715737
199 1.129201857885072 0.289202068959764
200 1.9930064065793616 0.28939318796290703
201 1.196379606498375 0.28943743330290234
202 2.385469264302743 0.2895370929369749
203 1.5216241706169245 0.2895607695045466
204 1.2838292448956758 0.28954434374809973
205 1.5960251553571174 0.28960432521001794
206 1.503978820364928 0.2896896281324158
207 0.8888074309331544 0.28973208372630865
208 1.41710120427502 0.28982644131351337
209 1.6860804302761652 0.28977249889606244
210 1.8353085076530502 0.2896898469597497
211 1.564694996661126 0.2896360468045985
212 1.4521444864038904 0.2896244572568693
213 3.004760125125709 0.2895798448687346
214 2.0316531154870674 0.2895753680025503
215 1.5412540395318937 0.28961579676351407
216 1.025730617314149 0.2896474817476149
217 4.401596965570074 0.2897516359943335
218 1.3642906513400646 0.2898726049647333
219 1.4909832487369457 0.29008031745269514
220 2.361392361985084 0.2903132192253551
221 1.2436361025816145 0.29058012977210185
222 0.8439804018677102 0.2909061209055507
223 1.7650012029876985 0.29117040260504096
224 2.0999263184543975 0.2912965851576642
225 1.628590075098887 0.29143449729677295
226 0.9946184742902162 0.2916591743969821
227 1.2632972963814844 0.2918163982522692
228 1.8104379299266005 0.2919882741720626
229 1.8733351199526247 0.29222080995606786
230 1.4511429337602428 0.2924866250321414
231 1.0633631935205596 0.29267040534812766
232 1.9172440930815535 0.29283024279857006
233 2.4885110753898942 0.2929090560050212
234 0.8575367810234165 0.2930007253475127
235 1.3572476413753556 0.2930396559388333
236 2.566008574243634 0.293030290699912
237 1.653181291076828 0.2929733814581672
238 1.0895711954402185 0.29293363202397
239 0.7716762372194306 0.2928898473571753
240 0.9802367954238287 0.29296234253524006
241 1.2893346652352289 0.29295611562530377
242 4.0697245313179815 0.29289576935588046
243 2.462433209954287 0.2929138331868398
244 2.3078074096184835 0.2928777101017677
245 3.790629062355527 0.2928720944567193
246 3.8568162420967425 0.29285302898061505
247 1.873525094383702 0.2927993294112417
248 3.6095899757642895 0.29272923974173337
249 2.20174763870833 0.2926868572139106
250 1.9669991316391942 0.2926780146062553
251 1.483888363499305 0.2926183192357268
252 1.4288868803814747 0.2925470594635753
253 3.193482161286334 0.2925565720332394
254 3.055950945900462 0.2925926136206153
255 4.526152593492866 0.2925687753840827
256 4.7586559887030555 0.2925207567240508
257 5.739699278694191 0.2924589549841088
258 3.847573093549353 0.2923992417142016
259 2.791072330452831 0.2923927439014718
260 2.1732440278673857 0.2924806771607215
261 3.1062713427937396 0.29245823041358454
262 4.210017500910945 0.2923629473703007
263 2.8588682279484394 0.2923530479220158
264 1.4021698420581736 0.2922416496286738
265 2.6915262176266723 0.2918316136177509
266 4.120492388420989 0.2913585192236718
267 2.8470114134241946 0.2908970759896858
268 1.2202795161469244 0.2904719008632048
269 1.1181447651714163 0.2901824155677916
270 5.3815577798504615 0.290003470895424
271 1.2391091194183892 0.28988924704590374
272 2.345475997411811 0.28963469627010363
273 1.1334614865463841 0.2894029570928833
274 2.5537058480856407 0.28922050912167313
275 1.5723663607823002 0.28907518031893237
276 0.6716186124743795 0.2888550768518972
277 3.9211068812316707 0.2887392797633777
278 2.0595547152182476 0.28860977634858354
279 0.7719118855607907 0.28840623485147604
280 1.560791885905044 0.28816487348445047
281 1.740035742071317 0.2879560224375544
282 1.7469583256647085 0.2878403775173926
283 1.1095631545434101 0.28768341425935867
284 1.3307547946936522 0.28744302917568126
285 1.0152678888654723 0.2872216652895876
286 1.86710970333342 0.2870486687316944
287 2.1025333399351567 0.2869424603956842
288 0.7161054904818519 0.2868539981649209
289 2.458978172971336 0.28672774304880483
290 1.1740960221147705 0.28657798126848816
291 3.00842606917258 0.2864301234334039
292 0.9087103714710454 0.2862270104853524
293 1.4246963457849215 0.28618380986095404
294 1.089493531910513 0.286164912803183
295 1.2088057057099826 0.28605430636378043
296 0.7381516187020627 0.28598159399592293
297 1.1461328655006717 0.2859064161471904
298 2.416172714727485 0.2858210372842675
299 1.310806569400357 0.2858232573344781
300 1.3687822336108444 0.28570504862589136
301 0.46297512936000595 0.2856597647195605
302 1.799694726053036 0.28562130260903323
303 5.546381350912678 0.2855746556326959
304 2.2057823471611595 0.28548422484439717
305 4.759783876675424 0.28545831201691
306 2.379046628006307 0.28538901262928645
307 1.3498769397158137 0.2853674794344971
308 2.5963798193459557 0.2854063355048914
309 2.1751145543344177 0.2854021747175966
310 3.9555434460492536 0.28534807434036086
311 3.6400950096399542 0.2852167117227918
312 3.2202952705947787 0.28507789528820787
313 2.5252387305260102 0.28498132543268784
314 1.3642778646973743 0.2848921416112286
315 2.5361665775517954 0.28479166793865596
316 2.1443436429185194 0.28472213969709365
317 1.393053018863553 0.2845800682755963
318 4.267162869423356 0.28432496992232653
319 3.469657741813497 0.2841772309898622
320 3.533981582199331 0.2841149062077698
321 1.9008462329538043 0.28399375005170646
322 2.26926370517174 0.2839543149283987
323 3.0377560358611286 0.2839514701251599
324 3.339243807673375 0.2839770316634104
325 2.9252730070539 0.28394773680475965
326 1.5102322042325738 0.2838422026220054
327 3.1939554752137544 0.2836785140802264
328 1.9646831277560906 0.28346078245594747
329 3.5967246095107788 0.2833219146367251
330 6.052237654641293 0.2831780040661822
331 2.432707919975709 0.28303372898886053
332 2.8285394128809322 0.28287028156117944
333 2.4061514375993567 0.28276083163634835
334 2.9945000530503503 0.28266687344818975
335 3.4212791487455902 0.28261129678922986
336 4.47808122316561 0.28260050183128005
337 5.560147565147773 0.2824993080857083
338 4.092405829347491 0.2824220857875465
339 3.6054655451631064 0.28234510985191186
340 4.716668121435317 0.282307139616567
341 5.441387557264149 0.2823089593438153
342 3.612546043137826 0.2822469162676923
343 2.148370449790658 0.28224692565675547
344 7.270250389654117 0.28226377750020154
345 3.3101122470858013 0.28226991828196996
346 3.933081938264172 0.28231914220105087
347 4.982183595415198 0.2823664019932927
348 4.243611348033008 0.28247601034572645
349 2.6160924060407265 0.28266879899456643
350 2.5810886210284174 0.2828261900827077
351 3.5665677754129828 0.2829500768601512
352 2.492622558758141 0.2830995041131434
353 4.13880244350066 0.28330726492320996
354 1.4054996272063875 0.2834615824246583
355 1.672196917537971 0.28363736926239674
356 2.7789875927666676 0.2837728782804571
357 4.404477605793513 0.28388559694203147
358 4.418305718732798 0.2839748642638472
359 2.457683067184594 0.2840657351619256
360 2.661378003143484 0.28412864686505745
361 2.5205707400307316 0.2842359483745851
362 3.9743034504714827 0.2843431011508614
363 3.042065239976757 0.28425957329313717
364 3.3140627381169243 0.28440562575181333
365 5.657258353483825 0.2844298523613787
366 2.5801715662702343 0.28442536773850513
367 3.3755274313442967 0.2844282800563187
368 2.1199217194821927 0.28453511864730946
369 4.757523083421686 0.28475805595324255
370 4.499207903374286 0.2849789109355439
371 2.73115714945358 0.2851040026301938
372 1.2607692787905016 0.28520264073052043
373 5.7746976767373415 0.2853007681584538
374 4.9195003132204125 0.28533802969207245
375 6.542085231768232 0.28538758874680786
376 3.7599932709177004 0.28540815352147253
377 5.210798110166403 0.2854239993405902
378 5.443631793003855 0.2853728950235905
379 4.6726577076113385 0.2853367899662978
380 3.1121423886793305 0.2853202972580106
381 3.585045126532504 0.28533908020817406
382 4.60221536404658 0.28533891507085873
383 2.925770591771836 0.28534231577167524
384 2.5866808207907366 0.2853243774943936
385 3.0721674340186245 0.2853524668585246
386 4.328786154377157 0.28529305172823943
387 4.004625846472321 0.28529094355184387
388 2.367591645939074 0.28532945083192385
389 2.7795711705443575 0.2854832820391926
390 2.365109605249471 0.2856795793154288
391 3.1746824681523886 0.28586519285236667
392 4.015550134389892 0.2860071993973465
393 1.8463081630665423 0.2860606331838133
394 2.354299483251314 0.28612042180233793
395 1.6652296859793396 0.2862820678368984
396 2.6321780570527396 0.2864542058870298
397 1.1992528127685147 0.2865084623407121
398 3.5309306483750835 0.2866167838854436
399 2.8691978200301373 0.2868214652682981
400 3.2208635036393245 0.287036369686476
401 2.533494201702376 0.2873058039238649
402 2.3252195643800975 0.2875662077372498
403 4.075897953375607 0.287920887453608
404 3.6102131109771762 0.288259250884725
405 2.3946795556709555 0.288595877454287
406 2.6951947625581827 0.28897573088355744
407 3.2805295220350863 0.28934365171984994
408 2.1405405721961546 0.2898035747287915
409 6.012306128199562 0.2903205308836715
410 3.32960949189133 0.2908376588542055
411 4.556367890578658 0.2909518520198955
412 3.8500276107962947 0.29098500165458
413 1.6685131625769878 0.2910729921347151
414 3.4726099015699683 0.29117764507219707
415 3.2070440998390444 0.29125510647861624
416 3.9715567213728575 0.2913455004744719
417 2.9583785054874694 0.2915230827968108
418 2.3280805392176465 0.2916319314228363
419 1.743180972033361 0.29159242793350537
420 2.1882520536677443 0.2915624066486777
421 3.6685029600445866 0.29148894994009095
422 1.8212705500752837 0.2912941981201531
423 2.164195738364635 0.2909533102013353
424 2.916437261738691 0.29077575403599376
425 1.9753642452215316 0.29053464840528015
426 2.2101386654437256 0.2904427534831988
427 2.972918714826295 0.2903370125386497
428 3.3635763384026154 0.28998517966215404
429 1.6495282345977982 0.28986328115751464
430 2.343056165434736 0.2896157580607763
431 2.891482238215562 0.28939997746940005
432 1.3724449226395972 0.28932377648495167
433 2.731804074972104 0.28928470907668685
434 2.262211299457036 0.2892414515470934
435 2.1558131341273175 0.28926328076016466
436 1.92393086958633 0.28928323414336643
437 4.26156835587713 0.28926358739552516
438 2.558172862963081 0.28918248706226796
439 2.7699306930549157 0.28899113157572703
440 1.6317683781313752 0.28888762402439655
441 1.8986440316642732 0.2886433052539598
442 3.3422318941220537 0.28844569874441445
443 4.463383111940026 0.28824819362489457
444 2.5221310188187442 0.2881191999969659
445 6.106713884369453 0.288016641210037
446 2.089392992953269 0.28801335303133296
447 1.6607948267070707 0.28789594978889205
448 2.4819244985441817 0.28776594978678266
449 4.213458104301387 0.2876185138051675
450 1.5064906147562633 0.2875253746258595
451 2.518672950976165 0.28749888571018084
452 2.9133691991931547 0.2875254385217357
453 3.5016001056937984 0.28757298469460785
454 2.869920217482897 0.2875600582330441
455 3.428438973769273 0.28763649794188256
456 3.611747617861252 0.2877336956694608
457 3.8832359513805574 0.28783802994082014
458 4.541237835033606 0.28792794665127613
459 2.471160218828256 0.28815065804223816
460 1.7742228458784548 0.2883897522150372
461 3.434748253969487 0.2887121335689526
462 4.31585298694586 0.28898786993619674
463 3.5077502712301785 0.2893507796515949
464 2.0764665344800237 0.2895096585450389
465 1.929494544141601 0.2897644049033231
466 3.2443955601555263 0.2899846650653059
467 3.774859507196356 0.29027028825167983
468 3.243026529446011 0.2905343509365582
469 3.035509144948839 0.29094844951862775
470 2.4430171550864452 0.29141391855724885
471 2.437343451224634 0.29192883052241403
472 1.9915483757080965 0.2925773665620353
473 0.9145908426504438 0.2929787905354684
474 2.1872437041933446 0.29330973617770656
475 3.3756707578070877 0.29340891086118964
476 3.324637178648688 0.2932508714365721
477 1.292062594390344 0.293168802954011
478 4.058698371214132 0.29319535161958626
479 2.2557080928975664 0.2932394275611172
480 2.7099739487785506 0.29356927276045985
481 5.173228569435368 0.29383341078549025
482 3.718558956976814 0.29406568754410045
483 3.7646329096472835 0.29429711373748785
484 1.7321293416383672 0.29446845022522883
485 2.833464926918083 0.2947236460431923
486 2.0839400894428937 0.2950961168360083
487 2.5129166730044568 0.2950692919139692
488 1.6660465178217938 0.29511231516835396
489 3.378209398890658 0.2951288303443218
490 2.3316609640254984 0.2952464574465896
491 3.252003205805039 0.29520714482449667
492 2.4592841439262085 0.29518413262900384
493 4.224914859491059 0.29545866583239405
494 3.5305117385753135 0.29594000390022346
495 2.78573494931342 0.29637270681179484
496 4.119812432195632 0.29671261275393807
497 4.144396111153355 0.29719054950148865
498 2.796062340524623 0.2974738736499121
499 0.9515884873018783 0.2978252705907543
