0 30.36676746256969 0.29907802651956256
1 23.49579405333953 0.29880467313677433
2 32.73244409174875 0.2983913530688818
3 29.18667899986757 0.29800101463490963
4 29.158544661476796 0.2978177083377274
5 23.194443887363853 0.29757292379516254
6 23.670774478183347 0.29751717543692663
7 22.5023561816406 0.2973668357562848
8 25.209568843099937 0.2971607957375562
9 18.8860570934687 0.2969535466861328
10 24.71091999522064 0.2968053003011059
11 20.542347503795845 0.2967101035590682
12 22.766503245518365 0.29654070574887337
13 23.455786723571073 0.29638912341804485
14 21.600680366290568 0.2961674094041611
15 16.83652502441838 0.2960450323363308
16 15.409259528556507 0.29596290028054467
17 17.289595766817655 0.2957746798694441
18 17.745608353751113 0.29554589436665196
19 18.58916638273669 0.2953986111908136
20 21.692700252903645 0.295285599052103
21 20.861264578461174 0.2950060212755915
22 15.40872152136004 0.29473771988338293
23 11.985554254866955 0.2944379452866587
24 13.146931637079271 0.294164621954693
25 11.689754616320222 0.2938761453406775
26 16.10693948964465 0.2936137838903479
27 13.965141136375065 0.29332938817713927
28 11.247666339799505 0.2930492254164934
29 15.254022131087186 0.2927371055736932
30 15.495316860189707 0.2924573126053239
31 11.420655452883643 0.29224692063197816
32 13.625066002338578 0.29204345877496773
33 10.712083173798472 0.29189448032908066
34 14.86379506106996 0.291723211146848
35 11.63086830251673 0.29151284091743196
36 15.502929534411981 0.29127912785507554
37 12.486540090642032 0.29100746017207796
38 10.81595273507152 0.2907259195581362
39 13.955130449878826 0.29045912972103743
40 8.477019049296748 0.29016307708628286
41 12.82404741356914 0.28991691377411594
42 11.99460190972398 0.2896703330169119
43 10.807814894770658 0.2893988569805806
44 9.92662256861798 0.28915983080324364
45 9.740625032669442 0.28891280871251374
46 11.999915916702435 0.28860794864649875
47 9.459888482067186 0.28834862619397167
48 11.312936138782366 0.2880898925525008
49 10.049843671593592 0.28793921009457574
50 10.564547948911574 0.28779519232600675
51 9.373458377964269 0.28769442974053044
52 13.356316672984832 0.2876069235896461
53 8.84007929308001 0.287565001164364
54 9.115531013932948 0.28746748027817387
55 11.964602601115601 0.2873843853183737
56 8.184907186878558 0.2873054382825401
57 7.8549698620053805 0.2871283499585579
58 8.42857712883864 0.28697358904745246
59 10.777436370011781 0.28688600109814627
60 8.339318778570583 0.2867339218232711
61 12.458579356692038 0.2867184843701069
62 12.247216976267477 0.2867108302321671
63 9.584912580255116 0.28666230003832666
64 8.441334292862564 0.2866812260036264
65 11.51753486089301 0.2866529572324133
66 8.248385777559905 0.28654251415573784
67 11.221176905862407 0.2864822822661857
68 12.199549293997205 0.28643293342744164
69 9.717332752627906 0.2863835746202487
70 11.52280513230809 0.28629871603189255
71 8.477618864307555 0.2861638770697698
72 10.628915060211034 0.28604454522646355
73 9.900071763595939 0.2859065449834437
74 9.181413334616408 0.2857395524546183
75 7.718080226941824 0.28557405240848915
76 7.702106702643924 0.2854386872049979
77 8.05622772502464 0.28534730945987463
78 8.899719223892248 0.28520774349293904
79 7.24492713500341 0.28503817100897194
80 7.810954610812919 0.28482208667839876
81 8.113191770538648 0.28455257526167077
82 9.033756597615026 0.2843267503412002
83 7.750769114324054 0.28410852586513474
84 7.307114684046899 0.28385009282719914
85 10.317626776414443 0.28354946084009075
86 9.046364007036743 0.2832043458360254
87 8.378534578044095 0.28289178030073864
88 7.995045620378208 0.28258171135127297
89 8.222249681004971 0.2822386393542635
90 8.537822328823715 0.2819620633443281
91 7.109673592606386 0.28173837560960674
92 8.303966558752695 0.28138307830605663
93 10.19456396596523 0.28109161820583634
94 8.474298471666085 0.28081546077559233
95 7.867523579770394 0.2805806080269368
96 7.626107811002215 0.2803120472376974
97 7.486413555748815 0.28003013134343124
98 7.7235994739728095 0.2797959527721763
99 7.151759873100754 0.27952448836143556
100 7.619613380766287 0.2792691300805145
101 7.264478649082873 0.2789854644378878
102 6.788418049709447 0.2788245344603118
103 5.897990365954733 0.27863539780134106
104 6.359315261409776 0.27841945069577473
105 5.725204844476552 0.278271123275063
106 6.985365108717259 0.27813742590990836
107 9.564904287181653 0.27796358419630535
108 6.612169117762891 0.27778816542401946
109 5.962947343836239 0.27760707939044266
110 7.234944426559721 0.27747993769798424
111 7.387660288288577 0.2773287987505369
112 10.185426348122018 0.27717284312644264
113 8.17235498602648 0.27705089986324416
114 5.878594745149329 0.2769198388356161
115 6.431568312002814 0.27684370853289125
116 8.131299885012645 0.2767901688365478
117 7.867404487149365 0.27669072253616656
118 6.1140023469429075 0.2766331372260364
119 6.375162512958834 0.2766904667338004
120 7.951904584454482 0.276710483352368
121 8.02362163844082 0.2767756434802887
122 6.614888524103103 0.2769357093548742
123 6.211047114684618 0.2771250178629702
124 6.065957971950226 0.27726017099154016
125 5.681831227593081 0.2773610515402398
126 5.473510333779648 0.2774550367872773
127 5.904039230864293 0.2775386048935174
128 7.5187464754518025 0.2775257093614925
129 7.495873561169285 0.2775733790425425
130 6.199978062098751 0.27767203343448843
131 6.578892829629368 0.27771322862619324
132 5.252587444976941 0.2778460381003635
133 5.495933543603838 0.2779562644125942
134 6.980198099971815 0.278146232718611
135 3.8827376785902556 0.27832800514536066
136 4.647379013208877 0.27856890415651064
137 5.22852743801489 0.2787736914103831
138 6.637035998142558 0.2789158744090244
139 4.564748219035717 0.27909467716282194
140 5.979663748362302 0.27927189478074044
141 5.596468209554601 0.2794260091085532
142 5.1314739311728905 0.2796279993397575
143 6.252011789604611 0.2798324856557853
144 6.006128738878327 0.2799211248491378
145 6.752354849625608 0.2799551533603531
146 6.473208692648101 0.27993890473440736
147 5.831399279997552 0.27987229276214726
148 6.374578872297832 0.27986130800416037
149 5.745078718601301 0.2798433380362569
150 6.270911800566845 0.27974734349168423
151 5.679830855068394 0.279658255528428
152 4.825261021644057 0.2795431155225781
153 6.000227526834578 0.2794205667028465
154 4.8840841872555245 0.2792733038534121
155 5.869233312237425 0.2790988513832336
156 5.915894614402211 0.2788994518768561
157 8.26186840475359 0.2786691341348763
158 6.924777686938603 0.27852563196642893
159 4.899546305904657 0.2784106954170772
160 6.998945704263623 0.2783042271305532
161 5.297861678749987 0.27813736309966125
162 4.037023437260161 0.27809889629753903
163 4.117369804960482 0.27808010217341494
164 5.148956155239319 0.27809978621916986
165 5.9390764273708045 0.27809295223701097
166 6.933424977853404 0.27811223853781125
167 6.074512790879648 0.2780677444418232
168 6.100828784791373 0.2779124916365357
169 5.886525414227263 0.2776843049703854
170 5.928520561227752 0.27742448895053734
171 5.13508821612514 0.2771744289288741
172 9.48591662886054 0.2769187255490499
173 6.699635918494244 0.2765778084672505
174 6.8768695775675575 0.2762872133838186
175 5.844732071934784 0.27610005236913454
176 6.239336225767775 0.27593598515588175
177 5.414386456046457 0.27575721611314
178 5.137997844122396 0.2756347458379476
179 6.1701831070321 0.2755220828450522
180 4.866883923538216 0.2754102107552216
181 5.384251281892089 0.2752973239437137
182 7.306287319674567 0.27523077862623224
183 4.883624734480711 0.27520783091891016
184 6.300222664337138 0.27520307178983355
185 6.230139446269073 0.2752541362138358
186 6.6106968133766735 0.2752560063296688
187 6.352307714838565 0.2752424069515147
188 5.252569506253877 0.27523438800272165
189 6.444774150750607 0.27516840340299087
190 5.13463749843226 0.27513773309211026
191 6.657510340203748 0.2750992250470233
192 8.294013560492768 0.27510690967616164
193 5.292384607426614 0.2751436216822404
194 7.10138470727812 0.27517337881931186
195 6.347787368373278 0.27513849762031256
196 6.380075009548211 0.27515445547196177
197 5.793175075710407 0.27535061295135443
198 6.5311722387374544 0.2754922869628729
199 4.434887885135899 0.2756653919698411
200 5.038408701629565 0.27568460692919594
201 5.9028563217103045 0.2757162080682734
202 5.3242795516643415 0.2755074057102085
203 5.659451341579823 0.27521805498811713
204 4.846094808688997 0.27499703370210987
205 6.089874854626309 0.2748182318040346
206 6.226795257176364 0.2744929364890176
207 6.38457776424032 0.27427248878442234
208 6.253584205994999 0.2741163016754887
209 8.245918273864392 0.2738978522009277
210 5.43860083369681 0.2736542592811626
211 7.013243615739676 0.2734368235578923
212 8.609691673277627 0.2732451837849883
213 6.518242903229066 0.2729839504287039
214 6.464493531677098 0.27276207935876645
215 6.224566556677435 0.2726466134636083
216 6.344520968873317 0.2725205764063053
217 6.410317240386545 0.27236075788155434
218 5.658130786031826 0.2722707723416261
219 5.569716648127816 0.27214407676759694
220 5.759471787237836 0.2720667253881805
221 5.919748491973921 0.2719593959568136
222 5.847134105851523 0.27177606827867556
223 5.707637603510902 0.27168124061629556
224 5.908400364247425 0.2716868576654293
225 5.641921214593918 0.2717234706968029
226 6.737262177390729 0.2716890833280649
227 6.054502971822176 0.27171437939023185
228 5.418363724537148 0.27181386458580065
229 5.809649676783888 0.2718036846630163
230 5.081890153730246 0.27181929371398317
231 4.327531805073107 0.2717711473265116
232 7.073550985929218 0.27170751049138847
233 5.007480644659573 0.2716434791485241
234 6.1065838531922845 0.2715905767425338
235 7.401491019244957 0.2715943796373863
236 5.831524662052385 0.27159780283179263
237 3.6946248824021093 0.2716168166511785
238 5.125031415705055 0.27155113745065457
239 6.826768692003794 0.27150788086561334
240 4.774317834851361 0.27141896356105716
241 6.2099233508326375 0.2713561898646386
242 5.193895676990026 0.2712523610298614
243 6.422145598578393 0.2711585990528209
244 7.177825588426284 0.27100955841798885
245 6.012578348718355 0.2708165504248661
246 7.0055722767398 0.2705934920579618
247 4.9698465811062835 0.2704143831281795
248 4.792277726639053 0.27030748868217397
249 4.660536912676368 0.27019127124072073
250 5.39886686973837 0.27006753190017946
251 4.930870251132659 0.2698764015229215
252 6.210312945936607 0.26966450785140894
253 6.3820351660367995 0.269487196207519
254 4.945345111747905 0.26930776981965343
255 6.080152858601114 0.26917723342924016
256 6.185612141331831 0.26906333725941584
257 6.990465382304752 0.2688990691722392
258 8.432439587120603 0.2687540974777683
259 5.79070577656873 0.26863877986101575
260 5.746381846190289 0.2685219925995895
261 6.309408385877382 0.2684279676385772
262 5.534620633875338 0.26835960472634696
263 6.388398067133005 0.2683793940018622
264 5.783996540622588 0.26837523144068287
265 4.588746522438829 0.2683784959555752
266 6.642187680446813 0.2684004066281237
267 5.442946479315183 0.2683964745163356
268 5.320443174561218 0.2684206040975347
269 5.215695056891635 0.26840003572414617
270 6.420444316655631 0.2684006316172485
271 5.352131233828354 0.26839594940731154
272 5.850719827086337 0.2683849846402533
273 4.801586595369189 0.2683216150018836
274 6.388977746942899 0.26828109649118437
275 5.714727973175398 0.26834241269370535
276 5.278779187758785 0.2683575012794235
277 5.141260770887481 0.26831101558636816
278 5.395311478098574 0.268265056693699
279 5.004487280777272 0.2683235412064811
280 5.532804451824644 0.2683681476189459
281 5.321424705171825 0.2683565433672115
282 5.510604233995534 0.2683966123992867
283 5.101764482798224 0.2684740613143466
284 3.8605913699056247 0.26854591034752534
285 6.698281980436805 0.26855913755047206
286 4.774842271206863 0.26858170888928895
287 6.267744626861342 0.26843941138719457
288 5.613445909635658 0.2682777949754847
289 6.147239070206954 0.26803165658988
290 7.446799741824179 0.26774435471264124
291 5.060948730625522 0.2674126579330525
292 6.7529035868794605 0.2671808464470964
293 6.635221379247817 0.2668388480960062
294 8.335090984934995 0.2665140602435269
295 6.673924370243149 0.2661702102852271
296 7.712042917419948 0.2658983605422682
297 5.363742502554935 0.26564430887090024
298 6.435845082388173 0.2654005964782749
299 6.855108536080884 0.26516666652121396
300 5.124890164195043 0.26492058203672114
301 4.524115839888161 0.26470927225843727
302 5.001045256650852 0.26449173968991774
303 4.933732860516082 0.2642428146325133
304 4.161092204944946 0.2640573194304869
305 4.85980028986391 0.2638606418950811
306 6.13742571433967 0.2637141275184389
307 7.13262862127175 0.2635561254302235
308 4.75482690433934 0.2635372618070349
309 6.685411866344978 0.26351145110905844
310 4.421144298908164 0.263591186505147
311 3.9027697749710386 0.263627716178863
312 3.741746541771257 0.2636675413706385
313 3.5156178694733944 0.26374317272324804
314 5.568071556550034 0.26382307478823014
315 6.2328090495617605 0.2638226733459629
316 3.569389336352417 0.2638430363063255
317 5.077643682415026 0.26388477865677
318 5.025234953313431 0.2638944771743265
319 3.903981745211045 0.2638774516192948
320 5.651309433877253 0.2637637804097836
321 4.297728719937009 0.26359586791590545
322 5.911907556864125 0.2634231312771257
323 5.045387690852481 0.2632276038915155
324 4.614232347989155 0.26301570809705344
325 4.654614008632242 0.26288629884887044
326 3.5749834004256726 0.26279802849693773
327 3.9978687881341664 0.26273552204930956
328 5.518692191139207 0.2627377000922187
329 3.772064833870413 0.2626950075312489
330 3.976437731145215 0.2626636900088985
331 3.330251332917465 0.26254758668585637
332 4.608902701029207 0.2623983647053737
333 3.813691265411734 0.26237341102198347
334 4.401554565207257 0.26235325078992094
335 4.542938662616373 0.2623977189051056
336 5.867573885063688 0.2624608484431754
337 5.3663678960290895 0.26241288408018054
338 6.746791558406521 0.26248741476521725
339 5.905743832897377 0.26254929945631983
340 4.709885022819321 0.262665149578235
341 2.970823492081794 0.26279411111607975
342 4.344284947385164 0.2629198574764365
343 5.271957566200927 0.26307060937406024
344 6.155012321401531 0.26321623660200516
345 2.864999942497442 0.26338057838403556
346 4.981512314084698 0.2635010254125092
347 5.39359390635354 0.26373054680128777
348 4.17997412262457 0.26397124113734977
349 3.5527916876349344 0.26421847056374104
350 4.325167619501129 0.26447876657170205
351 4.161014417993377 0.2647377733736341
352 3.86412024960756 0.2649969012473546
353 4.422937913700101 0.26527008674726255
354 5.125121465102795 0.265445143231662
355 5.429206971454476 0.2654490792153447
356 4.088915533915379 0.26541819264322253
357 3.608804521488196 0.2653967335889682
358 4.286215680226562 0.2654560963137426
359 3.5248548600285003 0.26556342097116853
360 6.0661468876559015 0.2656974257168782
361 4.117249986591659 0.2657221652604189
362 3.228814626665568 0.2656872915791883
363 4.131993438140025 0.2658318379923565
364 3.300330833153934 0.26608411670899207
365 4.777062836758488 0.26627740772470526
366 4.071037166289678 0.26647936076564305
367 4.0516845237006045 0.26664507931863085
368 4.632959204102143 0.26675090095866705
369 4.62783260578711 0.2668219761008115
370 6.371450679975014 0.2668685932868324
371 3.9952455420347057 0.2670155486479694
372 4.193773987470998 0.26711473062590163
373 4.7258499681225175 0.2671946258498139
374 3.9951403852020677 0.2673459622380591
375 4.379471204504668 0.2675757847582545
376 4.078995343053557 0.2677469559298902
377 3.1413308938495597 0.2678557785822688
378 3.9978566147030166 0.2679051768624074
379 3.6582745903839653 0.26800857864870326
380 5.0039618729338216 0.2680474118210083
381 4.816161743215587 0.2681645094092029
382 4.939380131921345 0.26840101484661993
383 4.091216140740795 0.2686907497232714
384 4.8188458923643935 0.2689882361113348
385 4.092824940676956 0.2693582504842001
386 5.369814538219368 0.26961178395318347
387 6.103380961658535 0.2698693129052366
388 4.989325276138476 0.2701205608337253
389 6.110480589912635 0.2703783119855649
390 5.493029627863939 0.2705981448418864
391 4.695749497656499 0.27068422581222534
392 5.291002380299181 0.270782002577326
393 4.974702243921984 0.2708412850062542
394 6.82314790564517 0.27075502696477716
395 4.084058978288974 0.27073610711055063
396 5.105813390829032 0.2705073930400131
397 4.449617087740789 0.27023241918855334
398 5.203297924606199 0.26997878656563995
399 4.456399556033069 0.2696669196162081
400 4.943691355416551 0.2693930051179656
401 4.972288983568796 0.2690904544137632
402 3.99217607559527 0.2686921371065876
403 4.178953146552192 0.26823595607892753
404 4.1995268832351655 0.2678535479750766
405 5.4303117046102205 0.26758342260754714
406 5.205607780350137 0.2675146118915344
407 4.3352439753010135 0.2675617129788453
408 3.0523399914518423 0.2676230626918748
409 2.421037799920412 0.26778143152041417
410 3.9723949387930357 0.26788374659024344
411 3.5066459271508883 0.26796492159831226
412 5.126220942216236 0.2680106231323865
413 4.09048505674279 0.26801237166789255
414 2.8792054284572197 0.2681069610333484
415 3.594954700452017 0.26816981111149507
416 3.274429609960895 0.2682222951535194
417 5.0464678611753175 0.26826873630541553
418 3.7585508186931396 0.26832240407013663
419 4.282714206407446 0.26845600913526396
420 3.470568223756729 0.2685664283132669
421 4.197421157155618 0.2686942431254795
422 3.861857989021072 0.2688919755129047
423 3.280480264822872 0.26900254933339923
424 4.41272877732528 0.26919262754971945
425 3.508189584074646 0.2693357590600272
426 5.34173699286732 0.2693947591713546
427 3.639882379094062 0.26938905652565087
428 5.035483311818764 0.26924499079810654
429 3.9894147446203467 0.26893611696722536
430 4.390021631076792 0.26859867817221844
431 5.984852683685107 0.2683658859921129
432 3.829923627303649 0.2682711245507669
433 4.852587265155728 0.2681743604925211
434 3.922396129057587 0.2681484987844951
435 4.391248542877518 0.26817624891388475
436 5.085930695109231 0.2682270359300642
437 4.1410925713993345 0.2683558701402637
438 4.375051905099891 0.26847194983203976
439 4.522883291722209 0.2685804941805912
440 4.397545794518941 0.2687154603178528
441 5.255581753972681 0.2688395336589161
442 5.052983188042906 0.26902283821966816
443 5.57549808040271 0.2692023149011826
444 6.201471642764754 0.269440621846086
445 4.6063380773387514 0.2696508800038615
446 5.710823183903015 0.269763143162906
447 4.2666413171276005 0.2699030914149895
448 3.277891870550202 0.2698385120883505
449 4.257779136062999 0.2698297666182088
450 4.399259225692068 0.2699180804344846
451 3.9113946645523185 0.2700665754916889
452 4.160815560081663 0.2700328552408975
453 5.561957613114384 0.269999953947611
454 4.652964540167553 0.26992334052499206
455 4.07392351521098 0.26992096217037603
456 3.8971603895142763 0.26994123606563036
457 3.883860454328249 0.27005897995793277
458 3.8370724498196678 0.2701803566212071
459 5.634939709217481 0.27036429133124934
460 4.089054555702148 0.2703387717967638
461 3.5740887358140006 0.27037467385690356
462 4.637526807749456 0.2705799861212345
463 3.9868592420947433 0.2707468491809017
464 4.341114517699751 0.2707538255574164
465 3.016259756932507 0.27068086838729594
466 4.077055604252981 0.2705071068635374
467 3.4444749134050507 0.2703407457856107
468 3.117955607339808 0.2702085307423808
469 4.240091516308566 0.2701606782543278
470 3.127271161842206 0.270074725022386
471 3.139801231211747 0.2699160526960582
472 2.8798863646970783 0.2698925608807654
473 2.6091982114744887 0.26986306300991947
474 2.4334316879689193 0.26986680077520275
475 3.3211557753166474 0.2698799623572795
476 3.0700883280928783 0.2700737797156342
477 2.944808863421968 0.27030953190307727
478 3.6768306002985414 0.27054962560262946
479 2.6838598300948435 0.27075334770766935
480 3.3997313188023783 0.2708928798499037
481 4.0506695487533175 0.27097380428840495
482 5.0099613303506825 0.27110380353529934
483 5.169910695073068 0.2712707431657864
484 4.051420532825437 0.27134088864800415
485 4.874780976372502 0.2713073082385139
486 3.769389365238959 0.2713094903569529
487 6.0732045553865905 0.2713294988907548
488 5.196906500201662 0.27134110637605097
489 4.152069111780519 0.2712260770295834
490 6.690539151837246 0.27119887274752513
491 4.311260605788888 0.271234749148338
492 3.932132051476291 0.27134629557087026
493 4.984820586836902 0.2712197610210811
494 3.12456591307528 0.27106216933345867
495 3.523276607113276 0.2708308106056309
496 4.067311928365893 0.2706749044730987
497 3.051713769599373 0.270515755683324
498 3.336048769572481 0.2703642938317087
499 3.053840339801554 0.27034786046378295
