0 157.3901639763554 0.30138296391636643
1 186.98922780578786 0.3016104627627051
2 166.87988135352566 0.30158771597178824
3 176.82842075942688 0.3017754830795906
4 179.59214581135822 0.3021600191796696
5 196.68212378454166 0.30237329113696315
6 186.5273095490133 0.30255970835243984
7 201.55623583627536 0.30283829789542177
8 182.79903958073143 0.30305335849808984
9 196.6785628079074 0.30310266360113736
10 181.44907969204218 0.30325523491987505
11 182.1406383248498 0.303297108712422
12 200.9290437535907 0.3034966079347755
13 188.94489709619586 0.3035604079365968
14 181.15747267483545 0.30355498909290457
15 213.9382346643013 0.30360529941653835
16 209.3434820302125 0.3036235145113596
17 202.06217958924955 0.30353989107491164
18 211.03777190411282 0.3034947394896519
19 224.0791008848813 0.3032479851617407
20 229.15534458728715 0.3030030326862314
21 202.43303208468254 0.3026474902628397
22 212.60137898547188 0.3023245652035764
23 201.8298668753319 0.30208222726421874
24 225.1312823292426 0.30193925405412664
25 204.90211411234006 0.30183925803159317
26 221.91480182001482 0.3017971357356536
27 248.04949460944334 0.3017978042529581
28 216.5646906993735 0.3017955218478956
29 198.11340213544162 0.3017160122986011
30 186.193126302442 0.30167515977730597
31 197.04581036600496 0.30157096971081104
32 194.6756983456914 0.30138423973593376
33 169.66606569854414 0.3010919256356765
34 194.51756401727178 0.30083314330199773
35 199.41983838644944 0.30058044162013065
36 182.35099303016995 0.3003990796714573
37 157.81715937547753 0.30038139912583184
38 203.50959466014868 0.3002541795440019
39 166.28456107658803 0.3001978477243463
40 174.73293061654806 0.3001228485710394
41 199.69061215801045 0.300112330729869
42 171.4008597679892 0.3000644898717994
43 182.30868753691453 0.299825090639426
44 177.6423199632635 0.2995941277612535
45 190.03140148256767 0.29946977102299654
46 194.26450376005369 0.2992569429357588
47 163.16881141703408 0.29907051239079174
48 183.92863539065308 0.29895026710918293
49 161.84872605881918 0.2987981737250345
50 148.99998184582978 0.2985192178713619
51 157.28071003333633 0.2983020447918525
52 165.28152234112997 0.29811823297439755
53 175.4766233290487 0.2979590634240582
54 164.40852629605217 0.2978495565377711
55 164.352856612365 0.2975954368594379
56 189.22812393129652 0.2973294849406581
57 200.41014120353572 0.29713141340687965
58 171.81520605787634 0.29692441303237943
59 174.31363364446918 0.29683461780804277
60 197.1564314895573 0.29677593438873634
61 183.3288259562011 0.29664454971949084
62 167.27198519972595 0.2964294986814417
63 190.4891716936694 0.2962069934527838
64 191.06990519156324 0.29601866061477
65 175.29620654091303 0.295921540473282
66 189.3397937201086 0.29591007521477375
67 185.53174837053456 0.29584718660879006
68 170.57266724696956 0.2958182742484784
69 193.44728992447466 0.29581225147301926
70 170.2059041661459 0.29570020811722797
71 173.36608917982392 0.2955917589242715
72 200.7682391573946 0.2955082575930906
73 183.11472790894783 0.2953697233551325
74 230.51751407553311 0.29522634368359324
75 188.16529893461473 0.29501294656956956
76 212.6322452613304 0.29484586774837407
77 190.7964311719162 0.29469374993098896
78 191.64417900809667 0.2945845253899613
79 192.40854637365067 0.29442004469902183
80 188.2586315190477 0.2941885478797299
81 180.9092020248299 0.2939822846005319
82 203.37756373870184 0.29381781973380344
83 192.44510906775764 0.29363709055861886
84 170.44548867463638 0.2935897950233649
85 187.08820756171156 0.2935688871105864
86 197.7863484414681 0.2935034020500931
87 202.47366980236725 0.2934607083516769
88 164.41414495030477 0.2935030164745117
89 186.20208985036794 0.29354747245280904
90 186.80671753392224 0.29353245402280087
91 197.1751390975365 0.2935060572785827
92 170.9397311278917 0.2935538951622151
93 189.14461341324346 0.2936455139606983
94 178.9848760521055 0.29354914423327344
95 194.83668428143193 0.29356245616493637
96 159.32949811426448 0.29364513766688527
97 172.3342991604781 0.29369238221149185
98 194.89102971801833 0.29382589103038037
99 194.76767241606802 0.2939488940866978
100 185.3622652977245 0.29403203322082055
101 153.91207242781556 0.29394494566709994
102 158.84742666696437 0.293819830416118
103 148.44703152766905 0.29374387819860526
104 174.26817126367698 0.29366446079567204
105 170.1743247024316 0.29363934578007544
106 184.8358512102302 0.2936299881339026
107 165.10898607097417 0.29356672300059206
108 156.8829883310504 0.29349403766869253
109 148.47252717228997 0.2933965140833483
110 169.57499543249835 0.29324612448934684
111 159.37201251918748 0.2930333079497662
112 161.37187702180447 0.2928789573602351
113 177.44406132114068 0.29267014931671675
114 176.7676255883671 0.2924241418716486
115 172.16732465750624 0.2920655718172054
116 132.35471104815554 0.2917823740331713
117 190.3496081798225 0.2913997436321225
118 141.63403837373315 0.2909795393331315
119 135.90650635749486 0.2907131180784259
120 146.5521540259448 0.29048345652306184
121 153.95924580929267 0.29026027474763927
122 167.00829964240313 0.2900296848952443
123 169.06818572643198 0.28984142370111143
124 179.20765884838897 0.2896571678407679
125 130.09928686804565 0.28956281865049005
126 150.86138430766954 0.28955282506842295
127 158.91492815450158 0.2895663274202408
128 143.06935983797865 0.28960651433803886
129 159.72213698005987 0.2895818329442955
130 146.53140931272617 0.2895960607151623
131 142.9492540476616 0.2895098114349192
132 147.9540904701118 0.2894774429937781
133 145.92016093361266 0.289371756155652
134 162.5359648821946 0.2892733991232989
135 196.60657680065685 0.28917123645292603
136 139.88993545914525 0.2890502599391378
137 135.0104903680206 0.28892911693332424
138 179.34475768084644 0.288822387752797
139 148.5307714398877 0.2887625154347417
140 146.69293934174965 0.28869024243208785
141 135.9969895719524 0.28860280394363513
142 151.0208647135543 0.2884505125766893
143 171.15248923110514 0.2880881428485342
144 142.0430556953135 0.2876888437296523
145 127.22352354809067 0.2873326840008123
146 154.99994879565202 0.2870030747002842
147 132.92770661247584 0.2866785013622799
148 171.14232697128477 0.28637536381667883
149 147.29423740578451 0.2860385809252923
150 144.78544809738074 0.2857234460850695
151 145.6987002243779 0.2854567056801857
152 145.49750375164933 0.2852893256866724
153 149.99818829284357 0.2851748686478289
154 137.1688742849284 0.28510769601270924
155 135.0763376489621 0.2851247388813374
156 160.62054123417346 0.2851153634874319
157 165.55857658261402 0.2851593268745631
158 138.2818610124109 0.2851803053928209
159 158.61896959223222 0.28518105967002805
160 133.99081551711186 0.28518015054195267
161 162.76591449209315 0.28514069525724234
162 149.33759554654927 0.2850707808591314
163 158.76428801698336 0.2850223212690347
164 153.21689359898016 0.2850114032210548
165 132.1096634235639 0.2850105544736128
166 151.99654907395762 0.28508120060181497
167 157.40994337141947 0.28516492147963257
168 179.15755252366222 0.2852612350073214
169 163.62295544610618 0.2853758483341162
170 159.2249778600165 0.28543002323189853
171 175.55470143321924 0.2855530141772808
172 132.53703023110654 0.28573332724212086
173 152.80616435807468 0.2859025963330969
174 174.3994932383753 0.28612835479713805
175 157.76023668205468 0.2864440650164301
176 153.26560830837565 0.28682888475874013
177 147.69178224832513 0.2872972523771388
178 154.86797179249012 0.2878228908813657
179 150.29666546670745 0.2882441986106711
180 160.7141493041138 0.28851593431472766
181 166.87482688299843 0.2885750516032265
182 165.14132010148194 0.28856063009610566
183 170.23128818474572 0.2884894693212561
184 190.15224459097476 0.288424833602128
185 164.6426449884941 0.2883053340211721
186 137.1799694424014 0.2882956462407946
187 185.25591770788608 0.2882143428941981
188 154.88791652359924 0.28813031538524536
189 169.13052185363398 0.2880619735001436
190 175.20915641870448 0.28789658720152633
191 137.85144427654805 0.2877222813231215
192 224.29509690078228 0.28750759219181676
193 163.5386486266251 0.2874061227382053
194 171.34364764760767 0.2873945538376735
195 179.89478841117977 0.28740047577165706
196 145.78043655012647 0.2872806736033583
197 184.63048031726123 0.28717486300398665
198 155.4959546152896 0.28713595114044743
199 198.6080369725329 0.2870733538731622
200 157.87489985845355 0.2870820677291587
201 179.0465850283515 0.28710878989755373
202 146.452228221488 0.2871126834055895
203 181.64102106354505 0.2870388260346815
204 176.90234123189725 0.2868620733686503
205 153.94806577507364 0.2865217066817098
206 158.7476987738354 0.28618486459809983
207 171.8226360939842 0.2859700584238082
208 159.13800328292382 0.2857185328608181
209 163.4772017821074 0.2854695830664904
210 158.98997483187458 0.2852454962228008
211 184.06191588630435 0.28509463148680736
212 139.14090887965656 0.28498516073553987
213 161.12178584526453 0.28486084209051565
214 144.66986230919744 0.28466293014715005
215 159.8216451316094 0.28448600116847295
216 156.66527400962002 0.28437520755346646
217 161.92410107211197 0.28429476495504424
218 189.60589269169395 0.28421015160065943
219 151.47537075177294 0.2841069538482857
220 134.73848325758246 0.284133652949711
221 158.7682334630137 0.28416745079671224
222 159.75566001542182 0.28427631124889996
223 144.12412852902716 0.2843394706730624
224 146.2706689020387 0.2844182357694792
225 154.72612288475176 0.28448579158101134
226 166.49283861149138 0.28441987858021456
227 152.9559040024807 0.28433483611706367
228 183.88538774658394 0.28431699523840676
229 175.28897072215898 0.2843685855363449
230 183.2714395899022 0.28447541978633784
231 183.85577835841576 0.28450423308549916
232 186.01829383104615 0.28456480897830105
233 180.04551460182438 0.28459569755889447
234 176.2083763326196 0.2846628758141162
235 190.29673743540042 0.28481044412395984
236 164.34253269316795 0.28492405778164315
237 186.79740313678167 0.2851152120154711
238 560.2254750008989 0.28526827906701235
239 547.7290242211782 0.28550848492711944
240 190.98124052499313 0.28576144095167644
241 213.06092104411573 0.2859838865661269
242 576.9960486145401 0.2860975113264146
243 201.35039159265477 0.2862763873257769
244 191.86258054312236 0.2864014680076784
245 184.12428948215654 0.2864411362497804
246 185.1169617549281 0.2865165131325802
247 177.33958576824142 0.28658509577991226
248 182.87451412765665 0.2866886615065796
249 161.02292842298988 0.28673585107789024
250 146.40127628414223 0.2865609983088607
251 195.21133599787308 0.2864803002744649
252 180.5469326445318 0.2863219351369334
253 167.09621394942835 0.28620798633332045
254 179.75954451502878 0.2861681251528943
255 159.88842410979572 0.28614260593015944
256 140.66802941101594 0.28601335163086844
257 154.69722967463892 0.28592856859101523
258 176.3190000075302 0.28597390050353777
259 154.16466822177142 0.2859638402547344
260 151.6424870363764 0.28589704510304037
261 179.33563446984914 0.2859070051078968
262 173.02715378721217 0.2859659781720034
263 146.01835688654802 0.2859588270456147
264 172.21322125963295 0.2860583799056674
265 188.74354439918227 0.2861302501479543
266 164.31844167174967 0.28618666550792005
267 162.81150850315962 0.28630430728808953
268 142.12391770773274 0.28645776386608823
269 167.10376347045084 0.28650178609367316
270 154.2750564168034 0.2865635726647115
271 163.93222704821693 0.28669478424777595
272 135.28287213783634 0.28694342698796643
273 143.1781973161984 0.28717875622389216
274 151.88573017531064 0.2875351624943203
275 141.39307231976568 0.28789652349787165
276 122.83049819016156 0.28824920125274733
277 142.62206923668307 0.28855149713929346
278 148.99488725879183 0.2888044629151334
279 157.68232840495548 0.2889837070769974
280 135.52036860775783 0.28916341315591493
281 169.08734336671392 0.28946082485760194
282 178.7778564098718 0.28963703848258504
283 179.5141451935594 0.28996266839968554
284 157.88807947141999 0.290324513195578
285 163.7050421130824 0.29073376485979463
286 164.8431423347208 0.29114593998037097
287 158.31859479338868 0.29152366955207965
288 164.81043788734837 0.29180709461335586
289 143.26156553531612 0.29200131606258206
290 180.84837842438702 0.2921543905457414
291 160.34134435477324 0.29248904943206155
292 150.08394174991375 0.2927591598163206
293 144.62087889720362 0.2929347442188418
294 160.55721922341593 0.29313909281830164
295 171.35415165389057 0.293392317990256
296 149.27417224082438 0.29369156097568017
297 160.79342510697435 0.29396965682604237
298 141.11343618145915 0.2941674762318165
299 160.4490920179531 0.2944651955709393
300 132.81375499116382 0.2945962794098487
301 131.50417635940013 0.2946918095531053
302 155.5071547176493 0.2948707597444108
303 134.99478613885918 0.2950967849673102
304 152.14914300013356 0.29533331214969083
305 138.5954254645486 0.29549092433646107
306 135.05001099944434 0.2956378667709736
307 144.73484853401743 0.2956318580330842
308 153.49436901039854 0.2956126945276739
309 137.4896004177291 0.29562438890500087
310 145.6826300022595 0.29560341698837217
311 157.3728109118345 0.2955412487862945
312 140.07436716852123 0.2955696178516591
313 164.19843191623238 0.29554061794219477
314 167.98593556604652 0.2953868666352314
315 152.46930433691423 0.2950839241520437
316 153.43504857826613 0.2948443195182475
317 166.5844948531214 0.2946156431931427
318 168.79204251256817 0.29455042438380497
319 169.3448648137861 0.2945767201629921
320 188.93201623558332 0.29454680159705104
321 170.93885636441368 0.2944259728312088
322 166.52415657305323 0.29417602103510376
323 149.52473723659972 0.29404070730206366
324 147.79778766706227 0.2940049044078544
325 160.01825990189414 0.2940391782824268
326 153.0122274224397 0.29406878673774983
327 148.54388358589205 0.29401907472613253
328 155.77441007484651 0.2939524937079645
329 159.69064841281926 0.293844217832353
330 138.4726361873433 0.2936941198582642
331 147.41159664072433 0.2934499204352059
332 116.61612965339623 0.2932729368101564
333 156.06235231846895 0.29319631620742004
334 150.20296954235374 0.2929421982068694
335 158.10391762656093 0.2927061952084402
336 150.7692192632835 0.29275159828190445
337 145.35006260175678 0.29289952948986653
338 152.9546784776658 0.2930569381870542
339 164.59396189691353 0.2933477339450092
340 160.45430973630025 0.293682800652601
341 163.18265722384209 0.2939236205923307
342 179.46351142645833 0.29409132074790156
343 167.17548460659168 0.29432602732386315
344 159.79446939480562 0.2944677594888632
345 168.6752804974672 0.2947177220028315
346 160.8971147066311 0.29481346095787475
347 152.68685174681076 0.294775005211136
348 138.18609431631404 0.2945554106809583
349 158.7190789384274 0.29433509422347726
350 147.11290651241728 0.29398117227954906
351 165.9993539062572 0.29364967698730143
352 146.4666058192463 0.29329914032192456
353 159.65362630519255 0.2930806738032862
354 149.93588213778335 0.2927280582835764
355 155.70193287816025 0.292392483632571
356 151.356651911676 0.2921734878083268
357 132.93490964106815 0.2920674716247288
358 125.57234009812231 0.2919452790751812
359 157.97652245881045 0.2918310298063107
360 172.84162508924913 0.2914686892295003
361 167.9776172999567 0.2912387447351775
362 153.87897594882577 0.29115262039659556
363 162.20457998506782 0.2911131531900442
364 140.82097722401608 0.2910988223155775
365 172.123293256752 0.29116452087115596
366 132.32069159822663 0.2911787482293736
367 129.72112610794787 0.2910950803228601
368 141.60862375643313 0.29100209298065965
369 137.02613554709694 0.29097655522083704
370 130.03595531726114 0.29096314094224673
371 155.383462683436 0.2908937751997873
372 135.8839336624456 0.29075772543691086
373 161.6646898041435 0.2904717715941282
374 171.95393313140062 0.2900799209101669
375 140.87073358516665 0.2897887047035467
376 144.57734477435892 0.28948355036733053
377 154.3668069330034 0.2891720684357133
378 141.28736001890968 0.2889123933578617
379 144.2480606538789 0.2885271962486882
380 156.67623955117074 0.2881102845661543
381 158.450874538626 0.2876596178337041
382 148.8457548043517 0.2873140301786852
383 128.67940535583563 0.2869933761786151
384 129.79502216509334 0.28676619924029195
385 147.34047525671897 0.2865382402992922
386 151.3020704020751 0.2862720590439101
387 156.3948800833605 0.2859064257512214
388 141.5158786927745 0.2855438580617339
389 167.90511098465151 0.2851654099069597
390 145.4013176329787 0.285072141824129
391 139.71442490810938 0.28506336079425665
392 145.01690722313305 0.28502515118799204
393 142.93550555217297 0.28484716149626044
394 172.41828452809733 0.28474903476983454
395 134.44288392310233 0.2847338905818105
396 118.15563872692455 0.2847800502404873
397 153.24989376779212 0.2847592743232341
398 135.16659188210087 0.2846886794511746
399 136.72000958818396 0.2846273203668329
400 133.35489957385363 0.28478287000896224
401 137.55925954296666 0.28485505323072113
402 123.46393709074056 0.28493420803463443
403 144.79989370305938 0.2849813475068754
404 132.49051541533734 0.28490137945918576
405 163.88415170087652 0.2847791955299671
406 151.1607025612542 0.2846468112160342
407 154.32439122457407 0.2845118953951913
408 145.31313830005118 0.2843853686565971
409 137.31194563288406 0.28430842454484107
410 163.30702265229831 0.28415216564339313
411 136.01324997615464 0.2839321264638348
412 140.964600681763 0.2837017525504486
413 143.23268501832888 0.2835161390482979
414 165.57990578491126 0.2833333792995366
415 136.16674370220207 0.28321304233998873
416 146.00429101091123 0.2830716195130161
417 152.89362536997058 0.28297437379989737
418 157.04474284681618 0.28301307056268266
419 187.49443691076775 0.28316679998373556
420 126.1214611694956 0.28329776717435295
421 141.65706969546883 0.28343420056677293
422 143.00247983931172 0.2835167501139849
423 134.03020658369752 0.28350512897759433
424 128.87913983240816 0.28349852939728
425 125.78991917900044 0.2835576358610603
426 145.7961439690601 0.2836298225911803
427 129.23624307595557 0.28380872997423295
428 139.05688458583415 0.283985071740246
429 137.47297913033537 0.2841664636135882
430 131.83384164036096 0.2843892954201558
431 126.70914539569421 0.2846986203565193
432 138.5357776640328 0.2850117102413015
433 134.73650246335058 0.285215857279993
434 157.8592642141865 0.28523954776398525
435 155.4155054020677 0.2853650755384636
436 138.02789324711495 0.2853501596304107
437 113.01650613869185 0.28529258067457497
438 119.10698121780706 0.2852993107612104
439 127.24187796180689 0.28531466551516904
440 124.68674004765431 0.2853124380023176
441 136.79299808555302 0.28537432141480823
442 136.7662240449672 0.2853436909616639
443 134.70913162418756 0.2852672359652877
444 144.27762987684588 0.2851738601517506
445 132.43289869580502 0.28500468877719937
446 125.33315835854238 0.28481956587493484
447 116.75893973037591 0.2845699416710017
448 131.37028144233832 0.2843051635097614
449 152.5365338095554 0.28399909793163414
450 126.24599490649157 0.28369627498822647
451 130.16295266369306 0.2834396631926571
452 121.87534964016595 0.2832646812482694
453 127.59903977503427 0.28315938235848814
454 144.83974665477177 0.28297451836602255
455 139.37660963651672 0.2828648398517154
456 121.95239986455056 0.2826939778877343
457 141.9915063217392 0.2824902049258832
458 126.01656045628607 0.2822607790992489
459 124.03620912295719 0.282112238398344
460 129.8857424506444 0.28192734736881625
461 112.37586283625558 0.28170687078017714
462 108.71356183293364 0.2816034680819148
463 155.33343051919093 0.28152419750453184
464 142.518349086735 0.2813617504536667
465 123.74418317314792 0.28123593361638627
466 121.08370957013678 0.28114510017172406
467 119.33697552035008 0.2812058188810179
468 138.30939597600076 0.28133482605142046
469 112.89557359900256 0.2813814310260496
470 114.25068981565272 0.2814788183639833
471 135.85298631699436 0.2817172839889097
472 106.68816360576844 0.2818833667297314
473 119.91379066949915 0.2821639423937026
474 135.32841347556112 0.28242002594172083
475 126.04609033473767 0.2827619136071046
476 113.31369556472893 0.28300496452765783
477 102.75430195660118 0.2832118512366479
478 130.7629599050149 0.2833805678588248
479 134.57685526115964 0.2837022109292001
480 119.79707896635269 0.2839099984431267
481 141.39992093364154 0.2840542203710353
482 132.5122819035975 0.2843927882752435
483 119.13329770039215 0.2846260113419561
484 131.30714146115056 0.2848397560751686
485 134.97576047207576 0.284958576331645
486 117.0142300455548 0.2849374129660722
487 124.58959754403354 0.2849820061907382
488 137.13793396645372 0.2851197217667951
489 149.02803261743242 0.28513702021317633
490 139.1542016483102 0.28526858092361473
491 147.29141045717284 0.28540673701497243
492 163.38903596150644 0.2855546124784364
493 116.0341003045396 0.28573322940035883
494 143.36604246099756 0.2858096208610865
495 147.24943464400923 0.28585151989495555
496 152.85232622469124 0.28599993250912054
497 136.63218645057174 0.28603027115326607
498 140.6076742979158 0.2861446004677206
499 127.15752846066977 0.2861975757400863
