0 40.21037155128094 0.30079695193161526
1 44.74120892493328 0.30087166272627003
2 47.94572928417165 0.3011973954458064
3 56.77340549302656 0.30140915057381756
4 50.663945558959995 0.30154166790136616
5 50.31716909962978 0.30147702213434524
6 29.220015992381356 0.30148392010943903
7 33.61311706989238 0.3013427577326877
8 33.05882570881178 0.3013271921498129
9 39.46345509972622 0.3012991750990075
10 37.87467214248657 0.3010860112058248
11 42.55181206702561 0.3009292011187834
12 44.924677756164215 0.3006158108411161
13 39.40855779826085 0.30026976865153787
14 45.91654250605602 0.2999745953096479
15 46.17624707699804 0.29977220799055676
16 38.60985103951097 0.2995853460453498
17 41.872209313860715 0.29949531467700696
18 45.011575961691975 0.2993406963157884
19 42.93757008272439 0.2991726948847751
20 36.202058969656434 0.29895977658406775
21 28.682247010653867 0.2987527897523751
22 32.426740675189436 0.2985187884413669
23 39.77377183375792 0.29821905863688614
24 33.61877405491612 0.2979721919573973
25 34.35922279292929 0.2977279883534011
26 40.47076931322488 0.2974718899162878
27 32.354935770939626 0.29716988608190076
28 32.65056457152247 0.2969502427770625
29 22.452814626009935 0.2967376192184113
30 30.916342863401994 0.2964570178006828
31 25.608639359370805 0.29613841373167293
32 36.19982776293852 0.29576935068079724
33 28.17171118066406 0.29542875787604095
34 46.833475504126795 0.29512099758848576
35 36.62256116597597 0.2948122401573862
36 30.47461059178032 0.29451770526644105
37 34.13268217371543 0.29426007786994846
38 29.939920995662696 0.2940834436203007
39 34.23202580420501 0.29399097548570124
40 20.35860913444508 0.2938104273019443
41 21.280938691997775 0.29368504857776345
42 21.911716973712203 0.29355198410411476
43 25.49252256137067 0.29338803206507696
44 22.989490401311166 0.29324594594326403
45 23.858156577837864 0.29309526600142893
46 26.097636841736772 0.2928808770067246
47 21.519346645978043 0.2926015978917019
48 23.875615919206467 0.29228884197930394
49 20.069703149638908 0.29199950530160823
50 23.81550663070375 0.2916677583460555
51 17.447167491898096 0.29132468025513725
52 16.53079015549521 0.29101304869580646
53 22.831430173413878 0.2906942298459703
54 17.255719628751066 0.29039818941027007
55 16.606138565395273 0.2901809283982192
56 16.41509276954318 0.28996028575431965
57 15.798885447640249 0.2897777255508975
58 11.800990987624587 0.28970341411062606
59 20.155837844082214 0.2896837914747586
60 16.56539537516913 0.28965343679441924
61 12.71986223041894 0.2897391453722195
62 19.736729790518808 0.2898343627957199
63 21.23265694268629 0.28992685715823163
64 16.577317286787927 0.289957546713451
65 18.75295995428165 0.2899702885731571
66 16.91159902863332 0.28981154477815674
67 15.596002752163919 0.28961153962161723
68 13.285453462819433 0.2893764841914853
69 17.959709386929276 0.28909693565700245
70 17.616113021525404 0.28885326187621757
71 21.774006467313995 0.2886757100482443
72 20.702770517559873 0.28853140920350134
73 20.66607389716694 0.28836364464978703
74 13.405852388530576 0.2882295275463244
75 18.788459823185075 0.2881204846751553
76 18.51250880422557 0.2880349210957832
77 19.076549477115876 0.28791947775548543
78 22.993356036660643 0.28781219689883897
79 17.207224008201088 0.2876144320593678
80 17.357754224055117 0.2874440832869384
81 18.645311803777478 0.2873045925936545
82 18.767469454891103 0.28710776293288515
83 29.042810917866944 0.2869376232940267
84 15.381536725491113 0.2868711988490256
85 16.53510392933824 0.2866972933761979
86 16.199126428382275 0.2865632044047217
87 14.310108683525485 0.28636232013964275
88 18.142570987418914 0.28604916357373045
89 16.53859553396359 0.2857790948317701
90 17.463170347792037 0.28562063063114074
91 21.925230417473863 0.2852273496119465
92 12.840823805103017 0.2847977743725866
93 17.42770024965819 0.284379044359093
94 17.94664447602233 0.28400030866216747
95 19.084135614317844 0.28361125385075836
96 18.240355429568964 0.28314636853042274
97 16.987854554022192 0.28272587842213387
98 16.402780720702488 0.2822253631963333
99 15.044698993899548 0.28177778684458266
100 17.001726531887247 0.2812964504326255
101 14.40851394582753 0.2807630340123731
102 17.152010164571482 0.2801991406384938
103 13.94571877602202 0.27969172553561417
104 15.335197903481582 0.2792703082688093
105 12.611185748473396 0.2789262089305088
106 15.976007568300535 0.27862820893191653
107 12.886149709734973 0.2783434073365182
108 11.302403529035024 0.2779547963319866
109 8.276203454049307 0.2776672842301778
110 16.055426544720824 0.2773365864924679
111 15.45066534475362 0.27711538835512634
112 12.355662462116562 0.27692891448254514
113 12.431224902816629 0.2767107197733215
114 17.409591114825734 0.27660758961811166
115 14.377066872689078 0.2764937351387252
116 15.706697131259212 0.2763744206200098
117 15.23646389238441 0.2762556337689682
118 14.454102659234023 0.2761522962452283
119 11.32322776964719 0.2759721995572366
120 12.494386070065431 0.27575856660040665
121 18.016466329905153 0.2756452816551325
122 15.700628939954889 0.27562079392606825
123 15.199861292114228 0.2756728538218387
124 13.298422129349895 0.27555857699005326
125 9.359752734309398 0.27539342881793205
126 13.130404241209495 0.2751925622980014
127 13.599310559669645 0.2749359654903075
128 15.917422779913018 0.27470533202503566
129 16.631677989378193 0.27451049977829134
130 11.677302401551259 0.2742718437249098
131 14.776253067997358 0.2740738356689212
132 9.662737059960845 0.2738308089150351
133 11.361430569130544 0.2735269175967849
134 10.45182703935804 0.2733066550167773
135 10.567885767635778 0.2730896536548813
136 11.235548492068512 0.2728453533252908
137 11.601544628365566 0.2725947679829446
138 16.112140199755743 0.27239483985557295
139 12.458330571140062 0.2722141543871367
140 13.909475084889305 0.2720945812775878
141 13.732283323436913 0.2719581696387574
142 9.249850237938361 0.27195446617606656
143 9.7813518017517 0.2720599395092871
144 10.382925532853129 0.2721698436039067
145 16.670174805406518 0.27215127855146093
146 10.75298165072968 0.27210961313147997
147 9.835235819048204 0.2720711714197249
148 12.668835440787046 0.27205938259969553
149 10.541334732021209 0.2720364557349892
150 14.229679834010838 0.27206358640692574
151 10.294342841535531 0.2721074722068038
152 15.569602744979637 0.2720293399016945
153 12.621732537495923 0.2718671913163856
154 11.661139712001638 0.271729473032816
155 11.172039310386536 0.2716317044974871
156 12.084103456681934 0.27150340426024466
157 12.951117347382059 0.27136610825279095
158 12.286917020107023 0.2711906029155274
159 13.68504069349118 0.27103375761031967
160 10.953271386322172 0.2708583777612783
161 11.067909519991483 0.2706609166710689
162 10.990243947755243 0.27050459293671847
163 10.858947791118716 0.2703960522995246
164 13.211224022355973 0.27020520275290605
165 10.0311847132631 0.2700178389560276
166 9.664790086425436 0.2698384576563174
167 9.312606196329444 0.2696248659235331
168 11.736690386628627 0.2694447047377623
169 11.407429118997829 0.2692894127129396
170 8.990341140886578 0.2691823853916333
171 9.588934948748259 0.2691150623286408
172 12.111540825955263 0.26902867254663
173 10.156424364455454 0.2689286896015685
174 9.25953354659097 0.26889258118180004
175 15.144631548339017 0.26878790527506247
176 9.421374104965953 0.26870558464029937
177 11.168500369072468 0.2688177580164237
178 9.946624643051262 0.2689946768122714
179 11.858089372019077 0.26902789784738707
180 9.702009057092603 0.2690882076621017
181 8.013833171885665 0.2690965039100873
182 8.471511205507014 0.2690467557811878
183 9.86975840268387 0.2690171565637446
184 9.353634424305245 0.26903882100320564
185 9.447788669638118 0.26905667567755626
186 8.594022797136354 0.26907790789600694
187 11.30056731794296 0.26898457191843506
188 9.204725733741132 0.2687848835770609
189 10.264884399574713 0.26867757174449636
190 9.962449355964218 0.26855984146328493
191 9.353229905131606 0.26848250367475257
192 8.412740874539764 0.2683693112841161
193 8.488688665113377 0.26822660374734675
194 9.37006583068889 0.2679829361339194
195 10.931692207801383 0.2676734872245984
196 13.817947811314049 0.26748474804456257
197 11.524709245757112 0.2673324981892454
198 13.234248345080445 0.26717428421420153
199 8.175693464699167 0.2670259969692177
200 9.893140946644476 0.26692707558956735
201 11.98472089868543 0.26692525942882883
202 13.719537976592052 0.26691787000633616
203 9.939669644097108 0.2669785293222009
204 14.818630036363775 0.267052638658828
205 11.783283855372705 0.26703709750533144
206 6.973976983649168 0.26694333601650105
207 12.863478956062085 0.26685662014018324
208 16.686587274093306 0.266746517790588
209 14.45688306864913 0.2665196429094837
210 14.114908534439966 0.26622862625406557
211 9.652378402546029 0.2660111389195845
212 10.513694820959236 0.26584921321069793
213 9.862497915692629 0.26562379835249084
214 9.782012013582786 0.2653645804963375
215 12.616386652597326 0.26513895866418646
216 8.174799316610486 0.26492725307493387
217 8.834814613480047 0.2646765277855409
218 7.935208811421077 0.2643857103567266
219 10.197270448825286 0.26408965128148326
220 10.257349049648834 0.26385539122935286
221 8.39784331116562 0.26361185801315057
222 10.82688297602058 0.26330536031028084
223 6.870490447762821 0.26301206616266615
224 11.29293717221045 0.26271721722963215
225 8.50875446040011 0.26243979553733177
226 9.288443369202941 0.2621363136786704
227 8.880791429080798 0.2619106713162125
228 11.210692936266742 0.26167781827686676
229 6.534439123333387 0.26143004863516717
230 9.065750448620161 0.2612750704247189
231 11.039234873240426 0.26117568802360536
232 9.377582732655632 0.26108277972153804
233 7.5510241884984115 0.2610594859465362
234 8.573731728952623 0.26101246449279325
235 8.327890072523285 0.26108679736662377
236 10.969521514891099 0.26109630177381904
237 7.96226286671152 0.26116508042594855
238 10.612558817351273 0.2611972301613166
239 8.996377878748618 0.26116339475062456
240 10.339189130505853 0.2610302734135535
241 11.977551050700976 0.2608257489974064
242 14.486198231528702 0.26061001773552706
243 10.174357045409515 0.2604672255587773
244 10.328903722036985 0.2603712023649498
245 14.79929501206712 0.26021854963083396
246 9.192338848353138 0.26012679761010066
247 9.613086427293023 0.2600327115719073
248 14.937463210322615 0.25994512050918384
249 7.801775095909532 0.25988555170032246
250 12.196480379751113 0.25978323373062406
251 8.919098054591519 0.25964211252537905
252 13.057341215181863 0.2594948956423283
253 7.541897856504576 0.25923006394155157
254 6.72323413241053 0.2590998153956032
255 5.169828332417605 0.259020342523864
256 8.56882359116585 0.2589714496835481
257 5.614037475698382 0.25898553448262746
258 9.61632138790296 0.25903710168211747
259 6.969986555596089 0.2591179814784007
260 7.549157039540411 0.2593058194044311
261 6.712120443013872 0.25947740185737933
262 7.853783327953952 0.25967361799487443
263 8.59749240489536 0.25981194801269897
264 7.6258810309357745 0.259945548424788
265 7.845782087489015 0.26009293368293607
266 11.806672118724038 0.26023590592576457
267 7.037958807013558 0.2603939963984023
268 8.59781221695049 0.26061327239507914
269 7.521695811168937 0.26082626600148306
270 10.04107354132891 0.261187844217183
271 6.273263481987436 0.26149306275057194
272 6.894593369831126 0.26170895019424284
273 8.56853893833095 0.26186440266492733
274 5.80707122511391 0.26203463219988127
275 6.695819934430125 0.2621768200422766
276 6.375344678442053 0.2623443053185064
277 5.395585331290956 0.2624168848048961
278 7.0959140867236075 0.2623956237920095
279 9.262566359531494 0.2623289635789405
280 8.543679001598758 0.2622574983364446
281 6.352204911911748 0.2623346069377671
282 9.21409635932158 0.26243009517840044
283 9.738768532114923 0.26251086674957846
284 9.811946277681301 0.26264491625832853
285 6.750759473867674 0.26274305955875593
286 8.327746050302743 0.2626642711809617
287 6.451415072693303 0.26261355608865977
288 7.354166686067487 0.26256517246090844
289 9.47083771951202 0.2625139552499727
290 8.136619468812409 0.26239088347242134
291 7.100813037159803 0.2622170550824427
292 7.549382771111384 0.26209436725346047
293 9.607916283684112 0.26190202679975805
294 7.249088362924152 0.2617063626811095
295 6.825798353515657 0.2616970095303987
296 15.328939341685913 0.2617239779339142
297 7.3706704709913975 0.2616834973155694
298 7.661508718769182 0.2616564407732881
299 11.45858571082126 0.261624101043902
300 10.229577722348559 0.261619487940383
301 8.308016374106089 0.26177897018759266
302 8.100017623359944 0.26192145043927084
303 9.908344561850615 0.2620906812766921
304 9.083933000158442 0.2622533910745292
305 7.4181907471303905 0.26237923622658027
306 9.831657202327854 0.2625227318100238
307 12.85316091524165 0.2625808491938795
308 11.5008598898165 0.26254267949052146
309 10.329910898071741 0.26230012990244667
310 12.520278652386933 0.26215402924163456
311 9.61668388897774 0.26188354680107945
312 15.969760698088372 0.26156296424122116
313 9.633125502535908 0.26134699686039786
314 13.709824004159387 0.26118479419048984
315 9.89609192829285 0.2610105500028366
316 9.706781696080366 0.2609068921881491
317 8.768990045783026 0.26091175496388636
318 11.431287667325373 0.2609347745361198
319 9.142438429371346 0.2609916153123548
320 8.599015654183646 0.26107599711914675
321 10.156128777826748 0.2610338299398114
322 8.954321689028472 0.261023338535767
323 7.6250195598595445 0.26097153278210367
324 18.90479409269424 0.260942968685409
325 9.733777745447565 0.2608259625965143
326 8.315857531769321 0.26067764394652065
327 10.063906912219304 0.2606090719810616
328 11.67655180040024 0.260560039435028
329 9.128779634781024 0.26055643337082846
330 11.348684403380265 0.2604900998568478
331 18.109566532645587 0.2604551413653696
332 9.028597198249113 0.2603259787195852
333 9.19432698869591 0.2602111581541338
334 11.726271568458792 0.2599118111466399
335 8.21209505983253 0.25958934476747036
336 8.573543197164645 0.25931642775695574
337 10.096802991575867 0.2590193089141072
338 8.976284353603504 0.2587169957588069
339 9.393108943771264 0.25845247495232865
340 8.453613967660038 0.25811325138271135
341 11.274291649963166 0.25777772836606627
342 8.198269372802947 0.2575123559610032
343 7.689606978798391 0.2572653587851788
344 8.476924858278224 0.2570904570940925
345 10.94093007174741 0.25685280026808
346 8.646393515099946 0.2565975330692117
347 8.191075612826218 0.256444673240534
348 6.526124694572219 0.25632066004368087
349 4.813796401695188 0.2562203096090611
350 7.305427312867081 0.25611336919794947
351 6.658825769558307 0.25601908938319523
352 6.63160254969127 0.2560382196316371
353 9.493116167261995 0.25608868507425847
354 9.298345716128583 0.25608158568421263
355 5.9372423897545215 0.25612689941828704
356 6.141559053471186 0.2562349414742328
357 8.010024798357263 0.25632908433993207
358 7.880180537923547 0.2563574949223498
359 8.130557346805048 0.25632010545579653
360 8.304334932644647 0.2562432771424431
361 8.851541496166707 0.25619472938978116
362 11.746520169572936 0.2562011389209029
363 7.789664841350277 0.25619873260812265
364 6.647871247520056 0.25616848218692384
365 7.462881860550194 0.25616851341027097
366 8.146731267564672 0.25612045828668295
367 9.163192103779327 0.2561286534545588
368 7.493999106790783 0.25617444105387377
369 7.6069869814989 0.2561901881124124
370 9.560312686978051 0.2562691657925513
371 10.910853867502704 0.25627034628744727
372 11.033127588822232 0.25617833929105543
373 10.457676961596455 0.2561678033689024
374 12.644887148285381 0.25608422950622634
375 14.008799360052489 0.25590278942516936
376 9.586374325003046 0.2557035572854406
377 11.361559631079636 0.2554417909005561
378 11.154681859415474 0.25519860979999076
379 7.274103657209151 0.2550708858032311
380 10.670971147534997 0.2549700457488353
381 7.427123073544223 0.2548590230393365
382 5.661286102984387 0.25484189608342456
383 7.912250208638422 0.25473047475157706
384 7.489758094791438 0.25470697344548965
385 11.956877649972267 0.25467201609876583
386 6.094973779281279 0.2546420412773481
387 8.650803765606533 0.2545710806421961
388 9.88096908965706 0.2545037419221017
389 6.988804518526773 0.2544055574703077
390 6.529241382873138 0.2541878318839198
391 10.013214138052469 0.25397420697167333
392 8.053862919399728 0.25394218244476957
393 9.076851009669726 0.2539884294097714
394 6.645006333466634 0.254089006884215
395 11.08775765700027 0.25407584104379416
396 7.202049261579035 0.2540670489609105
397 9.813915080834954 0.25406273961333314
398 8.071019176260041 0.2540454021344063
399 9.975469342964143 0.2540765578585809
400 9.413442766912937 0.2541406204005224
401 8.787275631610573 0.2542575638064009
402 5.930973379305545 0.25435352265649364
403 10.033124574529404 0.25454814741992604
404 9.481357863077246 0.25453235474451025
405 11.122053242036468 0.25438228139670416
406 7.8712931420753645 0.2541916719244016
407 6.2460232278324614 0.2539852310813628
408 6.816371708204739 0.2537736111353839
409 8.340402366883469 0.2535674225853272
410 7.653208214942139 0.25338621174475495
411 9.080654262923344 0.2530991874457135
412 7.94148784007322 0.2527589920210861
413 8.13815284856091 0.2525113487669198
414 5.937610862138212 0.2522871596008868
415 10.355964985170928 0.2520483349038616
416 11.22153702632393 0.25173614068703515
417 8.00798139443082 0.25146178157512455
418 11.693265187519149 0.25123069217802335
419 10.879460547088598 0.2509673148603153
420 6.768827578746253 0.25071371201214976
421 7.792092063820363 0.2504094546905185
422 9.530416701260062 0.2501232704829927
423 8.592742474519339 0.25000607858153906
424 7.062111898763921 0.249946552716444
425 10.946662368795202 0.24974369749476388
426 10.442176562285336 0.24954904113698206
427 7.92118684240817 0.24938498417198016
428 10.763714318248898 0.24927435484351002
429 7.6402747830793025 0.2490995236258824
430 11.846763450800967 0.248884173854505
431 10.077724311381006 0.24864509580425814
432 9.427164943987766 0.24850643715605808
433 6.728401450398781 0.2484654912080639
434 10.415532286076559 0.2484339312638532
435 8.566891298596548 0.24846360596526032
436 9.84466290930202 0.2484745689867799
437 7.198881149629157 0.24827697314386973
438 6.797532876987602 0.24811477569352947
439 7.285762100613075 0.2479916167570383
440 9.557085942339153 0.24773493886102732
441 8.29933219293294 0.24749280821825176
442 9.998196190926983 0.24726624158962562
443 7.821772809475082 0.24700674993487315
444 11.643788431416766 0.24675925771381058
445 10.513032666619567 0.24660909589910174
446 7.060562491421761 0.24643510895164727
447 8.72860573798706 0.24633389468109734
448 5.542890765803849 0.24625887076817532
449 7.243605144893111 0.24616156628707686
450 4.406882776760949 0.24608206014291173
451 5.490569470885904 0.24591305085320955
452 7.933644898325834 0.2458002817459403
453 6.284384113201094 0.24568434648627546
454 8.71886222840292 0.2456200276153102
455 6.873996478098759 0.24554526715155325
456 8.162553670595294 0.2454850018830636
457 7.849975479104437 0.2454812265942224
458 6.255172929443221 0.24553845332786703
459 7.945921475173897 0.24556374158220268
460 7.637876938116063 0.2455710615535038
461 8.457079501514876 0.24556842142832758
462 7.291290098523286 0.24555754406749725
463 6.212830728791277 0.24553733383430787
464 7.0311167754349935 0.245559369665173
465 5.945717932564175 0.2455182088969068
466 6.255132277898815 0.24542673013578048
467 5.927388423316527 0.2453133647247055
468 6.2924025860191986 0.24526640996276203
469 8.630828128903355 0.24521492149584437
470 4.674841856548852 0.2450933552108722
471 6.18717236736275 0.24497496066664104
472 11.255935670467604 0.24489419366354945
473 7.091681534513777 0.24483111133877272
474 4.783330193487701 0.24471109600992438
475 7.860421197035876 0.24463411747097796
476 7.796352944307321 0.2445961266213729
477 7.999400971590461 0.24459328498129695
478 5.712978706165017 0.24461315655603186
479 5.582536259469228 0.24466976887954106
480 6.895814110391541 0.2447130084116836
481 8.3162909226223 0.24474160306688278
482 7.427432209792978 0.24469419373711998
483 8.613318255085334 0.2446984108052142
484 7.802316180426116 0.24473363748071936
485 5.870116373408297 0.244792827312385
486 10.887683652619256 0.244815566549556
487 6.84003874408949 0.24478974525199562
488 9.591443732434552 0.24489058472305536
489 7.515556692721715 0.24493040091116908
490 9.178158352722638 0.24488166002184686
491 11.83277129249534 0.24487288898401777
492 7.272072421186727 0.2447706637935509
493 6.05415452856958 0.24467673681512866
494 7.196742843258317 0.24443062921697406
495 9.463940507351431 0.24417100742538
496 6.938276213084865 0.24391751940451395
497 7.080892188677627 0.24350990371720255
498 5.483215430176122 0.24311339385440334
499 5.526893328389817 0.24277766603223228
