0 8.82631999788877 0.30134388361119435
1 9.612236002900769 0.30222515545232365
2 8.1348601897026 0.3030040240758342
3 7.889671014470725 0.30369704393951574
4 9.780308665822929 0.30406902249554896
5 5.433755638505165 0.3040579251646511
6 6.479907296792131 0.3041785337138464
7 6.906062786553986 0.3043816104654302
8 6.386659428441638 0.304493572856517
9 5.724707828123004 0.30461096111077285
10 6.2745786072008585 0.30466371425280603
11 5.040017929525753 0.3046449812808271
12 3.806394355346115 0.30473768954539265
13 6.142785815798527 0.3048638383277955
14 4.801219947448921 0.3049717297487952
15 5.127829491486672 0.305024476637979
16 5.465750337333416 0.3050003880678526
17 6.324470489432313 0.30494517305293917
18 5.874862146868887 0.30491314377451123
19 7.276447859056897 0.3049176594884985
20 4.319806102707368 0.30497590346350245
21 3.364225608664402 0.3052035105934309
22 3.6992268755585744 0.30540678409638183
23 5.538519811890485 0.3055079501125433
24 4.993383583380274 0.30556942288012745
25 5.5077882560552425 0.3056123112280414
26 3.6909270865344332 0.30562799262540724
27 3.853456647118554 0.3056450400131089
28 3.4527963448955905 0.3055451238916807
29 3.2709689278084895 0.3054588286837672
30 3.034584652975622 0.3053507562430376
31 3.2668430371617445 0.3052005402013382
32 3.9829258009936463 0.3050454558932334
33 3.0947171965713087 0.3048255179553312
34 2.1084820134608844 0.3046082582761542
35 2.496272193898141 0.3043066533452114
36 3.680501067705959 0.3040401344379997
37 2.930541369492752 0.3037182020498963
38 2.551671114974331 0.3034478500042621
39 2.88933702053571 0.3032377877065077
40 2.307138246032571 0.30299697698794686
41 2.239776069833174 0.302834506531637
42 1.898514463902835 0.3026614495565947
43 2.108637405583752 0.3025276663196732
44 2.2736129093253243 0.30231553059706967
45 2.0335029172521937 0.3022002311275913
46 3.676392234645408 0.3020871633517193
47 4.728311416840915 0.30201428903824745
48 1.857513599599959 0.30198774280071744
49 1.7274467683103754 0.3019615250489924
50 1.6488182303050687 0.3019159949968057
51 2.739109651759643 0.30182919819615156
52 2.809091342923348 0.30182294911396185
53 1.5882935011341308 0.3017144836688126
54 3.326715629440507 0.3016581323689634
55 2.6886261093086725 0.3016288630807973
56 4.485246857648773 0.3015189242582775
57 2.9639713320652827 0.3015200132561948
58 2.6615772547102736 0.3014474096052397
59 1.6995923362787173 0.301404315504755
60 2.672314765851275 0.3013019007807721
61 2.862676474083182 0.30130555597156145
62 2.010576053315328 0.30118812855078314
63 2.4428776734136015 0.3010214398622931
64 1.953101583772701 0.30088372673849045
65 2.413640234142864 0.30074148364791536
66 3.7209596912555223 0.30059128244832867
67 2.547314273413791 0.30047072236847466
68 2.3808814799536724 0.3003967058168972
69 1.726149194285901 0.3003852301239256
70 1.641099655133555 0.3002931162931168
71 1.4559607174771831 0.30015395862682437
72 1.3504479226392478 0.29998045519817873
73 1.1013789136863497 0.29981633679894726
74 1.620312467929318 0.2997120985360771
75 1.5714224155050274 0.2996312033685454
76 1.1158889260262963 0.2994514351547084
77 1.8645445104776874 0.2993219746712533
78 1.5963725557207615 0.2992536975720694
79 1.6195815596520258 0.2991883819601793
80 1.2927930195118578 0.29913379099470244
81 1.7547938103671954 0.29896794470780824
82 1.3193278828128063 0.29889141377838424
83 1.4193961898702385 0.29872259465505335
84 1.2508234630536799 0.298514770362991
85 1.6962807313176897 0.29828882963625775
86 1.118660557439712 0.29811048211854874
87 0.9535683404688071 0.29792248406786265
88 1.4544729509105785 0.2977985755611027
89 0.9813889017778379 0.2975317327476555
90 1.2661138846016176 0.2971642456530053
91 1.2626310067240696 0.2968104683526585
92 0.8654320353174387 0.2964783464949258
93 0.5659321699590353 0.2961749745665248
94 1.038588985854481 0.29593719583664085
95 1.6506444494956383 0.29571199412855803
96 1.1637807457053468 0.2954946944457611
97 1.0591747122430117 0.2952324216488663
98 1.0167953226895885 0.2949707513331165
99 1.059754701871549 0.2947808833791548
100 1.1533008552645931 0.2946328124162518
101 1.1611514693931184 0.29441911797650416
102 0.6921150372396783 0.2942509308625477
103 1.4181477378869158 0.29405765470771866
104 2.22464939589213 0.2938336507015497
105 1.1367008532490952 0.29368575195371677
106 0.7709620894124886 0.2936298634793087
107 1.4079589248887017 0.2935883885613292
108 1.043923636961318 0.2935283738053733
109 1.3890734526299573 0.29348396691028733
110 1.2454391781527345 0.29336737670737334
111 1.2241191777832845 0.2933074455638498
112 0.7479111934461408 0.293239648087026
113 0.9306721225662853 0.2932171791351572
114 0.8678115404369979 0.29326761108856286
115 1.104362159460353 0.2932644989826368
116 1.5600226218035216 0.29309875843712874
117 0.9887753518294109 0.29290290367002464
118 1.6734302486564339 0.2927008913055571
119 1.2870912565967667 0.2925106381970704
120 0.8676065264357684 0.29229995501060585
121 1.742148135464827 0.2920139034977261
122 1.148554826050667 0.29171581046649153
123 1.3595401394537547 0.2914287895418422
124 0.9726836388242588 0.2911820774103406
125 0.7822840032119236 0.2909633096355281
126 1.6809382655036422 0.29074826331432196
127 0.5584154097497344 0.29053655157742925
128 0.23717917515880366 0.2902899815215094
129 0.5750058272892968 0.29001626435244954
130 0.613685008932562 0.2898210225720074
131 0.6191582436261045 0.2896595129216581
132 0.6228891677926247 0.28945588042280707
133 0.6983775191079258 0.2892563230093222
134 0.8536212575456493 0.2890189057665032
135 0.7930787867327753 0.28878290756013986
136 1.2120377440066554 0.28851448426324794
137 1.3405329755835642 0.28838153576764386
138 0.46405174610484845 0.2882412593641677
139 0.5836698434952045 0.2879579210227892
140 1.1330334766654366 0.28779342255846024
141 1.0176845312595255 0.28759681631775297
142 1.5170945094378507 0.2874261209402478
143 0.8635678484309706 0.28724963644909834
144 0.7378433760985608 0.28714219816357145
145 0.6697434722285228 0.28699355576984276
146 1.042626402675423 0.28677327842163125
147 0.8362408505331198 0.28653473325709616
148 0.5586183442924114 0.2863886098579084
149 0.8125889721242481 0.286230707985264
150 0.680565470668862 0.28606408635148345
151 0.4955279145543108 0.2858146410323563
152 1.243250375219009 0.28549483871724085
153 0.8982015522365893 0.2852172370027248
154 0.8204240185969128 0.2849212551131984
155 0.9585445624836557 0.2846951712349236
156 0.9436309504051851 0.2844674453229702
157 0.5587300137100233 0.2842564988169231
158 1.3935444745080638 0.2840943718070387
159 1.169254873003847 0.2840122416651505
160 1.5905345954877994 0.28402705676552514
161 1.3679646829189718 0.2840260378230339
162 1.2032179125436215 0.2840484579735062
163 1.2944118083941938 0.2841320610579697
164 1.5551033412329551 0.28422065917309486
165 2.1587848611059592 0.28422359068826714
166 1.5876730755075612 0.2841734501725675
167 0.575128975491429 0.28409740577381326
168 2.105521255346745 0.2840695489317023
169 1.0131931820711024 0.2840066273541808
170 0.6993281072817533 0.28393274722325296
171 0.8768791236663023 0.28369597128671115
172 2.1781166179008142 0.2834682630064808
173 1.6499339208637602 0.2832442442029926
174 0.7852691767444488 0.2830666270771421
175 1.0626840067994383 0.2827771096993143
176 0.6719082865194901 0.2825235153114614
177 1.383432863696247 0.28224675862335985
178 0.6389348437493927 0.28199230266503367
179 0.6876490199644919 0.2817757561707931
180 0.8213695059623989 0.28158200962649577
181 0.7352867649780337 0.2813967905694429
182 0.8875117499394607 0.28122915654836605
183 0.5216095857549965 0.281053339752707
184 1.1904503275485958 0.2808868657255461
185 0.6598598899008875 0.28075264448547893
186 0.3647001002099598 0.2805900029536618
187 0.37461971098541247 0.2804456463364231
188 0.37839941813304556 0.28030236878632514
189 0.3369021291915934 0.2801301533953732
190 0.6808644004928625 0.2799427911988859
191 0.6551022394771661 0.27976991440834337
192 0.47180984822374616 0.27951980413545
193 0.7960298509452111 0.2794099050512917
194 0.7963049773211104 0.27933017061936427
195 0.5323307789944226 0.279291364601683
196 1.0342973456943985 0.27924646624463273
197 0.4952065048904784 0.2791945404365407
198 0.36885037343015703 0.27908498345795446
199 0.6036563102295363 0.27898852988732403
200 0.5203778211946464 0.27883733208924993
201 0.7060107961596569 0.2787840974446495
202 0.6376812004868077 0.27869077722699753
203 0.3647997709142458 0.2785175776103466
204 0.8764316069466834 0.27836155229466053
205 0.3106546449969835 0.2783028182497158
206 0.7012086066000602 0.27825390625697594
207 0.48834149832444523 0.27815281327210895
208 0.7460525325156273 0.2780392013482663
209 0.25234809783054213 0.27791763034413974
210 0.26795835923384864 0.2777604786166237
211 0.32780248674044243 0.2776904727029845
212 0.7211951308600464 0.277542355738071
213 0.1867921532934536 0.27730625559803335
214 0.6914622866992242 0.2770454306527983
215 0.5963908001783842 0.27676996305510365
216 0.5763112954695238 0.27654445069049644
217 0.19811032727557523 0.27630820656067967
218 0.2893002967983366 0.2759972205890675
219 0.542573736923799 0.2757065533704635
220 0.2811471924236239 0.2754523075450976
221 0.37127764262780444 0.2752514946324021
222 0.2714885952185154 0.2749634985234087
223 0.7211241078272819 0.2746776379611433
224 0.22201137348547856 0.2743928778212099
225 1.2924432095980531 0.2741890485009737
226 0.7716282222541201 0.2740180454918746
227 0.21554121321424924 0.27394725862882147
228 0.5769886847667436 0.2738461973756077
229 0.32865064698411844 0.2737654523650324
230 0.5660678699865789 0.2736884740480934
231 0.6036407556023871 0.27358962964329137
232 0.623392965345965 0.27351830113735637
233 0.6136550001480564 0.2734551288766527
234 0.28498262486030146 0.27333357456580815
235 0.5880079514980456 0.2731802012963828
236 1.0558276701649165 0.27300663324272567
237 1.710334223745403 0.27284520903994924
238 0.4553146385086827 0.2727152374764761
239 0.43717014278200955 0.27263081043662435
240 0.7888879853358262 0.2724805712826728
241 0.6080923582716011 0.2723407485071773
242 0.524245211748906 0.2720730989539087
243 0.531521970716748 0.2717425426096865
244 0.35924894019306447 0.27148607297131505
245 0.9913669609015261 0.27135285894480826
246 0.6576160967372031 0.2712554891417542
247 0.48608356444500284 0.271115809575737
248 0.3788627199490494 0.2710093276626809
249 0.4703866936868058 0.2709230329437012
250 0.644539199873418 0.2707421089022051
251 0.6346887515275936 0.27048503508253613
252 0.4811365466028043 0.2702254525124172
253 0.9384384067025644 0.2699791893045621
254 0.5339695808986117 0.26977796272957505
255 0.2619322455865435 0.26969812648068636
256 0.5886837691320319 0.26966207511621015
257 0.6188588060357502 0.26966764990847536
258 0.7341297645109753 0.2696616158249799
259 0.25216902392276197 0.2696230546247436
260 0.3834199449723996 0.2695948035067167
261 0.3778585685543231 0.2695521421519053
262 0.22622754519670824 0.26947390326782433
263 0.4529327982826141 0.26941739653078933
264 0.3622212654094 0.26932798052994916
265 0.39349892165427813 0.26925805162287847
266 0.14593511386879499 0.26915519897691115
267 0.32819516253509956 0.2690284233508273
268 0.13641499987046218 0.2689392586548695
269 0.47456347807191945 0.26886041059281746
270 1.2492648838405338 0.268681132474148
271 0.558915810361844 0.26856633135067937
272 1.3773163773166488 0.2684642043114502
273 0.8646149156288594 0.2683055038307866
274 0.29511153345939467 0.2680960460534332
275 0.5855815629098793 0.26784222646144684
276 0.6793095642658313 0.26758557709729713
277 0.3083857884316187 0.2672763296925227
278 0.4604888690051642 0.2669288247915361
279 0.7915973951071871 0.2666415874077775
280 1.0224706214978552 0.26635149846436584
281 1.092812663556738 0.2661004021984
282 0.4768703959742886 0.26585550401408
283 0.6405585057194326 0.2655885092037132
284 1.1190779347453135 0.26531415974158185
285 0.44256657295958635 0.26505065036394493
286 1.1815862571913778 0.26482880151729693
287 1.0407440043530385 0.26464379401709154
288 0.43652343887377 0.2644692163377616
289 0.08609038598596469 0.26433956764849925
290 0.46706063702963074 0.2642393029403762
291 298.2895345927613 0.2641664513050283
292 0.43109027835256253 0.26409996176965045
293 0.5893454711420041 0.2639948463641351
294 0.3612798820360258 0.26387218286527375
295 0.43335508406154155 0.26382543817720944
296 0.5904719390451356 0.2637364273300267
297 295.562387095174 0.26361736072083014
298 9.742792387935497 0.26347473398380894
299 13.32418783030798 0.263342736901193
300 0.68406154861494 0.26326583705018713
301 2.109981628548833 0.2632179511525172
302 0.9355198081577799 0.263174841735391
303 1.2511718689758253 0.2631657430806167
304 0.9766865847380612 0.26308826102729826
305 0.57048059668832 0.2629907608491482
306 1.0357344601681102 0.2629101782815673
307 0.5371720769855524 0.26280470422159957
308 1.1877508190019022 0.26267949885165687
309 0.7581938760355877 0.2625515270820376
310 0.6516022689986088 0.26242213243401263
311 1.1073457102257813 0.26228205221778106
312 0.3890982107133556 0.2621115630935166
313 1.212573066256625 0.2619871715231512
314 0.45996174666176537 0.2618443050069804
315 0.21649491825543796 0.261741556955809
316 0.36755731940592484 0.26168681253148446
317 0.570541836049145 0.26163005808141665
318 1.7571827920429435 0.26162970577691885
319 0.31201596029044243 0.26159728406492927
320 1.5015190028592262 0.26153385551315345
321 2.453172530746511 0.26147812388993136
322 0.6120606684289295 0.2615036040930769
323 0.7834749105783518 0.2615635523272282
324 0.44858422528698494 0.2615790558243422
325 0.5734213049580625 0.2615611474701696
326 0.6504387682099416 0.2615416401176757
327 1.1926059853626758 0.2615352948088385
328 0.5817195501221409 0.2616094126902138
329 0.4503404525687344 0.26163693710768926
330 0.5056434412410185 0.26162103858952257
331 1.048451704423565 0.2615892633209372
332 0.44715032049138115 0.26158035377713845
333 0.5707385995512739 0.2615962878974876
334 0.720971197418249 0.2616092078329966
335 0.3978088685759623 0.26159723858754125
336 0.8815515319854773 0.2615601521242354
337 0.3823680190674654 0.26157833023860183
338 0.6566229353660037 0.2616235139525845
339 0.4034474541905546 0.26167079020423595
340 0.3333803557633368 0.26168841544517224
341 0.2703779264216931 0.2616643205079217
342 1.1705360320736478 0.2616740600082068
343 0.5009709931458757 0.2616818447535256
344 0.6398113600516286 0.2617284414304483
345 0.8500620600500859 0.2617615016627688
346 0.2674644755558637 0.26182463745883916
347 0.5643300289781376 0.2618738537079835
348 0.8643701074709095 0.26189642287257575
349 0.2777318688284386 0.26191891352146707
350 0.25061488972395574 0.26189029798386537
351 0.19095859604437526 0.26189708408969137
352 0.5547689865649762 0.2618426713486847
353 1.122144922906945 0.26178821617339315
354 0.43209910980258837 0.2617480227719195
355 0.5674487131390873 0.26185360342621267
356 0.2246920564267878 0.26190960436727245
357 0.2687012423649848 0.26193071768770343
358 0.3153801051803018 0.2618943399911906
359 1.5531462913225649 0.2618007639691329
360 0.6741231600715638 0.26171002127021814
361 0.36825763939937706 0.2616633824152093
362 0.6563059565943573 0.2616054417315699
363 0.47153690927260633 0.26165332636633626
364 0.6703252506597126 0.2616439176706341
365 0.36867484011464 0.2617182465212952
366 0.201822432564484 0.2618620809014177
367 0.34393174601140936 0.2618363133306093
368 0.7603432633309634 0.26185006306157904
369 0.30875238914837755 0.2618564196199585
370 0.38230803809699027 0.26183113534023467
371 0.41767031006563565 0.261836637139639
372 1.329946366152171 0.26159424737941167
373 0.2562066635935554 0.2614472967980366
374 0.6586151583924128 0.26134869244313497
375 0.41656782622671606 0.2612777498339938
376 0.22320271743349235 0.26124707854122103
377 0.5021838646990555 0.26112918774862254
378 0.33984971505944406 0.2609638967995709
379 0.39599899120404614 0.2608146613440181
380 0.25164301647470216 0.26067779199605373
381 0.3080678534645405 0.26050265792395616
382 0.6505915745780594 0.26031614106791845
383 0.5949721458144825 0.26020314118157256
384 0.6897622388620912 0.2602003366785905
385 0.70191954627976 0.2602344698950297
386 1.1805172006260773 0.26017459492667167
387 0.5051681104436745 0.26014489935833734
388 0.487825830376735 0.259761022324005
389 0.3182777531271424 0.25948159538052423
390 0.22907297170084664 0.25918941812126417
391 0.39172958306202665 0.25887071664852973
392 0.35719913154855154 0.25862855341629565
393 0.3456662993967835 0.2584445095214265
394 0.26056902378044056 0.2583859167788017
395 0.5538046025049144 0.2583099335242074
396 0.556555232153796 0.2582967660712004
397 0.5450195619948353 0.25825858529331863
398 0.2830794539594127 0.25825037933818534
399 0.6414284286106092 0.2582593987511001
400 0.6750978268409625 0.2582613165031502
401 0.32881823830825296 0.258257188910221
402 0.596088183909351 0.25824908591736395
403 0.18732548724362064 0.25820326837603264
404 0.48726300837467923 0.2582100395210704
405 0.48918945280221304 0.2583053053480035
406 0.321815595822044 0.25838930543915734
407 0.17728618911192526 0.258518691749034
408 0.2522082887305475 0.25869131054914546
409 0.36408382588372706 0.2589855329966138
410 0.20192339210045435 0.2591931633851177
411 0.19442668559743442 0.2593625173903347
412 0.3554824792037383 0.25946619301922735
413 0.28766451513375385 0.2595390329137645
414 0.8188926853772975 0.2596332983598311
415 1.2114082711053151 0.25979220245660256
416 0.3884565806237071 0.2599524761723886
417 0.35360844204165887 0.26012734458320813
418 0.4417376915957879 0.2603280224189104
419 0.4625208908474493 0.2605454771675999
420 0.4028672687053476 0.26061538166482895
421 1.0918248594204254 0.26079026254027154
422 0.337563028005067 0.2610308980693981
423 0.9836045899172066 0.2612380156348823
424 0.3242739440315593 0.26150513710004425
425 0.4597680389263114 0.2618115518793927
426 0.2717588714624122 0.2620595414884273
427 0.5827602951933211 0.26226868077779475
428 0.31613819986993325 0.26248376490488584
429 0.6612862869583949 0.26271143564466953
430 0.38696283548325305 0.2629463186159937
431 0.8565599711318064 0.263153045441114
432 0.5536439988432618 0.2634055202875293
433 1.0782118936044762 0.26370755871294804
434 1.090080147365474 0.2638395750774286
435 0.35874583359653034 0.2636989706830936
436 0.4667587698359983 0.26352681421996577
437 0.39010327203156814 0.26335119597211665
438 2.477590002019606 0.2630644082997331
439 0.7262069084273621 0.26286819891300006
440 1.2674859490477062 0.262653633766103
441 0.32197561356026894 0.26238589000755463
442 1.6480218590178528 0.262240594331988
443 0.5681294511082697 0.26213755539468564
444 0.44335590972178457 0.2619327970189874
445 1.0141484816459854 0.2617684501144017
446 1.2842421020191641 0.2616380039005822
447 0.8620198805508743 0.2614200750438182
448 1.4446940634643677 0.26127340648662994
449 1.61899858770758 0.2612026310623432
450 2.033840627772623 0.26119090270457507
451 0.726113613935337 0.2612404205774024
452 1.923397017637791 0.26118939036452254
453 1.276080609966816 0.2611379683340531
454 2.3784718712639465 0.26101050726353714
455 1.942229058260127 0.2608996023051146
456 2.229702016175496 0.26083528725794386
457 2.07355484354129 0.26070607519265193
458 1.0745657040009622 0.26052846177535627
459 1.4219767075707088 0.26028812620020364
460 1.0532110084188846 0.2600580859429555
461 1.3075083255730713 0.2597555395651258
462 1.1103082843346528 0.25946108097834286
463 0.8491523907956908 0.25923341832714875
464 0.36906941838930074 0.2590403486352831
465 0.25096162348385853 0.258734475945725
466 0.5088949634293214 0.25845563365233887
467 0.697906909028423 0.25818001311907174
468 0.22984981270745003 0.25797329812233394
469 0.37810173214642084 0.25780286532021496
470 0.2924220175693279 0.2575738083712977
471 1.0914081702338654 0.2573421818005965
472 0.3044410605705799 0.25716763991140845
473 0.3763428069665994 0.2569408516444999
474 0.6184916247057732 0.2567978856112865
475 0.8255774017413394 0.25664965792035493
476 0.35649996855438126 0.2565032016387854
477 0.6695342859780267 0.2564598601254091
478 0.7461817395950067 0.2564218933593232
479 0.9225913145822771 0.2564256064824477
480 1.2226783580228529 0.25640763933517113
481 0.6928137325375413 0.25646071651967695
482 0.48325973212949036 0.25644975472659787
483 0.9720013183849459 0.2564715511980963
484 0.8199386562599245 0.25662766644312834
485 1.7986447012734383 0.2567057341546009
486 0.6104128889459468 0.25667365476220666
487 0.22968869688197519 0.2567175792822935
488 0.3370623290167971 0.2567400695314046
489 1.1700223412527233 0.2567843696550414
490 0.9142076297466882 0.25685468712750686
491 0.7621714424030976 0.2570321588591131
492 0.4229192612428203 0.25719490995588523
493 1.6137113468597946 0.25747226493121406
494 0.4516924615122154 0.25778228495720484
495 0.6139226424691513 0.25801288405337536
496 1.2630361937765553 0.25823878506740255
497 0.8503589623441806 0.25849878694530504
498 0.5293885598110493 0.25879660051153214
499 0.7463609779855968 0.25927300166252404
