0 88.75506018528434 0.29997656331952405
1 72.44721328447493 0.2997950581750784
2 84.93988051945638 0.29962934160476457
3 92.56523148059517 0.29943399460683695
4 103.02789079234674 0.2995323584126598
5 126.57326589975918 0.299603310931564
6 114.88859711579374 0.2995622261935211
7 108.0567509328692 0.29953314680432636
8 114.90648895447654 0.2994704212969836
9 114.7283921217427 0.2994418192120192
10 103.53093468932971 0.29948478146817237
11 115.04547787073692 0.2994481838799702
12 95.11560501747074 0.2993169120213586
13 77.16437188694783 0.2992767897609878
14 80.80489729989151 0.2992456630195601
15 97.56028265712129 0.29914589003464304
16 97.66718201711274 0.2989855901959335
17 120.64867223489767 0.2988342397105396
18 75.07579261926219 0.2987944549924112
19 101.4175177735524 0.2987739725465036
20 94.63067451722064 0.2986431152609861
21 85.03017006507056 0.2984624839312694
22 98.1182530911527 0.29844344851543364
23 77.71477506190458 0.29835896016839847
24 92.46593335665438 0.298218603275463
25 93.66691714406701 0.2981042691085095
26 92.17606816787502 0.2980449398694681
27 90.17859527765914 0.2979875625295748
28 75.8706496112768 0.29783668122890083
29 101.23504392060778 0.2975844891885351
30 107.80119024191123 0.2973640588594729
31 79.20088610531506 0.2971823118333825
32 91.44446782715181 0.2969335754664243
33 90.23238560911133 0.296697123230921
34 69.92334998627587 0.2965145333020608
35 86.56379607314412 0.29632392737963076
36 63.807497224792215 0.2961952197925638
37 103.46565039437294 0.2962023379233698
38 89.79250688532014 0.29615412327334445
39 77.54048042709402 0.2959597852189212
40 79.12829770077032 0.29577267535671176
41 77.81145024616194 0.29559454704365906
42 102.03839109011221 0.29551232887302425
43 94.34119556876323 0.2954488791627312
44 73.59771003473814 0.29541707028731096
45 100.16323339592425 0.2953610586899786
46 74.9206797757164 0.29533372100838273
47 97.85079672591661 0.2951009505999477
48 81.73795172646665 0.2947916526557539
49 80.5670736054062 0.2944831426670017
50 80.46601443883942 0.2941731938082748
51 90.87883538222678 0.2938714257462681
52 75.22445336050617 0.2935304288422895
53 85.70863117285262 0.2931886159502963
54 72.25836884450823 0.29278387959908336
55 84.16676693123098 0.2923912227449583
56 95.66269736599516 0.2921132561948169
57 69.41664550747952 0.29191453285877145
58 90.0799960532121 0.2915615914408413
59 86.08360339937252 0.2912782550446039
60 78.46906013000739 0.290904034544109
61 74.63780678967973 0.2906218118818126
62 75.19662456490532 0.29049155707592494
63 74.49944173446163 0.29040022602256904
64 86.98771662994862 0.2904279057109357
65 59.975348708764145 0.29051993143990973
66 73.28491176600318 0.290521559444061
67 85.94183784357182 0.2905286381509721
68 85.98984034826475 0.2906032604197346
69 65.05292881389455 0.2906307302583304
70 57.24843889089185 0.29075406125598346
71 71.47749937852427 0.29088023507342375
72 72.75501873357064 0.2909418512597949
73 71.86131388964506 0.29103595549314165
74 61.789327787218866 0.2911889333299812
75 56.19872898300207 0.2912639769494358
76 76.61033945189774 0.29132274795245433
77 68.93538547313925 0.2912239883389445
78 54.547241173781714 0.29104765306845104
79 58.570920357689246 0.2909405412621678
80 67.96093690386817 0.2907255869054455
81 75.60575836200121 0.29049939042510337
82 67.22221576235401 0.29012753669775543
83 86.61006186592482 0.2898254411705109
84 81.18042178271932 0.2895679455426505
85 82.61147400149491 0.28930261358261894
86 69.37049169482405 0.28900458676164664
87 78.74790357313405 0.288759314503355
88 89.26805587905173 0.2885745980439488
89 84.85311042434893 0.28840197611557994
90 58.81249610884342 0.28822477404212976
91 83.85291090538811 0.2880264340704177
92 62.92540275335674 0.2877383087442713
93 80.97906824288742 0.2874788285529962
94 67.6682575409175 0.287299609640575
95 80.06223249900293 0.2871289070151092
96 75.39778890482582 0.2870207698536685
97 55.88367829500383 0.2870795199138277
98 89.01450838339304 0.28716167566464057
99 72.77734948216323 0.28710830697514267
100 72.03719271883178 0.2869863221291311
101 63.39973151077734 0.28682842719333107
102 99.66691231917477 0.2867603761610558
103 75.67780369918034 0.2868136888056614
104 91.92943586895876 0.28691905209998114
105 82.1396475185812 0.2870242848554659
106 81.96419025802987 0.2871179787758854
107 72.86733554934611 0.28714323151710286
108 80.8167942977445 0.2870313712879117
109 71.58660387512728 0.28694706879962745
110 75.25506469204085 0.2867557534000651
111 84.5238333941877 0.28658108700097895
112 76.66979457987473 0.2864035433757608
113 70.71824682051783 0.2861429498391298
114 75.99896410176008 0.28590695302772373
115 88.045612732351 0.285795084027587
116 65.939166317776 0.285664296272894
117 59.98987951694133 0.2855358516523686
118 87.02579368797679 0.28535526392879795
119 55.334344354161644 0.28519781740455175
120 61.80092360486847 0.2851017448653256
121 48.240321979512615 0.28496188027867364
122 54.06846221942781 0.2847850934059325
123 69.24322986721157 0.28454267822298224
124 57.30733944200432 0.2842680606725709
125 63.8990556192944 0.2840538733374679
126 53.88215966775843 0.2838393426334657
127 79.48250478289631 0.28371433762308695
128 50.41371764317435 0.2836064241861226
129 62.90145445492709 0.2835295832677057
130 68.77474096410516 0.28341058298061994
131 66.7995737246087 0.28342465986977977
132 68.28962329046442 0.2835277917558085
133 67.12960706216269 0.2836053092848453
134 57.07275376691931 0.2835712722561794
135 52.75247077430666 0.2834237261347632
136 64.9939642200707 0.28332755428112444
137 79.28373832466126 0.2831964314322438
138 77.27994009086139 0.28321396664278436
139 69.32525342318132 0.28318393250290147
140 54.218222129171096 0.28317266588104517
141 58.87681799520081 0.28312828054676753
142 77.12967673356471 0.2831614597350364
143 49.8725329058156 0.28323442157382317
144 59.275456810745595 0.28328176103252267
145 55.51226799509243 0.2833388018244781
146 47.59832263673521 0.28356294334137144
147 60.48709654620447 0.2836741859179991
148 59.54608626889923 0.2836576724662035
149 77.73019639727637 0.2836738353171333
150 65.57428570402374 0.28376537261629037
151 61.59027302610024 0.28385083663888644
152 82.25864560684532 0.283794912896315
153 81.10481997709888 0.2838648421216947
154 67.12830052280873 0.283884341931058
155 81.14454006260897 0.28387549882659957
156 78.19654930201551 0.283800759903244
157 90.06263220498484 0.28371414487795193
158 74.97057797526979 0.28371506831748616
159 70.24769322626844 0.28367689552155967
160 67.73671641467956 0.28357865555531014
161 66.34923935977812 0.2834645493791235
162 81.9912311309308 0.2833878495145129
163 68.82575716560835 0.2832195516620708
164 67.81284255184465 0.2830847149943089
165 73.2807882007052 0.2830638092014794
166 95.95886721313147 0.28303708835531993
167 83.04273615242721 0.2829781992079907
168 74.62233634640714 0.28289096573692907
169 80.8052466630198 0.2827792287563119
170 77.15819444880213 0.28268191035789836
171 84.57709399046047 0.28254041056233714
172 93.89156178570774 0.28234510292490056
173 65.18694677563006 0.28211659243300036
174 74.56534499380629 0.2818334436067088
175 98.92613634493921 0.28149953095383823
176 75.87989823625702 0.2812628585102082
177 63.435240315254525 0.2810717110071457
178 74.41890221365986 0.28086679597700276
179 70.22601818640572 0.28070603216689805
180 74.86743791257545 0.2805885622247146
181 77.03236702711524 0.2804160334853026
182 84.51428595229501 0.28027729723586287
183 66.79185756846671 0.2800420860180892
184 89.81179112198251 0.2798013552785097
185 67.51808260540767 0.2796848124516244
186 56.804726433088064 0.27965592454977495
187 73.61354309810298 0.2797398222760884
188 63.43327623958217 0.27984656622964843
189 79.11656621785852 0.28013578018265395
190 69.58375823073378 0.28046494190853216
191 77.38236442303634 0.2808272598713554
192 70.01213165575145 0.28112446041541994
193 62.108418957638555 0.2813778632585241
194 72.50818493513017 0.28168336738754074
195 64.77765686237295 0.2819410023878605
196 76.53247558752182 0.2820601366408447
197 60.144724542757984 0.2821563161467383
198 87.45687900596018 0.2821904616077382
199 63.11944854113206 0.28218165014892893
200 67.46323511334643 0.28216712261412663
201 71.42438647838736 0.28209000123930494
202 62.00356392385807 0.28202926501576386
203 55.136231792236 0.2819160876007559
204 70.41340387701294 0.28177486728526013
205 66.4688147612967 0.2816317448962908
206 68.70752193683084 0.2814400321152706
207 46.32739753169837 0.2811851565970346
208 62.980848014435225 0.28094361224554476
209 49.417435377900006 0.2806755467199362
210 64.27523969987634 0.280425489608776
211 46.324223557911594 0.2801894451929846
212 75.80556930862048 0.2799861985818359
213 65.74640934640257 0.2797311903506588
214 67.05873861854397 0.2795172276161317
215 54.25711421343044 0.27918237007373015
216 73.55668504333276 0.27890528779586987
217 62.35097715202456 0.27865489801609966
218 51.10399294725395 0.2783734913223952
219 76.17127038320046 0.27807314304940794
220 59.49073332443866 0.2776621794980436
221 82.28668719312336 0.2772405677343061
222 62.41089765933589 0.2769215021758402
223 89.16969920377679 0.27665316812288887
224 65.31172749624119 0.27640283834456375
225 69.05933068471165 0.2762231608717435
226 69.27374252790464 0.27595429752244216
227 70.38653017904493 0.27579292264172617
228 86.06541522605251 0.2755937405874749
229 51.13351216377624 0.2754712723981271
230 55.17071184364029 0.2753197699307171
231 47.44509992462662 0.27532435926959375
232 40.638304062318774 0.2753213086143728
233 72.23627494576672 0.27535181501760775
234 75.03860037258792 0.27533303805967446
235 51.75709465473952 0.27536053819076256
236 62.95034053591013 0.2753358692383384
237 58.9558348290268 0.27533134320887465
238 45.11522317763228 0.2754736341270547
239 60.167841453882694 0.2756077535006209
240 44.49732741271869 0.2757474888416654
241 46.835144372346235 0.27589069875391964
242 45.374849537728046 0.2759900422482854
243 62.94494857891708 0.27616291479617017
244 65.9223219007366 0.27634709151136
245 55.2166930140869 0.2765424722300387
246 81.84878756617613 0.2766946930009083
247 75.01367178720986 0.27676336975573596
248 69.43695406992252 0.2768499043584774
249 40.328251677747886 0.27698625416450884
250 68.40585557060089 0.2770997928531306
251 74.16228363192704 0.27718015769697724
252 64.99550835799911 0.277326957007365
253 79.14128929286339 0.27742663343827945
254 61.67902616791346 0.27752605065010233
255 54.82909566790488 0.277638395031364
256 74.15376518271913 0.27770711063146813
257 50.61920004855229 0.2778616134836308
258 51.008568993745754 0.27800050672119353
259 44.01052134106598 0.2780943583890827
260 67.18638615142106 0.27803568987599186
261 54.97213475673076 0.277998681979498
262 78.62983191506032 0.2779290480396728
263 50.533724897888305 0.2778955027695758
264 56.20516190869235 0.2778577771103964
265 59.84662396887303 0.27768682743430484
266 54.4698286178344 0.277523365551555
267 56.90379481138534 0.2773151684698053
268 48.13345123609308 0.2771596894935509
269 45.331799513775934 0.2770680289361601
270 43.95922796992049 0.27702567244193665
271 52.03935346411494 0.27710828939878673
272 61.20825781794202 0.27722058317681436
273 49.794793081032864 0.2773316934815264
274 68.69768243734268 0.27742840884558284
275 51.297632195793234 0.2774784238301835
276 53.143568028146866 0.27753359654411747
277 48.529920963340615 0.2775523681575675
278 54.243341538557644 0.2775353968559792
279 57.96413252767725 0.2775411590328652
280 56.82803034816738 0.2776175955005071
281 54.31729297888124 0.2776841883589396
282 56.33300966588291 0.27774232531268817
283 63.369229873130706 0.2778059303460346
284 61.01942334707351 0.27797509201446324
285 58.06006847815701 0.27816512301942886
286 48.48907270549691 0.27826298721770215
287 65.18912876661219 0.27846168250490233
288 74.64351977055745 0.2786563301609227
289 43.91170998460316 0.2787856477477165
290 60.116312888341696 0.2789090185230495
291 70.41483052636919 0.2789650626007458
292 50.730405724850314 0.27903066479592076
293 79.97730702086353 0.27916160785337507
294 61.58476289694869 0.27927143045398795
295 66.76347946060108 0.27944663489488186
296 52.75315286879537 0.27962312605157996
297 48.08360880584861 0.27982886508270494
298 55.89404544386271 0.28010873495976496
299 47.969983452191656 0.2804182802329046
300 56.92924659353778 0.2807238498723049
301 54.83509215787228 0.2810479348073077
302 71.47966838253322 0.28136555065968194
303 54.19903388024936 0.281603158590906
304 58.226003266672805 0.28178936189219395
305 50.548591037564876 0.2818711106666989
306 54.61533383247516 0.2819281960474599
307 59.522099202214974 0.28216782922001016
308 59.183765540031146 0.2825169988572047
309 54.14144489923657 0.2828807596345123
310 70.20239586597296 0.2832688714977412
311 47.96244301904737 0.28359760865888306
312 54.695246613196616 0.28388732277959905
313 61.89072751245978 0.28416551221533803
314 57.600539027599794 0.28451409240476094
315 66.21180734474684 0.2849423959086276
316 57.45982147873116 0.2854327487858608
317 53.46387275210016 0.2857630933079133
318 53.35532657801606 0.28615317977336524
319 67.01180793337406 0.2865861829022066
320 61.13815915000764 0.28708215108847657
321 48.96550791498828 0.28755917275396925
322 59.348928132972844 0.28785580120549425
323 51.78630924770687 0.2882096098715339
324 55.775466542310674 0.28846953281228316
325 55.90682777941821 0.28861368388822906
326 46.02901880855106 0.2888570711562725
327 73.94665209653962 0.28896868154914324
328 54.36081193426614 0.28912222257109155
329 46.97318255363351 0.28928020251533904
330 40.35937507867281 0.28939366649998227
331 61.53180139169284 0.2896700674033608
332 52.147075537002536 0.2898570952088074
333 65.41118245809201 0.2899881107265472
334 67.71245731447942 0.2901234372393302
335 48.930416342826575 0.29035776159469334
336 50.20744024845541 0.29052829893452364
337 55.59236387506286 0.2906860238802401
338 65.46637039573243 0.29073210918708003
339 51.69143538668082 0.29085380008731476
340 53.12625196798534 0.29092927370875776
341 80.51302955177432 0.29113668260706577
342 53.19608938010373 0.29125025649216646
343 59.300140409667975 0.2913913813418241
344 52.55135645854348 0.29148841259463987
345 57.35447515417731 0.29176706992026313
346 50.06060813603382 0.2920887089501536
347 64.68162918464984 0.29226120622977725
348 52.81359575917432 0.29240562729274633
349 66.79159223028049 0.29259534804529225
350 53.75289453786759 0.29269598275196784
351 55.42945365448787 0.2928941833115984
352 52.58876013136404 0.29309165691597705
353 59.661480723304166 0.29335707280341866
354 52.16172826542126 0.2934259097553943
355 54.96609689972203 0.2935679370390499
356 62.354388825459324 0.2938038283656864
357 40.40758434604969 0.29411842796736876
358 65.5353812468626 0.2944183835151518
359 77.40845921850212 0.2946202812403417
360 57.63302937426113 0.29496812029956304
361 76.67762995063198 0.2953090650921175
362 46.67765546737084 0.29569617363104583
363 52.94093350592537 0.2960860664965467
364 40.341053253350125 0.29643138986655093
365 58.53341701925433 0.29661701503895016
366 64.8783465988942 0.29686008122050467
367 73.39983865835649 0.2971440179934428
368 70.60974664054567 0.29740961554003376
369 48.90980446337781 0.29778154276242164
370 59.57415427611438 0.2981064419115883
371 67.19139754129552 0.29843140056077405
372 53.12758021271989 0.2986394783077316
373 43.03227093875661 0.2987847682377417
374 52.23313830386999 0.29871728731406094
375 55.1105411559595 0.2986255259004827
376 47.89724930387206 0.29870806461808763
377 52.60962195110313 0.2985887584193536
378 61.77024889873853 0.2984077040758402
379 47.00956122571824 0.2982720631822833
380 58.33044252284238 0.29830101023466027
381 49.18903877815814 0.2983065394089508
382 54.306809510393386 0.29822493222677493
383 56.373974296994334 0.29810666879081493
384 54.22334763813123 0.29796998486955295
385 45.625405560060926 0.29775839768527523
386 48.087340696714286 0.2974520193167525
387 44.07950971449492 0.2970531982490542
388 43.38770334342169 0.29651231504037934
389 74.66546411403925 0.29613709325091
390 55.602097588719744 0.2957531788660548
391 43.59971501901955 0.29533933304958715
392 40.694758637891304 0.29502994358469803
393 43.39571009970631 0.294508982243598
394 61.408417247395846 0.29388984389278267
395 56.986765339226906 0.2932395003323004
396 59.49191404332484 0.29250452227609736
397 49.8584942228113 0.29167462243376446
398 54.528658866841376 0.29109636252498283
399 52.01125184055007 0.29071720237145515
400 57.77357094226811 0.2902723442679258
401 55.30992925612564 0.290001971049482
402 67.16480023294274 0.28975973423456847
403 60.50456097937287 0.28951457817497966
404 51.5758770518225 0.2892195971843753
405 58.713516854259964 0.2889412810239621
406 57.87193449040963 0.2886992762079068
407 49.505279611596364 0.28839239757658497
408 58.78084003913913 0.28811409088778117
409 53.085414274014994 0.28775217288637445
410 63.90196476251381 0.2873850491516723
411 59.38728108555181 0.28708202091552626
412 52.319128791983296 0.2867643444061006
413 55.99027847296679 0.2864922862627805
414 74.5489579659071 0.28626902593084363
415 40.85261715870505 0.2859912924310235
416 59.47668186933053 0.28567489688206993
417 54.988012772069915 0.2854319018364003
418 52.315870747630626 0.28525395044898305
419 54.85525655027382 0.28516007698147317
420 38.22483851990937 0.28505982852596623
421 41.35730523582955 0.28483380962099175
422 46.552234330719166 0.28466782187119616
423 47.11427777778491 0.28460570544953806
424 44.57134523024398 0.2846742235409888
425 42.87725293439229 0.2848362173951384
426 48.08202627221891 0.2849289968855194
427 37.21799720120055 0.28494959676105924
428 46.704091458137164 0.28484910598575225
429 43.443737240527476 0.28469815585559677
430 55.58356544677498 0.2845406089836383
431 44.509602978875904 0.2843635912669249
432 44.90457157092133 0.284006047160543
433 55.84676435799587 0.2836451394570308
434 43.59977516098919 0.2833902930401012
435 53.96350742286153 0.2831479574956207
436 49.209942457174776 0.28297895408282236
437 54.944347857763454 0.2828521764554688
438 51.86649981755367 0.28280467571660617
439 50.39938076809104 0.2827246717964764
440 47.37311958362843 0.2826146440665055
441 41.730575110197066 0.2825821682177544
442 72.81160382893972 0.28269658606109205
443 41.08343631128573 0.2828807985048977
444 54.93415483319822 0.28298175257011315
445 59.745569650457014 0.28299125802721614
446 48.65202694097259 0.2829694298665375
447 64.87542246386575 0.28296109453209795
448 58.22236727251783 0.2829441871077989
449 61.230555025166154 0.2829447831771534
450 62.353538024125356 0.2827640226613527
451 51.609502735892846 0.282611091846919
452 50.16494603878422 0.28249999891823524
453 40.52279145100814 0.2822890731639187
454 36.611070064402085 0.28210911366325264
455 53.29610571702645 0.2819673168104425
456 49.73695182242421 0.2817995353934929
457 57.46989439534149 0.2816506663529901
458 50.5826782303006 0.28152439518232103
459 53.03085180745674 0.28132523400301945
460 68.28428188929414 0.2811359267907753
461 40.212943145403536 0.28102131832568616
462 80.49184939644891 0.28081791587065497
463 42.52563457119918 0.28065758319494727
464 45.5832967406525 0.28058670327171786
465 72.25535865569563 0.28038732987163284
466 57.107013562410586 0.28017997865549693
467 50.492857981510554 0.2799986916968964
468 71.02795915128229 0.2799185703365248
469 52.25525118975501 0.2798701735830263
470 33.44908630605669 0.27982549056389294
471 60.479776609179524 0.27986532828347943
472 46.19306490071429 0.2798063245929213
473 55.6376782196529 0.27973737767330076
474 47.07699130392837 0.27975670421642723
475 62.5172695779179 0.27962299092397924
476 43.458532264630506 0.2795132867234711
477 59.36775804148343 0.2794764666376905
478 46.847191829997385 0.2793823859362684
479 37.44439374252423 0.2791069484331995
480 43.53925668097665 0.27893059360142164
481 40.291078948747945 0.2789170210743961
482 34.96816809870155 0.27899543895795964
483 61.42418191183287 0.2790112139852204
484 74.22740694966183 0.27903988512219263
485 41.74754925930061 0.27905881861920856
486 46.665253499818945 0.27910550733390316
487 34.41306259456829 0.27920204827444695
488 43.394952830398495 0.27940527903855183
489 42.58104436509556 0.27942408188550283
490 39.18136933104044 0.2793571084232895
491 52.81556949619474 0.2793714944191732
492 59.11320499129751 0.2793846653161559
493 59.638347777374236 0.27935123720086896
494 40.840947103592455 0.2794041132231767
495 52.86291197627266 0.27934098385439776
496 44.62482686470823 0.27927406298719276
497 36.40224229986433 0.27915122518549906
498 38.41022713251021 0.2790827139524556
499 49.794644860992804 0.27912138318604196
