0 72.74147699373196 0.30032815811438185
1 109.027705632847 0.301295261663582
2 103.82160205793699 0.3020584403681288
3 83.55836885161216 0.3025865037410346
4 90.13314911962831 0.3028091918478607
5 88.43633286899107 0.30291987113714824
6 97.50099551123748 0.3028639466237482
7 102.70473678506708 0.3027749152759255
8 92.92856438538422 0.30254298568104626
9 69.8335628691022 0.3022582684337127
10 79.24455725887545 0.30197909960793345
11 85.24334998768258 0.3016857144065378
12 67.42872955719626 0.3013391115936176
13 83.5579560859654 0.3010936615920255
14 91.11621706095517 0.30077355816863915
15 85.13933402735498 0.3006040105586775
16 94.08369443900519 0.3004705412508816
17 76.54878902197093 0.3004122515474007
18 83.39986339632392 0.30033412301554263
19 94.73227452979594 0.30015023077219194
20 92.58542002499593 0.29990888015606876
21 77.08764600872989 0.2996420707888771
22 84.31113139195622 0.29931641443932344
23 79.42697040225778 0.29896881491155836
24 63.93950943548532 0.2987090473103431
25 80.04754968448715 0.29846076122407394
26 56.83222940464564 0.2982401402071998
27 81.5067821669012 0.29807058281174903
28 68.28885259548161 0.29794526022396917
29 64.94511239647429 0.2978792999993466
30 76.98035906750239 0.29781538389445383
31 74.47636390998441 0.29775871503402174
32 61.44852590064501 0.2975810014647157
33 71.70579237114598 0.2973797639043795
34 61.061485892373 0.29727919567361316
35 73.85299871753165 0.2970866798737595
36 85.5849098058976 0.29687750948472746
37 74.31840263811233 0.2966886000977469
38 77.39971778546894 0.29644852889988216
39 67.17435796500686 0.2961782301975155
40 80.60944829533801 0.2959826208005816
41 78.6619403595495 0.29580152803638354
42 74.69300387972177 0.29560653348067867
43 72.73134229285816 0.29540225196349057
44 70.10024468216197 0.29504778033657086
45 59.683655091600826 0.2946226045127227
46 86.62991249928257 0.2942129000787663
47 72.47593193389442 0.29385396438693995
48 79.40734453209737 0.29350571741836723
49 84.37667374852394 0.2932222044663944
50 94.10473108655209 0.29297477898824764
51 77.22612824992628 0.29259264967566584
52 80.99287138522706 0.2922788752972371
53 73.85531779718048 0.29207694658518324
54 70.30431817677592 0.2918569622332117
55 84.48722011725772 0.29160461595053555
56 74.48908539597716 0.2913679116368858
57 70.92148369792221 0.2911186872633617
58 81.1423770839803 0.2909170281986362
59 83.92656975212603 0.290707930327266
60 75.59085400173574 0.2905710848086832
61 74.27483664242502 0.29051379693251533
62 58.2552666283412 0.2905104201079415
63 69.65138905797556 0.2904838609848227
64 61.47172051431106 0.2904360521912366
65 60.73305616878913 0.29028167163314306
66 65.34086427221013 0.29024688580786795
67 58.07225197847066 0.29022637609315893
68 57.62701324640739 0.29026245797093086
69 52.281893696988774 0.2902694987059334
70 65.0921088337935 0.29022627026670106
71 49.73507268486618 0.29019844631797365
72 49.77025720454748 0.29018920119815783
73 64.77509553485022 0.29020068020240875
74 64.55517901164923 0.29018284029965935
75 57.40406915086829 0.2902115720786484
76 59.06003269961657 0.29018589588680554
77 67.6996529019753 0.2901399001913581
78 77.0114868618923 0.29002771890456375
79 65.73936826442515 0.2899562067223718
80 69.33824800962894 0.28994152187981115
81 68.49554619956797 0.28984557336370664
82 69.805865382788 0.28979070448141386
83 52.02859025396489 0.289769143305242
84 63.92739587800178 0.2896544336912089
85 65.4794474971689 0.2896022478157644
86 73.51238863925568 0.28954448595861193
87 80.11944425496351 0.28955065817911574
88 82.86658012505005 0.2896072904342627
89 77.95296634753245 0.2896989770542473
90 73.4909298666979 0.289769737164259
91 82.74129370798474 0.28985296595274
92 68.80913228834048 0.2899872486931937
93 74.02849943664967 0.29005110014054525
94 75.66417859216767 0.290011836334804
95 58.16884622242313 0.2898791537163813
96 66.15072871690393 0.2897805372758345
97 71.6839533815605 0.2897052333247703
98 48.38778025889329 0.28949697455165185
99 50.65643906111113 0.2893368260621778
100 56.5187516492631 0.28921376032595236
101 65.11347450689593 0.28904004794500804
102 72.76740292387181 0.28880554866577296
103 47.00584194675692 0.2885723879238623
104 47.68026960009803 0.2883321261249577
105 50.56681637037859 0.2881786735907565
106 52.67449717371079 0.28800618311975146
107 51.580770614788136 0.2878550222659749
108 52.72925743489712 0.28758212453271625
109 53.24605094651861 0.28731718437726605
110 44.28790249986243 0.2869992601876049
111 44.449510472702244 0.286676731560802
112 36.18738596085178 0.28638912070569844
113 58.48382550912308 0.28612818702463005
114 56.79138919337603 0.2859518463872237
115 47.09623645762918 0.28584268634158894
116 53.38700457456679 0.2858008490481061
117 48.500615627651314 0.28562870259943146
118 45.87982500375898 0.2854566361204013
119 59.72770161894588 0.285276186553882
120 54.87792267168221 0.28508154035123334
121 54.44878985126111 0.2848487794606054
122 32.16303983519202 0.2846254317432819
123 49.186408305882566 0.28443328091429254
124 57.48185215796585 0.28424254060463516
125 65.26409086423621 0.28409260194148767
126 48.40022735250868 0.2839416068308741
127 58.31322380231891 0.28382447634384134
128 54.2409098474657 0.2836660952241793
129 58.43347740255008 0.28335990739302125
130 65.00540532085886 0.28313291320947326
131 65.60018201093253 0.282924109041479
132 57.790863146533155 0.2828339581015641
133 42.60467593806585 0.28267242479248467
134 50.480500345950176 0.28253265311788045
135 45.439621638487296 0.28229070090239206
136 56.79120866380423 0.28209087807340166
137 57.56679074768972 0.28196279534381224
138 59.5543019091025 0.2817496960258489
139 53.94302291525832 0.28149980399148333
140 51.390699668284995 0.2813079329412363
141 55.69822944471349 0.2811914247444312
142 49.959426705834034 0.2810796250240867
143 44.73494572385469 0.2809497531494276
144 55.82976749228809 0.28085332255711176
145 55.62402965650358 0.2806729707051173
146 67.65204398491308 0.280496195459747
147 59.48416325150653 0.2801892247157527
148 47.44794137679152 0.2797689298592828
149 39.75930703979351 0.27942687775290687
150 50.39998141454241 0.27911682230317814
151 52.080475348173245 0.2788625100608694
152 62.01296096247805 0.2785850479968601
153 56.802127828644885 0.27835974561452265
154 54.968585823032306 0.2780935897914015
155 64.85863034716982 0.2779151881879161
156 52.359033071325904 0.2778340715885077
157 55.09785546015617 0.27764728767395364
158 53.469972989213545 0.2775773207905331
159 47.224929341248234 0.27750486782117256
160 36.50094456840225 0.27745545433847374
161 40.14061751064898 0.27723070397249183
162 38.24533858861486 0.2770079561470742
163 52.51677680435894 0.2767516511185516
164 48.931747242628155 0.2765307075090593
165 52.52108524693252 0.27635738697821555
166 43.95532481792822 0.27618258041339133
167 39.66933443480349 0.2760048128166085
168 57.00380885577104 0.2757164443894957
169 48.506646627052234 0.2755291978143386
170 44.31488908118559 0.27537518172976194
171 39.37643277425972 0.2751269244038742
172 42.94784798879106 0.2749349402615236
173 53.95625951654304 0.2748039751467226
174 40.79518098756386 0.2747721830919964
175 42.93398739777969 0.27467015432737374
176 42.399640548140255 0.2745956814275985
177 43.14747012728199 0.27443947507896627
178 51.85087459126745 0.27422852901361994
179 51.23164845338271 0.27405283753570797
180 50.763500718709494 0.27386761277552235
181 45.51088478407184 0.2736470533898601
182 42.507680312836186 0.2734579627531708
183 57.80707459443264 0.27321380067563855
184 51.88175440605991 0.2730572089435144
185 43.40571978693818 0.27293891141761384
186 56.461844978494355 0.27285309270478886
187 49.14868732073377 0.2728081631392306
188 46.18651089440226 0.27279604586456896
189 54.02155270050538 0.2727471285959409
190 46.775127552944 0.272661669362821
191 46.489316403526004 0.2725600974539224
192 47.447474852323715 0.2724981357616326
193 50.87904521978207 0.272382140913649
194 45.935280839775956 0.2724262803292976
195 44.653131542716466 0.2725603143777681
196 55.031300035517106 0.27269168486168527
197 49.01848596379726 0.2728785390063434
198 40.49233060852718 0.2730025427891987
199 33.104807705133084 0.2731457022203312
200 38.56538897961812 0.2733228425352695
201 43.83958637954556 0.2735143065155437
202 33.3758387812869 0.27372960712279837
203 37.35325200365348 0.27394636004728007
204 43.934535371683594 0.2740587088570243
205 32.824548749662924 0.2741738123335079
206 43.990967670518714 0.27430720179473234
207 53.33879151710303 0.2743591366346786
208 40.08464248472868 0.27435555519003113
209 41.221357878240525 0.27431368246344967
210 43.87910281909438 0.27428882979229596
211 44.809483082122725 0.27442620118383837
212 47.19687519026385 0.27470136224502295
213 47.572531994217904 0.27489495973687234
214 38.58952629190845 0.27506550330684876
215 44.55116177267058 0.2751817568533341
216 38.0074593247245 0.2753242074033417
217 35.669932059656254 0.2754590014491135
218 44.40676851509241 0.2756166867518516
219 52.427032643607276 0.275780772739872
220 42.654858617431216 0.27601365777492304
221 49.257724661887295 0.27624366011994156
222 41.29645886358159 0.27649819988609375
223 37.22371122854772 0.2766990966847005
224 35.950924557453604 0.27693035055999293
225 41.622189818407044 0.27717646025441733
226 43.93839638670067 0.2775182548364094
227 46.543052723483385 0.27762834066106046
228 42.56818810407157 0.2776796710887224
229 42.905577665894484 0.2776212748017406
230 39.620878521786025 0.27759420277666236
231 47.35834640783004 0.277495073988567
232 38.40089013172186 0.2774579115836896
233 38.966905919811836 0.2774813051705422
234 40.643056966934196 0.2774945547698141
235 38.38460288402532 0.2775242589296143
236 40.613031688305455 0.2775446139362666
237 45.83032225546599 0.27748509876907623
238 36.08102539531329 0.277359010234878
239 39.8604411122676 0.27706606582757753
240 46.71255018474314 0.27685811232264235
241 33.96069450600145 0.27659665849323845
242 43.60025553022269 0.2762320942610824
243 33.92120867945401 0.2759621959797296
244 48.07170520675496 0.275605951903105
245 44.777565381590165 0.27522841078354815
246 41.496554150479284 0.274844629542538
247 45.07845651978615 0.2744747119793037
248 46.402600505982306 0.2740658864718678
249 31.295838522527255 0.2736644595670227
250 40.10892536531143 0.2732446392325384
251 35.812450284681084 0.27284788206932953
252 38.86275502413284 0.27246913308416687
253 32.09739049153316 0.27208444134963694
254 38.00624741924456 0.2719091729259747
255 39.62096730164774 0.2718249878988813
256 36.35790016746316 0.27190199584406183
257 41.19878964829661 0.2719408652705194
258 44.38090452589527 0.2718369681210951
259 42.86201142972344 0.27174739946198645
260 38.725817371715294 0.271646816882535
261 40.54363427099496 0.2716030804453176
262 41.288342350056396 0.27154712746887205
263 44.71907042753276 0.27141365337022494
264 53.446171089097504 0.27125292105181065
265 52.58638404429614 0.27103513482837255
266 36.4183678003788 0.27088690415487626
267 44.00119529517727 0.27078746103345697
268 42.888787612422064 0.2706653014475936
269 40.42294773124864 0.2706298679286874
270 43.19505558451838 0.2706550575455473
271 43.45986249492978 0.27060992857483324
272 35.388963364442915 0.27059120736249537
273 50.3386711460186 0.2706716598448018
274 40.15513266977642 0.2707165237308682
275 47.565574329372154 0.27071793942642025
276 40.20884221974748 0.27069704996723876
277 33.471172077047214 0.2706676767229842
278 35.20728246190601 0.2705708652426377
279 40.64615439281614 0.27058189646888575
280 45.127122907704745 0.27050679507387215
281 45.4901476322003 0.27035315241725066
282 40.690448521946635 0.2700571859642478
283 42.3418740541219 0.26985161669915236
284 42.24216946714746 0.2697032211510075
285 38.39202861889642 0.26961023290135905
286 42.11684812391485 0.2695553781712946
287 39.51659078536582 0.2695670002234968
288 48.39939550613113 0.2696623138977988
289 47.84863066385826 0.26979700118599126
290 38.415384126203136 0.26996089634439724
291 39.64232288022922 0.27014436771468997
292 40.22332502657481 0.2701637072551522
293 38.03151708281776 0.2702553871897057
294 35.77981084975844 0.2702603082353851
295 44.85368836924728 0.27030805485886367
296 46.23360591801088 0.270384654309303
297 47.7835463476476 0.270448112703885
298 42.14077067515824 0.2704764107204412
299 44.50461743535917 0.2705072430649512
300 40.785473813389466 0.2705286332217266
301 35.567979276429824 0.27056878163170806
302 44.83105291381909 0.27053486147958766
303 30.632708612029823 0.27038557434015736
304 48.03751326326996 0.27029516239280166
305 32.99485803664179 0.27014336162503416
306 52.40267127568813 0.2699759788138403
307 42.11661038477368 0.2698625512985851
308 53.63348150984815 0.2698503155553103
309 43.87456368383963 0.26973308420518116
310 37.64604293162971 0.2696494864973941
311 41.16475320667349 0.269516539296647
312 59.83021561821249 0.2693472588062069
313 39.368119076738104 0.26912107444763606
314 45.47954358646248 0.2688006297329298
315 54.771530933048126 0.268546507104294
316 50.43784880519212 0.26853851817601404
317 49.736003188211214 0.26853227627070586
318 55.26560381248014 0.268511131374236
319 44.462523906056106 0.26850813544541474
320 46.91131886451934 0.2684865782523896
321 49.907023474573165 0.2684331113596672
322 43.75701716376617 0.2683719899788786
323 52.512326381247604 0.26830592857089963
324 59.4177582381853 0.26809544538971164
325 40.13834401942074 0.2678611697692913
326 49.743982506703176 0.2676847071201849
327 46.98537194368715 0.26748590950097223
328 51.09531072423026 0.26729845657765416
329 56.861388667502 0.2670979164447272
330 43.19232197733045 0.26685874993181824
331 48.34934192880885 0.26652780241839225
332 45.249454321868456 0.26610619359781085
333 54.347801537417524 0.26572633440701027
334 47.388933144669096 0.2654229705295641
335 44.74431500426668 0.26511092929528535
336 47.6152102495457 0.2648038970399937
337 39.39675395948578 0.2645043643606323
338 33.50348515167167 0.26420343077151476
339 34.62536185013746 0.2638877779839699
340 40.106898813903854 0.26358730559807997
341 38.98233702624765 0.26330756924037413
342 44.81804540840286 0.26305535504504474
343 46.09484327096524 0.2628395913496385
344 45.041717878756735 0.26258499429216453
345 44.470582562588746 0.2624336638889783
346 43.65672392195711 0.2623923097798623
347 40.6503223894739 0.26243633848732595
348 40.040135402990344 0.2624996039952134
349 51.31038296031154 0.2625407014949932
350 36.93216050210356 0.2624739227228676
351 44.553588904419705 0.2624600241411599
352 42.74346182097441 0.26243865038399294
353 42.869760131238024 0.2624595753160361
354 39.41710459112242 0.26229490733117644
355 43.37369509853565 0.26210036379161084
356 48.33808406509533 0.26195362522264776
357 40.44052070700792 0.26180217223718577
358 30.200818624855017 0.26157338820332954
359 39.388221384326314 0.26143905717507343
360 51.27727342894022 0.2612638663250526
361 43.66655327080831 0.2611370092526285
362 36.71191290207689 0.2610846349206677
363 50.39795440428627 0.26094888734227617
364 50.577139297977425 0.2609214581946634
365 40.650781217276545 0.26082138311095593
366 36.69240967483334 0.2607462066464673
367 48.24055893195502 0.2606359219942467
368 32.412252608306574 0.26053200210743693
369 39.90205691737955 0.26050145552241455
370 48.07789418518413 0.26032032171903874
371 43.71392045529164 0.26014961892320837
372 40.77317406801639 0.26006889417458046
373 38.37580266231646 0.260028480287906
374 35.9088047869516 0.2599834529755686
375 38.078863108610484 0.2599968875844342
376 39.569557895041726 0.2598885551991163
377 30.78966879805543 0.25996102987592473
378 50.493499148453864 0.26016100139780585
379 38.544189400694506 0.26031868173854117
380 55.61020727319767 0.26044043212702883
381 35.73921328469859 0.2604924326248936
382 43.95321863006272 0.260567648312239
383 39.48849877619967 0.26065084967581365
384 40.82806109258432 0.2607578088266182
385 51.62085293126631 0.2608328557448749
386 35.19821480564931 0.26095512643556584
387 39.013122392020804 0.26107979978025897
388 36.425256525747436 0.2611672543069333
389 39.349418191803906 0.26136032203932735
390 40.667695421285956 0.26156312247481506
391 42.56090613285717 0.2617532537300967
392 39.124712808908725 0.2619550709334656
393 47.952610278128475 0.26215473201518075
394 34.331702833011775 0.2624458985205521
395 37.52049546178121 0.2627320844021883
396 34.69327132861303 0.26291506618010446
397 37.7318430811019 0.2630429510026717
398 39.784160061245515 0.26314378672071326
399 36.20833157060321 0.2631810432842486
400 34.25172535384189 0.2633170010123471
401 34.77602338175574 0.26348083035787284
402 41.91315749353476 0.26359266420754035
403 36.16104659629587 0.2636397019686022
404 39.17184431843252 0.2636132443078276
405 48.54535787954414 0.2636941564817875
406 34.15242449406278 0.26373874443813533
407 42.87030637852129 0.26382066490318506
408 57.69940845731685 0.2639569737914796
409 32.17270583468414 0.26399129076355654
410 35.92523259811644 0.2639366197217343
411 34.92699747710798 0.26381248440023897
412 38.41879008282301 0.26373456314540134
413 45.443002760382655 0.26364436128509494
414 45.05342016201472 0.2634904607892078
415 38.96768007277396 0.26338784493393774
416 53.84667611887766 0.26323548419443593
417 45.26410881323895 0.26301274144743225
418 37.837112826969346 0.26278070544928356
419 42.526602627207254 0.2624823252609868
420 35.59775152722081 0.26220237710885774
421 42.029591324396435 0.26194366932182644
422 45.150571184786145 0.2616235736572756
423 47.55889756748864 0.2612622276139095
424 49.02722233140007 0.2609595558521802
425 42.27889835476718 0.26053768147102135
426 45.91880869296428 0.2602858460481865
427 30.486124389812886 0.2599933759221258
428 47.37104856285839 0.25959797612857777
429 43.486526816470295 0.2591785250817267
430 44.9035433839548 0.2588801523387333
431 51.63442872148532 0.2585023867266675
432 43.097825567324264 0.25806009147913056
433 52.41201427744981 0.2575635923747795
434 46.92681632342272 0.2570409478985632
435 41.37454669206547 0.2566020793836642
436 46.1204022127761 0.25622044123073495
437 50.08653825267284 0.255880797639069
438 59.763464230321176 0.25561132315167284
439 57.433945766101516 0.25530792890520027
440 58.277726966533976 0.2550407306167185
441 56.22363171576119 0.2548939396349256
442 41.758477780493 0.2548141661784654
443 54.49654851626437 0.2548426081811449
444 45.172033209250465 0.25489656771649744
445 40.08991695173211 0.2548679081229714
446 45.10892898251285 0.25478043317496213
447 45.47671552432899 0.2546463664193207
448 43.86824392969176 0.2544413413628881
449 34.36518130797019 0.2542824139401497
450 41.11052881160666 0.25406342941471405
451 40.39826994957833 0.25395814429055164
452 39.84721820923433 0.2539051987608208
453 48.27041316036473 0.2539072652323664
454 41.90251579167419 0.2538928785178275
455 43.12492716115026 0.2538850178565519
456 36.85900507562123 0.2538747489713743
457 52.22879091863905 0.25365516165989305
458 34.2262686401425 0.2534060408652076
459 51.894625072688314 0.2531994999631144
460 35.28641846461932 0.25296264912494937
461 37.98638546971979 0.25268717891519765
462 34.90444889813439 0.252422730979466
463 38.03512980643518 0.2521898739828009
464 51.28786098747314 0.2519605232208203
465 39.750591438743776 0.25175478848528415
466 39.62629244130606 0.2516188852935891
467 32.28714265865047 0.2516258605920797
468 37.676020427248496 0.251596716750791
469 44.69014352070955 0.25161987618386406
470 33.94236116391362 0.25173608293425864
471 33.419803276307704 0.25180734019965045
472 38.31111526736018 0.2519444025820608
473 40.10091945585234 0.25195860527840097
474 39.72927221465061 0.2520149813137191
475 34.76177771597288 0.2519536532323402
476 41.08841308006993 0.25179497371240717
477 40.205261578564546 0.2516098396978933
478 46.325931184517955 0.2513420152397816
479 51.854772641323905 0.25102144916958335
480 41.89121370727037 0.2506912206209659
481 33.59516466684416 0.250500222398549
482 25.605594284280194 0.25027484693333435
483 39.402336077615374 0.24999573546768517
484 33.04017988708848 0.24976005248285726
485 33.65412024629022 0.2495438854877386
486 54.27187503778171 0.24932645369674997
487 38.421210439880824 0.24902490466375632
488 25.665844925409417 0.2487978041671944
489 37.00299228955794 0.24867539154447113
490 46.42280794772175 0.24849341073251416
491 51.84180751349482 0.2483464705323511
492 44.31209779275608 0.2481798136302198
493 47.8158969915278 0.2479748853816878
494 29.974236670363815 0.2476839108263758
495 32.65395370402638 0.24745551650599207
496 36.181817448470206 0.2472620810936052
497 40.683577200828815 0.24716045467853054
498 55.1233624706601 0.24710552731833985
499 46.02553236107232 0.24699861429717057
