0 38.07579292485392 0.29954686589287743
1 51.97757715298299 0.2988569790940505
2 50.18524930518407 0.298526306014058
3 58.786341238767456 0.2982404510709445
4 63.848632772960954 0.2978792192603918
5 43.95022657358501 0.297543030940376
6 39.67957658797772 0.29704620872952214
7 57.14313155064413 0.29678246599141395
8 61.12678563926194 0.2963710555900045
9 52.99714827125227 0.2959092999745416
10 58.56844182305893 0.29552289355392936
11 41.75214736018728 0.2952625031986647
12 63.31536544384413 0.2949466775615814
13 59.18630468697593 0.294545252725197
14 55.377272946040584 0.29428904192654276
15 49.68947461071593 0.2941806442686385
16 50.798123863910234 0.29414652805032815
17 35.22105448244714 0.294033333198932
18 46.76975638398103 0.29399183637718207
19 40.456817579012636 0.29389424290292104
20 46.9402343766172 0.29380385766099226
21 51.00858540721903 0.29361935951154566
22 38.4534364028825 0.29343805247240656
23 37.31200235316555 0.2932103323165245
24 28.231454647691166 0.29302237032697986
25 41.76455101396707 0.29281614298199293
26 35.920433757065396 0.29266091074459666
27 49.62962683753405 0.2925953435199116
28 35.87173414676552 0.29255239284064366
29 44.14138109498403 0.29246643200948835
30 39.650324569505116 0.2923230318200982
31 24.698159149945532 0.2921210688071862
32 35.001641601220534 0.29188195098233083
33 31.371215046924327 0.2916790987954048
34 26.650431688231023 0.29140992287994955
35 23.92272880076883 0.2911820631699436
36 25.982733181675947 0.2910137763148655
37 36.03602435521641 0.29075894446763784
38 37.970467636231945 0.2905152835173543
39 41.832227440902415 0.2903293622595145
40 33.59875107843264 0.29012737372466957
41 31.61748812975653 0.2898774266268887
42 42.725444924648656 0.28962918648999697
43 22.637294265284275 0.28934061307986314
44 36.93724672765033 0.2891062913007819
45 37.21154747356756 0.28899361975741766
46 30.427575740852483 0.2888404559394891
47 35.2905191324717 0.28865221781103534
48 32.849929417349756 0.2885045074335712
49 37.207854577067195 0.28837928387425144
50 31.184116298842547 0.288324006318164
51 46.157668205875105 0.28820731808401584
52 21.381108805801013 0.28812022015593214
53 44.20713158386475 0.28805760086615156
54 33.80666313573296 0.2879274749147263
55 34.738920984377984 0.28773888614324367
56 23.808845259244563 0.2875268727742808
57 23.124988955386577 0.28727773299323883
58 33.545195377764095 0.2869651381045389
59 25.55934189134801 0.28662521516496725
60 26.434213683062517 0.2863004024781873
61 25.101907291826734 0.28606196855956517
62 32.84030014889983 0.28595098403461433
63 29.773259620750444 0.2858861854280856
64 27.941674322730915 0.2858635262438282
65 27.35390025842884 0.2858183474643112
66 26.234681453689376 0.2857233580212093
67 38.14392740275406 0.2855900758622017
68 33.98714914827831 0.2854063574951921
69 25.681402277223626 0.28515994519031146
70 20.29484798262356 0.28497519254653825
71 30.44999387016889 0.28489537565282474
72 33.1702385481017 0.2847805989253024
73 38.86739986380561 0.28472439450437664
74 26.407710012433544 0.28464038130796315
75 28.323186979075516 0.2845533435057757
76 25.600431132608765 0.2844368429094773
77 29.457514036396404 0.2842761649593261
78 19.0450648606849 0.28415712654589637
79 32.856127337116085 0.28395870477011353
80 32.105503183485446 0.2837810999700656
81 25.070453751966923 0.2835683066685549
82 30.238843214304154 0.2833878441614217
83 22.370348395195673 0.28323471318288534
84 28.831672398782942 0.2830641564579807
85 28.204937942573988 0.2829430878696277
86 20.953996313601465 0.2827963730888352
87 35.880767967121635 0.28261712926104415
88 19.76691932085616 0.2824700290295255
89 23.91795504852208 0.28239501675628176
90 20.790876108487545 0.2823365670771101
91 27.30394092319419 0.28220709517471027
92 30.039217281284166 0.28211587410496386
93 30.1715873549229 0.28210561325985145
94 27.450229488817975 0.2821396409303581
95 29.26970957852454 0.2821805240833972
96 24.18023991699625 0.282130307590477
97 27.41623350231285 0.2821117977899999
98 32.28369622346901 0.2821727866009473
99 23.33138237525665 0.28221494043571344
100 26.893164363859235 0.2822377313555818
101 29.979706532229102 0.2822598736316447
102 27.712353067350307 0.2822422167870143
103 26.460806213497143 0.28222324439194035
104 30.063740427563847 0.2821825756020057
105 23.052824025132566 0.2820432574005033
106 30.933374990587474 0.28194455292769643
107 29.920982700281883 0.28195061955855777
108 33.58995335977267 0.2819812273107165
109 32.13370323449458 0.28209402707621895
110 31.03981203014328 0.28218276539099774
111 25.61478077416633 0.2822748947379837
112 35.63216857692676 0.2823416590817464
113 27.943096441085927 0.2824486291370805
114 30.246147339470838 0.28262842672554156
115 29.086433658586017 0.28281679888244277
116 30.113711824155132 0.28306516983740304
117 37.77125207002611 0.28328573855345357
118 30.666591047763404 0.2834298216837135
119 37.1626235435006 0.283587610783456
120 32.175853145672306 0.2836179968079498
121 39.45474167606622 0.28358255990322045
122 35.868401903521715 0.2835204665808027
123 30.479597844748387 0.283313524984051
124 42.68859531436711 0.28317844079836163
125 29.284673613657 0.28308280264918245
126 30.727362048862346 0.2830625044202369
127 22.554681257810984 0.28301539938856174
128 19.330399376528753 0.28300534737589317
129 25.903238117618017 0.28289659451871013
130 21.859934929590075 0.2827960071019948
131 25.12696057998087 0.28265444475333895
132 30.541313511439945 0.2825411233885522
133 32.31399636429555 0.28239150615447234
134 32.03725509505609 0.2823216120599309
135 33.27593191313663 0.28228622223360517
136 34.34055222525566 0.282096384071832
137 28.462160244971333 0.28191183729932384
138 36.50776133004009 0.2817026861986022
139 37.95262691794042 0.28158488769066353
140 29.763924711037728 0.2814571195819031
141 28.754863938427604 0.2813179987370781
142 26.49739720531668 0.28124532296864474
143 39.61002086992534 0.28122132091664714
144 31.91753734952777 0.2811335717088607
145 33.965556849313096 0.28094030318072666
146 46.49507554158764 0.28070314957846754
147 31.721106299565072 0.2806335072190274
148 23.104607281945963 0.28064192646497066
149 27.934854210403884 0.2806748442977756
150 38.70013604568544 0.28053605853985736
151 29.68071619001842 0.2803631914530012
152 29.120718446991233 0.28029024226361177
153 21.094522388739904 0.2802252235029474
154 34.02818678740309 0.2801412574208768
155 28.3639691207072 0.2799785184131858
156 40.586924664330084 0.27977522145297784
157 30.44695322855079 0.27957669734418095
158 41.350489825113186 0.27938823580639266
159 40.99401412534713 0.2792132360801418
160 25.720716460562215 0.27912998035912223
161 42.12583549816505 0.2790617249424638
162 40.333603893755836 0.2790539617188554
163 34.45080287316873 0.2790287466829921
164 32.30310004461053 0.27906300562266856
165 25.891692361129664 0.2790956815775402
166 35.56843204558544 0.2790175573045984
167 28.216942305579995 0.27895556995672
168 26.53791988291898 0.2788609683280227
169 27.493236416847317 0.2788313179655938
170 34.91633075492405 0.27872201381571354
171 28.814759731630282 0.27866461511914303
172 33.34673273516849 0.27852448882016145
173 20.15273869941486 0.2783784742709242
174 29.15104547071374 0.2782174215910334
175 32.763250606615436 0.2781271454294575
176 36.023132273647924 0.27809556935127394
177 29.10393349230953 0.27821510296209245
178 41.30515297848103 0.27831754494240807
179 22.05843293647544 0.2784983622564113
180 27.060626275183008 0.2786056976909914
181 37.3772052679288 0.2787406497312843
182 27.009035721226166 0.27886423705498925
183 33.237976505571204 0.27895069036214587
184 31.062927064813362 0.27911755691201234
185 37.45248087246544 0.27930221070930067
186 25.98355099886419 0.27947263989517657
187 27.67218556172129 0.2796509312781636
188 28.808996709141265 0.27994833459596236
189 29.64045007249662 0.28021458628682044
190 37.25005299669847 0.28042441271052443
191 34.36619004130005 0.2806224300256503
192 27.316956769269346 0.2807224671969109
193 44.27611873315951 0.2808082646474448
194 34.95588141698327 0.28085618708625476
195 37.89817987829224 0.2808763887216256
196 35.08539860520553 0.2809616048163602
197 29.4784400427301 0.2810051275652989
198 25.96279882181569 0.2811187053469356
199 27.596010232439763 0.2811693912959614
200 33.88166070479978 0.2813238165313632
201 30.022467136936033 0.28140994882165177
202 59.42627419395337 0.28153431283379626
203 50.61881150769467 0.2816377152243266
204 37.35907424191882 0.28163486411712313
205 33.25433052124063 0.2816677537654256
206 29.538742057338727 0.28161723058931043
207 22.44455783289624 0.2815733408767587
208 30.877285667010526 0.2814501913157795
209 23.605608395497114 0.28138155548199445
210 36.71287273479505 0.28132418627602035
211 21.309023023775726 0.2813937158356596
212 29.123502130223567 0.28142124270643115
213 32.55088252325895 0.2814063745547146
214 27.55287044564916 0.28145639986311327
215 29.240168037183203 0.2813827844271006
216 38.42592199714551 0.28134261577946384
217 32.864679301373116 0.2813797018706034
218 34.05241434461653 0.28143418329643405
219 38.85909001805801 0.2814606029832036
220 45.392074019126625 0.2815408083990996
221 35.41045481607415 0.28152196071724966
222 27.80571443229079 0.2814440940395151
223 17.647136327675767 0.2813464759344438
224 27.617841463178642 0.28125957674187035
225 26.182137002871364 0.2811926019071493
226 25.674167205882423 0.28106892414893664
227 43.58718307712928 0.28101336706898067
228 20.426476758598508 0.28097609622071723
229 36.09098634777746 0.2809042198734348
230 33.63806439854993 0.28083540724733846
231 29.157236887543206 0.2807999616377681
232 33.60803522126575 0.28064439526712587
233 28.722023157617784 0.28051572999900404
234 15.465865200504837 0.28038895749965315
235 30.18146467530807 0.2801745015347458
236 31.731233862494584 0.28003066728575116
237 32.54436194678135 0.2799385666316241
238 31.52654106537252 0.27992612148909846
239 41.15781024852407 0.27991812740808336
240 40.49318165672814 0.2798438149883945
241 32.49774131678887 0.2797354282539746
242 37.40775912388226 0.27974526438777536
243 28.468570917635354 0.27974995871073577
244 39.998573531175055 0.2798024460052983
245 25.302829982273536 0.2798944141791743
246 27.395104610001173 0.279963101709311
247 33.01201393563977 0.28001448166419984
248 30.39987341321479 0.2800732983214911
249 32.334872590557104 0.28007781138037385
250 29.32721108502109 0.2801375057583822
251 38.841002521916536 0.2801274978800215
252 37.52498856749476 0.2802335640845005
253 22.167807234995138 0.28036309893639527
254 39.20307041366365 0.2804922284519646
255 35.96089778829497 0.28063275590767217
256 29.431972811811107 0.280822710456125
257 37.14257908900937 0.28100484911835466
258 25.7960024479483 0.28108995588620383
259 29.992742748802737 0.2811351259677096
260 28.361168911898467 0.28112915825962864
261 17.036762224896474 0.28115908098138015
262 34.298850237754884 0.28104418321283914
263 33.07106217467911 0.2809160696271174
264 41.07888166694438 0.2808097323183268
265 26.27078020732418 0.2807195077413647
266 30.74469304821772 0.2805730355870935
267 35.15173297537457 0.2804523836180284
268 30.209145603439644 0.2803372877154772
269 33.31789734043684 0.2802579938969731
270 28.97127782798559 0.2801684922722544
271 24.702652075610843 0.2800410690336366
272 37.340855300952455 0.2798510607604356
273 22.55959614678237 0.27974118528041775
274 34.26228658378308 0.27973827092779807
275 32.5490831568428 0.2797582419043098
276 23.27573460080103 0.27979053151102473
277 30.03462276795917 0.27980127103661023
278 25.958194280993027 0.2797631114236311
279 35.198715131258645 0.27977168244260975
280 20.88026248961571 0.2797637279934858
281 27.984532922760682 0.27977873447885715
282 25.580070483233577 0.2798373332318567
283 29.851455398188378 0.2799568461419812
284 29.872806757305828 0.2801129442673677
285 23.594472570395737 0.2802710814179002
286 23.416435416966365 0.28045116813746257
287 34.60672229607349 0.2808366700762765
288 26.430567983750866 0.2811662145761597
289 29.407411557804526 0.28151623843407153
290 26.014908226344346 0.2817369591151539
291 20.805598741151318 0.2819890151030399
292 25.49638391131369 0.2821335604865294
293 22.617119183830244 0.28241023668275234
294 25.916641467162677 0.28260789165286804
295 22.47474824417643 0.2828097945640185
296 20.235608862993853 0.28297734015612525
297 22.84072956625339 0.2832070284447596
298 21.341399696214005 0.2833620199310085
299 19.87724534093698 0.283627631999521
300 26.87512906252001 0.2838660842087022
301 35.20976422168434 0.28414940865194843
302 32.810585344927766 0.28442917231556475
303 28.505841252842572 0.28469547463913647
304 21.48072570566879 0.285022573531655
305 25.768745851889292 0.2852467044617319
306 34.02875511613493 0.2854366757483225
307 24.13770492388828 0.28563451023838066
308 38.37094167710798 0.2858363019072314
309 29.66110857939956 0.2860223999185058
310 30.505446995237747 0.28611262051513514
311 27.5293918418394 0.2862307073146896
312 27.54562227387345 0.28634171047300416
313 17.46013336374401 0.2864883992620017
314 24.10913561167844 0.2866762560112616
315 20.02666009761626 0.2868850801675697
316 26.813499241470225 0.28709357939384456
317 24.843883916370057 0.2870984447471317
318 24.425599413244914 0.28703768230537113
319 23.081349915800573 0.28705903115568054
320 20.18729157819527 0.2872944320185011
321 26.188801791130956 0.2874744353585064
322 26.05800538602204 0.28769747249022876
323 29.151091303373356 0.28786899660825055
324 27.20609048327455 0.2880947757895889
325 26.28642617056496 0.288290466703058
326 32.82379564214635 0.28844542959891273
327 42.32622341949015 0.2886054555980424
328 31.351637012186416 0.288738268915758
329 28.513610488431816 0.2889217905875044
330 25.104368898316487 0.2891631200495639
331 30.33764264572473 0.2894865368668102
332 26.71887473255735 0.28984382963203553
333 33.79939300083326 0.2901725115773921
334 19.455025583431546 0.29046293223870734
335 24.59329440751539 0.29076906001508485
336 24.3604493222648 0.2909727135936135
337 26.959623309421318 0.2912045154646585
338 22.754315616564234 0.2913387381349624
339 36.61139230814385 0.29131931038136494
340 35.97946006720072 0.29134927676372413
341 26.45214254614504 0.2913368659552173
342 22.05762544978324 0.2912680443647835
343 24.007544469391725 0.29117328971586565
344 28.577048961222808 0.291197377491631
345 28.37444755312619 0.291181463793039
346 28.12306102224194 0.2912089955114845
347 28.659782677017414 0.2913892494855025
348 20.308897087060572 0.29153927080813974
349 20.884604497060256 0.2915422217190678
350 23.906663094147497 0.2917487060399064
351 24.456304938353718 0.29190643932419935
352 18.75915742643499 0.29199640791002396
353 28.083425047653392 0.29203354666188447
354 29.2084744440064 0.291998193649411
355 22.819235563984382 0.292042534089657
356 30.67335792259019 0.29206451820808094
357 24.44324357977583 0.29197656049382986
358 24.270874483569706 0.2920479538524034
359 23.386491468102733 0.29237094242046585
360 28.25474756736327 0.2925876327893548
361 17.01349915067058 0.2927286483295603
362 31.329586116303485 0.29287875899408394
363 21.423919474494955 0.2929614102626019
364 18.56205883003594 0.2931393528734941
365 22.003735748167827 0.29340674665242233
366 28.41240542239747 0.2937110612475569
367 22.918697048751245 0.2939290239048724
368 24.699605147079374 0.2941616297295292
369 11.277741961286438 0.294469405309994
370 18.01096157579844 0.29437398361720085
371 18.16837128088757 0.29428327535840876
372 19.62175335989078 0.293944693726534
373 29.180252384990773 0.29368160535967897
374 17.424409034795886 0.29350210261945864
375 21.85305886518697 0.29357920421972455
376 14.37693586110414 0.29368994030943635
377 22.280488249170787 0.293684270329117
378 14.55582457752731 0.29364762960803753
379 27.78764616275577 0.29357693981971295
380 20.730339637463267 0.293538451389153
381 29.553935923406698 0.2937974424314273
382 24.085983087920845 0.29404518298096244
383 16.687505666950965 0.2942638020677577
384 24.841372255764377 0.2943927888356111
385 29.958333625054166 0.2943641773155852
386 17.982758998690123 0.2944585436174343
387 25.38251804058759 0.2946545256667732
388 14.293981860056704 0.29469763931974796
389 26.4873544862168 0.29479130687639066
390 29.219856929738697 0.29493337848145534
391 21.447876176618813 0.2950370175479473
392 27.39265208952225 0.29523754731169877
393 27.268620574233374 0.29544094613513255
394 30.413557740746462 0.29564148568452836
395 29.02070799620153 0.295873323452938
396 24.643478735702296 0.2957840252980428
397 28.093070957449285 0.2956645713607135
398 26.57427938010069 0.29548378689531396
399 15.615047960449875 0.29534987702217647
400 22.116348827274912 0.2953999501876686
401 32.28900825588447 0.29551506118903414
402 23.193979489891134 0.29545489911695716
403 26.05303697523384 0.2955800250713113
404 14.184175740283974 0.2955858013694517
405 23.989075446953382 0.2958387319734445
406 20.50379461287051 0.29623445077423505
407 16.685387854085757 0.29651692377806443
408 19.067391203373063 0.2967956415085529
409 28.29798087380433 0.29729794161462
410 14.398374062403947 0.29793013380658734
411 23.58932469150401 0.2984592177131058
412 27.63382177850725 0.2987985175942402
413 22.965296734603292 0.2989041042597645
414 17.572111517029455 0.2991203721572486
415 17.927110525829654 0.2992722524888456
416 16.89025709266403 0.29946820567518145
417 22.12640658526609 0.2995624578934102
418 24.3371547964067 0.30001110064236297
419 23.601020952424363 0.3004422436520166
420 25.114118437001324 0.30088572503636235
421 26.695259981028393 0.3011552899610056
422 20.015866363384536 0.3016136955343045
423 19.148573852540334 0.3020541223774502
424 20.694226275362773 0.30263927918692324
425 32.64871886641483 0.30313780303692034
426 25.778685069264277 0.30392625182786187
427 17.746176530530803 0.30453064906483823
428 27.049541549691284 0.3053975268439457
429 26.531909394030436 0.30612676190132254
430 19.026069560287723 0.30632235638938626
431 29.879037654410297 0.30667664777719983
432 33.27711899085777 0.30691640054500874
433 21.815817123386427 0.30686721152287827
434 31.056811382210974 0.30682679557029835
435 17.018759378365733 0.30674241817694525
436 31.8254667660935 0.3066373575986332
437 28.988481659492415 0.3065700145607177
438 27.664089109627994 0.3067509179851851
439 32.85113873339938 0.3066414104597126
440 20.823280576542526 0.30664241078264415
441 29.604960904993735 0.30655206269062224
442 24.8687519602148 0.3064277632990227
443 22.905491252562214 0.3061757240835174
444 32.0906291678644 0.30589009222853575
445 28.421726851094586 0.3056126340251774
446 23.48287029768546 0.30552232841330845
447 32.64748167037867 0.3061123768795318
448 23.388103901370677 0.30671433911084584
449 19.096846679021183 0.3073918365094978
450 27.831090713910772 0.3082978380142906
451 28.163355369901225 0.30891444286406833
452 22.76164733978664 0.3093554123579732
453 28.64899266480961 0.3099478112342003
454 24.606324096482844 0.3106351414772969
455 25.87371157133506 0.31132697194584846
456 21.99916030770974 0.3118012189126304
457 22.945876349377254 0.31224292531610826
458 22.659322434728722 0.3127450284975296
459 20.596977950755623 0.3134014570053952
460 33.33433835120914 0.3146078904996723
461 28.461592143079983 0.3157452216276085
462 27.353823011908176 0.3169035811333873
463 30.87272906471592 0.31751189328584756
464 19.59944058632623 0.3177790485653528
465 22.023849142759104 0.3180980038601086
466 26.332216146486587 0.31808791288011096
467 28.941920146262255 0.318377616951624
468 27.066887329578474 0.3189838467693242
469 26.826960776833715 0.31965979812272827
470 26.69448218566025 0.32030231868755615
471 19.18322685380914 0.32098501566274495
472 13.899545948542066 0.320951530885847
473 23.09956509289914 0.32085723995495624
474 24.40699807007789 0.3199296644695962
475 18.25454315181916 0.31894691641237366
476 17.51429325400476 0.31749164251642537
477 19.612574601047548 0.3164033490928724
478 11.85333271275441 0.3152937650499194
479 27.741289608033956 0.3142594396294982
480 9.6497806987758 0.31312450970150923
481 27.146154399062493 0.31223789496305915
482 20.791277345319244 0.3113399277424626
483 15.111409732881835 0.3103773128679555
484 18.069265248326076 0.3094493314693244
485 14.823320293709306 0.3084531813908831
486 17.047809003407533 0.3074652065225267
487 17.268940561039084 0.30676217589349486
488 23.205233974740928 0.30626137138927073
489 24.533076348552882 0.3057545801234789
490 23.19451358272275 0.3053264008337513
491 24.637971981865075 0.3049463894303106
492 27.931016290319906 0.3047942629025253
493 11.449438008975768 0.3046853768332501
494 23.588928515202724 0.3044997719784445
495 23.284506910627456 0.30441045631910774
496 13.999804913565193 0.3043860025779231
497 19.2762441360046 0.30415373463530965
498 21.251166846769124 0.3036921196397973
499 28.411365948825903 0.30348072164415385
