0 88.67729355258486 [0.29821857 0.29728096 0.29634337 0.30009375 0.29915616 0.29634337
 0.29915616 1.         0.29821856 0.30571934 0.30384415 1.        ]
1 953.8541034425635 [0.29866108 0.29700018 0.2978963  0.30071169 0.30090524 0.29711043
 0.30060849 1.         0.29789951 0.30999279 0.30620921 1.        ]
2 97.38476713994734 [0.29978841 0.29821559 0.29884826 0.30134761 0.30227085 0.29844114
 0.30124253 1.         0.29667818 0.31321152 0.30865501 1.        ]
3 120.12239061888567 [0.30089459 0.29984079 0.29877087 0.30230964 0.30251232 0.29997792
 0.3017362  1.         0.29661788 0.31677104 0.31062989 1.        ]
4 129.28318124004932 [0.30153383 0.30064411 0.29868945 0.30382426 0.30268373 0.30059644
 0.3020266  1.         0.29609896 0.31987627 0.31207802 1.        ]
5 88.56735370446896 [0.30195428 0.30167142 0.29820353 0.30512191 0.30181734 0.30074597
 0.30274078 1.         0.29588515 0.32150548 0.31377323 1.        ]
6 109.14458195728474 [0.30234745 0.30205682 0.29715848 0.30602719 0.30104272 0.30085173
 0.30306026 1.         0.2962247  0.32288748 0.3158089  1.        ]
7 95.57978627850511 [0.30266867 0.30227622 0.29655805 0.30635482 0.3007377  0.30061932
 0.30258898 1.         0.29672833 0.32401344 0.31725189 1.        ]
8 93.25402854834235 [0.3026762  0.30211298 0.29564741 0.3063577  0.30042996 0.30010551
 0.3023522  1.         0.29700066 0.32481371 0.31860092 1.        ]
9 74.66291636354293 [0.30226734 0.30182492 0.29491597 0.30609273 0.29992726 0.29938341
 0.30236414 1.         0.29689219 0.32493202 0.31971198 1.        ]
10 66.83598085520924 [0.30210657 0.30144133 0.2947509  0.30574841 0.29903641 0.29849937
 0.30250728 1.         0.29732247 0.32521288 0.32043109 1.        ]
11 85.1857043863167 [0.30173915 0.30076245 0.29393789 0.30525688 0.29824757 0.29793488
 0.30229598 1.         0.29750671 0.32540782 0.32100246 1.        ]
12 70.60589553965595 [0.30136469 0.30040592 0.29315169 0.30430647 0.29773542 0.29758048
 0.3022257  1.         0.29755645 0.32547574 0.32184306 1.        ]
13 71.52419905835593 [0.30032944 0.29977728 0.2927797  0.30359133 0.2976686  0.2972848
 0.30195465 1.         0.29746179 0.32506459 0.32317467 1.        ]
14 68.23909346774774 [0.29931299 0.29942917 0.29235218 0.30246605 0.29738273 0.29721189
 0.30146682 1.         0.29745228 0.32457313 0.32444455 1.        ]
15 66.45342124293504 [0.29832088 0.29923681 0.29168863 0.30111341 0.29704584 0.29688734
 0.3010316  1.         0.29759569 0.32433873 0.32550172 1.        ]
16 78.28503261700311 [0.29738737 0.2990691  0.29070776 0.29988861 0.29639556 0.29621194
 0.30077038 1.         0.2976087  0.32409497 0.32610795 1.        ]
17 62.637777984706005 [0.29659888 0.2990027  0.28972624 0.29872836 0.29530398 0.29546885
 0.30026606 1.         0.29762035 0.32404061 0.32689993 1.        ]
18 62.81118940662286 [0.29571637 0.29863538 0.28883333 0.29744728 0.2940401  0.29501739
 0.30015536 1.         0.29767767 0.32403029 0.32721461 1.        ]
19 72.13570772875177 [0.29517048 0.29839338 0.28839539 0.29607304 0.29289986 0.29433023
 0.30008691 1.         0.29783327 0.32409468 0.3275535  1.        ]
20 45.824284993878535 [0.29498131 0.29802847 0.28799588 0.29493782 0.29168813 0.29365251
 0.29998959 1.         0.29833788 0.32422488 0.328153   1.        ]
21 480.0984412096207 [0.29449838 0.29791095 0.28748907 0.29383533 0.29075431 0.29315666
 0.29972949 1.         0.29875478 0.32451068 0.32874287 1.        ]
22 53.79918751290511 [0.29381067 0.29768112 0.28736899 0.29289262 0.29014677 0.29291045
 0.29955007 1.         0.29897067 0.32508796 0.32864871 1.        ]
23 46.523547528600346 [0.2928205  0.29758443 0.28729762 0.29179156 0.28970212 0.29284759
 0.29927533 1.         0.29937857 0.32575101 0.3281581  1.        ]
24 48.04256225963129 [0.29208963 0.29739249 0.2871332  0.29080478 0.28912088 0.29274545
 0.29926704 1.         0.29948137 0.32662647 0.32748552 1.        ]
25 41.83495992247771 [0.29156848 0.29739571 0.28720223 0.29015465 0.28801232 0.29259118
 0.29926758 1.         0.29991073 0.32738922 0.3272855  1.        ]
26 35.47936449157325 [0.29094729 0.29704174 0.28710397 0.28923518 0.28669613 0.29213531
 0.29932026 1.         0.3003346  0.3281707  0.32721722 1.        ]
27 49.62418427875113 [0.29027043 0.29678452 0.28654362 0.288461   0.2857011  0.29157473
 0.29960192 1.         0.30056784 0.32877479 0.32680237 1.        ]
28 50.85395072978049 [0.28947895 0.29657394 0.28589265 0.28765452 0.28446546 0.29084495
 0.29986607 1.         0.30073609 0.32922185 0.32652202 1.        ]
29 46.34522725763567 [0.28833131 0.29653856 0.28553603 0.28679816 0.28323443 0.29001662
 0.30017926 1.         0.30073127 0.32970058 0.3261868  1.        ]
30 47.14401710792828 [0.28752442 0.29641236 0.28523772 0.28595138 0.28185695 0.2892078
 0.30073709 1.         0.3004895  0.33009758 0.32609101 1.        ]
31 47.482317502396796 [0.28716064 0.29641496 0.28490362 0.28507775 0.28056504 0.28846947
 0.30112565 1.         0.30019035 0.33014927 0.32579401 1.        ]
32 44.324206383992646 [0.28683361 0.29640038 0.28469989 0.284382   0.27929491 0.28760157
 0.30163374 1.         0.29975166 0.33049922 0.32539646 1.        ]
33 48.6060270441736 [0.28635579 0.29618344 0.28435615 0.28369466 0.27812471 0.28704992
 0.30209218 1.         0.29960382 0.33050382 0.32542901 1.        ]
34 41.53588685223919 [0.28624817 0.29612743 0.28391372 0.28295171 0.27713134 0.28661057
 0.30230354 1.         0.29935344 0.33057368 0.32563432 1.        ]
35 43.84696425713698 [0.28615327 0.29618258 0.28350243 0.28216742 0.27635702 0.28621556
 0.30250525 1.         0.29903561 0.33072504 0.32582227 1.        ]
36 40.48692317265925 [0.28595457 0.29589944 0.28311772 0.28137247 0.27574086 0.28563176
 0.30275196 1.         0.29891581 0.33083662 0.32615577 1.        ]
37 35.18306659944348 [0.2858081  0.29540468 0.28228008 0.28083817 0.27522507 0.28486641
 0.30281192 1.         0.29838889 0.33099693 0.32622702 1.        ]
38 51.88584648597827 [0.2855482  0.29519908 0.28153851 0.28013748 0.27468131 0.28415384
 0.30314982 1.         0.29805599 0.33143265 0.32583389 1.        ]
39 30.83326863718454 [0.28534573 0.29499886 0.28069111 0.2795976  0.27418691 0.28366263
 0.30303238 1.         0.29767579 0.3318029  0.32545301 1.        ]
40 38.83041709246736 [0.28539446 0.29488934 0.27963208 0.27885526 0.27383619 0.28320422
 0.30304734 1.         0.29743947 0.3313162  0.32494319 1.        ]
41 37.359942898889486 [0.28552246 0.2947585  0.27845596 0.27862907 0.2737172  0.28276202
 0.3032785  1.         0.29742618 0.33063697 0.3243938  1.        ]
42 37.79421307565033 [0.2854077  0.29479016 0.27722813 0.27840315 0.27369029 0.28222883
 0.30344994 1.         0.29747786 0.33004788 0.32407575 1.        ]
43 56.31850668730729 [0.28529974 0.29414477 0.2759292  0.27828898 0.27391515 0.28165718
 0.30356542 1.         0.2978991  0.32943791 0.32385405 1.        ]
44 32.93470327589563 [0.28524184 0.29353832 0.27477285 0.27816871 0.2741441  0.28127479
 0.30386813 1.         0.2981623  0.32910828 0.32354423 1.        ]
45 44.372113782954415 [0.2852872  0.29305356 0.27394828 0.27788262 0.27434494 0.28134375
 0.30418405 1.         0.29858271 0.32862556 0.32341645 1.        ]
46 38.42755742146072 [0.28531498 0.29255235 0.2731056  0.27756612 0.27448982 0.28136999
 0.30456391 1.         0.2990687  0.32833335 0.32335194 1.        ]
47 31.176564271970694 [0.28520174 0.29213361 0.27221009 0.27695399 0.27441918 0.28144481
 0.30489958 1.         0.29933992 0.32808346 0.32310016 1.        ]
48 32.711877587532825 [0.28516002 0.29169664 0.27130504 0.27623512 0.27447754 0.28141727
 0.30553948 1.         0.29962436 0.32784473 0.32291351 1.        ]
49 24.82175906480446 [0.28530821 0.29165526 0.27029331 0.27545188 0.27420175 0.28130924
 0.30630152 1.         0.29963063 0.32762679 0.32259801 1.        ]
50 31.311844784944114 [0.28524688 0.29156107 0.26933173 0.27442277 0.2738011  0.2809887
 0.30696108 1.         0.29985203 0.32777209 0.32207536 1.        ]
51 30.681907350388144 [0.28522298 0.29139588 0.26841211 0.27352503 0.27353267 0.28058655
 0.30772806 1.         0.30007822 0.32773913 0.32157169 1.        ]
52 19.005630844226125 [0.28473678 0.29151158 0.26768413 0.27245447 0.27311805 0.28027242
 0.30812302 1.         0.30047174 0.327619   0.32135112 1.        ]
53 22.78186745454704 [0.2844688  0.29163844 0.26666456 0.27116253 0.27271052 0.27985091
 0.30866371 1.         0.30099286 0.32756995 0.32130909 1.        ]
54 20.147390109585604 [0.28384832 0.29193681 0.26569778 0.26991296 0.27247451 0.27977118
 0.30930893 1.         0.301466   0.32749408 0.32119068 1.        ]
55 25.37279910542444 [0.2829014  0.29199347 0.26451821 0.26869856 0.27199388 0.27962051
 0.31023919 1.         0.30160264 0.32751373 0.32131803 1.        ]
56 27.86070240996359 [0.28209631 0.29232067 0.26363943 0.26733769 0.27151111 0.27951395
 0.31084578 1.         0.30171952 0.32747152 0.32151434 1.        ]
57 454.49478471162274 [0.28124321 0.29235725 0.26281081 0.26611243 0.27088169 0.27936134
 0.31143468 1.         0.30173534 0.32738359 0.32150441 1.        ]
58 26.082283891274816 [0.28048385 0.29228047 0.26187354 0.26481209 0.27023561 0.27928052
 0.31146923 0.99999999 0.30198967 0.32698542 0.32179174 0.99999999]
59 442.1500277201691 [0.27970292 0.291992   0.26117112 0.2635945  0.26967874 0.2791075
 0.31159887 0.99999999 0.30227451 0.32653504 0.32206471 0.99999999]
60 443.6241740688475 [0.27923761 0.29189092 0.26057797 0.26263879 0.26916504 0.27891256
 0.31170165 0.99999999 0.30233484 0.32588484 0.32245036 0.99999999]
61 26.69379297018618 [0.27848769 0.29164728 0.26013385 0.26185447 0.26855086 0.27848703
 0.31192246 0.99999999 0.30280599 0.32498229 0.32279992 0.99999999]
62 28.178882476945383 [0.27782643 0.29093638 0.25974907 0.26138682 0.26799698 0.27818012
 0.31244004 0.99999999 0.3032646  0.3243046  0.32330232 0.99999999]
63 21.18971511547072 [0.27705647 0.29026738 0.259182   0.26094298 0.26727191 0.27809705
 0.31298156 0.99999999 0.30379299 0.32376451 0.32402427 0.99999999]
64 20.17656038273225 [0.27636636 0.28969965 0.25854809 0.26066391 0.26665602 0.27791377
 0.31368176 0.99999999 0.30390794 0.32331009 0.32478987 0.99999999]
65 29.452395733302666 [0.27557684 0.28920763 0.25781094 0.26049128 0.26615464 0.27756404
 0.31467843 0.99999999 0.30392096 0.32309777 0.32538519 0.99999999]
66 20.780938660169582 [0.27497224 0.28904005 0.25710225 0.26017246 0.26564903 0.27679301
 0.31601291 0.99999999 0.30397518 0.32264557 0.32591365 0.99999999]
67 25.345027131226594 [0.27463958 0.28902179 0.25647956 0.25973513 0.26495491 0.27618583
 0.31731433 0.99999999 0.30390734 0.32209975 0.32594783 0.99999999]
68 20.489850197980616 [0.27438774 0.28895428 0.25566675 0.25952996 0.26419763 0.27548857
 0.31874039 0.99999999 0.3035414  0.32146632 0.32597757 0.99999999]
69 30.37877302801636 [0.27431781 0.28884362 0.25484802 0.25943375 0.26338857 0.27500765
 0.31997676 0.99999999 0.30305204 0.32129859 0.32588194 0.99999999]
70 19.887148933525097 [0.27411726 0.28888153 0.25405084 0.25916263 0.26262185 0.27443755
 0.3209133  0.99999999 0.3025769  0.32098164 0.32572003 0.99999999]
71 18.66442844123457 [0.27413004 0.28877102 0.25337934 0.25862613 0.26168039 0.27383703
 0.32186002 0.99999999 0.30230789 0.32087081 0.32570806 0.99999999]
72 19.145523550960178 [0.27408579 0.28836996 0.25278467 0.25795698 0.2606432  0.27315755
 0.32277842 0.99999999 0.30200538 0.32080256 0.32578152 0.99999999]
73 19.75640147661947 [0.27365416 0.28806339 0.2523099  0.25735644 0.25941137 0.27224308
 0.32385756 0.99999999 0.30185523 0.32039881 0.3258738  0.99999999]
74 16.161230803653332 [0.27314772 0.28761987 0.25196834 0.25682615 0.25819062 0.2712874
 0.32431913 0.99999999 0.30176264 0.31986973 0.32604078 0.99999999]
75 17.739321194510726 [0.27287126 0.28719192 0.25150234 0.25635114 0.25699301 0.27058499
 0.32471527 0.99999999 0.30177826 0.31954798 0.32624674 0.99999999]
76 20.385671304034126 [0.27277324 0.28689538 0.25106921 0.25592063 0.25611308 0.26996237
 0.32487719 0.99999999 0.30178087 0.31911582 0.32672369 0.99999999]
77 19.63728913246701 [0.27274574 0.28658541 0.25063359 0.2554466  0.25499336 0.26932555
 0.32517265 0.99999999 0.3017652  0.31831942 0.32714595 0.99999999]
78 18.22881724294733 [0.27275304 0.286209   0.25007966 0.25503838 0.25370454 0.26838326
 0.3254983  0.99999999 0.30179528 0.31815452 0.32765622 0.99999999]
79 17.58727951532488 [0.27279812 0.2856391  0.24923242 0.25469005 0.25263801 0.26758416
 0.32615236 0.99999999 0.30183053 0.31779176 0.32825222 0.99999999]
80 13.00962699431409 [0.27246559 0.28516756 0.24842227 0.25418011 0.25130553 0.26693057
 0.32665925 0.99999999 0.30177672 0.31748639 0.32897097 0.99999999]
81 21.471259825965078 [0.27217422 0.28480284 0.2476891  0.25378346 0.24994998 0.26648284
 0.3270113  0.99999999 0.3016477  0.31734534 0.32936223 0.99999999]
82 439.43145656200875 [0.27184538 0.2844871  0.24701757 0.25360658 0.24868685 0.2661472
 0.32733949 0.99999999 0.3018116  0.31724523 0.33005756 0.99999999]
83 28.89951710498996 [0.27130549 0.2840323  0.24618665 0.25321984 0.24773116 0.2659915
 0.32783301 0.99999999 0.30179566 0.31708976 0.3308214  0.99999999]
84 20.701296920871787 [0.27055121 0.28370142 0.24528923 0.25293561 0.24678086 0.26579726
 0.32826413 0.99999999 0.30165334 0.31662916 0.33151026 0.99999999]
85 19.753206376238527 [0.2699362  0.28333801 0.24431621 0.25242883 0.24614013 0.26586516
 0.32859221 0.99999999 0.30159033 0.31635037 0.33224717 0.99999999]
86 18.271139805504795 [0.26932144 0.28291812 0.24342253 0.25216825 0.24553675 0.26560347
 0.32862054 0.99999999 0.30155453 0.31609725 0.33306602 0.99999999]
87 16.51141760116503 [0.26863416 0.28249847 0.24258479 0.25206581 0.24483119 0.26540696
 0.32857102 0.99999999 0.30146437 0.31601676 0.33382436 0.99999999]
88 17.42512611113274 [0.26787957 0.28235028 0.24160764 0.25204788 0.2441355  0.265362
 0.32864915 0.99999999 0.30157    0.31604017 0.33446639 0.99999999]
89 14.01136337489231 [0.26725148 0.28234417 0.24059437 0.25191426 0.24350898 0.26534441
 0.32886283 0.99999999 0.30156006 0.31583598 0.33533376 0.99999999]
90 22.21352603070374 [0.26677297 0.28218752 0.23946907 0.25189409 0.24287057 0.26519499
 0.32925578 0.99999999 0.30140664 0.31537388 0.33600814 0.99999999]
91 440.2363474270953 [0.26640803 0.28236113 0.23832926 0.25173876 0.24241954 0.26481372
 0.32968118 0.99999999 0.30128149 0.31459729 0.33643911 0.99999999]
92 12.6567663568986 [0.26613553 0.28263111 0.237301   0.25181977 0.2420025  0.26456927
 0.33025972 0.99999999 0.30118987 0.31392941 0.33676806 0.99999999]
93 16.091495105780524 [0.26621487 0.28295165 0.23630934 0.25175973 0.24164594 0.26449533
 0.33068952 0.99999999 0.30100548 0.31319824 0.33720041 0.99999999]
94 13.664100844256758 [0.26631366 0.28322314 0.23540054 0.2516932  0.24127194 0.26435727
 0.3307662  0.99999999 0.30068421 0.31244147 0.33751324 0.99999999]
95 435.5746638493425 [0.26641338 0.28352757 0.23462975 0.25176662 0.24093904 0.26436242
 0.33029691 0.99999999 0.30056519 0.3116714  0.33806836 0.99999999]
96 21.49675055235396 [0.2661405  0.28368751 0.23391449 0.25189639 0.24054015 0.26447732
 0.3299244  0.99999999 0.30046055 0.31107466 0.33865005 0.99999999]
97 16.731264623880563 [0.26599734 0.28372394 0.23321239 0.25189163 0.24020214 0.26452599
 0.33015849 0.99999999 0.30052589 0.31058234 0.33922081 0.99999999]
98 17.580251741750278 [0.2661811  0.28371399 0.23253241 0.25200959 0.23993604 0.26423235
 0.33009573 0.99999999 0.30054354 0.31003448 0.33957888 0.99999999]
99 14.39314813982841 [0.26592687 0.28365605 0.23188959 0.25203279 0.23946472 0.26400507
 0.32989361 0.99999999 0.30056447 0.3095876  0.33981961 0.99999999]
100 13.643926228247185 [0.26561872 0.28375825 0.23124748 0.25214402 0.23906082 0.26382368
 0.32988311 0.99999999 0.30064554 0.3091091  0.33956112 0.99999999]
101 15.619971296576002 [0.26516781 0.28393716 0.23080535 0.25232012 0.23879666 0.26393553
 0.33036037 0.99999999 0.30038638 0.30871357 0.33919187 0.99999999]
102 13.069678784863129 [0.26478232 0.28403174 0.23049225 0.25239161 0.23854719 0.26392582
 0.33075756 0.99999999 0.30027354 0.30836949 0.33896299 0.99999999]
103 13.735782388140336 [0.26438709 0.28427246 0.2302098  0.25256979 0.2381838  0.26390336
 0.33136522 0.99999999 0.30024442 0.30784025 0.33867039 0.99999999]
104 11.248851376885867 [0.26390653 0.28446267 0.2299742  0.25288805 0.23769128 0.26404064
 0.3316402  0.99999999 0.30042945 0.30737165 0.33871891 0.99999999]
105 11.390957578773023 [0.26352517 0.28446577 0.22977508 0.25334548 0.23747286 0.26400118
 0.33214089 0.99999999 0.30051208 0.3067523  0.33885469 0.99999999]
106 13.466378116592043 [0.26304369 0.28454939 0.22963371 0.25371868 0.23725397 0.26367417
 0.3323845  0.99999999 0.30055173 0.30605302 0.33931814 0.99999999]
107 12.164937378921675 [0.26275292 0.28432458 0.229503   0.25410389 0.23700868 0.26350123
 0.33268149 0.99999999 0.30058452 0.30513144 0.33932056 0.99999999]
108 9.626078825666912 [0.26273864 0.28411025 0.22943337 0.2544398  0.23680308 0.26339545
 0.33276695 0.99999999 0.30054262 0.30439351 0.33924506 0.99999999]
109 12.003879278523183 [0.26293279 0.28380391 0.22921162 0.25467513 0.23683448 0.26287456
 0.3329165  0.99999999 0.30046641 0.30371751 0.33929112 0.99999999]
110 11.805400444455433 [0.26315124 0.28346618 0.22895145 0.25493579 0.23662365 0.262348
 0.33300467 0.99999999 0.30050832 0.30288569 0.33898495 0.99999999]
111 9.885966468945245 [0.26339757 0.28310926 0.22875836 0.25545303 0.23630011 0.26179766
 0.33284023 0.99999999 0.30075492 0.30203833 0.33878708 0.99999999]
112 11.944760938217382 [0.26350578 0.28275783 0.22835269 0.25589106 0.23590593 0.26118524
 0.33252249 0.99999999 0.30101328 0.30115095 0.3386555  0.99999999]
113 9.283253620192006 [0.26325761 0.28217665 0.22806562 0.25620744 0.23552617 0.26057965
 0.3320007  0.99999999 0.30119486 0.30053635 0.33849974 0.99999999]
114 10.162075232338672 [0.26313916 0.28173406 0.22769377 0.25671692 0.2349994  0.2599687
 0.33140376 0.99999999 0.30125272 0.29968367 0.33839586 0.99999999]
115 9.503756898058818 [0.26320465 0.28106971 0.22732732 0.25699772 0.23461331 0.25949884
 0.33086704 0.99999999 0.30118639 0.29894281 0.33860178 0.99999999]
116 13.147780332646088 [0.26319511 0.28045497 0.22693127 0.25729841 0.23422228 0.25908155
 0.33040426 0.99999999 0.3011021  0.29820451 0.33861352 0.99999999]
117 11.739792559244155 [0.26320606 0.27993626 0.22642063 0.25740714 0.2336431  0.25834179
 0.33006078 0.99999999 0.30080492 0.29732524 0.33869296 0.99999999]
118 9.142944331276372 [0.26312642 0.27913473 0.22592282 0.2571536  0.233244   0.25784352
 0.32986218 0.99999999 0.30046285 0.29655318 0.33909652 0.99999999]
119 8.897360976993905 [0.26311812 0.27842964 0.22532017 0.25679657 0.23294936 0.25736318
 0.32970015 0.99999999 0.29988607 0.29589956 0.33944036 0.99999999]
120 9.517223514142417 [0.26295979 0.27753467 0.22475298 0.25652926 0.2329354  0.25703458
 0.32932761 0.99999999 0.29919492 0.29536846 0.33951733 0.99999999]
121 7.935184836186958 [0.26267037 0.27650507 0.22430765 0.25645396 0.2327955  0.25641914
 0.32883086 0.99999999 0.29864877 0.29476947 0.33975972 0.99999999]
122 9.270648132469196 [0.26216689 0.27545605 0.22378216 0.25642117 0.23256889 0.25539303
 0.3285997  0.99999999 0.2980215  0.29430393 0.34014801 0.99999999]
123 8.25777594555856 [0.26174269 0.27442551 0.22326051 0.25635318 0.23234366 0.25451584
 0.32829405 0.99999999 0.29721957 0.29407531 0.3402713  0.99999999]
124 10.549494595087673 [0.26131258 0.27368136 0.22280324 0.25622226 0.23190864 0.25376166
 0.32806833 0.99999999 0.2965283  0.29395576 0.34079525 0.99999999]
125 9.972006411532067 [0.26107496 0.27316466 0.22242307 0.25603124 0.23141168 0.25319731
 0.3278374  0.99999999 0.29590118 0.29387067 0.34154196 0.99999999]
126 7.514947328592829 [0.26073426 0.27280276 0.2220831  0.25592684 0.23102341 0.25268822
 0.32749673 0.99999999 0.29558145 0.29387053 0.34181356 0.99999999]
127 10.057000432905625 [0.26047808 0.2725685  0.22174957 0.25571898 0.23025469 0.25201994
 0.32721204 0.99999999 0.29540993 0.2939899  0.34206534 0.99999999]
128 9.264243013089548 [0.26024754 0.27273989 0.22156143 0.25552404 0.22956121 0.25115427
 0.32689484 0.99999999 0.29548307 0.29423078 0.34237416 0.99999999]
129 12.165452191259956 [0.2598177  0.27268866 0.22158695 0.2552249  0.22890851 0.25022622
 0.32657503 0.99999999 0.29574813 0.29467144 0.34267126 0.99999999]
130 12.515891919651292 [0.2590081  0.27259855 0.22147735 0.2550536  0.22827554 0.2495592
 0.326105   0.99999999 0.29587169 0.294961   0.34346735 0.99999999]
131 9.45678971144519 [0.25833563 0.27229652 0.2212496  0.25471572 0.22768145 0.24913124
 0.3258331  0.99999999 0.29610737 0.29509741 0.34385272 0.99999999]
132 8.404779262991163 [0.25778551 0.27191479 0.22093423 0.2542324  0.22702562 0.24891344
 0.32574436 0.99999999 0.29627099 0.29535328 0.3442618  0.99999999]
133 9.288359315223115 [0.25736064 0.27152906 0.22051814 0.25379221 0.22633866 0.24861307
 0.32573657 0.99999999 0.29659888 0.29554891 0.34457902 0.99999999]
134 7.380505580032776 [0.25702721 0.27103282 0.22008598 0.25330642 0.22573898 0.24838038
 0.32573029 0.99999999 0.29677768 0.29577472 0.3450558  0.99999999]
135 7.518261169195273 [0.25652001 0.27077167 0.21961702 0.25274525 0.22529494 0.24842813
 0.32582506 0.99999999 0.29698805 0.29576421 0.34516993 0.99999999]
136 7.052297846867331 [0.25597806 0.27069456 0.21920473 0.25230611 0.22495475 0.24836239
 0.32571783 0.99999999 0.29749721 0.29566409 0.34535192 0.99999999]
137 8.932506038374235 [0.25531808 0.27053655 0.2188726  0.25206126 0.2247207  0.24822263
 0.32567948 0.99999999 0.29784386 0.29551159 0.34526954 0.99999999]
138 7.759894143374577 [0.25460008 0.27034272 0.21851452 0.25164038 0.22424902 0.24806813
 0.32578217 0.99999999 0.29813444 0.29558553 0.34495717 0.99999999]
139 7.765266148787999 [0.25421277 0.27029209 0.21817651 0.2512383  0.22372892 0.24787438
 0.32599316 0.99999999 0.29874101 0.29561293 0.34488856 0.99999999]
140 6.119945021522951 [0.25377562 0.27015118 0.21786292 0.25095729 0.22340252 0.24766784
 0.32616907 0.99999999 0.29918482 0.29568189 0.34443979 0.99999999]
141 7.738296896920417 [0.25323168 0.27010501 0.21753236 0.25063646 0.22301438 0.24747661
 0.32632962 0.99999999 0.29972971 0.29562869 0.34396108 0.99999999]
142 10.403718140848765 [0.25275609 0.26991039 0.21710762 0.25038449 0.22249479 0.2473958
 0.32631467 0.99999999 0.2999673  0.2955565  0.34356754 0.99999999]
143 6.003513788881051 [0.25223814 0.26974032 0.21670292 0.2502521  0.22207947 0.24739256
 0.32611503 0.99999999 0.3001396  0.29552961 0.34326797 0.99999999]
144 8.678793470576506 [0.25178546 0.2693824  0.21624937 0.25012554 0.22180945 0.24726747
 0.3258064  0.99999999 0.30008378 0.29542714 0.34289759 0.99999999]
145 7.010477512933852 [0.251468   0.26878867 0.21560148 0.24981934 0.22167617 0.24720237
 0.32511767 0.99999999 0.30014919 0.29558456 0.34270621 0.99999999]
146 5.736923196336772 [0.25116825 0.26825875 0.21494293 0.24956584 0.22156413 0.24724446
 0.32455901 0.99999999 0.29988619 0.29558609 0.34262062 0.99999999]
147 7.984552993732975 [0.25063809 0.2677441  0.21428606 0.24933887 0.22139048 0.24736975
 0.32389546 0.99999999 0.29926947 0.29563349 0.34278199 0.99999999]
148 5.7566599009782085 [0.25015887 0.26745883 0.21371167 0.24892397 0.22101952 0.24706574
 0.32338893 0.99999999 0.29881463 0.29565154 0.34281272 0.99999999]
149 6.619963490772935 [0.24934228 0.26731652 0.21309378 0.24850555 0.2206372  0.2469284
 0.32263952 0.99999999 0.29821013 0.29562454 0.34270075 0.99999999]
150 4.814398232553826 [0.24884748 0.26707009 0.21249248 0.24784823 0.22011094 0.24667042
 0.32213783 0.99999999 0.29785281 0.29566418 0.34266053 0.99999999]
151 4.374455121841432 [0.24849293 0.2670421  0.21194671 0.24719542 0.21961008 0.24644634
 0.32149665 0.99999999 0.29737257 0.29573104 0.34262754 0.99999999]
152 7.120141081726764 [0.24812212 0.26681418 0.21156127 0.24643841 0.21905259 0.24618549
 0.3208693  0.99999999 0.29692931 0.29588325 0.3426059  0.99999999]
153 4.905644111279636 [0.24779768 0.26671365 0.2112837  0.24570196 0.21840502 0.24595461
 0.32033266 0.99999999 0.29625792 0.29624385 0.34283069 0.99999999]
154 4.6600128714721025 [0.24744565 0.26671794 0.21101437 0.24497183 0.21779068 0.24587708
 0.31967746 0.99999999 0.29556508 0.2966139  0.34288597 0.99999999]
155 7.25177818337866 [0.2472955  0.26651079 0.21078751 0.24434427 0.21727669 0.24583991
 0.31927415 0.99999999 0.29484329 0.29667503 0.34287619 0.99999999]
156 6.678812472240738 [0.24737541 0.26641149 0.21045681 0.24351932 0.21693372 0.24561039
 0.31892239 0.99999999 0.29446404 0.29681872 0.34277956 0.99999999]
157 5.793313058248737 [0.24735841 0.26650496 0.21012786 0.24271396 0.21662239 0.2455108
 0.31862871 0.99999999 0.29387391 0.29728831 0.34243843 0.99999999]
158 5.362844567565549 [0.24733699 0.26660051 0.20975835 0.24191535 0.21628368 0.24542515
 0.31894508 0.99999999 0.29334034 0.29765381 0.34214542 0.99999999]
159 6.354054940979838 [0.24747194 0.26663417 0.20950693 0.240937   0.2159143  0.24526768
 0.31940407 0.99999999 0.29288961 0.29806085 0.3422698  0.99999999]
160 8.662139076210769 [0.24734943 0.26691762 0.20931257 0.23987726 0.21551895 0.24521287
 0.3195757  0.99999999 0.29259493 0.2984198  0.34268523 0.99999999]
161 5.9061941731536765 [0.24723549 0.26700644 0.20911728 0.23900759 0.21520756 0.24497277
 0.31986654 0.99999999 0.29262659 0.29888578 0.34290447 0.99999999]
162 6.830973354541443 [0.24701907 0.26680018 0.20889478 0.2382671  0.21487613 0.24458658
 0.32012942 0.99999999 0.2924803  0.29928242 0.34315709 0.99999999]
163 6.635673116471591 [0.24691292 0.26665153 0.20874837 0.23745369 0.21473451 0.24415025
 0.32030049 0.99999999 0.29216535 0.29964696 0.3436628  0.99999999]
164 7.297787514910457 [0.24686128 0.26654921 0.20874984 0.23690516 0.2144238  0.24380967
 0.320527   0.99999999 0.29197724 0.30009703 0.34441285 0.99999999]
165 8.387541811508656 [0.24711767 0.26680674 0.20857051 0.23636726 0.21395579 0.24359214
 0.3205475  0.99999999 0.29146139 0.30046863 0.34482931 0.99999999]
166 6.16526712710156 [0.24757191 0.26706396 0.20849244 0.23579922 0.213547   0.24336086
 0.32104837 0.99999999 0.29109653 0.30087363 0.34522819 0.99999999]
167 7.5555956170526315 [0.24803446 0.26741888 0.20821042 0.23523858 0.21324169 0.24333359
 0.32120817 0.99999999 0.29079431 0.30100662 0.3456332  0.99999999]
168 6.99671263532098 [0.24845913 0.26773003 0.20803975 0.23477763 0.212945   0.24327483
 0.32165116 0.99999999 0.29025113 0.3012692  0.34577187 0.99999999]
169 8.48846621099722 [0.24879232 0.26773916 0.20789736 0.23443735 0.21264573 0.24345149
 0.32186401 0.99999999 0.28980418 0.30141279 0.34601618 0.99999999]
170 8.90924321393021 [0.24890642 0.26780106 0.20758261 0.23401255 0.21241905 0.24372779
 0.32232933 0.99999999 0.28933136 0.30156725 0.3461085  0.99999999]
171 6.799878213805037 [0.24899201 0.26788175 0.20721698 0.23336288 0.21204333 0.24399186
 0.32292172 0.99999999 0.28892777 0.30167538 0.34625351 0.99999999]
172 7.4846623873405695 [0.24912753 0.26790988 0.20693965 0.23264314 0.21155841 0.2441345
 0.32362681 0.99999999 0.28848842 0.30170771 0.34649026 0.99999999]
173 9.371164694169885 [0.24926614 0.26787775 0.20659836 0.23214864 0.21111409 0.24409798
 0.32406981 0.99999999 0.28842019 0.30193598 0.34681644 0.99999999]
174 7.064408548270901 [0.24930473 0.2679879  0.20626856 0.23174785 0.21078384 0.24395752
 0.32429131 0.99999999 0.28837859 0.30200833 0.3471311  0.99999999]
175 6.500474276659316 [0.24923704 0.26800745 0.20595264 0.23129972 0.21040857 0.24384167
 0.32421372 0.99999999 0.28827112 0.30207378 0.34743996 0.99999999]
176 4.932252219442722 [0.24916279 0.26797365 0.2057047  0.23089343 0.21008225 0.24370483
 0.32419624 0.99999999 0.28812491 0.30238234 0.34756387 0.99999999]
177 6.655254364930586 [0.24906564 0.26794902 0.20546063 0.23059769 0.20955507 0.24352164
 0.32377702 0.99999999 0.28798244 0.30272004 0.34790083 0.99999999]
178 6.772236398494345 [0.24887188 0.26785087 0.2051861  0.23034302 0.20904746 0.24336406
 0.32366811 0.99999999 0.2877811  0.30302185 0.34818804 0.99999999]
179 6.287908331222805 [0.24876074 0.26781965 0.20487038 0.23005306 0.20858725 0.24338635
 0.32364967 0.99999999 0.28756872 0.3033648  0.34841455 0.99999999]
180 5.085719338847488 [0.24874444 0.2677714  0.20442024 0.22970658 0.20813807 0.24344277
 0.32387305 0.99999999 0.28700002 0.30383319 0.34871908 0.99999999]
181 424.1967454817883 [0.24867467 0.26769099 0.20411021 0.22923936 0.20768796 0.24346311
 0.32410211 0.99999999 0.28638547 0.30448284 0.3488571  0.99999999]
182 5.2251331013318545 [0.24868752 0.26735594 0.20371987 0.2286312  0.20724749 0.24382209
 0.32441249 0.99999999 0.28583865 0.30521558 0.34913027 0.99999999]
183 6.762341224964279 [0.24855839 0.26697973 0.20344335 0.22799213 0.2067129  0.24403747
 0.32428091 0.99999999 0.2852206  0.30557443 0.34960785 0.99999999]
184 6.675822238748337 [0.24840789 0.26666166 0.20317997 0.22750862 0.20631506 0.24399522
 0.32415577 0.99999999 0.2848061  0.3059787  0.34982632 0.99999999]
185 6.202822545801515 [0.24846474 0.26621815 0.20276097 0.22688337 0.20579577 0.24405136
 0.32409669 0.99999999 0.28430132 0.30600324 0.34974432 0.99999999]
186 7.15127847066494 [0.24838401 0.26590193 0.20249831 0.2262672  0.20520524 0.24414564
 0.32401435 0.99999999 0.28379712 0.30593098 0.34954598 0.99999999]
187 8.74655641758596 [0.2481315  0.26565614 0.20228946 0.22565443 0.20475621 0.24428651
 0.32393838 0.99999999 0.2833403  0.30597626 0.34944975 0.99999999]
188 8.762174833039104 [0.24746922 0.26540495 0.20215907 0.22516981 0.20438798 0.24456274
 0.32399779 0.99999999 0.28296591 0.30637151 0.34907103 0.99999999]
189 7.031603224495948 [0.24688818 0.2651461  0.2019616  0.22478052 0.20396952 0.24494277
 0.32419793 0.99999999 0.28265279 0.30664708 0.34886715 0.99999999]
190 6.938385647487266 [0.24647928 0.2649244  0.20180726 0.22438792 0.2036225  0.24553722
 0.32439559 0.99999999 0.28239616 0.30668991 0.34856517 0.99999999]
191 6.939644761975307 [0.24598583 0.26489652 0.20159429 0.22396926 0.20330188 0.24600239
 0.32461921 0.99999999 0.28226226 0.3068582  0.34847573 0.99999999]
192 7.9170348566012425 [0.24567521 0.26494229 0.20140314 0.22342266 0.20305917 0.24653933
 0.32515815 0.99999999 0.28218437 0.307046   0.34837726 0.99999999]
193 6.483394737466343 [0.24563604 0.26496084 0.20116092 0.22285737 0.20284511 0.24711274
 0.32536439 0.99999999 0.28186047 0.30731073 0.34821311 0.99999999]
194 6.452813385430032 [0.24557142 0.265112   0.20089915 0.22245842 0.20250376 0.24757471
 0.32571111 0.99999999 0.28179694 0.30736926 0.34765828 0.99999999]
195 3.6317556320250084 [0.24558481 0.26524549 0.20063589 0.22221147 0.20220644 0.24802334
 0.32589357 0.99999999 0.28191607 0.30727562 0.34717476 0.99999999]
196 5.424368901986991 [0.24507139 0.26530137 0.20035521 0.22195816 0.20192668 0.24843932
 0.32581852 0.99999999 0.28199989 0.30728711 0.34716449 0.99999999]
197 6.116582611917279 [0.24434934 0.26531405 0.20018012 0.22155988 0.2016922  0.24877698
 0.32589325 0.99999999 0.28210066 0.30692906 0.34748496 0.99999999]
198 6.535235994425189 [0.24339667 0.26500826 0.20021693 0.22115133 0.20162705 0.2489134
 0.32574868 0.99999999 0.28209083 0.3066631  0.34790258 0.99999999]
199 2.9062488758573783 [0.24267907 0.26464183 0.20024014 0.2208572  0.20140127 0.24899393
 0.32526111 0.99999999 0.28218113 0.30669722 0.34841036 0.99999999]
200 4.257149231200929 [0.24218578 0.26421907 0.2002617  0.22054256 0.20118398 0.24911759
 0.32453742 0.99999999 0.28235881 0.30653476 0.34878999 0.99999999]
201 5.156822838543667 [0.24153869 0.26369348 0.20023699 0.22037477 0.201034   0.24911258
 0.32378726 0.99999999 0.28243059 0.30624656 0.34940298 0.99999999]
202 4.074826258849432 [0.24096498 0.26315766 0.20027192 0.22004013 0.20082193 0.24915273
 0.32340985 0.99999999 0.28264684 0.30578522 0.34987454 0.99999999]
203 3.027621096018902 [0.2406005  0.26249444 0.20042188 0.219669   0.20062329 0.24908007
 0.32322631 0.99999999 0.28285815 0.30534034 0.35031399 0.99999999]
204 3.1327753756480305 [0.24035984 0.26154005 0.20049558 0.21943119 0.20041543 0.24914504
 0.32310549 0.99999999 0.28289926 0.30509792 0.35043424 0.99999999]
205 5.002463674198628 [0.24031212 0.2607692  0.20061855 0.21911096 0.20021574 0.2491055
 0.32303936 0.99999999 0.28288985 0.30506519 0.35085752 0.99999999]
206 3.6641052091809163 [0.24040766 0.26032642 0.20059741 0.21872277 0.20006233 0.24924894
 0.3229506  0.99999999 0.28297472 0.30492521 0.35157936 0.99999999]
207 3.813499506472262 [0.24048158 0.26005285 0.20022478 0.21824943 0.19990276 0.24924243
 0.32249284 0.99999999 0.28295333 0.30474748 0.35225351 0.99999999]
208 4.665474110611656 [0.24042403 0.25983578 0.19973556 0.21779326 0.19975682 0.24939816
 0.3221976  0.99999999 0.28306355 0.30419275 0.35285909 0.99999999]
209 4.096366307143965 [0.24040891 0.25964128 0.19924803 0.21749484 0.19964937 0.24951297
 0.32131841 0.99999999 0.2833492  0.30347163 0.3535117  0.99999999]
210 4.408054661192084 [0.24040496 0.25939644 0.19877295 0.21707047 0.19961865 0.24962608
 0.32070876 0.99999999 0.28364005 0.30283488 0.35415676 0.99999999]
211 4.912078286341416 [0.24031992 0.2589693  0.19838175 0.21676693 0.19951168 0.24957626
 0.32013556 0.99999999 0.28376227 0.30216123 0.35483551 0.99999999]
212 5.289378864303133 [0.24024546 0.25863198 0.19801069 0.21650004 0.19942004 0.24938422
 0.31958406 0.99999999 0.2837753  0.30175874 0.35514292 0.99999999]
213 4.700328852923109 [0.23990435 0.25836235 0.19768764 0.21623763 0.19935508 0.24917415
 0.31925574 0.99999999 0.28371896 0.30138044 0.35564702 0.99999999]
214 3.925060133833675 [0.2394696  0.25817441 0.19719241 0.21589904 0.19923459 0.24904384
 0.31894732 0.99999999 0.28355125 0.30118306 0.35585669 0.99999999]
215 3.706254108739484 [0.23898094 0.25810391 0.19689102 0.21558603 0.19923812 0.24891747
 0.3185354  0.99999999 0.28333794 0.3011196  0.35591069 0.99999999]
216 4.438603988067446 [0.23859339 0.25795113 0.19673506 0.21489116 0.19925755 0.24862314
 0.31822483 0.99999999 0.28321498 0.30096499 0.35565242 0.99999999]
217 3.667256088472029 [0.23839865 0.25781833 0.19656814 0.21415887 0.1990405  0.24829062
 0.31826925 0.99999999 0.28299865 0.30073925 0.35524153 0.99999999]
218 3.7250249204847865 [0.23820673 0.2573652  0.1963792  0.21338494 0.19876116 0.24807752
 0.31828989 0.99999999 0.28281851 0.30044756 0.3547341  0.99999999]
219 2.790471203778445 [0.23808161 0.25701228 0.19634696 0.21273881 0.19844864 0.24788281
 0.31826332 0.99999999 0.28278306 0.300182   0.35410913 0.99999999]
220 3.607424402149231 [0.23798101 0.25666141 0.19637196 0.21230583 0.19825827 0.24775973
 0.31829259 0.99999999 0.28262696 0.29970811 0.35370045 0.99999999]
221 4.06496827773889 [0.23789066 0.25637498 0.1965031  0.21183529 0.19800274 0.24768166
 0.3183426  0.99999999 0.28262104 0.29926413 0.35318791 0.99999999]
222 2.617555062179168 [0.23776179 0.2561833  0.19658336 0.21136424 0.19781278 0.24764176
 0.31841018 0.99999999 0.28258782 0.29876808 0.35277175 0.99999999]
223 4.234062178073751 [0.23758216 0.25588018 0.19665612 0.21089315 0.19760558 0.24749392
 0.31832889 0.99999999 0.2824478  0.29806606 0.35236677 0.99999999]
224 2.7879596254064096 [0.23756743 0.25554564 0.19670663 0.21037662 0.19724702 0.24746151
 0.31793951 0.99999999 0.2822527  0.2970402  0.35195169 0.99999999]
225 2.9356863262586916 [0.23756594 0.25532519 0.19673925 0.2099714  0.19703403 0.24738357
 0.31772189 0.99999999 0.28193404 0.29616235 0.35151629 0.99999999]
226 2.0142323263387287 [0.23743914 0.25502613 0.19681394 0.20965216 0.19689033 0.24738541
 0.31743656 0.99999999 0.28151781 0.29541292 0.35106628 0.99999999]
227 3.470394678963625 [0.23733885 0.25472408 0.1969586  0.20940422 0.19663426 0.24733168
 0.3170244  0.99999999 0.28121132 0.29490412 0.35062748 0.99999999]
228 3.5038240170858543 [0.23735163 0.25444632 0.19706227 0.20918031 0.19654174 0.2472704
 0.31680611 0.99999999 0.28111187 0.29452403 0.35055417 0.99999999]
229 4.708900097459431 [0.23732089 0.25440967 0.19717707 0.20891974 0.19650253 0.24726026
 0.31644988 0.99999999 0.28103349 0.29417192 0.35047478 0.99999999]
230 2.477894755163945 [0.2372159  0.25449873 0.19728741 0.20873243 0.19661166 0.24701683
 0.31628166 0.99999999 0.2808268  0.29370267 0.35064353 0.99999999]
231 3.2476718909184314 [0.23709119 0.254684   0.19739853 0.20847276 0.19678935 0.24675236
 0.31606111 0.99999999 0.28064701 0.29329813 0.35099616 0.99999999]
232 4.177529715906553 [0.23694088 0.25493994 0.19751715 0.20820489 0.19696216 0.24638289
 0.31589841 0.99999999 0.28043233 0.29292666 0.3513251  0.99999999]
233 2.8268061343570587 [0.23689476 0.255107   0.19760793 0.20791101 0.19709165 0.24615899
 0.31499118 0.99999999 0.28024815 0.29263994 0.35164871 0.99999999]
234 5.436211045502075 [0.23694326 0.25532583 0.19774406 0.20768547 0.19718314 0.24603426
 0.31433722 0.99999999 0.27980279 0.29254179 0.35183146 0.99999999]
235 5.036642978871895 [0.23687582 0.2551798  0.19783952 0.20750769 0.19705423 0.24547093
 0.31357963 0.99999999 0.27959444 0.29220536 0.35181313 0.99999999]
236 2.9602034999044307 [0.23656311 0.25523647 0.19806661 0.20735259 0.1967798  0.24483158
 0.31290769 0.99999999 0.27922404 0.29166284 0.35219471 0.99999999]
237 4.060135493023555 [0.2362389  0.25506683 0.19836131 0.20713285 0.1963289  0.244243
 0.31213809 0.99999999 0.27868799 0.29104232 0.35271352 0.99999999]
238 4.180530356224612 [0.23569915 0.25491223 0.19855781 0.20709293 0.19584867 0.24365636
 0.31157527 0.99999999 0.27824257 0.29063241 0.35314363 0.99999999]
239 3.452182349492494 [0.23532785 0.25488573 0.19875425 0.20697701 0.19529327 0.24308391
 0.31071842 0.99999999 0.27772364 0.29026109 0.35359269 0.99999999]
240 2.9251689789628452 [0.23502503 0.2545222  0.19871336 0.20683375 0.19471101 0.24260532
 0.30990396 0.99999999 0.27729646 0.29010502 0.35392598 0.99999999]
241 3.749185802173198 [0.23460493 0.25406014 0.19870391 0.20662967 0.19419706 0.24216418
 0.3092221  0.99999999 0.27697545 0.29000153 0.35431743 0.99999999]
242 4.514803375580684 [0.23426208 0.253765   0.19860903 0.20646102 0.19356224 0.24170187
 0.30861495 0.99999999 0.27664221 0.28996262 0.35493467 0.99999999]
243 3.6562959391580705 [0.23371093 0.25360184 0.19842304 0.2063316  0.19291238 0.24114496
 0.30823327 0.99999999 0.27613995 0.2899606  0.35564432 0.99999999]
244 3.7914343424993424 [0.23324419 0.25332704 0.19820743 0.20620231 0.19234709 0.24071239
 0.30792103 0.99999999 0.27568667 0.28989706 0.35628417 0.99999999]
245 3.8464490392979362 [0.23276128 0.25301945 0.19798503 0.20612913 0.1917449  0.24032625
 0.30773314 0.99999999 0.27550189 0.28968506 0.35692032 0.99999999]
246 4.069655797767646 [0.23249211 0.25278366 0.19783108 0.20607538 0.19113248 0.23990451
 0.30749712 0.99999999 0.27528064 0.28924053 0.35749785 0.99999999]
247 3.1269369382147367 [0.23231591 0.25265911 0.1976753  0.20600078 0.19056115 0.2397286
 0.30734709 0.99999999 0.27497295 0.28917055 0.35823155 0.99999999]
248 3.4583573809832973 [0.23235476 0.25262185 0.19756382 0.20594032 0.18998198 0.23961214
 0.30691784 0.99999999 0.2747898  0.28903201 0.35888009 0.99999999]
249 2.98393385783712 [0.23235248 0.25246938 0.19749225 0.20585922 0.18950749 0.23969023
 0.3065699  0.99999999 0.27450198 0.28883972 0.35931969 0.99999999]
250 2.1816893044535504 [0.23235346 0.25213937 0.19738944 0.20573032 0.18901119 0.23972043
 0.30625384 0.99999999 0.27431199 0.28867039 0.35988126 0.99999999]
251 2.550106887128506 [0.23242502 0.25172439 0.19731348 0.20555743 0.18851788 0.23980039
 0.30602745 0.99999999 0.27437726 0.28837184 0.36036895 0.99999999]
252 2.736232887141089 [0.23248897 0.25145899 0.19722473 0.20532349 0.18802567 0.23987673
 0.30577036 0.99999999 0.27449951 0.28806767 0.36067071 0.99999999]
253 2.7612547572774218 [0.23251926 0.25118497 0.19707277 0.20503449 0.18759156 0.2399092
 0.30568878 0.99999999 0.27459427 0.28773601 0.36118829 0.99999999]
254 4.613999795523982 [0.23242773 0.25081314 0.19689924 0.20482448 0.18702107 0.23999549
 0.30561271 0.99999999 0.27494573 0.287604   0.36163299 0.99999999]
255 3.7285085790616956 [0.23218247 0.25054917 0.19668492 0.20456524 0.18659724 0.24003053
 0.30540038 0.99999999 0.27542871 0.28755156 0.36208917 0.99999999]
256 3.1810070076499306 [0.2319981  0.25040126 0.19642589 0.20439272 0.1861897  0.24000534
 0.30512433 0.99999999 0.27599435 0.28746833 0.36244    0.99999999]
257 5.864759143515893 [0.23175396 0.25027899 0.19617906 0.20427407 0.1857758  0.23989434
 0.30486302 0.99999999 0.27631945 0.28754978 0.36302567 0.99999999]
258 4.311095596566171 [0.23152326 0.25032682 0.19597641 0.20410144 0.18551464 0.2396726
 0.30447824 0.99999999 0.27642637 0.28762858 0.36340109 0.99999999]
259 4.350631956496789 [0.23124224 0.25021448 0.19578725 0.20393494 0.18528709 0.23940928
 0.30410408 0.99999999 0.27657639 0.28792291 0.36352351 0.99999999]
260 3.1161849061341726 [0.23092635 0.25001306 0.19557496 0.20378448 0.18509837 0.23913658
 0.30381852 0.99999999 0.2761136  0.28822551 0.36342057 0.99999999]
261 6.081056675779548 [0.23053637 0.24993791 0.1953505  0.203606   0.18490027 0.23900031
 0.30354373 0.99999999 0.27567498 0.28851162 0.36345587 0.99999999]
262 3.5602062622005146 [0.23031251 0.24970088 0.19499894 0.20346304 0.18465694 0.2389575
 0.30311719 0.99999999 0.2751837  0.28871986 0.36314243 0.99999999]
263 3.4633132440051857 [0.23005134 0.24928907 0.19469192 0.20332791 0.18446831 0.23881284
 0.30276675 0.99999999 0.27482472 0.2890269  0.36299305 0.99999999]
264 2.509642106583789 [0.22968581 0.24889798 0.19441018 0.20322261 0.18428144 0.238603
 0.3026328  0.99999999 0.27450429 0.28940858 0.36268589 0.99999999]
265 3.0005017862300507 [0.22937107 0.24856836 0.19409183 0.20292055 0.18406345 0.23866019
 0.30263778 0.99999999 0.27425973 0.28989157 0.36230372 0.99999999]
266 2.576717672132477 [0.22918027 0.24819796 0.19382577 0.20264561 0.18390965 0.23839738
 0.30255352 0.99999999 0.27379754 0.29023776 0.36200151 0.99999999]
267 2.2146106218229145 [0.22901891 0.24790828 0.19355959 0.20242781 0.18382294 0.23807803
 0.30229206 0.99999999 0.27364434 0.29047712 0.3618153  0.99999999]
268 2.701652497915255 [0.22873573 0.24761797 0.19324714 0.20227927 0.18385805 0.23782915
 0.30200296 0.99999999 0.27360216 0.29080464 0.36186391 0.99999999]
269 2.5854651367312367 [0.2285322  0.24713549 0.19308753 0.20213083 0.18385602 0.23773264
 0.30151723 0.99999999 0.27342596 0.29118166 0.36205908 0.99999999]
270 2.306788091144024 [0.22842661 0.24652222 0.19282245 0.20182997 0.1839083  0.23775429
 0.30111767 0.99999999 0.27339414 0.29150965 0.36197972 0.99999999]
271 2.1806708490404563 [0.22855475 0.24613154 0.1924633  0.20162674 0.18398893 0.23811257
 0.30056629 0.99999999 0.27330733 0.29178523 0.36160486 0.99999999]
272 2.4529607325698226 [0.2287022  0.24583405 0.19221694 0.20160849 0.18389213 0.23829125
 0.30034008 0.99999999 0.27345669 0.29186247 0.36109468 0.99999999]
273 3.4879294310183004 [0.22899051 0.24569186 0.19186106 0.20178882 0.18371183 0.23846583
 0.2999956  0.99999999 0.27361277 0.29195577 0.36071469 0.99999999]
274 2.2413405153861 [0.22930352 0.24557812 0.19155171 0.20191913 0.1835581  0.23857122
 0.29957739 0.99999999 0.27379299 0.29204346 0.35992854 0.99999999]
275 2.9516165884440593 [0.22957688 0.24541702 0.19132162 0.20196094 0.18333358 0.23876717
 0.29905435 0.99999999 0.27396796 0.29226205 0.35895016 0.99999999]
276 2.395367518557493 [0.22977556 0.24507561 0.19093615 0.20201726 0.18302552 0.23879846
 0.29856911 0.99999999 0.27409337 0.29245802 0.35789958 0.99999999]
277 2.9379784275090524 [0.23004285 0.24479957 0.19061494 0.20198372 0.18271837 0.23889374
 0.29809864 0.99999999 0.27397654 0.29254997 0.35659687 0.99999999]
278 2.790401427240246 [0.23014174 0.24450066 0.19028403 0.20200962 0.18237448 0.23872196
 0.29759458 0.99999999 0.27376003 0.29261586 0.35516154 0.99999999]
279 2.646791583601143 [0.23032479 0.2443598  0.1899396  0.20202956 0.18213981 0.23858955
 0.29714197 0.99999999 0.2735218  0.29276389 0.35392062 0.99999999]
280 2.1040429709631945 [0.23054    0.24423832 0.18961175 0.20205891 0.18198362 0.23851959
 0.29683382 0.99999999 0.27336234 0.2931116  0.35268803 0.99999999]
281 2.7317815486562784 [0.23072892 0.24411118 0.1893359  0.20204328 0.18187358 0.23858529
 0.29650403 0.99999999 0.27325147 0.29351488 0.35160848 0.99999999]
282 3.569516689612216 [0.23093121 0.24422014 0.18905327 0.20201597 0.18179847 0.2387606
 0.2962513  0.99999999 0.27306957 0.29406316 0.35068707 0.99999999]
283 2.418832216884832 [0.23120865 0.2443184  0.18852224 0.20207673 0.18165636 0.23904488
 0.29616535 0.99999999 0.2727329  0.29471975 0.34997937 0.99999999]
284 2.6852521834043697 [0.23159767 0.24449874 0.18806811 0.20198287 0.18166417 0.23921114
 0.29624522 0.99999999 0.27256918 0.29547402 0.34962157 0.99999999]
285 2.677315469223757 [0.23188247 0.24473816 0.18765417 0.20201339 0.18179336 0.23912239
 0.29628041 0.99999999 0.27244827 0.29589729 0.34969163 0.99999999]
286 2.7815194516506816 [0.23209364 0.24490387 0.18735577 0.20216766 0.18195268 0.23909285
 0.29632431 0.99999999 0.2724825  0.29619515 0.35013514 0.99999999]
287 2.5101712874108912 [0.23242545 0.24470043 0.18698197 0.20231286 0.18202873 0.23877199
 0.29642241 0.99999999 0.27252909 0.2964175  0.35058793 0.99999999]
288 2.456231066426721 [0.23291579 0.24447842 0.18667128 0.20249826 0.18201326 0.23855336
 0.29661608 0.99999999 0.27259564 0.29671496 0.35113005 0.99999999]
289 3.2777679850555517 [0.23342289 0.24445588 0.18638804 0.20260048 0.18191707 0.2384139
 0.29684851 0.99999999 0.2727832  0.29690542 0.3516885  0.99999999]
290 2.376187645557807 [0.23384471 0.24433293 0.18616125 0.20269459 0.18184215 0.23825253
 0.29724365 0.99999999 0.27289528 0.29722294 0.35230637 0.99999999]
291 2.5705591637563394 [0.23408207 0.24412744 0.18591813 0.20272183 0.18178787 0.23812426
 0.29782005 0.99999999 0.27284022 0.29749426 0.35299472 0.99999999]
292 3.1177053287210468 [0.2340958  0.24403811 0.18555793 0.20277729 0.18178135 0.23795513
 0.29844346 0.99999999 0.27283776 0.29750968 0.35377787 0.99999999]
293 3.304422113612901 [0.23411841 0.24404876 0.18530493 0.20283621 0.18164899 0.23772474
 0.29893771 0.99999999 0.2728742  0.29758958 0.35422526 0.99999999]
294 2.986695639282118 [0.23425378 0.2441325  0.18507095 0.2029976  0.1814698  0.23757554
 0.29949294 0.99999999 0.2730559  0.29750203 0.35466311 0.99999999]
295 2.847259830183605 [0.23436399 0.24414003 0.18486391 0.20303131 0.18119966 0.23742341
 0.29995399 0.99999999 0.2731922  0.29759866 0.3549602  0.99999999]
296 2.9098002513078676 [0.23459549 0.24422339 0.18454513 0.20308203 0.18087447 0.2373245
 0.30029613 0.99999999 0.27348985 0.29795717 0.35548535 0.99999999]
297 2.314304565603062 [0.23492614 0.2441704  0.18425548 0.20296529 0.18053887 0.23729826
 0.30057093 0.99999999 0.27389575 0.29822721 0.35573256 0.99999999]
298 2.0630889674597777 [0.23502219 0.24414262 0.18382647 0.20277547 0.18024801 0.23755748
 0.30080151 0.99999999 0.27410678 0.2981422  0.3562303  0.99999999]
299 2.2633606562334556 [0.23480648 0.24412721 0.1834039  0.20255336 0.18003083 0.23774784
 0.30103499 0.99999999 0.27433484 0.29819184 0.35690382 0.99999999]
300 2.318675284134188 [0.23467419 0.24437756 0.18305726 0.20238289 0.1797057  0.23800139
 0.30135084 0.99999999 0.27423689 0.29817792 0.35729974 0.99999999]
301 2.360149084805291 [0.23442261 0.2446216  0.182726   0.20229093 0.17934011 0.23836432
 0.30173131 0.99999999 0.2742436  0.29828342 0.35786703 0.99999999]
302 1.7731563191400652 [0.23439178 0.24516293 0.18242517 0.20222129 0.17901287 0.23870845
 0.3018753  0.99999999 0.27415633 0.29833751 0.35850521 0.99999999]
303 2.3953633274172024 [0.23421429 0.24528037 0.18221002 0.20241566 0.17865158 0.23909972
 0.30234003 0.99999999 0.2741731  0.29850054 0.35929952 0.99999999]
304 1.753085834825465 [0.23417372 0.24552804 0.18199009 0.20261554 0.17820091 0.23953946
 0.3026355  0.99999999 0.27414653 0.29884682 0.36006689 0.99999999]
305 2.0571964123998754 [0.23414191 0.24569393 0.18170516 0.20275419 0.17771062 0.2399971
 0.30292355 0.99999999 0.27410016 0.29896038 0.36073458 0.99999999]
306 3.5000884814581354 [0.23407529 0.24591078 0.18137155 0.20284353 0.17734221 0.24051017
 0.30305815 0.99999999 0.27388202 0.29924668 0.36113463 0.99999999]
307 1.8609966729498923 [0.23404371 0.24599305 0.18107785 0.20287649 0.1770554  0.24100274
 0.30297289 0.99999999 0.27363934 0.29953541 0.36135146 0.99999999]
308 2.535714027295925 [0.23392787 0.24592127 0.18075231 0.20290166 0.17679106 0.24146414
 0.30265084 0.99999999 0.27358395 0.29974129 0.36165721 0.99999999]
309 2.7631060324423657 [0.2336271  0.24563566 0.18037981 0.20283162 0.17648303 0.24190334
 0.30210206 0.99999999 0.27349463 0.30008299 0.36195073 0.99999999]
310 2.281439646299045 [0.23346273 0.2453925  0.18016142 0.20270059 0.17622855 0.2421531
 0.30169715 0.99999999 0.27313944 0.30013733 0.3625049  0.99999999]
311 2.391054757720611 [0.2333519  0.2451123  0.17997521 0.20263805 0.1759438  0.24246639
 0.3013964  0.99999999 0.27270689 0.30020142 0.36320575 0.99999999]
312 2.081883540288911 [0.23334772 0.24472236 0.17984733 0.202615   0.1756731  0.24284888
 0.3011567  0.99999999 0.272312   0.30027467 0.36385827 0.99999999]
313 3.013950134398607 [0.23342656 0.24456894 0.17968896 0.20260018 0.17540677 0.24296658
 0.3013606  0.99999999 0.27190865 0.30035179 0.36462348 0.99999999]
314 1.4003481762105368 [0.2334781  0.24435572 0.17951774 0.20258026 0.17517772 0.24328467
 0.30156639 0.99999999 0.27128226 0.30049135 0.36528656 0.99999999]
315 2.4219686365549817 [0.23345661 0.24434367 0.17934123 0.20254368 0.17495279 0.24364125
 0.30170237 0.99999999 0.27071905 0.30082153 0.3661095  0.99999999]
316 1.9473803939331649 [0.23357892 0.24437225 0.17928481 0.20250622 0.17485247 0.24384002
 0.30194808 0.99999999 0.27022479 0.3010724  0.36672917 0.99999999]
317 2.7388125935422365 [0.23373229 0.24450154 0.17926415 0.2023241  0.17474802 0.24390975
 0.30220653 0.99999999 0.26956839 0.30126392 0.36720077 0.99999999]
318 2.027064503891692 [0.2338833  0.24448456 0.17924927 0.20217396 0.17467618 0.24395786
 0.30262151 0.99999999 0.26899462 0.30132431 0.36755815 0.99999999]
319 3.074412630221444 [0.23406904 0.24443604 0.17919955 0.2020032  0.17465323 0.24390835
 0.3029779  0.99999999 0.26841275 0.3013018  0.36791699 0.99999999]
320 2.1187426032841468 [0.2341779  0.24429528 0.17898219 0.20192224 0.17473851 0.24383117
 0.30337843 0.99999999 0.26792634 0.30125194 0.36847531 0.99999999]
321 3.1693759588373456 [0.23437671 0.24413474 0.178758   0.20193665 0.17485713 0.24386668
 0.30360582 0.99999999 0.26766723 0.30115358 0.36874935 0.99999999]
322 1.9455647804828482 [0.23459055 0.24396641 0.17850501 0.20195369 0.17491137 0.24372797
 0.30383224 0.99999999 0.26745869 0.30110671 0.36899554 0.99999999]
323 3.0228986378501745 [0.23487608 0.24384825 0.17833313 0.20193783 0.17495823 0.24358765
 0.30405509 0.99999999 0.26729352 0.30076697 0.36952728 0.99999999]
324 4.479109568381515 [0.23523152 0.24376812 0.17817653 0.20190639 0.17492423 0.24346417
 0.30405323 0.99999999 0.2673662  0.30054658 0.3700458  0.99999999]
325 2.7724077657264212 [0.23554843 0.24368276 0.17804309 0.20185829 0.1749483  0.24344629
 0.30403448 0.99999999 0.26740509 0.30026327 0.37056589 0.99999999]
326 3.394579647647526 [0.23576839 0.24358725 0.17800819 0.20176165 0.17485218 0.2435673
 0.30424527 0.99999999 0.26738334 0.29987802 0.37113325 0.99999999]
327 2.8705394899019785 [0.23585422 0.2435214  0.17793622 0.20167855 0.17477524 0.24368453
 0.30470212 0.99999999 0.26734705 0.29942564 0.37150708 0.99999999]
328 2.80510660434753 [0.23605817 0.24355391 0.17796628 0.2016548  0.17469325 0.24373752
 0.30507536 0.99999999 0.26732499 0.29912905 0.37203386 0.99999999]
329 2.241125761499263 [0.23635549 0.2434995  0.17800608 0.20153488 0.17455313 0.24377479
 0.30560531 0.99999999 0.26715425 0.2986485  0.37251203 0.99999999]
330 2.240148017074053 [0.236621   0.2434703  0.178052   0.20145271 0.17433384 0.24384627
 0.30607223 0.99999999 0.26705413 0.298348   0.37289323 0.99999999]
331 4.19945265191641 [0.2366725  0.24365547 0.17805314 0.20141299 0.17413442 0.24415994
 0.3064336  0.99999999 0.26699656 0.29794034 0.37316257 0.99999999]
332 4.017678599937267 [0.23672447 0.24397414 0.17793952 0.20138485 0.17387081 0.2444894
 0.30678015 0.99999999 0.26692597 0.29763314 0.37358315 0.99999999]
333 2.889161695604419 [0.23657339 0.24422031 0.17785067 0.20128078 0.17361657 0.24484364
 0.30734531 0.99999999 0.26677727 0.29738481 0.37384412 0.99999999]
334 2.4086013540170814 [0.23638361 0.24437137 0.17775784 0.20109383 0.17346682 0.2451134
 0.30784269 0.99999999 0.26667157 0.29732697 0.37379126 0.99999999]
335 2.0642142978665468 [0.23630183 0.24462227 0.17777585 0.20068322 0.17317591 0.24527472
 0.30836135 0.99999999 0.26646235 0.29719075 0.3738975  0.99999999]
336 2.8049911173275315 [0.23634368 0.24494135 0.17780089 0.20038822 0.17295228 0.24521185
 0.30870355 0.99999999 0.26630438 0.29699433 0.37375866 0.99999999]
337 2.2846797446296336 [0.23632187 0.24519918 0.17785901 0.2000445  0.17277829 0.24504532
 0.30898248 0.99999999 0.26608404 0.29698112 0.37355361 0.99999999]
338 2.829908390429048 [0.23636192 0.24529111 0.17793595 0.19965373 0.17255715 0.24492846
 0.30936776 0.99999999 0.26605772 0.2968543  0.37325325 0.99999999]
339 3.0086905579658136 [0.23632055 0.24542272 0.178      0.19929925 0.17241665 0.24498631
 0.30959634 0.99999999 0.2659647  0.29657488 0.3728816  0.99999999]
340 2.368007682690056 [0.23632806 0.24558328 0.17805845 0.19903423 0.17229231 0.24510926
 0.30979342 0.99999999 0.26584688 0.29646234 0.37247329 0.99999999]
341 4.310288568848227 [0.2364082  0.24567756 0.17798393 0.1987974  0.17211568 0.24526692
 0.31010816 0.99999999 0.26576348 0.2965457  0.37224719 0.99999999]
342 2.0140449356869903 [0.23648451 0.24574872 0.17795942 0.19862793 0.17187871 0.24529619
 0.31046661 0.99999999 0.2657536  0.29664198 0.37187187 0.99999999]
343 1.6736067626485165 [0.23678375 0.2457433  0.17799356 0.19840971 0.17167857 0.2453843
 0.31084276 0.99999999 0.26563212 0.29714022 0.37171775 0.99999999]
344 1.7807035271367124 [0.23700267 0.24584259 0.17809159 0.19830314 0.17141647 0.24540354
 0.31114196 0.99999999 0.26562521 0.29751485 0.37167567 0.99999999]
345 1.8532765140338416 [0.23711426 0.24600128 0.17823628 0.19821246 0.17114828 0.24557854
 0.31136995 0.99999999 0.26563545 0.29773789 0.37195378 0.99999999]
346 1.6378343991974549 [0.23743095 0.24597609 0.17824257 0.19812986 0.17102025 0.24580851
 0.31152882 0.99999999 0.26555331 0.29796822 0.37235131 0.99999999]
347 2.4275028365938347 [0.23774848 0.24551778 0.17817557 0.19800343 0.17090373 0.2460178
 0.31154139 0.99999999 0.26561758 0.29813927 0.3725462  0.99999999]
348 2.777011719982657 [0.23793303 0.24476389 0.17811764 0.19785459 0.17078646 0.24629454
 0.31144016 0.99999999 0.26585668 0.29836717 0.37270693 0.99999999]
349 1.702852746526725 [0.23804876 0.24416037 0.17803701 0.19774145 0.17068309 0.24656038
 0.31133037 0.99999999 0.26616231 0.29849314 0.37283849 0.99999999]
350 1.8849533496345745 [0.23826791 0.24363295 0.17790226 0.19756322 0.17056843 0.24674024
 0.31121854 0.99999999 0.2664069  0.29866001 0.37270588 0.99999999]
351 1.2618118814502002 [0.23829713 0.2432166  0.17789262 0.19731714 0.17056298 0.24681543
 0.31113121 0.99999999 0.26668316 0.29878254 0.372921   0.99999999]
352 2.152287242864146 [0.23831913 0.24250209 0.17782905 0.19708939 0.17056659 0.24670015
 0.3111242  0.99999999 0.26690005 0.29871602 0.3729084  0.99999999]
353 3.516868732692606 [0.23848251 0.24188667 0.17781696 0.19701625 0.17053701 0.24662994
 0.31131056 0.99999999 0.26718375 0.29870785 0.37275717 0.99999999]
354 3.3337307973723553 [0.23901987 0.24129349 0.17772475 0.19696721 0.17047345 0.24665966
 0.31151892 0.99999999 0.26736982 0.29880289 0.37273506 0.99999999]
355 2.3867704627339315 [0.23956514 0.24063967 0.17763948 0.19677217 0.17049135 0.24687135
 0.31172848 0.99999999 0.26739789 0.29880532 0.37247973 0.99999999]
356 1.6819862212403676 [0.24015476 0.23973484 0.17755317 0.19661683 0.17053173 0.24703374
 0.31192336 0.99999999 0.26743286 0.29878001 0.37231312 0.99999999]
357 2.4343055078752833 [0.240643   0.23890527 0.17747429 0.19654046 0.1705675  0.24705442
 0.31221492 0.99999999 0.2674426  0.29863353 0.37206766 0.99999999]
358 1.991968597429739 [0.2410771  0.23827739 0.17738662 0.19654383 0.17052026 0.24704066
 0.31249076 0.99999999 0.26753287 0.29861526 0.37174043 0.99999999]
359 2.8680443038373666 [0.2415718  0.23750628 0.17738749 0.1965161  0.17046357 0.24703244
 0.31275309 0.99999999 0.26757582 0.29868178 0.37161988 0.99999999]
360 2.337998223783581 [0.24166536 0.23667932 0.17742691 0.19642474 0.17032737 0.24719245
 0.31285157 0.99999999 0.26737113 0.29856984 0.37129133 0.99999999]
361 3.1670395106988654 [0.24158427 0.23583773 0.17740992 0.19625393 0.1701529  0.24738481
 0.31293352 0.99999999 0.2671659  0.29849813 0.37090793 0.99999999]
362 1.783986593420963 [0.2414927  0.23505364 0.17742729 0.19620627 0.17000648 0.24757757
 0.31308076 0.99999999 0.26704378 0.29838744 0.37059029 0.99999999]
363 2.2197687856880863 [0.24143907 0.23433833 0.17734992 0.19625587 0.16983286 0.24787644
 0.31309706 0.99999999 0.26691574 0.29838946 0.37051278 0.99999999]
364 2.834820506892677 [0.24126853 0.23354306 0.1772639  0.19629178 0.16974273 0.24820091
 0.31324256 0.99999999 0.26669681 0.2984322  0.3702681  0.99999999]
365 1.691931339746521 [0.24107169 0.23279504 0.17708999 0.1964575  0.1695952  0.24834524
 0.31331852 0.99999999 0.26652025 0.29859827 0.3700683  0.99999999]
366 1.7972805820164373 [0.24059358 0.23201184 0.17688228 0.19656094 0.16927373 0.2484003
 0.31301219 0.99999999 0.26649983 0.29877402 0.36996514 0.99999999]
367 1.1593584115874989 [0.24007047 0.23141117 0.17658388 0.19672631 0.16897749 0.24823133
 0.31277574 0.99999999 0.2666178  0.29896776 0.36980759 0.99999999]
368 1.7938746184064986 [0.23938121 0.23078057 0.1763465  0.19669385 0.16860901 0.24815084
 0.31253954 0.99999999 0.26667928 0.29907915 0.36977566 0.99999999]
369 1.2334477839592768 [0.23880193 0.2301198  0.17614386 0.19658706 0.16827294 0.248058
 0.31260767 0.99999999 0.26674915 0.29936797 0.36975925 0.99999999]
370 1.9767524847160494 [0.23845945 0.22938569 0.17605293 0.19652894 0.16789984 0.24794108
 0.31260566 0.99999999 0.26707844 0.29955217 0.369675   0.99999999]
371 1.6260461166150497 [0.23815629 0.22871749 0.17581762 0.1965736  0.16751618 0.24802965
 0.31255676 0.99999999 0.26746472 0.29956962 0.36932438 0.99999999]
372 1.739375170752664 [0.23797346 0.22819078 0.17561016 0.19651479 0.16723621 0.24804309
 0.31249836 0.99999999 0.26775147 0.29953207 0.36905336 0.99999999]
373 1.5653509136254233 [0.23789991 0.22763677 0.17544696 0.19643809 0.16691669 0.24794435
 0.31258043 0.99999999 0.26809973 0.29941868 0.36869958 0.99999999]
374 1.7492307924794972 [0.23789898 0.22715838 0.17515482 0.19637055 0.16659147 0.24779449
 0.31256489 0.99999999 0.26849614 0.29931984 0.36849945 0.99999999]
375 1.2361516174769163 [0.23799753 0.22659693 0.17487169 0.19624887 0.16625146 0.24770273
 0.31262687 0.99999999 0.2688711  0.29934775 0.36830522 0.99999999]
376 1.0818068241638161 [0.23802822 0.22619647 0.17453894 0.19615254 0.16585558 0.24756851
 0.31300184 0.99999999 0.26909877 0.29931832 0.36811818 0.99999999]
377 1.3585756940343443 [0.23786476 0.22583764 0.17423982 0.19592679 0.16543607 0.24744317
 0.31342617 0.99999999 0.26924443 0.2993269  0.36807933 0.99999999]
378 2.207463585773146 [0.23796237 0.22535916 0.17398323 0.19580852 0.16490996 0.24737076
 0.31384448 0.99999999 0.26939218 0.2992736  0.36789701 0.99999999]
379 2.1151756951907164 [0.23807744 0.22497411 0.17357766 0.19575557 0.1645133  0.24752192
 0.31396057 0.99999999 0.26958556 0.29939977 0.36765557 0.99999999]
380 2.1812169678315283 [0.2381885  0.22464572 0.173158   0.19568994 0.16413375 0.24768052
 0.31399216 0.99999999 0.26994589 0.29949011 0.36756791 0.99999999]
381 2.4968579708570298 [0.23832852 0.22437052 0.17277835 0.1956659  0.16377781 0.24772063
 0.31403147 0.99999999 0.27019138 0.29968923 0.36735799 0.99999999]
382 2.0282766659321365 [0.23833047 0.22407287 0.17248355 0.19559478 0.1633693  0.2478333
 0.3142817  0.99999999 0.27032336 0.29985658 0.36745332 0.99999999]
383 1.760531223812068 [0.23810486 0.22387451 0.17217216 0.19544304 0.16318435 0.24782958
 0.31445846 0.99999999 0.27028485 0.29998873 0.36718824 0.99999999]
384 1.747413117186493 [0.23783381 0.223792   0.17192075 0.19538261 0.16295047 0.24766012
 0.31461215 0.99999999 0.27008912 0.30009284 0.36705111 0.99999999]
385 1.2825943998624045 [0.23755306 0.22380311 0.171648   0.1953529  0.16281556 0.24766364
 0.3149494  0.99999999 0.26991299 0.30028024 0.36663547 0.99999999]
386 1.7402974857013702 [0.2372569  0.22380701 0.17136054 0.19528345 0.16270675 0.24785355
 0.3153333  0.99999999 0.26969955 0.30037609 0.36614769 0.99999999]
387 1.2828317514049643 [0.23693849 0.22370402 0.17109121 0.1952111  0.16264972 0.24795896
 0.31561983 0.99999999 0.26957295 0.30046489 0.36564738 0.99999999]
388 1.5406383219480464 [0.23683284 0.223505   0.17087486 0.1951388  0.16251436 0.24819575
 0.31561736 0.99999999 0.26948948 0.30060498 0.36523217 0.99999999]
389 0.9809475087491597 [0.23664718 0.22331422 0.17052475 0.195175   0.16225795 0.24838334
 0.31563224 0.99999999 0.26959622 0.30082437 0.36482261 0.99999999]
390 1.3795851634632061 [0.23632347 0.22304329 0.1702114  0.19525353 0.16196841 0.24858588
 0.31559071 0.99999999 0.2695365  0.30082669 0.36443827 0.99999999]
391 1.3657349953014464 [0.2360837  0.22287149 0.16988931 0.19527817 0.16175934 0.24868544
 0.31563899 0.99999999 0.26923649 0.30057554 0.36405007 0.99999999]
392 1.0451604322841872 [0.23568474 0.22267889 0.16960438 0.19526465 0.16152504 0.24879923
 0.31562298 0.99999999 0.26881109 0.30045556 0.36376176 0.99999999]
393 1.8008354940370859 [0.23526354 0.22243371 0.16929636 0.19528771 0.16129424 0.24877629
 0.31563285 0.99999999 0.26850278 0.300285   0.36338688 0.99999999]
394 1.4420748813918567 [0.23469939 0.22206831 0.16902243 0.19526663 0.16104647 0.24867839
 0.31581071 0.99999999 0.26794779 0.30027789 0.36360212 0.99999999]
395 1.5983905651243089 [0.23419528 0.2217631  0.16882585 0.19522356 0.16076711 0.24862256
 0.31576404 0.99999999 0.2674738  0.30000721 0.36356822 0.99999999]
396 0.6462990587889714 [0.23388606 0.22148335 0.16867444 0.19513839 0.16043248 0.24867894
 0.3156404  0.99999999 0.2670182  0.29969968 0.36340017 0.99999999]
397 2.626635888414761 [0.23356652 0.22115128 0.16852338 0.19504983 0.1600603  0.24870361
 0.31535016 0.99999999 0.2665853  0.29948844 0.36325283 0.99999999]
398 1.415217202075742 [0.23319088 0.22082669 0.16835068 0.19499116 0.15978946 0.24872631
 0.31503362 0.99999999 0.26611597 0.29928011 0.36300138 0.99999999]
399 1.5656882494761084 [0.23300911 0.2205604  0.16815967 0.19501047 0.15950211 0.24881431
 0.31493043 0.99999999 0.26570929 0.29911431 0.36287556 0.99999999]
400 1.493967983452283 [0.2328057  0.22029294 0.16800186 0.19508868 0.15919574 0.24903804
 0.31481613 0.99999999 0.26526027 0.29899472 0.36295831 0.99999999]
401 2.380561665695382 [0.23262662 0.22010499 0.16781719 0.19520549 0.15896018 0.24937029
 0.31454023 0.99999999 0.26492618 0.29871717 0.36312952 0.99999999]
402 1.7630143987629427 [0.23264326 0.21987737 0.16765804 0.19531502 0.15872879 0.24971795
 0.31419754 0.99999999 0.26470009 0.29854092 0.3632027  0.99999999]
403 411.1721072219424 [0.23255759 0.21965692 0.16751776 0.19542492 0.15854261 0.25005025
 0.3137027  0.99999999 0.26448716 0.29827482 0.36333793 0.99999999]
404 1.6381855272846853 [0.23223093 0.21939731 0.16741368 0.19546558 0.15822927 0.2504039
 0.3131096  0.99999999 0.26409521 0.29785516 0.36323739 0.99999999]
405 2.186313391642415 [0.23198559 0.219223   0.16734603 0.19561907 0.15790735 0.25079598
 0.31261501 0.99999999 0.26379787 0.29752072 0.36313541 0.99999999]
406 1.5326298209588471 [0.23151209 0.21909436 0.1673008  0.19574063 0.1576872  0.25131939
 0.31209411 0.99999999 0.26357468 0.29717179 0.36321126 0.99999999]
407 1.6857290716504947 [0.23102672 0.21900112 0.16722668 0.19567042 0.15730382 0.25186958
 0.31178954 0.99999999 0.26339395 0.2968406  0.36347379 0.99999999]
408 1.7264396479414663 [0.23072931 0.21890851 0.16714909 0.19560348 0.15696194 0.25207681
 0.3116006  0.99999999 0.26344884 0.29661063 0.3635013  0.99999999]
409 1.3677426912914399 [0.23032109 0.21884875 0.16711599 0.19542314 0.1566403  0.2521786
 0.31142776 0.99999999 0.26352222 0.29640492 0.36374014 0.99999999]
410 1.6058838669243136 [0.22985082 0.21871682 0.16705079 0.19531898 0.15631802 0.25233752
 0.31134885 0.99999999 0.26349482 0.29613256 0.36414728 0.99999999]
411 1.8238028713678185 [0.22942192 0.21854041 0.16701178 0.19520818 0.15603591 0.25247533
 0.31151639 0.99999999 0.26337332 0.29585943 0.36455463 0.99999999]
412 1.1137258312150722 [0.22897164 0.21827248 0.16696394 0.19504319 0.15572676 0.25256834
 0.31175258 0.99999999 0.26333012 0.29564401 0.3650891  0.99999999]
413 1.706184789485548 [0.22845757 0.21794568 0.16678763 0.19490668 0.15543971 0.25296648
 0.31214635 0.99999999 0.26333473 0.29553136 0.36546642 0.99999999]
414 1.6892786410266332 [0.22793893 0.21769204 0.16656662 0.19475764 0.15515229 0.25332728
 0.31253448 0.99999999 0.26329348 0.29554109 0.36584061 0.99999999]
415 2.4924455624654174 [0.22748963 0.21736547 0.1662425  0.1946978  0.15486317 0.25369024
 0.31292392 0.99999999 0.2632754  0.29541919 0.36647821 0.99999999]
416 1.3230026040835472 [0.22709718 0.21710746 0.16605795 0.19451616 0.15447508 0.25383721
 0.31341173 0.99999999 0.26334446 0.29526271 0.36709688 0.99999999]
417 1.3988875335781152 [0.2268042  0.21681889 0.16581292 0.1943155  0.15419002 0.25364467
 0.31359732 0.99999999 0.2633895  0.29510139 0.36790161 0.99999999]
418 2.5805973288405237 [0.22645733 0.21640585 0.1656002  0.19414332 0.15396949 0.25350227
 0.31367302 0.99999999 0.26344124 0.29482134 0.36886188 0.99999999]
419 1.411492601876445 [0.22607571 0.21606517 0.16535477 0.19403581 0.15384741 0.25341257
 0.31394545 0.99999999 0.26357485 0.29455352 0.36994008 0.99999999]
420 2.1223199724711446 [0.22577534 0.21582959 0.16506058 0.19401612 0.15365114 0.25305587
 0.31396533 0.99999999 0.26381481 0.29441925 0.37113876 0.99999999]
421 1.257942103928909 [0.22538217 0.21563959 0.1648544  0.19399001 0.1534189  0.25278653
 0.31385722 0.99999999 0.26398839 0.29433003 0.3721194  0.99999999]
422 0.8626442430451007 [0.22514067 0.21546205 0.16463852 0.19408171 0.15324532 0.25243178
 0.31382038 0.99999999 0.26415899 0.29426516 0.37283221 0.99999999]
423 0.7572893535359564 [0.22481593 0.21520978 0.16433755 0.19407512 0.15297468 0.25206988
 0.31388163 0.99999999 0.2640651  0.29445808 0.37354587 0.99999999]
424 0.9375767273627327 [0.22450778 0.21508327 0.16399592 0.19394033 0.15268425 0.25167892
 0.31409882 0.99999999 0.26407631 0.29464145 0.37424296 0.99999999]
425 1.2258596504066186 [0.22393259 0.21492251 0.16366346 0.19370577 0.15242369 0.25090272
 0.31450267 0.99999999 0.26414701 0.29456816 0.37493071 0.99999999]
426 1.3734297928452908 [0.22350384 0.21475807 0.16327797 0.19351146 0.15212674 0.25031882
 0.31484976 0.99999999 0.26407085 0.2944314  0.37549629 0.99999999]
427 1.1614894928482582 [0.22305945 0.21450804 0.1629311  0.19331392 0.15188901 0.24993659
 0.31509244 0.99999999 0.26407373 0.29425473 0.37626331 0.99999999]
428 0.9977812326798583 [0.2227732  0.21423759 0.16250785 0.1931364  0.15162679 0.24936796
 0.31545854 0.99999999 0.26418095 0.29388116 0.37691972 0.99999999]
429 1.2141329748950467 [0.22225936 0.21405411 0.16214944 0.19266205 0.15134244 0.24882666
 0.31586568 0.99999999 0.26436682 0.29350964 0.37769406 0.99999999]
430 1.016447410203916 [0.22194713 0.21391016 0.1618886  0.19216668 0.15109946 0.24828563
 0.31620608 0.99999999 0.26455817 0.29325222 0.37838052 0.99999999]
431 0.7928325970923371 [0.22161615 0.21375509 0.16169406 0.19162508 0.15093195 0.24791667
 0.31637811 0.99999999 0.26479657 0.29294547 0.37894865 0.99999999]
432 1.214094842343758 [0.22153566 0.21364631 0.16150269 0.19114785 0.15071197 0.24760637
 0.31645672 0.99999999 0.26516922 0.2927466  0.37976613 0.99999999]
433 1.0402286976579727 [0.22157214 0.2134263  0.16127812 0.19064304 0.15048837 0.24719207
 0.31625461 0.99999999 0.26582129 0.29252835 0.3802653  0.99999999]
434 1.1246898382664519 [0.2218071  0.21309259 0.16102738 0.19025649 0.15025755 0.24681026
 0.3160524  0.99999999 0.26641204 0.29230451 0.38068353 0.99999999]
435 1.1083978966609591 [0.22186454 0.21289181 0.16084732 0.1898336  0.1500406  0.24638144
 0.31586903 0.99999999 0.26694219 0.29203833 0.38084198 0.99999999]
436 0.8428931026775697 [0.22201337 0.21267717 0.16067907 0.18945721 0.14984762 0.24584108
 0.3155086  0.99999999 0.26720161 0.29158646 0.38117043 0.99999999]
437 1.097998856497827 [0.22201403 0.21246572 0.16057448 0.18906498 0.14972869 0.24532288
 0.31534119 0.99999999 0.26731303 0.29113276 0.38160584 0.99999999]
438 0.7229686929060317 [0.22187465 0.21224004 0.16046449 0.18876291 0.14954163 0.2448808
 0.31534144 0.99999999 0.2674085  0.29065062 0.38184812 0.99999999]
439 0.9775655873406501 [0.22189229 0.21215754 0.16027289 0.18861349 0.14935746 0.24460924
 0.31510848 0.99999999 0.26753465 0.29026694 0.38228623 0.99999999]
440 0.9707467783262896 [0.22194023 0.21214288 0.16011086 0.1884872  0.14922865 0.24435556
 0.31494983 0.99999999 0.26764045 0.2899501  0.38242134 0.99999999]
441 1.2686319493332083 [0.22202637 0.21206466 0.15984657 0.1884379  0.14915268 0.244149
 0.31484204 0.99999999 0.267699   0.28950767 0.38263122 0.99999999]
442 0.9130187179253988 [0.22205042 0.21192341 0.15962148 0.18838252 0.14912093 0.24399703
 0.31494938 0.99999999 0.26775935 0.28935921 0.38235636 0.99999999]
443 0.6997991705554949 [0.22207363 0.21185543 0.15939491 0.1882423  0.14915306 0.243778
 0.31516228 0.99999999 0.26780743 0.2893996  0.38199817 0.99999999]
444 0.7896292979380934 [0.22200446 0.21178624 0.15912563 0.18813176 0.14911548 0.24356234
 0.31535761 0.99999999 0.26779368 0.28943857 0.38153517 0.99999999]
445 1.0963788273002846 [0.22193867 0.21165625 0.15882626 0.18802322 0.1490361  0.24351675
 0.31593561 0.99999999 0.26787181 0.28939649 0.3813208  0.99999999]
446 0.9554023560279006 [0.2221456  0.21152368 0.15856856 0.18790126 0.14891545 0.24340641
 0.31649228 0.99999999 0.26789828 0.28934901 0.38102717 0.99999999]
447 0.447650722948291 [0.2223242  0.21140313 0.15827811 0.18787179 0.14880569 0.24309651
 0.3170712  0.99999999 0.26781564 0.2893121  0.38108923 0.99999999]
448 0.8022994486294681 [0.22249234 0.21135029 0.15804838 0.18780099 0.14869943 0.24282101
 0.31742829 0.99999999 0.26762162 0.28922497 0.38123358 0.99999999]
449 1.0501723138993015 [0.22260255 0.21127344 0.15777722 0.18776976 0.1486306  0.24262422
 0.31760848 0.99999999 0.2675493  0.28893329 0.3813521  0.99999999]
450 0.9335459749355988 [0.22265566 0.21105855 0.15750655 0.18754974 0.14847218 0.24262239
 0.3177466  0.99999999 0.26737964 0.28872891 0.38182972 0.99999999]
451 0.8525856421277058 [0.22251482 0.21064824 0.15725597 0.18739869 0.14833452 0.2425649
 0.31786984 0.99999999 0.26718526 0.28850305 0.3822705  0.99999999]
452 0.7416795379119021 [0.22252803 0.21036032 0.15704626 0.18723993 0.14818246 0.24226782
 0.31795329 0.99999999 0.26717528 0.28834512 0.38255424 0.99999999]
453 1.0313640794975232 [0.22254324 0.21015936 0.15681828 0.18709895 0.14804029 0.24196584
 0.31814583 0.99999999 0.26713389 0.28820307 0.38307616 0.99999999]
454 0.9550370045135762 [0.22267386 0.21002508 0.15652019 0.18675415 0.14795524 0.24196229
 0.31854308 0.99999999 0.26697447 0.28786689 0.38330949 0.99999999]
455 0.6810800939982382 [0.22280586 0.20993821 0.15622404 0.18644033 0.14779558 0.24190851
 0.31891107 0.99999999 0.26669378 0.28747483 0.38376619 0.99999999]
456 0.8782415285815737 [0.22289925 0.20972343 0.15597165 0.1861392  0.14767911 0.2417974
 0.319145   0.99999999 0.26658726 0.28728495 0.38382513 0.99999999]
457 0.7580918084745529 [0.22308505 0.20952426 0.15570567 0.18577133 0.14759621 0.24176255
 0.31930257 0.99999999 0.2663087  0.287118   0.38404747 0.99999999]
458 0.7747441772383189 [0.22311737 0.20928474 0.15545167 0.18543371 0.14751352 0.24172018
 0.31963042 0.99999999 0.26606058 0.28698849 0.38425565 0.99999999]
459 1.1987249705045953 [0.22307809 0.20897968 0.15525155 0.18519878 0.14748109 0.24177296
 0.31993498 0.99999999 0.26596798 0.28688244 0.38441976 0.99999999]
460 0.645996306641917 [0.22306921 0.20865516 0.15508577 0.18505088 0.14747541 0.24174271
 0.32008165 0.99999999 0.26553656 0.28686279 0.38477005 0.99999999]
461 0.843550317637111 [0.22310249 0.2083597  0.15495911 0.18491178 0.14740707 0.24182716
 0.32038741 0.99999999 0.26527379 0.2866802  0.38516922 0.99999999]
462 0.650466151294629 [0.2230597  0.2081055  0.15484882 0.18479312 0.14734617 0.24207851
 0.32067356 0.99999999 0.26497654 0.28647237 0.38568855 0.99999999]
463 0.896693179047893 [0.2229877  0.20788527 0.15472659 0.18474688 0.1472083  0.24219529
 0.32108095 0.99999999 0.26453773 0.28629811 0.38589254 0.99999999]
464 0.9799287688074743 [0.22287645 0.20776402 0.15462849 0.18469989 0.14704045 0.24238678
 0.32163404 0.99999999 0.26404514 0.28611082 0.38613367 0.99999999]
465 1.1551973074685025 [0.22276083 0.20764922 0.15454    0.18465241 0.14696145 0.24253438
 0.32231853 0.99999999 0.26369757 0.2860014  0.38620959 0.99999999]
466 0.8745087310874307 [0.22265703 0.2075327  0.15445514 0.18455007 0.14686941 0.24262001
 0.32274377 0.99999999 0.26342657 0.2857976  0.38617739 0.99999999]
467 0.7334678364991889 [0.22212712 0.20742839 0.15435675 0.18440545 0.146765   0.24274927
 0.32303163 0.99999999 0.26320997 0.28571491 0.38572371 0.99999999]
468 0.5670232994730712 [0.22155041 0.20736236 0.15433024 0.18417866 0.14674362 0.24286584
 0.32323589 0.99999999 0.2630146  0.28561761 0.38529384 0.99999999]
469 0.9625653189388805 [0.2209135  0.20726312 0.15425298 0.18382516 0.14670939 0.24303891
 0.32355771 0.99999999 0.26291626 0.28566859 0.3851362  0.99999999]
470 0.8821020643188369 [0.22026342 0.20709787 0.15415218 0.18356664 0.14664689 0.24329757
 0.32371342 0.99999999 0.26273682 0.28557773 0.38502885 0.99999999]
471 0.9428620635219591 [0.21988853 0.20704258 0.15407295 0.18334557 0.14659569 0.2435344
 0.32372127 0.99999999 0.26253146 0.28538831 0.38507694 0.99999999]
472 0.8347296254002412 [0.21959341 0.20701897 0.15399874 0.18309296 0.14650805 0.2438479
 0.32360724 0.99999999 0.2624061  0.28521938 0.38509549 0.99999999]
473 0.47212426370159244 [0.21923225 0.20700122 0.15391216 0.18290852 0.14651002 0.24418075
 0.32338998 0.99999999 0.26222922 0.28514839 0.38506805 0.99999999]
474 0.7605329066739155 [0.21895677 0.20700122 0.15388347 0.18277327 0.14652723 0.24457343
 0.32313634 0.99999999 0.26208694 0.28519957 0.38493659 0.99999999]
475 0.6396635398092516 [0.2186509  0.20695979 0.15384093 0.18268895 0.1465291  0.24487659
 0.32270911 0.99999999 0.26198981 0.28529543 0.38481512 0.99999999]
476 0.8283551014167827 [0.21787432 0.20683227 0.15381582 0.1825794  0.14650855 0.24515661
 0.32224758 0.99999999 0.2618531  0.28532699 0.38448993 0.99999999]
477 0.7677594115506291 [0.21712598 0.20684751 0.15372658 0.18233769 0.14654263 0.24546892
 0.32144936 0.99999999 0.26172649 0.28558512 0.38429418 0.99999999]
478 0.7945177637015214 [0.21633595 0.2069251  0.15361847 0.18211365 0.14659484 0.24578337
 0.32059241 0.99999999 0.26161697 0.28581759 0.38409702 0.99999999]
479 1.1368987393273058 [0.21579588 0.20700027 0.15345209 0.18197553 0.14665129 0.24588049
 0.31996896 0.99999999 0.2615322  0.28607892 0.38400936 0.99999999]
480 1.6136172491598797 [0.21531145 0.20697598 0.15330775 0.18189983 0.14666675 0.24584226
 0.31931869 0.99999999 0.26146257 0.28634185 0.38364133 0.99999999]
481 0.9446578983198708 [0.21475883 0.20698328 0.1530658  0.1817228  0.14664752 0.2459055
 0.31835929 0.99999999 0.26146653 0.28659795 0.38346423 0.99999999]
482 0.9860118901845323 [0.21431619 0.20697907 0.15280713 0.1814864  0.14657837 0.24618537
 0.31748773 0.99999999 0.26153583 0.28686886 0.38343012 0.99999999]
483 0.9923654448880272 [0.21387756 0.2069603  0.15252186 0.18125968 0.14642248 0.24633572
 0.31672649 0.99999999 0.26149327 0.28709152 0.38337849 0.99999999]
484 0.5448001999891061 [0.21344124 0.20694868 0.15224567 0.18109262 0.14621471 0.24636854
 0.31598952 0.99999999 0.26127826 0.28734314 0.3835917  0.99999999]
485 0.5684730241236675 [0.2130984  0.20694777 0.15202228 0.18096828 0.14605288 0.24637148
 0.31547881 0.99999999 0.26097074 0.2875641  0.38391291 0.99999999]
486 1.0129159169534143 [0.21277455 0.20690437 0.15183892 0.1808098  0.14590986 0.24628631
 0.31514686 0.99999999 0.26056694 0.28795222 0.38381506 0.99999999]
487 0.9755594223315743 [0.21248055 0.20685437 0.15166211 0.18068002 0.14572456 0.24628627
 0.31492005 0.99999999 0.26018392 0.28830143 0.38376657 0.99999999]
488 0.4968524889200361 [0.21216124 0.20681475 0.15147927 0.180576   0.14556402 0.24634512
 0.31476811 0.99999999 0.25993219 0.28868318 0.38340274 0.99999999]
489 0.4797122189944183 [0.21179361 0.20683875 0.15133698 0.18035918 0.14536163 0.24611212
 0.31458856 0.99999999 0.25970615 0.28930192 0.38304817 0.99999999]
490 0.6223624853073686 [0.21139844 0.20681933 0.15126217 0.1802448  0.14515798 0.24588881
 0.31429274 0.99999999 0.25950819 0.29017592 0.38258926 0.99999999]
491 0.7119492814850983 [0.21107234 0.20681727 0.15121286 0.18025829 0.14493006 0.24563348
 0.31430495 0.99999999 0.25934455 0.29082134 0.38231977 0.99999999]
492 0.8271571161509619 [0.21085884 0.20681924 0.15124607 0.18022814 0.14469544 0.24546443
 0.3144904  0.99999999 0.25930158 0.29143846 0.38196336 0.99999999]
493 0.7671257760550543 [0.21059234 0.2067222  0.15119911 0.18019318 0.14449059 0.2452557
 0.31468482 0.99999999 0.2591877  0.29183135 0.38155791 0.99999999]
494 0.644837631302273 [0.21036351 0.20662712 0.15124425 0.1801695  0.14428922 0.24511249
 0.31492787 0.99999999 0.25902473 0.29203574 0.38121051 0.99999999]
495 0.7151443698205376 [0.21027823 0.20659799 0.15120295 0.18004523 0.14414714 0.24503837
 0.31486189 0.99999999 0.25873502 0.29230067 0.38037991 0.99999999]
496 0.584652471480208 [0.21028744 0.2066175  0.15118391 0.17991672 0.144012   0.24500877
 0.31483508 0.99999999 0.25849213 0.29250433 0.37949227 0.99999999]
497 0.7796586053497405 [0.21048338 0.20667977 0.15110514 0.17979807 0.14380981 0.24492104
 0.31499846 0.99999999 0.25833126 0.29267305 0.37883652 0.99999999]
498 0.8559379815646659 [0.21065654 0.20677616 0.15102726 0.17961946 0.14362516 0.24483404
 0.31506763 0.99999999 0.25795718 0.29277256 0.37784594 0.99999999]
499 0.6027609377039604 [0.21065942 0.20685771 0.15096183 0.17948106 0.14345613 0.24477935
 0.31509139 0.99999999 0.25762359 0.29285617 0.37695636 0.99999999]
