0 514.5840638778279 [0.30196895 0.29821856 0.30103135 0.30290655 0.30290655 1.
 0.30384414 1.         0.30571932 0.30290655 0.30290655 1.        ]
1 92.74465797898405 [0.30233644 0.29741478 0.30140308 0.30529971 0.30452546 1.
 0.30554617 1.         0.30850604 0.30479028 0.30519325 1.        ]
2 84.36558577674407 [0.30444556 0.296463   0.30059487 0.30688271 0.3048245  1.
 0.30663158 1.         0.31042065 0.3068619  0.30677832 1.        ]
3 93.64495419529504 [0.30623987 0.29585301 0.29967219 0.30715457 0.30385967 1.
 0.30679076 1.         0.31326131 0.3090876  0.30817022 1.        ]
4 523.5488291295228 [0.30847929 0.29619261 0.29870617 0.30645258 0.30338873 1.
 0.30743027 1.         0.31590023 0.31109828 0.30912006 1.        ]
5 112.98341778157047 [0.31028542 0.29622723 0.29711832 0.3053611  0.30264579 1.
 0.30817658 1.         0.3165008  0.31192697 0.31032386 1.        ]
6 85.71137227596522 [0.31154757 0.29655559 0.2955527  0.30419674 0.30171749 1.
 0.30865754 1.         0.31652986 0.31283208 0.31171221 1.        ]
7 96.79411359477271 [0.31201522 0.29671539 0.29444934 0.30324027 0.30088707 1.
 0.30959732 1.         0.31648074 0.31351522 0.3131144  1.        ]
8 508.87594888986774 [0.31280125 0.29670018 0.29337518 0.30252443 0.30048045 1.
 0.31016422 1.         0.31697084 0.3142622  0.31456288 1.        ]
9 529.5918425708691 [0.31346714 0.296543   0.29265939 0.3022007  0.29961433 1.
 0.31085274 1.         0.31768592 0.3151956  0.3152799  1.        ]
10 89.39289852071016 [0.31324819 0.29619981 0.29182903 0.30121787 0.29853418 1.
 0.31147849 1.         0.31786542 0.31637717 0.31603695 1.        ]
11 105.12541378772664 [0.31289245 0.29565665 0.29065825 0.30020771 0.29736528 1.
 0.31180241 1.         0.31837824 0.3175862  0.31671876 1.        ]
12 73.71908053420069 [0.31232624 0.29580951 0.28978057 0.29968307 0.29597171 1.
 0.31242936 1.         0.31926097 0.31864958 0.31727873 1.        ]
13 924.8199270336382 [0.31161836 0.29598651 0.28906848 0.29953945 0.29469538 1.
 0.3127893  1.         0.31982891 0.31984247 0.31763827 1.        ]
14 505.52831957268734 [0.31106668 0.29630005 0.28829038 0.29946417 0.29311045 1.
 0.3127497  1.         0.32051461 0.32117512 0.31803761 1.        ]
15 92.40855249110643 [0.31052384 0.29643565 0.28763793 0.29965401 0.29174699 1.
 0.31306509 1.         0.32046567 0.32210171 0.31814399 1.        ]
16 903.6510640194339 [0.30944797 0.29657467 0.28716764 0.2999017  0.29057563 1.
 0.31349078 1.         0.32075242 0.32291083 0.31800336 1.        ]
17 84.38867995557499 [0.30849934 0.29671411 0.28679611 0.29988029 0.28930158 1.
 0.31378256 1.         0.32064092 0.32365043 0.31779063 1.        ]
18 486.2825200919394 [0.30779069 0.29683651 0.28637995 0.29976641 0.28787938 1.
 0.31407541 1.         0.32058446 0.32419029 0.31716512 1.        ]
19 63.50913553385676 [0.30670891 0.29703878 0.28614016 0.29977714 0.28638537 1.
 0.31387119 1.         0.3205804  0.32445249 0.31692295 1.        ]
20 67.87108045359017 [0.30580178 0.29732366 0.28560018 0.29978375 0.28496025 1.
 0.31340547 1.         0.32066457 0.32421156 0.31698663 1.        ]
21 63.21996160885225 [0.30469631 0.29738017 0.28508029 0.29969669 0.28376255 1.
 0.31251485 1.         0.32070904 0.32374317 0.3168404  1.        ]
22 65.10498518201985 [0.30329384 0.29745977 0.28443221 0.29927624 0.28253454 1.
 0.31134242 1.         0.3205109  0.32327358 0.31699217 1.        ]
23 60.605062349303445 [0.30230854 0.29772417 0.28379972 0.29898088 0.28120315 1.
 0.31056648 1.         0.32026869 0.32281547 0.31687944 1.        ]
24 486.43223482881484 [0.30159334 0.29820915 0.28342937 0.29876734 0.27987273 1.
 0.30977506 1.         0.31969697 0.32239553 0.31680559 1.        ]
25 61.47137501152616 [0.30068005 0.29876849 0.28300524 0.29876581 0.27882161 1.00000001
 0.30889923 1.00000001 0.31916277 0.32207354 0.31695123 1.00000001]
26 65.95458096714735 [0.29993954 0.29897215 0.28247887 0.2987741  0.2776213  1.00000001
 0.30814292 1.00000001 0.31891476 0.32179195 0.31678133 1.00000001]
27 50.46553088632792 [0.29922252 0.29925152 0.28192361 0.29854185 0.27647902 1.00000001
 0.30763087 1.00000001 0.31870489 0.32119888 0.31689829 1.00000001]
28 57.534525199003525 [0.29871053 0.29962204 0.28151305 0.29827649 0.27570894 1.00000001
 0.30714095 1.00000001 0.31847888 0.32061214 0.3171021  1.00000001]
29 52.59597810098444 [0.2982538  0.29983293 0.28130819 0.29753628 0.27493566 1.00000001
 0.306908   1.00000001 0.31854719 0.32012766 0.31722598 1.00000001]
30 51.00095263443021 [0.29760519 0.30013847 0.28096818 0.29662419 0.27424602 1.00000001
 0.30671446 1.00000001 0.31832463 0.31969726 0.31722985 1.00000001]
31 47.55615232207283 [0.29688119 0.3007448  0.28048987 0.29552809 0.27338509 1.00000001
 0.306271   1.00000001 0.31797758 0.31920218 0.31744555 1.00000001]
32 893.3571864798165 [0.29631778 0.30127785 0.28007758 0.29463192 0.27268811 1.00000001
 0.30610489 1.00000001 0.31771784 0.31848007 0.31795412 1.00000001]
33 55.62614392835893 [0.29560905 0.30172419 0.27970974 0.29378831 0.27206478 1.00000001
 0.30574582 1.00000001 0.31725345 0.3178396  0.31845552 1.00000001]
34 56.79109710045617 [0.29497318 0.30248148 0.27908701 0.29297411 0.27145192 1.00000001
 0.30564068 1.00000001 0.31682734 0.31727929 0.31875167 1.00000001]
35 898.9071188553025 [0.29447874 0.30315657 0.27863957 0.29214868 0.27093713 1.00000001
 0.30562171 1.00000001 0.31648875 0.31670333 0.31892017 1.00000001]
36 44.48386431550456 [0.29381505 0.30333765 0.27813612 0.29140078 0.27031919 1.00000001
 0.3058292  1.00000001 0.31612951 0.31585957 0.31916501 1.00000001]
37 875.7095742161289 [0.29322377 0.30354743 0.27774566 0.29074065 0.26980488 1.00000001
 0.3058982  1.00000001 0.31611313 0.3150916  0.31945954 1.00000001]
38 55.80988382973596 [0.29271938 0.30355694 0.27726103 0.29025243 0.26938265 1.00000001
 0.30603908 1.00000001 0.31600161 0.31424279 0.32001779 1.00000001]
39 469.6186250751277 [0.29228511 0.30394196 0.27676057 0.28986825 0.26904858 1.00000001
 0.30625803 1.00000001 0.31593313 0.31344447 0.32061343 1.00000001]
40 47.98056551431246 [0.29162983 0.30427415 0.27614525 0.28944033 0.26849508 1.00000001
 0.30643211 1.00000001 0.31589222 0.31274232 0.32141967 1.00000001]
41 459.09992537235337 [0.29099619 0.3048436  0.2755329  0.2886294  0.26793616 1.00000001
 0.3065417  1.00000001 0.31564744 0.31253056 0.32186423 1.00000001]
42 36.987057935016026 [0.29008394 0.30540098 0.2748032  0.28791643 0.26742277 1.00000001
 0.30670182 1.00000001 0.31567569 0.3122479  0.32227669 1.00000001]
43 41.413670672019904 [0.28946725 0.30552941 0.27391233 0.28725007 0.26682643 1.00000001
 0.30674877 1.00000001 0.31586911 0.31172811 0.3225525  1.00000001]
44 458.8212995573996 [0.28904153 0.30591193 0.27298624 0.2866753  0.26633578 1.00000001
 0.30696387 1.00000001 0.31593204 0.31105544 0.32319577 1.00000001]
45 40.56781976946786 [0.28881171 0.30624022 0.27186395 0.28620126 0.2659767  1.00000001
 0.30714612 1.00000001 0.31624296 0.31038047 0.32379663 1.00000001]
46 467.8093683962788 [0.2884298  0.30641059 0.27054363 0.28545097 0.26564613 1.00000001
 0.30737745 1.00000001 0.31641637 0.30960796 0.32445427 1.00000001]
47 51.828269937893 [0.28783385 0.30673434 0.26913191 0.28496945 0.26513998 1.00000001
 0.30758549 1.00000001 0.31698583 0.30890293 0.32478983 1.00000001]
48 465.0313542483925 [0.28735519 0.30710123 0.2677633  0.2844488  0.26428907 1.00000001
 0.30781427 1.00000001 0.31761768 0.30848384 0.32506446 1.00000001]
49 35.79297066575671 [0.28678739 0.30718312 0.26617416 0.28413008 0.26339253 1.00000001
 0.30778528 1.00000001 0.31850228 0.30808721 0.32516077 1.00000001]
50 30.622792166045283 [0.28657274 0.30739363 0.26442145 0.28385276 0.26266103 1.00000001
 0.30811564 1.00000001 0.31928477 0.30763805 0.32528592 1.00000001]
51 39.90835118979675 [0.28624247 0.30738642 0.26265519 0.28340729 0.26171636 1.00000001
 0.30878137 1.00000001 0.32012692 0.30725247 0.32482817 1.00000001]
52 29.878321516089763 [0.28601573 0.30728369 0.26105658 0.28282903 0.26086969 1.00000001
 0.30911557 1.00000001 0.32077706 0.30686614 0.32434349 1.00000001]
53 29.13408427583059 [0.28575945 0.30722995 0.25960164 0.2823634  0.26002578 1.00000001
 0.30958018 1.00000001 0.32140614 0.30652733 0.32378075 1.00000001]
54 872.0324707159978 [0.28559724 0.30708026 0.25832712 0.28189824 0.25929413 1.00000001
 0.31015142 1.00000001 0.32209521 0.30593892 0.32324202 1.00000001]
55 864.4471191541949 [0.2855546  0.30700579 0.25708037 0.28159461 0.25862504 1.00000001
 0.31074168 1.00000001 0.32272325 0.30554511 0.32311988 1.00000001]
56 872.8714820036419 [0.28544085 0.30677431 0.25599115 0.2814049  0.25798724 1.00000001
 0.31135401 1.00000001 0.32297994 0.30520277 0.32295356 1.00000001]
57 29.556269719801588 [0.28507618 0.30659043 0.25487939 0.28102857 0.25722436 1.00000001
 0.31203283 1.00000001 0.32319019 0.30479636 0.32264556 1.00000001]
58 449.1898129181332 [0.2845378  0.30666166 0.25355221 0.28065608 0.25657508 1.00000001
 0.3126775  1.00000001 0.32351234 0.3043649  0.32242264 1.00000001]
59 458.19242292833457 [0.28397031 0.30682722 0.25243918 0.28030012 0.25592918 1.00000001
 0.31343167 1.00000001 0.32366348 0.3041588  0.32200491 1.00000001]
60 449.0990956883588 [0.28342226 0.30732315 0.25152029 0.27982556 0.25545434 1.00000001
 0.31419204 1.00000001 0.32354509 0.30387202 0.32194784 1.00000001]
61 882.1285514489942 [0.28301562 0.30765658 0.25054384 0.27910757 0.25505068 1.00000001
 0.31502794 1.00000001 0.32305343 0.30399508 0.32176223 1.00000001]
62 446.10129043555327 [0.28255483 0.3080521  0.24970834 0.27836419 0.25430529 1.
 0.31551594 1.         0.32279947 0.30415911 0.32172501 1.        ]
63 453.51576006988165 [0.28203791 0.30865178 0.24852026 0.27791062 0.25359024 1.
 0.31642713 1.         0.32230795 0.30418791 0.32150554 1.        ]
64 451.9616595999653 [0.28141973 0.30908046 0.2473808  0.27766949 0.25279402 1.
 0.31713793 1.         0.32178736 0.30435214 0.32168257 1.        ]
65 26.247461779739613 [0.28079593 0.30953568 0.24631637 0.27736955 0.25201349 1.
 0.3173736  1.         0.32103458 0.30441426 0.32213582 1.        ]
66 449.1618065985431 [0.28032355 0.30976133 0.24544021 0.27718965 0.25106028 1.
 0.31777906 1.         0.31998326 0.30457835 0.32255754 1.        ]
67 21.184350360230862 [0.27994591 0.3099245  0.24457327 0.27722385 0.25000279 1.
 0.31835433 1.         0.31925938 0.30455409 0.3223872  1.        ]
68 445.3444183783729 [0.27911302 0.31000324 0.24360749 0.2774983  0.24881223 1.
 0.31889751 1.         0.31857914 0.30476089 0.32186297 1.        ]
69 445.4802100054732 [0.27839051 0.30997559 0.24275633 0.27791776 0.24776292 1.
 0.319371   1.         0.31801397 0.30500841 0.32141511 1.        ]
70 21.33386463471902 [0.2778127  0.30976197 0.24175268 0.27821571 0.24675438 1.
 0.32012156 1.         0.31689632 0.30527757 0.32103777 1.        ]
71 20.07315761250277 [0.27744373 0.30951071 0.24069756 0.27826182 0.24570492 1.
 0.32084482 1.         0.3163228  0.30558259 0.32042579 1.        ]
72 26.551177744850463 [0.2770468  0.30928639 0.23976242 0.27808512 0.24478511 1.
 0.32132672 1.         0.31609805 0.30588628 0.31978655 1.        ]
73 24.38772649849369 [0.27646578 0.3090046  0.23897021 0.27794734 0.24394171 1.
 0.32186069 1.         0.3158659  0.30613253 0.31944946 1.        ]
74 446.1163689327323 [0.27581915 0.30872836 0.23811174 0.27785282 0.24321909 1.
 0.32254414 1.         0.3156748  0.30620512 0.31934883 1.        ]
75 20.888491816852145 [0.27513374 0.30848186 0.23729683 0.27793181 0.24244842 1.
 0.32287406 1.         0.31547894 0.30633566 0.31883459 1.        ]
76 22.37453208033447 [0.27447811 0.30787462 0.23643487 0.27786979 0.24176903 1.
 0.32301282 1.         0.31538282 0.30664198 0.31822816 1.        ]
77 20.792770261653764 [0.27355711 0.30734927 0.23564913 0.27770069 0.2408289  1.
 0.3226352  1.         0.31550612 0.30692363 0.31793588 1.        ]
78 17.191374583863208 [0.27285055 0.30701869 0.23463716 0.27719305 0.23976027 1.
 0.32250699 1.         0.31562973 0.30716314 0.3180195  1.        ]
79 16.122493202197866 [0.27195346 0.30655605 0.23360566 0.27660471 0.23874368 1.
 0.32243839 1.         0.31577431 0.30721153 0.31800588 1.        ]
80 13.796904715725084 [0.27129763 0.30597398 0.23260801 0.27597019 0.23791799 1.
 0.32232665 1.         0.31582346 0.30731371 0.31835359 1.        ]
81 15.540168928461568 [0.27076384 0.30547225 0.23158588 0.27540426 0.237261   1.
 0.32230186 1.         0.31551361 0.307173   0.31883793 1.        ]
82 11.94663292474603 [0.27010674 0.30493235 0.23051965 0.27451942 0.23674777 1.
 0.32226489 1.         0.31500563 0.30691769 0.31922239 1.        ]
83 15.93566914510953 [0.26950701 0.30447269 0.2295103  0.2739261  0.2362247  1.
 0.32215602 1.         0.31478575 0.30663321 0.31966486 1.        ]
84 10.100298954189146 [0.26882366 0.30410054 0.22863723 0.2735294  0.23562199 1.
 0.3224819  1.         0.31463276 0.30645097 0.31979883 1.        ]
85 16.31687367817353 [0.26814638 0.30387652 0.22790013 0.27304817 0.23495273 1.
 0.32270724 1.         0.31455083 0.30611312 0.32006233 1.        ]
86 10.483816809806324 [0.26745062 0.30338578 0.22743342 0.27258502 0.23443215 1.
 0.3229249  1.         0.31470654 0.30599916 0.31997136 1.        ]
87 20.185418212142032 [0.26652031 0.30301426 0.22689582 0.2721255  0.23402293 1.
 0.32316683 1.         0.3147179  0.30588269 0.31994971 1.        ]
88 438.5371256821696 [0.2655722  0.30270561 0.22631739 0.27177349 0.23358437 1.
 0.3233839  1.         0.31483197 0.30569284 0.32013155 1.        ]
89 13.364951978070389 [0.26458325 0.30255216 0.22571376 0.2715917  0.23306833 1.
 0.32337895 1.         0.31506193 0.30545089 0.32007257 1.        ]
90 15.401912633666408 [0.26339802 0.30265166 0.22490621 0.27147548 0.23261199 1.
 0.32341537 1.         0.31511408 0.30528253 0.32011234 1.        ]
91 14.534588320130837 [0.26219075 0.30288801 0.22402149 0.27133607 0.2322655  1.
 0.32320806 1.         0.31514197 0.30515261 0.32017855 1.        ]
92 12.051791469012148 [0.26096348 0.30316974 0.22314585 0.27129981 0.23195296 1.
 0.32249588 1.         0.3151092  0.30516103 0.32063237 1.        ]
93 11.970991812147776 [0.25976771 0.30371121 0.22228784 0.27148276 0.23152512 1.
 0.32233638 1.         0.31510518 0.3053142  0.32111056 1.        ]
94 16.759197524126648 [0.25862959 0.30468117 0.2216685  0.27144734 0.23103297 1.
 0.32241079 1.         0.31494302 0.30571468 0.32183044 1.        ]
95 13.363898648620259 [0.25748626 0.30554826 0.2209513  0.27153594 0.23041642 1.
 0.32237015 1.         0.31457994 0.30586868 0.32251958 1.        ]
96 14.03312466925497 [0.25632351 0.3059776  0.22035658 0.27192691 0.22972084 1.
 0.32238994 1.         0.3140659  0.30591277 0.32339045 1.        ]
97 15.551460590707823 [0.25533993 0.30619362 0.21971653 0.27226379 0.22908771 1.
 0.32263893 1.         0.31359847 0.30587729 0.3245946  1.        ]
98 15.390707264718312 [0.25453975 0.30628887 0.21904738 0.27245522 0.22850505 1.
 0.32302015 1.         0.31339632 0.30591386 0.32565048 1.        ]
99 19.350820563675075 [0.25377707 0.30595067 0.21840808 0.27263543 0.22789867 1.
 0.32316286 1.         0.31322717 0.30590198 0.3264578  1.        ]
100 15.261439722630472 [0.25302633 0.30572153 0.21776945 0.27280704 0.22730918 1.
 0.32292186 1.         0.31308138 0.30573418 0.32688058 1.        ]
101 11.095679534837355 [0.2520221  0.30560223 0.21713538 0.27257704 0.22677746 1.
 0.3224571  1.         0.31339442 0.30549871 0.3274836  1.        ]
102 11.268148799420759 [0.2512537  0.30546307 0.21645483 0.27212857 0.22649729 1.
 0.32188077 1.         0.31373308 0.30522392 0.32823929 1.        ]
103 10.253457456362419 [0.25051425 0.30530706 0.21582018 0.27165644 0.22623744 1.
 0.3214752  1.         0.31401218 0.30499789 0.32883597 1.        ]
104 7.581946468807557 [0.24998928 0.30489265 0.21513464 0.27099233 0.22587586 1.
 0.32111118 1.         0.31430698 0.30482661 0.32936167 1.        ]
105 14.46757903582214 [0.24963474 0.30429121 0.21447639 0.27017927 0.22567167 1.
 0.32084549 1.         0.31451262 0.30469044 0.32967951 1.        ]
106 11.019242337408967 [0.24932708 0.30376775 0.21392081 0.26935974 0.22548994 1.
 0.32023338 1.         0.31468136 0.30459562 0.33006253 1.        ]
107 8.120158118342097 [0.24917817 0.30346518 0.21350815 0.26855024 0.22534917 1.
 0.31974003 1.         0.31486458 0.30425476 0.33075635 1.        ]
108 14.329073203164498 [0.2489295  0.30332957 0.21311165 0.2678197  0.22497979 1.
 0.31930333 1.         0.31516935 0.30395972 0.33118403 1.        ]
109 9.065030326437327 [0.24853616 0.30321242 0.21274953 0.26750107 0.2246685  1.
 0.31871047 1.         0.31537968 0.30371785 0.33158345 1.        ]
110 10.547704094213845 [0.24787421 0.303099   0.21243923 0.26747741 0.22431862 1.
 0.31829778 1.         0.31575193 0.30346004 0.33215305 1.        ]
111 11.87951894456102 [0.24754196 0.30303582 0.21216123 0.267498   0.22409    1.
 0.31750469 1.         0.31594445 0.30296738 0.33270433 1.        ]
112 8.637639545740377 [0.24729884 0.30297265 0.21192073 0.26751785 0.22379595 1.
 0.31678583 1.         0.31659965 0.30256887 0.33314273 1.        ]
113 11.7030044276751 [0.24729682 0.30289855 0.2118096  0.2674219  0.22345858 1.
 0.31633726 1.         0.31715946 0.30216297 0.33377366 1.        ]
114 11.794972857483998 [0.24737921 0.30290604 0.21180913 0.26727007 0.22315974 1.
 0.31581882 1.         0.31756081 0.30160096 0.33426275 1.        ]
115 10.465071457338967 [0.2473573  0.3031462  0.21187851 0.26757312 0.22278271 1.
 0.31542429 1.         0.31778283 0.30054811 0.33428239 1.        ]
116 10.395448734405225 [0.24735237 0.30343034 0.21190114 0.26778873 0.22239303 1.
 0.31489401 1.         0.31799849 0.2997155  0.33458162 1.        ]
117 8.444834220192211 [0.24738878 0.30399617 0.21187518 0.26839029 0.22218951 1.
 0.31439815 1.         0.31845385 0.29874887 0.33491005 1.        ]
118 15.219836104399137 [0.24743874 0.30468008 0.21175542 0.26879495 0.22194796 1.
 0.31371626 1.         0.31918531 0.29794984 0.33516974 1.        ]
119 435.06697679583533 [0.24758725 0.30477884 0.21156133 0.26945918 0.22173554 1.
 0.31331628 1.         0.31976006 0.29711604 0.33541096 1.        ]
120 10.26816559992913 [0.24773145 0.30476196 0.21154782 0.27041263 0.22154876 1.
 0.31303219 1.         0.32031917 0.29635513 0.33556667 1.        ]
121 8.958151681911495 [0.24787722 0.30487021 0.21155473 0.27148701 0.22144084 1.
 0.31291812 1.         0.32080989 0.29561775 0.33563123 1.        ]
122 11.355026378082574 [0.24790445 0.30502298 0.21139231 0.2722159  0.22134281 1.
 0.31287368 1.         0.32134223 0.29475408 0.33581067 1.        ]
123 11.717185539608789 [0.24793689 0.30528427 0.21117345 0.27254904 0.22128229 1.
 0.31294818 1.         0.32170789 0.29388065 0.33593912 1.        ]
124 11.51496626218007 [0.24791957 0.30554338 0.21093352 0.2727901  0.22127512 1.
 0.31324046 1.         0.32226893 0.29324629 0.33593217 1.        ]
125 13.967835786518242 [0.24794995 0.30550641 0.21050133 0.27319865 0.22115171 1.
 0.31365571 1.         0.32269913 0.29259734 0.33609436 1.        ]
126 11.85521257232822 [0.24800408 0.30532502 0.20995884 0.27373904 0.22077127 1.
 0.31372888 1.         0.32323165 0.29206448 0.33631853 1.        ]
127 7.635985709542536 [0.24770952 0.30482866 0.20939702 0.27433165 0.22015629 1.
 0.3135518  1.         0.32392942 0.29148343 0.33625755 1.        ]
128 11.44067038778881 [0.24747838 0.30450814 0.20884582 0.27483253 0.21952459 1.
 0.31319719 1.         0.32445726 0.29064841 0.33632526 1.        ]
129 13.055559977288228 [0.24722372 0.30447179 0.20828538 0.27500647 0.21890891 1.
 0.31276501 1.         0.32482752 0.29001784 0.33623892 1.        ]
130 11.280013010115368 [0.2469446  0.3045401  0.20773393 0.27516869 0.2184538  1.
 0.31237366 1.         0.32514251 0.28931229 0.33623575 1.        ]
131 7.865932304074848 [0.24676562 0.3047581  0.20727171 0.27524136 0.21811672 1.
 0.31199592 1.         0.3254588  0.28855395 0.33613626 1.        ]
132 7.299087928860574 [0.24644669 0.30494876 0.20682621 0.27540579 0.21784801 1.
 0.31156955 1.         0.32584277 0.28789629 0.33634798 1.        ]
133 6.407750627678363 [0.24627998 0.30491762 0.20649016 0.27535047 0.21761067 1.
 0.31160444 1.         0.32626913 0.28709006 0.33678601 1.        ]
134 6.985517327446557 [0.24597636 0.30495091 0.20596776 0.27496851 0.21750184 1.
 0.31162358 1.         0.32649924 0.28627609 0.33745761 1.        ]
135 7.733438041755214 [0.24583681 0.30520834 0.20548037 0.2743695  0.21749299 1.
 0.31157598 1.         0.32687492 0.28564382 0.33829799 1.        ]
136 6.552879169258438 [0.24569852 0.30539181 0.20497879 0.27390992 0.21754302 1.
 0.31156728 1.         0.32750134 0.28496307 0.33911236 1.        ]
137 9.079062872245622 [0.24524868 0.30548806 0.20452581 0.2734559  0.21756514 1.
 0.31112627 1.         0.32799631 0.28439924 0.33989584 1.        ]
138 7.3241971856503945 [0.24485301 0.30564423 0.20414269 0.27270997 0.21746228 1.
 0.31091602 1.         0.32850219 0.28384404 0.34105984 1.        ]
139 6.9635681872560165 [0.24426396 0.30589476 0.20371447 0.27190389 0.21725936 1.
 0.31085398 1.         0.32900591 0.28334706 0.34182043 1.        ]
140 7.620338239581113 [0.24370712 0.30597258 0.20329417 0.27105642 0.21703971 1.
 0.31095016 1.         0.32902062 0.28284309 0.34239477 1.        ]
141 10.282600438731894 [0.24310204 0.30593426 0.2029316  0.26995832 0.21696317 1.
 0.31107177 1.         0.32859077 0.28222411 0.34255087 1.        ]
142 6.578546284625913 [0.24244792 0.30573668 0.20266079 0.26906464 0.21672953 1.
 0.31104309 1.         0.32809352 0.28185141 0.34258299 1.        ]
143 6.626141659719753 [0.24191964 0.30553005 0.20250193 0.26838165 0.21654995 1.
 0.31110085 1.         0.32754408 0.28133272 0.34299908 1.        ]
144 426.67933185863245 [0.24138942 0.3054518  0.20244916 0.26784593 0.21637317 1.
 0.31104435 1.         0.32678499 0.28090351 0.34337321 1.        ]
145 7.390605964098068 [0.24079468 0.30528027 0.20238561 0.26743475 0.21620832 1.
 0.31113708 1.         0.32617393 0.28032906 0.34364306 1.        ]
146 8.402005859208145 [0.24020407 0.30513616 0.2023539  0.26733106 0.21601543 1.
 0.31128189 1.         0.32538438 0.27974841 0.34362042 1.        ]
147 8.175240715853617 [0.23968183 0.30493044 0.2024006  0.26703918 0.21576336 1.
 0.311458   1.         0.3248101  0.27945976 0.34338424 1.        ]
148 6.117180715310921 [0.23921837 0.30464505 0.20245272 0.26662618 0.21542036 1.
 0.31154038 1.         0.3246555  0.2792922  0.34340547 1.        ]
149 6.315101115997604 [0.23855784 0.30401107 0.2023946  0.26635751 0.2150877  1.
 0.31176676 1.         0.3244105  0.2791268  0.34373755 1.        ]
150 7.169737248413872 [0.23785487 0.30338071 0.20227977 0.2661787  0.21457202 1.
 0.31203932 1.         0.32429945 0.27867121 0.34421628 1.        ]
151 6.205370582308678 [0.23720377 0.302755   0.2021683  0.26608834 0.21399107 1.
 0.31223022 1.         0.32415672 0.27844636 0.34423012 1.        ]
152 7.390574663862989 [0.23651445 0.30204338 0.20196673 0.26581026 0.21332292 1.
 0.31233527 1.         0.32380453 0.27827746 0.34423975 1.        ]
153 5.770527502309271 [0.23587635 0.3013013  0.20178155 0.26536944 0.21269418 1.
 0.31206169 1.         0.32366722 0.2781987  0.34416024 1.        ]
154 4.76363296064698 [0.23519437 0.30079917 0.20155625 0.26468681 0.21206478 1.
 0.31204059 1.         0.32390196 0.27818271 0.34444664 1.        ]
155 4.298800725059251 [0.23475161 0.30040143 0.20131969 0.26414855 0.21149199 1.
 0.31179254 1.         0.32417545 0.27843775 0.34459247 1.        ]
156 4.432708280784283 [0.23430808 0.30013667 0.20110595 0.26377237 0.21085764 1.
 0.31177616 1.         0.32449515 0.27855306 0.34486512 1.        ]
157 4.678888819301669 [0.23380151 0.29966966 0.20088983 0.26326887 0.21013377 1.
 0.31191137 1.         0.32493344 0.27858283 0.34472504 1.        ]
158 4.8548637170995 [0.23307029 0.29948111 0.20059885 0.2627049  0.20938167 1.
 0.31223534 1.         0.32529702 0.27876498 0.34453284 1.        ]
159 5.424373778518174 [0.23241638 0.29914893 0.20036609 0.26215399 0.20880108 1.
 0.31265554 1.         0.32546616 0.2789056  0.34453283 1.        ]
160 5.332043623079143 [0.23206811 0.29893582 0.2002432  0.26160231 0.2084433  1.
 0.31306937 1.         0.32513797 0.27888853 0.34457531 1.        ]
161 5.093301734986684 [0.23169885 0.29893329 0.19997669 0.26115934 0.2082225  1.
 0.31387785 1.         0.32456797 0.27873964 0.34468732 1.        ]
162 4.482442221416585 [0.23140941 0.29896    0.19976158 0.26089464 0.20813461 1.
 0.31456823 1.         0.32403891 0.27869523 0.34494224 1.        ]
163 4.617417739976096 [0.23114386 0.29910009 0.19967701 0.26069777 0.20806968 1.
 0.31500283 1.         0.3234896  0.27854713 0.3455567  1.        ]
164 3.094476248110448 [0.23071441 0.29868883 0.19959677 0.26071592 0.20788345 1.
 0.31564053 1.         0.32316815 0.27863256 0.34593491 1.        ]
165 4.004709843560739 [0.23025887 0.29843271 0.19965832 0.26073636 0.20753634 1.
 0.31643695 1.         0.3230451  0.27874722 0.34643597 1.        ]
166 4.786314689780095 [0.22974663 0.29830679 0.19978434 0.26110236 0.20722945 1.
 0.31744164 1.         0.32284434 0.27887071 0.34680964 1.        ]
167 3.736818933267764 [0.22911648 0.29827711 0.19988093 0.26130646 0.20695125 1.
 0.31865653 1.         0.32270061 0.2790476  0.34754636 1.        ]
168 2.2499859628897854 [0.22870708 0.29828808 0.19998645 0.26101544 0.20635641 1.
 0.31981194 1.         0.32233168 0.27905796 0.34817297 1.        ]
169 3.2660623621492264 [0.22815891 0.29802784 0.20001741 0.26067315 0.20581538 1.
 0.32091885 1.         0.32210113 0.27876676 0.34776914 1.        ]
170 3.5641505083381673 [0.22778588 0.29767034 0.19999263 0.26026166 0.20533893 1.00000001
 0.3219951  1.00000001 0.32204782 0.27831321 0.34702985 1.00000001]
171 2.7320448394596495 [0.22763358 0.29757596 0.20003314 0.25982912 0.20479663 1.00000001
 0.32276026 1.00000001 0.32211229 0.27806704 0.34632966 1.00000001]
172 2.5531827477241062 [0.22745216 0.29704446 0.19993281 0.25922441 0.20409145 1.00000001
 0.32373459 1.00000001 0.32212445 0.27795342 0.34576723 1.00000001]
173 3.813153751316892 [0.22722827 0.29654049 0.19985566 0.25869232 0.20343667 1.00000001
 0.32468632 1.00000001 0.32202481 0.27778275 0.34508617 1.00000001]
174 3.354335829220593 [0.22705983 0.29588339 0.1998203  0.25823542 0.20271425 1.00000001
 0.32558808 1.00000001 0.3219669  0.27774938 0.34441392 1.00000001]
175 4.678257371046839 [0.226833   0.29519729 0.19961133 0.2580957  0.20186527 1.00000001
 0.32645135 1.00000001 0.32169963 0.27752992 0.34423351 1.00000001]
176 3.401869971049196 [0.22641271 0.29469936 0.19943185 0.25775518 0.20098661 1.00000001
 0.32719493 1.00000001 0.32165504 0.27715238 0.34394351 1.00000001]
177 4.413896540990564 [0.22609024 0.29435144 0.19928078 0.25731352 0.20019825 1.00000001
 0.3275415  1.00000001 0.32184802 0.27687842 0.34358782 1.00000001]
178 2.7732742404627295 [0.225827   0.2940608  0.19905946 0.25710112 0.19947791 1.00000001
 0.32777841 1.00000001 0.32214938 0.27663784 0.34329658 1.00000001]
179 2.7882499858459235 [0.22551614 0.29376011 0.19882614 0.25678219 0.19872034 1.00000001
 0.32821176 1.00000001 0.32216633 0.27633846 0.34316572 1.00000001]
180 2.5614679819868007 [0.22544303 0.29347663 0.19867511 0.2566256  0.19812539 1.00000001
 0.32868223 1.00000001 0.32230128 0.27621007 0.34294959 1.00000001]
181 2.531811587271748 [0.22492902 0.29280775 0.19864746 0.25624434 0.1976568  1.00000001
 0.32922883 1.00000001 0.32232814 0.27587286 0.34284956 1.00000001]
182 2.0690251393848156 [0.224471   0.29239998 0.19867682 0.25578235 0.19719681 1.00000001
 0.32965093 1.00000001 0.32234711 0.27550817 0.34264045 1.00000001]
183 1.8857835521739705 [0.22416228 0.29188198 0.19864258 0.25536538 0.19671168 1.00000001
 0.33003157 1.00000001 0.32262304 0.27523724 0.34246706 1.00000001]
184 2.497704234523045 [0.22395254 0.29118647 0.19860876 0.25448814 0.19617061 1.00000001
 0.33028057 1.00000001 0.32258619 0.27493176 0.34249941 1.00000001]
185 1.8668850157592694 [0.22373216 0.29049695 0.1983976  0.25358098 0.19569166 1.00000001
 0.33056368 1.00000001 0.32287451 0.27509428 0.34247952 1.00000001]
186 2.337587570356723 [0.22350275 0.28993905 0.19815266 0.25277893 0.19529668 1.00000001
 0.33025129 1.00000001 0.32316617 0.27529929 0.34266084 1.00000001]
187 1.222863743361096 [0.22321318 0.28921814 0.19786597 0.25193239 0.19480896 1.00000001
 0.3295064  1.00000001 0.32388672 0.27561745 0.34320645 1.00000001]
188 2.276116335039993 [0.22291169 0.28859407 0.19760497 0.25104732 0.19438317 1.00000001
 0.32885922 1.00000001 0.32428666 0.27583468 0.34361957 1.00000001]
189 2.5971108004143155 [0.22247998 0.28776295 0.19738792 0.25023201 0.19393645 1.00000001
 0.32849044 1.00000001 0.32456481 0.27566204 0.34405636 1.00000001]
190 2.0312057914073915 [0.22198824 0.28688032 0.19700558 0.24948721 0.19355952 1.00000001
 0.32816233 1.00000001 0.32474607 0.27552278 0.34465969 1.00000001]
191 1.6128124022842052 [0.22160802 0.28596737 0.1966796  0.24906098 0.19299473 1.00000001
 0.32819388 1.00000001 0.32469663 0.27542553 0.34518268 1.00000001]
192 1.4525703729313348 [0.2211339  0.28515017 0.19640252 0.24873624 0.19241123 1.00000001
 0.3281695  1.00000001 0.32428491 0.2751509  0.34589304 1.00000001]
193 1.3491559650502583 [0.2207184  0.28404096 0.19616259 0.24835594 0.19174332 1.00000001
 0.32799042 1.00000001 0.32410172 0.2750075  0.34648768 1.00000001]
194 2.8232240601888474 [0.22032982 0.28308566 0.19596969 0.24793926 0.19112056 1.00000001
 0.3277892  1.00000001 0.32383829 0.27478674 0.34710055 1.00000001]
195 2.73296224103514 [0.22000025 0.28198829 0.19581465 0.24778781 0.19052448 1.00000001
 0.32747884 1.00000001 0.32366595 0.27459083 0.34741137 1.00000001]
196 3.0270052370613447 [0.21981741 0.28084114 0.19572876 0.24745646 0.18991314 1.00000001
 0.32718993 1.00000001 0.32365216 0.27452417 0.34778472 1.00000001]
197 1.8575404768058346 [0.21958476 0.27998186 0.19572393 0.24720332 0.18937389 1.00000001
 0.32693592 1.00000001 0.32350164 0.27451138 0.34840323 1.00000001]
198 1.3029371242356893 [0.21946792 0.27901037 0.19572711 0.24686961 0.18889943 1.00000001
 0.32657698 1.00000001 0.32330724 0.274534   0.34860088 1.00000001]
199 1.6163029818963945 [0.21942281 0.27783792 0.19567921 0.24660713 0.18847051 1.00000001
 0.32612413 1.00000001 0.32311355 0.27452219 0.34852874 1.00000001]
200 1.9759442331565142 [0.21940719 0.27671752 0.19552078 0.24649974 0.18800701 1.00000001
 0.32544393 1.00000001 0.32295022 0.27469518 0.34854103 1.00000001]
201 1.952553417328775 [0.21954121 0.2754389  0.1952767  0.2462417  0.18749948 1.00000001
 0.32471571 1.00000001 0.32292238 0.27485947 0.34791965 1.00000001]
202 1.3127062195900383 [0.2196398  0.27394592 0.19515995 0.24591678 0.18704688 1.00000001
 0.32437086 1.00000001 0.32274391 0.27526505 0.34763305 1.00000001]
203 1.164134986836137 [0.21971694 0.27232393 0.19495759 0.24552395 0.18665041 1.00000001
 0.32394051 1.00000001 0.32276209 0.27573346 0.34724299 1.00000001]
204 3.4775991385973133 [0.21982538 0.271055   0.19475596 0.24513668 0.1862286  1.00000001
 0.32345871 1.00000001 0.32272322 0.27620357 0.34694427 1.00000001]
205 1.506627228725507 [0.21997065 0.26999702 0.19461708 0.24474405 0.1857365  1.00000001
 0.32331278 1.00000001 0.32244253 0.2763945  0.34655744 1.00000001]
206 1.671765948188542 [0.22007392 0.26896615 0.19447799 0.24438686 0.18523795 1.00000001
 0.323187   1.00000001 0.32222676 0.27633372 0.34661487 1.00000001]
207 1.9218328466688979 [0.21990683 0.2681201  0.19441258 0.24410012 0.18472815 1.00000001
 0.32275643 1.00000001 0.32219753 0.27629483 0.34646136 1.00000001]
208 2.1925332501252583 [0.21981958 0.26737147 0.19425015 0.24397587 0.18422912 1.00000001
 0.3221963  1.00000001 0.32239993 0.27615965 0.34618313 1.00000001]
209 1.5795352107207936 [0.21942698 0.26662315 0.19413538 0.2437173  0.18379393 1.00000001
 0.321098   1.00000001 0.3229687  0.27584756 0.34613359 1.00000001]
210 2.286150644503846 [0.2188566  0.26603497 0.1940149  0.24339577 0.18346705 1.00000001
 0.32016266 1.00000001 0.32360249 0.27571694 0.34592498 1.00000001]
211 1.2789574482099269 [0.21814544 0.26547796 0.1938835  0.24302756 0.18322456 1.00000001
 0.31966929 1.00000001 0.32419505 0.27562366 0.34585336 1.00000001]
212 2.0954919793504168 [0.21763303 0.2649638  0.19381192 0.24280327 0.18298276 1.00000001
 0.31928605 1.00000001 0.32469671 0.27560509 0.34519443 1.00000001]
213 1.4616248350362493 [0.21722667 0.26433953 0.19381539 0.24269673 0.18267001 1.00000001
 0.31873722 1.00000001 0.32557371 0.2757278  0.34470192 1.00000001]
214 1.2487147781070658 [0.21706733 0.26373883 0.19375289 0.242581   0.18239452 1.00000001
 0.31800941 1.00000001 0.3264671  0.27601736 0.34424295 1.00000001]
215 1.6164833888614214 [0.21690187 0.26310196 0.19360501 0.24254327 0.18213057 1.00000001
 0.31755816 1.00000001 0.32729374 0.27615424 0.34393258 1.00000001]
216 1.428203902023785 [0.21658168 0.26255052 0.19343133 0.24241462 0.18195395 1.00000001
 0.31710641 1.00000001 0.32808742 0.2761312  0.34340178 1.00000001]
217 2.3824622616723214 [0.21633796 0.26196815 0.19337773 0.24224349 0.18180668 1.00000001
 0.31668635 1.00000001 0.32892729 0.27619262 0.34267737 1.00000001]
218 2.178129154679285 [0.21609592 0.261459   0.19343411 0.24209322 0.18175787 1.00000001
 0.31650789 1.00000001 0.32970598 0.27633968 0.34199036 1.00000001]
219 1.9980908029617555 [0.21589543 0.26089903 0.19354104 0.24198398 0.18155241 1.00000001
 0.31640641 1.00000001 0.33031667 0.27654202 0.34126835 1.00000001]
220 1.257641245564698 [0.21559977 0.26039925 0.19358345 0.24172053 0.18148319 1.00000001
 0.31627183 1.00000001 0.3310533  0.27686413 0.34057701 1.00000001]
221 1.37224612011387 [0.21513283 0.25993485 0.19369095 0.24122575 0.1813238  1.00000001
 0.31602351 1.00000001 0.33186435 0.27710161 0.3397675  1.00000001]
222 2.161076055213814 [0.21473107 0.25952023 0.19377103 0.24084075 0.18127874 1.00000001
 0.31574268 1.00000001 0.33276387 0.27735355 0.33922924 1.00000001]
223 1.2848342610906995 [0.21411929 0.25899569 0.19381925 0.24042959 0.18133366 1.00000001
 0.31537491 1.00000001 0.33345562 0.27756958 0.3387288  1.00000001]
224 1.1424215864189868 [0.2135065  0.25864672 0.19388324 0.23997088 0.18136553 1.00000001
 0.31503622 1.00000001 0.33380049 0.2779154  0.33836117 1.00000001]
225 1.6332590413951613 [0.21287619 0.25841096 0.19379236 0.23959431 0.18126724 1.00000001
 0.31455412 1.00000001 0.33397531 0.27825599 0.33785734 1.00000001]
226 1.5697342202423705 [0.2121238  0.25811479 0.19379619 0.2392233  0.18113866 1.00000001
 0.31437109 1.00000001 0.33401399 0.27835432 0.33778894 1.00000001]
227 1.4643511203824375 [0.21143091 0.25787096 0.19384568 0.23878943 0.18102202 1.00000001
 0.31421964 1.00000001 0.33427664 0.27851424 0.3375667  1.00000001]
228 1.4143337405020118 [0.21069337 0.25770916 0.19381645 0.23835107 0.18092786 1.00000001
 0.31408739 1.00000001 0.33473197 0.27870043 0.33723767 1.00000001]
229 1.601710944379565 [0.21003806 0.2575915  0.19380102 0.23790679 0.18077814 1.00000001
 0.31381414 1.00000001 0.33505833 0.2788695  0.33669093 1.00000001]
230 2.1086069273725894 [0.20933409 0.2575533  0.19347623 0.23755291 0.18075837 1.00000001
 0.31359693 1.00000001 0.33536285 0.27906649 0.33642666 1.00000001]
231 1.891573542865555 [0.20862787 0.25757637 0.19331275 0.23725278 0.18065097 1.00000001
 0.31356047 1.00000001 0.3357491  0.2792237  0.33639542 1.00000001]
232 1.4705257305888186 [0.20801868 0.25768838 0.19312933 0.23697147 0.1805261  1.00000001
 0.31357328 1.00000001 0.3360953  0.27945334 0.33631243 1.00000001]
233 1.4284135556965845 [0.2075737  0.25792408 0.19289206 0.23668731 0.18052014 1.00000001
 0.31356268 1.00000001 0.33644275 0.27952266 0.33579588 1.00000001]
234 1.243130670672206 [0.20690903 0.2581457  0.19261539 0.23634021 0.18049287 1.00000001
 0.31359485 1.00000001 0.33700446 0.27941712 0.33567069 1.00000001]
235 1.383571243700057 [0.20633684 0.25833322 0.19226775 0.23602203 0.18046722 1.00000001
 0.31349039 1.00000001 0.33766592 0.2791989  0.33575348 1.00000001]
236 0.8247122697252609 [0.20587293 0.2582493  0.1918903  0.23590171 0.18035422 1.00000001
 0.31348511 1.00000001 0.33806559 0.27910002 0.33583249 1.00000001]
237 1.3348529523150139 [0.20545869 0.25822498 0.19152856 0.23545366 0.18011484 1.00000001
 0.31338251 1.00000001 0.33846117 0.27918351 0.3359216  1.00000001]
238 1.3656229696020032 [0.20513642 0.25820812 0.19115572 0.23493972 0.18002809 1.00000001
 0.31342321 1.00000001 0.33867861 0.2792554  0.33596727 1.00000001]
239 1.6030592698261579 [0.20483565 0.25822833 0.19062687 0.23438746 0.17990331 1.00000001
 0.31347738 1.00000001 0.33872788 0.27920668 0.33575924 1.00000001]
240 1.8856055254056776 [0.20452233 0.25834732 0.19001316 0.23386214 0.17973847 1.00000001
 0.31350619 1.00000001 0.33871861 0.27909416 0.33560527 1.00000001]
241 1.1673737309667997 [0.2041805  0.25845588 0.18947032 0.23353085 0.1796118  1.00000001
 0.31373379 1.00000001 0.33887108 0.27897382 0.3357801  1.00000001]
242 1.8733716610696507 [0.20388087 0.2584433  0.18892596 0.23319076 0.17959281 1.00000001
 0.31408979 1.00000001 0.33883253 0.27882644 0.33584432 1.00000001]
243 1.0391520213986711 [0.20354402 0.2584511  0.18836801 0.23286308 0.17947668 1.00000001
 0.31469473 1.00000001 0.33880226 0.27870791 0.33600305 1.00000001]
244 1.812897878528924 [0.20326674 0.2583422  0.18790563 0.2326905  0.17920559 1.00000001
 0.31536695 1.00000001 0.33914425 0.2786227  0.33626632 1.00000001]
245 0.769513177671657 [0.20295136 0.25814099 0.18744786 0.23249216 0.17890889 1.00000001
 0.31608308 1.00000001 0.33968405 0.27835154 0.3367599  1.00000001]
246 0.8059610411087677 [0.2025345  0.25796909 0.18713248 0.23241984 0.17865991 1.00000001
 0.31666209 1.00000001 0.3402472  0.27820702 0.33708793 1.00000001]
247 0.7203666501795407 [0.20201886 0.25756861 0.18680249 0.23244436 0.1783253  1.00000001
 0.31707958 1.00000001 0.34070679 0.27812559 0.33716981 1.00000001]
248 1.1046234982648662 [0.20156791 0.25731498 0.18636682 0.23260883 0.17805544 1.00000001
 0.31744963 1.00000001 0.34110186 0.27817067 0.33742643 1.00000001]
249 1.1322776521867068 [0.20108452 0.25697916 0.18608903 0.2329669  0.17772462 1.00000001
 0.31786424 1.00000001 0.34156372 0.27822399 0.33752818 1.00000001]
250 1.790294934312278 [0.2007727  0.25657253 0.18577385 0.23322545 0.17724725 1.00000001
 0.31824808 1.00000001 0.3420192  0.27809007 0.3375391  1.00000001]
251 1.0559981686571092 [0.20041052 0.25619431 0.18550843 0.23341826 0.17687686 1.00000001
 0.31868274 1.00000001 0.34216901 0.27800336 0.33763197 1.00000001]
252 1.41456534286728 [0.20009185 0.2559208  0.18517013 0.2332306  0.1765885  1.00000001
 0.31878541 1.00000001 0.34212457 0.27791091 0.33754648 1.00000001]
253 2.0628785719449336 [0.19974445 0.2555407  0.18494297 0.23302534 0.17635812 1.00000001
 0.31870492 1.00000001 0.34212496 0.27773051 0.33753743 1.00000001]
254 1.4891096622167075 [0.1993081  0.25499278 0.18473744 0.23272821 0.17613912 1.00000001
 0.31865788 1.00000001 0.34239845 0.27757449 0.33744977 1.00000001]
255 1.5574635174917635 [0.19868045 0.25457712 0.18454952 0.23258198 0.17601402 1.00000001
 0.31858443 1.00000001 0.34297593 0.27713617 0.33697587 1.00000001]
256 1.1879073382388314 [0.19812747 0.25436814 0.18432001 0.23235497 0.17596278 1.00000001
 0.31876598 1.00000001 0.34318683 0.27662324 0.33638049 1.00000001]
257 1.1918857201436466 [0.19764328 0.25402136 0.18409296 0.23229996 0.17598054 1.00000001
 0.31882853 1.00000001 0.34367611 0.2760801  0.3357154  1.00000001]
258 1.275750030802373 [0.19719832 0.25374228 0.18384103 0.23236139 0.17590463 1.00000001
 0.31913929 1.00000001 0.34384922 0.27547523 0.33493579 1.00000001]
259 1.17249519628846 [0.1967448  0.25351543 0.18366176 0.23241452 0.17585971 1.00000001
 0.31934055 1.00000001 0.34398519 0.27481551 0.3341691  1.00000001]
260 1.5817033906164575 [0.19638065 0.25327243 0.18347853 0.2324222  0.17576162 1.00000001
 0.31968976 1.00000001 0.3442677  0.27417924 0.3331898  1.00000001]
261 0.9366081765662666 [0.19598947 0.25311125 0.18323108 0.23237391 0.17568153 1.00000001
 0.31999297 1.00000001 0.34470953 0.27365288 0.33231253 1.00000001]
262 1.689266045273703 [0.19553138 0.25294355 0.18307678 0.23245201 0.17555985 1.00000001
 0.32018266 1.00000001 0.34506254 0.27326187 0.33162684 1.00000001]
263 2.102874823146548 [0.195182   0.25272105 0.18280515 0.23257354 0.17541265 1.00000001
 0.32040435 1.00000001 0.34550999 0.27281672 0.33113822 1.00000001]
264 0.8438925303318647 [0.19481987 0.25262682 0.18261864 0.23266748 0.17523593 1.00000001
 0.32027542 1.00000001 0.34591067 0.27228576 0.33068639 1.00000001]
265 2.2114658325982304 [0.19449617 0.25257449 0.18255021 0.23248262 0.17522382 1.00000001
 0.32004781 1.00000001 0.34648223 0.27180262 0.33000999 1.00000001]
266 1.0632673468388307 [0.19413183 0.25237062 0.18255156 0.23237321 0.17516334 1.00000001
 0.31998079 1.00000001 0.34682169 0.27161256 0.32953685 1.00000001]
267 1.529584984959842 [0.19373868 0.25214037 0.18261637 0.232192   0.1750377  1.00000001
 0.3198592  1.00000001 0.34722307 0.27135721 0.32936395 1.00000001]
268 1.1813720985386813 [0.19345141 0.25179924 0.18255386 0.23195801 0.17499603 1.00000001
 0.31986204 1.00000001 0.34757005 0.27089164 0.32910301 1.00000001]
269 1.3428000863007123 [0.19310735 0.25152594 0.1824613  0.23164664 0.17499798 1.00000001
 0.31962272 1.00000001 0.34809263 0.27052403 0.3288085  1.00000001]
270 0.9474195735137982 [0.1928616  0.25129443 0.18223682 0.23151969 0.17484017 1.00000001
 0.31962678 1.00000001 0.34829078 0.27038544 0.32849548 1.00000001]
271 1.443973937496851 [0.19270743 0.25103065 0.18203865 0.23131733 0.17471429 1.00000001
 0.31953178 1.00000001 0.34858569 0.27033098 0.32821523 1.00000001]
272 1.517609999871437 [0.19262306 0.25072772 0.1816808  0.23108099 0.1745494  1.00000001
 0.31992582 1.00000001 0.34852737 0.27007994 0.32782517 1.00000001]
273 0.81125839012766 [0.19263203 0.25068147 0.18134518 0.23088525 0.17432891 1.00000001
 0.3201925  1.00000001 0.34828981 0.2698504  0.32748771 1.00000001]
274 0.8632094253502964 [0.19267394 0.25062725 0.18107875 0.23071682 0.17401714 1.00000001
 0.32059911 1.00000001 0.34836213 0.26970791 0.32717695 1.00000001]
275 0.906931744704869 [0.19269653 0.25039524 0.18087819 0.230484   0.17366719 1.00000001
 0.32115867 1.00000001 0.34843677 0.26963083 0.32693109 1.00000001]
276 1.130177692962907 [0.19269729 0.25009892 0.18078968 0.23036401 0.17334213 1.00000001
 0.32187067 1.00000001 0.34870278 0.26963822 0.32648041 1.00000001]
277 1.1640897869687326 [0.19254166 0.24992541 0.18079508 0.23015853 0.17296831 1.00000001
 0.32279865 1.00000001 0.34901945 0.26981289 0.32588928 1.00000001]
278 1.142135828642012 [0.19253525 0.24969798 0.18069667 0.22980026 0.17231368 1.00000001
 0.32344594 1.00000001 0.34892089 0.26997343 0.32526733 1.00000001]
279 0.8606217865381461 [0.19262358 0.24930545 0.18061508 0.22943018 0.17173038 1.00000001
 0.32408182 1.00000001 0.34867841 0.27002269 0.32490315 1.00000001]
280 1.1339497755774708 [0.19274312 0.24887073 0.18046009 0.2292884  0.17121757 1.00000001
 0.32423923 1.00000001 0.34850496 0.2702382  0.32465744 1.00000001]
281 1.0037225172967168 [0.19299937 0.24852506 0.180242   0.22917212 0.17076838 1.00000001
 0.32409359 1.00000001 0.34846588 0.27031364 0.32458054 1.00000001]
282 2.0377994708905574 [0.19323542 0.24825288 0.17997891 0.22902358 0.17040546 1.00000001
 0.32361084 1.00000001 0.34855389 0.27056729 0.32450602 1.00000001]
283 1.2950637398563356 [0.19330214 0.24810363 0.17971021 0.22864822 0.17004406 1.00000001
 0.32303995 1.00000001 0.34880714 0.27066    0.3246735  1.00000001]
284 1.103638253314141 [0.19330243 0.24806421 0.17928487 0.22833465 0.16952896 1.00000001
 0.32213619 1.00000001 0.34904316 0.2707672  0.32468579 1.00000001]
285 1.4122002146820136 [0.19323064 0.24810356 0.17890412 0.22807546 0.16909243 1.00000001
 0.32143046 1.00000001 0.34933217 0.27073493 0.32477868 1.00000001]
286 0.9314004595572226 [0.19310121 0.24809917 0.17861407 0.22771538 0.16866625 1.00000001
 0.32103153 1.00000001 0.34971184 0.27067747 0.32517103 1.00000001]
287 1.4240160571223786 [0.19304992 0.24814556 0.17837642 0.22748005 0.16832741 1.00000001
 0.32033331 1.00000001 0.35013408 0.27046643 0.32557247 1.00000001]
288 1.3745156555637577 [0.19293123 0.24814007 0.17816812 0.22734531 0.16803316 1.00000001
 0.3197109  1.00000001 0.35038841 0.27020915 0.32606442 1.00000001]
289 1.0797902586295283 [0.19283362 0.24797604 0.17770481 0.22727187 0.16776569 1.00000001
 0.31922604 1.00000001 0.35069286 0.26994988 0.32667434 1.00000001]
290 0.9016955803532953 [0.19289802 0.24790435 0.17708527 0.22721801 0.16750992 1.00000001
 0.31876529 1.00000001 0.35116523 0.26966135 0.32720069 1.00000001]
291 1.1143001638044412 [0.19274869 0.24788122 0.17645175 0.2271771  0.16728072 1.00000001
 0.31849007 1.00000001 0.35188237 0.26929339 0.32773339 1.00000001]
292 1.3077794343954088 [0.19259224 0.24778761 0.17588423 0.22714052 0.16706889 1.00000001
 0.31813165 1.00000001 0.35263833 0.26894717 0.32817322 1.00000001]
293 0.8005096372894847 [0.19240554 0.24766197 0.1753663  0.22713475 0.1668601  1.00000001
 0.31765459 1.00000001 0.35351225 0.2686256  0.32858633 1.00000001]
294 0.4955788871433121 [0.19216677 0.24758395 0.17488683 0.22697252 0.16666506 1.00000001
 0.31667146 1.00000001 0.35412599 0.26858884 0.32900749 1.00000001]
295 2.318176639233993 [0.19196076 0.24749141 0.17445875 0.22669818 0.16647496 1.00000001
 0.31541571 1.00000001 0.35482439 0.26864626 0.32919515 1.00000001]
296 1.1154332843573798 [0.19173022 0.24730766 0.17395327 0.22633584 0.16630897 1.00000001
 0.31417324 1.00000001 0.35515037 0.2685296  0.32938122 1.00000001]
297 1.1547047176411183 [0.191532   0.24712947 0.17346424 0.22607451 0.16614664 1.00000001
 0.31298025 1.00000001 0.35556451 0.26855299 0.32940985 1.00000001]
298 0.9865984921304622 [0.19136524 0.24718597 0.17307901 0.22587275 0.16598647 1.00000001
 0.31204461 1.00000001 0.35631974 0.26853237 0.32915489 1.00000001]
299 2.176052473636929 [0.19123417 0.24730939 0.1726886  0.22576716 0.16588072 1.00000001
 0.31126569 1.00000001 0.35709449 0.26860357 0.32894068 1.00000001]
300 1.0981334774379974 [0.19117365 0.24745568 0.17221599 0.225587   0.16577093 1.00000001
 0.31045963 1.00000001 0.35737602 0.26861964 0.32869881 1.00000001]
301 0.7747281182067227 [0.19114492 0.24760422 0.1718089  0.22526966 0.16562865 1.00000001
 0.30947401 1.00000001 0.35747632 0.26856498 0.32851909 1.00000001]
302 2.434791600517181 [0.19113831 0.24769896 0.1713341  0.22515357 0.16549593 1.00000001
 0.30844862 1.00000001 0.35751295 0.26838899 0.32821027 1.00000001]
303 0.7606230931028022 [0.19107994 0.24783401 0.17081838 0.22503015 0.16529419 1.00000001
 0.30738599 1.00000001 0.35737612 0.26821355 0.32770819 1.00000001]
304 1.0184593804156077 [0.19103911 0.24801595 0.17025445 0.22489713 0.16507731 1.00000001
 0.30633416 1.00000001 0.35711983 0.26808665 0.32727818 1.00000001]
305 1.2197245933037368 [0.1910251  0.24822485 0.16977288 0.2247537  0.16468971 1.00000001
 0.30488869 1.00000001 0.35693179 0.2680655  0.32671263 1.00000001]
306 1.873003034704435 [0.19098078 0.24821598 0.16928993 0.22440462 0.16420815 1.00000001
 0.30364471 1.00000001 0.35669374 0.26790401 0.32617968 1.00000001]
307 0.7698554942042766 [0.19087472 0.24824253 0.16887066 0.22416424 0.16374864 1.00000001
 0.30262617 1.00000001 0.35649746 0.26781819 0.32559592 1.00000001]
308 1.608214803986257 [0.1908338  0.24832154 0.16849266 0.2237886  0.16335537 1.00000001
 0.30156954 1.00000001 0.35610753 0.2676343  0.32483237 1.00000001]
309 0.8089329576730084 [0.19077441 0.24850526 0.16811079 0.22345735 0.1629814  1.00000001
 0.30063525 1.00000001 0.35563543 0.26739053 0.32429317 1.00000001]
310 1.4917297514863925 [0.19061539 0.24875644 0.16765741 0.22312978 0.16262125 1.00000001
 0.29965876 1.00000001 0.35492779 0.26708699 0.3238853  1.00000001]
311 1.0478175500145541 [0.19048925 0.24896628 0.16731376 0.22289644 0.16231799 1.00000001
 0.29881236 1.00000001 0.35431087 0.26684842 0.32355053 1.00000001]
312 0.9256783899423839 [0.19048029 0.24926533 0.16707668 0.22254549 0.16206186 1.00000001
 0.29806542 1.00000001 0.35394056 0.26659845 0.32332911 1.00000001]
313 0.5289306621910724 [0.19047707 0.24971021 0.16679528 0.22219568 0.1618341  1.00000001
 0.29712452 1.00000001 0.35360769 0.26635581 0.32317987 1.00000001]
314 0.45882173265134735 [0.19044649 0.25006343 0.16647271 0.22182956 0.16162511 1.00000001
 0.29635548 1.00000001 0.35359139 0.26617177 0.3230666  1.00000001]
315 0.8055049156535532 [0.19054196 0.25050942 0.16605524 0.22143702 0.16132591 1.00000001
 0.29574732 1.00000001 0.35345796 0.26617541 0.32278125 1.00000001]
316 0.9748295792560977 [0.19065957 0.25073155 0.16567446 0.22114965 0.1610691  1.00000001
 0.29525339 1.00000001 0.35285797 0.2662403  0.32268982 1.00000001]
317 0.6574276082612085 [0.19078168 0.25106501 0.1652662  0.22087011 0.16069793 1.00000001
 0.29451678 1.00000001 0.3520122  0.26620439 0.32237837 1.00000001]
318 1.2283828399955914 [0.19095547 0.25141824 0.16486548 0.22053308 0.16026341 1.00000001
 0.29394769 1.00000001 0.35167734 0.26611012 0.32207054 1.00000001]
319 0.9619642005743876 [0.19107961 0.25140381 0.16447567 0.22026269 0.15984796 1.00000001
 0.2932692  1.00000001 0.35154503 0.26613306 0.32193194 1.00000001]
320 0.6707876811163354 [0.19119839 0.25134703 0.16406455 0.2198997  0.1595043  1.00000001
 0.29239828 1.00000001 0.35123068 0.26609958 0.32159226 1.00000001]
321 0.9090114721225667 [0.19127012 0.25119012 0.16368226 0.21952459 0.15922647 1.00000001
 0.29139277 1.00000001 0.35065338 0.26607036 0.32159312 1.00000001]
322 0.6235080000808728 [0.19138294 0.25108417 0.1634225  0.21919769 0.15891326 1.00000001
 0.29033613 1.00000001 0.35016858 0.26607617 0.32155774 1.00000001]
323 0.809483086057319 [0.19162367 0.25096749 0.16322478 0.218907   0.1585757  1.00000001
 0.28937548 1.00000001 0.34959719 0.26615716 0.32129291 1.00000001]
324 0.665450774144154 [0.1918816  0.2508681  0.16301858 0.21862059 0.15821982 1.00000001
 0.28862936 1.00000001 0.34906178 0.26643266 0.3212147  1.00000001]
325 0.7411085298125007 [0.19216731 0.25081592 0.16275722 0.21828588 0.15792605 1.00000001
 0.28762585 1.00000001 0.34844734 0.26667924 0.32139442 1.00000001]
326 0.6928633965553848 [0.19233231 0.25069156 0.16248803 0.21804769 0.15770877 1.00000001
 0.2867866  1.00000001 0.34787129 0.26701129 0.32150907 1.00000001]
327 1.2065702437908952 [0.19254778 0.25048935 0.16226502 0.21783734 0.15747788 1.00000001
 0.28604856 1.00000001 0.34721221 0.26730288 0.32157194 1.00000001]
328 1.605198462074315 [0.19287552 0.25025018 0.1620965  0.21767603 0.15719509 1.00000001
 0.28544688 1.00000001 0.34663709 0.26745046 0.3217134  1.00000001]
329 0.7460115258520703 [0.19328436 0.25005611 0.16191701 0.21749759 0.15684203 1.00000001
 0.28504304 1.00000001 0.34594277 0.26764637 0.32190447 1.00000001]
330 1.2762261162389912 [0.19364448 0.24989089 0.16174804 0.21717341 0.15650099 1.00000001
 0.28459092 1.00000001 0.34510578 0.26819315 0.32205423 1.00000001]
331 0.8650926393045741 [0.19381307 0.24960793 0.1615899  0.21692192 0.15613082 1.00000001
 0.28419057 1.00000001 0.34421777 0.26872958 0.32217645 1.00000001]
332 1.098565646775402 [0.19388965 0.24928158 0.16143665 0.21690046 0.15587361 1.00000001
 0.28382783 1.00000001 0.34334372 0.26912833 0.32249509 1.00000001]
333 0.9891832602977242 [0.19391994 0.2490835  0.16130549 0.21686365 0.15561386 1.00000001
 0.28353972 1.00000001 0.34260261 0.26963492 0.32268667 1.00000001]
334 1.5335741024374723 [0.19380209 0.2490022  0.16113145 0.21678304 0.1553969  1.00000001
 0.28322334 1.00000001 0.34203947 0.27000011 0.32290824 1.00000001]
335 1.3890677191204572 [0.19366768 0.24881437 0.16097421 0.21671124 0.1552273  1.00000001
 0.28294459 1.00000001 0.34131922 0.27011675 0.32304707 1.00000001]
336 1.4095610454408063 [0.19351605 0.24857692 0.1607645  0.21668791 0.15506517 1.00000001
 0.28274914 1.00000001 0.34045673 0.27026599 0.3233776  1.00000001]
337 2.590750197129533 [0.19338054 0.24846114 0.16053158 0.21676704 0.15495049 1.00000001
 0.28256421 1.00000001 0.33980169 0.27013246 0.32377437 1.00000001]
338 1.0321717883006583 [0.19327798 0.24835864 0.16039774 0.21673248 0.15490254 1.00000001
 0.28231994 1.00000001 0.3393384  0.26993503 0.32426862 1.00000001]
339 1.0313525645864952 [0.19314801 0.24837986 0.16024527 0.21671728 0.15475943 1.00000001
 0.28225417 1.00000001 0.33882616 0.26975874 0.32476511 1.00000001]
340 1.221869566301717 [0.19301346 0.2484348  0.16013184 0.21645648 0.15460062 1.00000001
 0.28235639 1.00000001 0.33824679 0.26963893 0.32514579 1.00000001]
341 1.2975374632360848 [0.19293952 0.24839059 0.1600216  0.21626832 0.15442114 1.00000001
 0.28233934 1.00000001 0.33787876 0.26934459 0.3255079  1.00000001]
342 1.0267128713746547 [0.19285686 0.24843032 0.15995559 0.21605469 0.15427628 1.00000001
 0.28225652 1.00000001 0.33761033 0.26917351 0.32594236 1.00000001]
343 1.1354920191440112 [0.1927325  0.24829277 0.15991445 0.21579879 0.15413999 1.00000001
 0.28219545 1.00000001 0.3373864  0.26902504 0.32621154 1.00000001]
344 1.24826849463403 [0.19252916 0.24811095 0.15975954 0.21538649 0.15405044 1.00000001
 0.28217608 1.00000001 0.33721628 0.2689886  0.32645493 1.00000001]
345 2.4561715078143216 [0.19233653 0.24808291 0.15952638 0.21504311 0.15393875 1.00000001
 0.28228434 1.00000001 0.33696926 0.26900523 0.32660979 1.00000001]
346 0.8139662082172174 [0.19219942 0.24817552 0.15929407 0.21466133 0.15377299 1.00000001
 0.28239203 1.00000001 0.33667084 0.26902989 0.32682288 1.00000001]
347 1.0015087208463747 [0.19196525 0.24819418 0.15911744 0.2143889  0.15354821 1.00000001
 0.28224374 1.00000001 0.33611272 0.26893405 0.32681034 1.00000001]
348 0.6654460874798158 [0.1916942  0.24825078 0.15898135 0.2140906  0.15336219 1.00000001
 0.2820174  1.00000001 0.33545486 0.26872146 0.32679367 1.00000001]
349 0.6561282461466275 [0.19153044 0.24810882 0.15897005 0.2137774  0.15313335 1.00000001
 0.28181067 1.00000001 0.33482542 0.26844147 0.32675029 1.00000001]
350 0.6210504794739606 [0.19141547 0.24785465 0.1589703  0.21349817 0.15280371 1.00000001
 0.2817419  1.00000001 0.33435451 0.26815926 0.32670201 1.00000001]
351 1.5323516407168465 [0.19150552 0.24757817 0.15895368 0.21312367 0.15245946 1.00000001
 0.28159866 1.00000001 0.33390066 0.26784038 0.32685332 1.00000001]
352 1.6187646439505727 [0.19163712 0.24743126 0.15890512 0.21276083 0.15219762 1.00000001
 0.28150972 1.00000001 0.33350577 0.2675915  0.32659202 1.00000001]
353 1.451199031432483 [0.19178786 0.24729866 0.15888315 0.21238547 0.15192263 1.00000001
 0.28151806 1.00000001 0.33323147 0.26739427 0.32635086 1.00000001]
354 1.7947259219454947 [0.19208942 0.24719771 0.15888659 0.21199713 0.15169936 1.00000001
 0.28140836 1.00000001 0.33275746 0.26723379 0.32602596 1.00000001]
355 2.166018897185695 [0.19214447 0.24694137 0.15891378 0.2115051  0.15143533 1.00000001
 0.2813036  1.00000001 0.3324603  0.26679395 0.32583044 1.00000001]
356 2.651738138330943 [0.19218487 0.24663736 0.15890635 0.21116225 0.15121173 1.00000001
 0.28113731 1.00000001 0.33198737 0.26645271 0.32561561 1.00000001]
357 1.5717634589394005 [0.19212239 0.24620397 0.15885486 0.21085104 0.15097241 1.00000001
 0.28109593 1.00000001 0.33158698 0.26621355 0.32549525 1.00000001]
358 2.2345368366325316 [0.19208836 0.24576008 0.15883259 0.21041503 0.15073062 1.00000001
 0.28126504 1.00000001 0.33122927 0.26589282 0.32535557 1.00000001]
359 1.2209659486220188 [0.19218018 0.24545145 0.15886169 0.20996139 0.1504761  1.00000001
 0.28145195 1.00000001 0.33095781 0.26576727 0.32495974 1.00000001]
360 1.424324709852919 [0.19229631 0.24511382 0.15887506 0.20956145 0.15026088 1.00000001
 0.28145513 1.00000001 0.33068578 0.26546802 0.32454664 1.00000001]
361 2.058006314643114 [0.19238572 0.24487678 0.15892815 0.20914455 0.15002458 1.00000001
 0.28147632 1.00000001 0.33039436 0.26534224 0.32406967 1.00000001]
362 1.3750174413694447 [0.19250344 0.244625   0.15902337 0.20866106 0.14980853 1.00000001
 0.28149187 1.00000001 0.33019265 0.26528344 0.32366298 1.00000001]
363 0.9256457082437519 [0.19284461 0.24451132 0.15914261 0.20828643 0.14969097 1.00000001
 0.28141749 1.00000001 0.3300538  0.26498361 0.3232609  1.00000001]
364 0.744632427116836 [0.19316857 0.24435536 0.15931604 0.207909   0.14961337 1.00000001
 0.28139688 1.00000001 0.33004911 0.26476058 0.32280409 1.00000001]
365 0.6880307566393475 [0.19347007 0.24425125 0.15945393 0.20765402 0.14957134 1.00000001
 0.28152403 1.00000001 0.33004053 0.26457174 0.32242303 1.00000001]
366 0.9055918688173001 [0.19360198 0.24411915 0.15938588 0.20727309 0.14958847 1.00000001
 0.28184076 1.00000001 0.33015702 0.26444498 0.32222763 1.00000001]
367 0.5777193694847037 [0.19374006 0.24396938 0.15929011 0.20701623 0.14961296 1.00000001
 0.28206943 1.00000001 0.33033963 0.26425868 0.32208613 1.00000001]
368 0.5147472416524872 [0.19398777 0.24398277 0.15918985 0.20683351 0.14962597 1.00000001
 0.28228108 1.00000001 0.33035689 0.26397611 0.32205177 1.00000001]
369 0.6634418783690965 [0.19417257 0.2439747  0.15908786 0.20668145 0.14968752 1.00000001
 0.28243754 1.00000001 0.3303826  0.26379897 0.32203332 1.00000001]
370 0.5296314582821366 [0.1944027  0.24374892 0.15897983 0.20662259 0.14968051 1.00000001
 0.28247811 1.00000001 0.33045158 0.26383232 0.32173424 1.00000001]
371 0.6502375676127699 [0.1945629  0.2434401  0.1588571  0.20654892 0.14969363 1.00000001
 0.28249221 1.00000001 0.33057292 0.26382367 0.32144671 1.00000001]
372 0.7236160457164341 [0.19455265 0.24309866 0.1587133  0.20656054 0.14972819 1.00000001
 0.28240508 1.00000001 0.33089273 0.26374262 0.32112011 1.00000001]
373 0.4232982849696357 [0.19453993 0.24278642 0.15849863 0.2065918  0.14972071 1.00000001
 0.28230589 1.00000001 0.33126011 0.26374222 0.32062398 1.00000001]
374 0.5521126314867792 [0.19459654 0.24245375 0.15831371 0.2066248  0.14967328 1.00000001
 0.28221061 1.00000001 0.33191607 0.26369762 0.32001009 1.00000001]
375 0.5621731569673956 [0.19462034 0.24224936 0.15820826 0.20666246 0.14966036 1.00000001
 0.28224847 1.00000001 0.33248969 0.26374033 0.31918766 1.00000001]
376 0.5956033847907312 [0.19462365 0.24211462 0.15798399 0.20670102 0.14967345 1.00000001
 0.28221029 1.00000001 0.33302682 0.26397906 0.318184   1.00000001]
377 0.7878197819964755 [0.19461065 0.24189554 0.15785643 0.2066001  0.14971575 1.00000001
 0.28250908 1.00000001 0.33371044 0.26425516 0.31743435 1.00000001]
378 0.6559335242234617 [0.19463153 0.24172051 0.15766792 0.20641759 0.14975593 1.00000001
 0.28283253 1.00000001 0.33408105 0.26462525 0.31649839 1.00000001]
379 0.6322590183433767 [0.19461017 0.2416794  0.15739016 0.20613432 0.1498585  1.00000001
 0.28322881 1.00000001 0.33435909 0.26500204 0.31587741 1.00000001]
380 0.412805579740133 [0.19463322 0.24166931 0.15721013 0.20562246 0.15002724 1.00000001
 0.28358862 1.00000001 0.33456606 0.26544336 0.31517301 1.00000001]
381 0.3972798532478666 [0.19464591 0.24165681 0.15704606 0.20519729 0.1502998  1.00000001
 0.28394924 1.00000001 0.33477954 0.26584961 0.3145228  1.00000001]
382 0.6389976149618255 [0.19477388 0.24159828 0.15696754 0.20487212 0.15055492 1.00000001
 0.28441606 1.00000001 0.33515809 0.26619278 0.31397365 1.00000001]
383 0.5751526025987345 [0.19482192 0.24161911 0.15689959 0.20458662 0.15081271 1.00000001
 0.28478963 1.00000001 0.33536208 0.26639382 0.31347708 1.00000001]
384 0.4125316452423434 [0.19483108 0.24151051 0.15683141 0.20434211 0.1509865  1.00000001
 0.28505977 1.00000001 0.33563754 0.26650446 0.31278566 1.00000001]
385 0.375370627834897 [0.19490996 0.24137821 0.15673889 0.20414565 0.15122995 1.00000001
 0.28504479 1.00000001 0.33581966 0.26661826 0.31203094 1.00000001]
386 0.6386047084470464 [0.19494882 0.24128717 0.15668467 0.20392277 0.15154153 1.00000001
 0.28512001 1.00000001 0.33591301 0.26671479 0.31155228 1.00000001]
387 0.8266374622123864 [0.19477115 0.24111105 0.15653247 0.20378901 0.15180433 1.00000001
 0.28511166 1.00000001 0.33578229 0.26681136 0.31112981 1.00000001]
388 0.7779843195763188 [0.19460059 0.24092221 0.15631394 0.2037296  0.15202172 1.00000001
 0.28528648 1.00000001 0.33563592 0.2668771  0.31069176 1.00000001]
389 0.512546059590111 [0.19443399 0.24071992 0.15608477 0.20359766 0.15217987 1.00000001
 0.28552248 1.00000001 0.33546159 0.26704167 0.3097871  1.00000001]
390 0.4358312722354385 [0.19429174 0.24047234 0.15590441 0.20348253 0.15231509 1.00000001
 0.28581259 1.00000001 0.33531613 0.26712402 0.30902275 1.00000001]
391 0.6178133669419834 [0.1941202  0.24016587 0.15573767 0.20325814 0.15249725 1.00000001
 0.28611923 1.00000001 0.33511505 0.26711975 0.30837694 1.00000001]
392 0.7592358886646604 [0.19396272 0.23991346 0.15561498 0.2031133  0.15266055 1.00000001
 0.28635765 1.00000001 0.3349928  0.2671247  0.30771832 1.00000001]
393 1.1419764782565702 [0.19388471 0.23982169 0.1554665  0.20300505 0.15280922 1.00000001
 0.2864142  1.00000001 0.33460994 0.2669872  0.3071409  1.00000001]
394 0.7774188852904695 [0.193786   0.23970305 0.15528195 0.20288932 0.15297263 1.00000001
 0.2862702  1.00000001 0.33421571 0.26656417 0.30648552 1.00000001]
395 0.7355565431411584 [0.19356779 0.23961361 0.1550363  0.20274217 0.15318138 1.00000001
 0.286095   1.00000001 0.33400727 0.26633596 0.30586564 1.00000001]
396 0.47778354738169077 [0.19351247 0.23956188 0.15478774 0.20263113 0.15336482 1.00000001
 0.28580081 1.00000001 0.33403928 0.26624284 0.30522381 1.00000001]
397 0.7159903534421153 [0.19353259 0.23937161 0.15455772 0.20257917 0.15345662 1.00000001
 0.28552913 1.00000001 0.33411507 0.26613638 0.30466573 1.00000001]
398 0.7354529714093476 [0.19343198 0.23923195 0.15430882 0.20250427 0.15358287 1.00000001
 0.2852552  1.00000001 0.33408724 0.26592732 0.303974   1.00000001]
399 0.7956602221446931 [0.19328347 0.23914419 0.15410054 0.20247461 0.15374645 1.00000001
 0.28493865 1.00000001 0.3340931  0.26578286 0.30345948 1.00000001]
400 0.5132732340286008 [0.19314299 0.23909263 0.15391646 0.2024463  0.15386827 1.00000001
 0.28464371 1.00000001 0.33429987 0.26562407 0.30295846 1.00000001]
401 0.513453618724217 [0.19297223 0.23914934 0.15370841 0.2024085  0.15399165 1.00000001
 0.28416555 1.00000001 0.33459341 0.26539137 0.30266477 1.00000001]
402 0.43260927273548594 [0.19290256 0.23910628 0.15360875 0.20232228 0.15400466 1.00000001
 0.28367495 1.00000001 0.33494531 0.26512745 0.30244912 1.00000001]
403 0.3240462685512564 [0.19292532 0.23913114 0.15352968 0.20220038 0.15402492 1.00000001
 0.2832495  1.00000001 0.33536136 0.2650272  0.30231318 1.00000001]
404 0.31773098349733153 [0.19307358 0.23914464 0.15340922 0.2020633  0.15409195 1.00000001
 0.28286838 1.00000001 0.3357453  0.26492161 0.30228736 1.00000001]
405 0.30488887543694737 [0.19323695 0.23929641 0.1532245  0.20188954 0.15412313 1.00000001
 0.2825066  1.00000001 0.33588128 0.2649126  0.3023353  1.00000001]
406 0.5171395712132898 [0.1935014  0.23948928 0.15304654 0.20172309 0.15419919 1.00000001
 0.28232261 1.00000001 0.33598826 0.26490315 0.302289   1.00000001]
407 0.2382785257890202 [0.19379135 0.23975465 0.1528796  0.20151783 0.15426513 1.00000001
 0.28207906 1.00000001 0.33610637 0.26482994 0.30213058 1.00000001]
408 0.18824846889706215 [0.19384661 0.24008764 0.1528278  0.20119719 0.15423915 1.00000001
 0.28181634 1.00000001 0.33607686 0.2647567  0.30207293 1.00000001]
409 0.5311423933227724 [0.19391088 0.24038438 0.15273998 0.20096441 0.1541711  1.00000001
 0.28161293 1.00000001 0.33602244 0.2645219  0.30224576 1.00000001]
410 0.4137533691156906 [0.19396306 0.24040768 0.15267617 0.20077773 0.15406417 1.00000001
 0.28124532 1.00000001 0.33599495 0.2641489  0.30216335 1.00000001]
411 0.4694297602253532 [0.19403303 0.2404046  0.15258908 0.20062503 0.15396357 1.00000001
 0.28067412 1.00000001 0.33582103 0.26378089 0.30221257 1.00000001]
412 0.42461478380427453 [0.19397451 0.24049806 0.15251125 0.20051159 0.15383271 1.00000001
 0.28008105 1.00000001 0.33572044 0.26356238 0.30232047 1.00000001]
413 0.3936368232006502 [0.1939178  0.24054518 0.15244942 0.20048094 0.15372102 1.00000001
 0.27952149 1.00000001 0.33570146 0.26329525 0.30240783 1.00000001]
414 0.9298988468210192 [0.19369222 0.2405795  0.15239521 0.20051878 0.15353546 1.00000001
 0.27914934 1.00000001 0.33588805 0.26303935 0.30263264 1.00000001]
415 0.4243352626847464 [0.19346016 0.24073309 0.15236496 0.20053733 0.15339931 1.00000001
 0.27861019 1.00000001 0.33616207 0.26276677 0.30286923 1.00000001]
416 0.250686989814651 [0.19317912 0.2408513  0.15229448 0.20061563 0.15322917 1.00000001
 0.2783498  1.00000001 0.33629543 0.26243452 0.30288203 1.00000001]
417 0.38375126176625063 [0.1928314  0.2410175  0.15225607 0.20057739 0.15305215 1.00000001
 0.2781538  1.00000001 0.33661867 0.26227076 0.30285667 1.00000001]
418 0.2655983825835059 [0.19254719 0.24113545 0.15218374 0.20047981 0.15290112 1.00000001
 0.27815525 1.00000001 0.33660647 0.261998   0.30288535 1.00000001]
419 0.4598879127037071 [0.19227482 0.241231   0.15210677 0.20036104 0.15279049 1.00000001
 0.2782555  1.00000001 0.33649578 0.26174901 0.30318741 1.00000001]
420 0.5325384632618237 [0.19202268 0.24110815 0.15199552 0.20022203 0.15264895 1.00000001
 0.27840714 1.00000001 0.3364195  0.26154572 0.30337433 1.00000001]
421 0.6432173832778462 [0.19156803 0.24109309 0.15188096 0.20000269 0.15244461 1.00000001
 0.27861494 1.00000001 0.33635255 0.26133217 0.30357558 1.00000001]
422 0.4269782385047244 [0.19095689 0.24103479 0.15174077 0.19952159 0.15231498 1.00000001
 0.2786167  1.00000001 0.33618932 0.26121949 0.3036234  1.00000001]
423 0.7455407734852675 [0.19054256 0.24086921 0.15161435 0.19907304 0.15220683 1.00000001
 0.27869577 1.00000001 0.33619893 0.26105046 0.30333048 1.00000001]
424 0.22018549544790722 [0.1902408  0.24064756 0.15140069 0.19858721 0.15214063 1.00000001
 0.27878222 1.00000001 0.33625346 0.26058342 0.30300394 1.00000001]
425 0.2694439796151656 [0.18991516 0.24021581 0.1511619  0.19806979 0.1520934  1.00000001
 0.27891006 1.00000001 0.33629095 0.26029294 0.30278934 1.00000001]
426 0.3036429608230051 [0.1895401  0.23977496 0.15094804 0.19762501 0.1520216  1.00000001
 0.27914318 1.00000001 0.33604838 0.26008928 0.30265609 1.00000001]
427 0.44442035662661095 [0.1891773  0.23933156 0.15072677 0.19713602 0.1519562  1.00000001
 0.2792771  1.00000001 0.33591769 0.26012831 0.30247607 1.00000001]
428 0.6189983523836287 [0.18889003 0.23894034 0.15047572 0.1967984  0.15181357 1.00000001
 0.27934951 1.00000001 0.33569105 0.26028155 0.3020314  1.00000001]
429 0.3060503280603424 [0.18865696 0.23869237 0.15013483 0.19649604 0.15156369 1.00000001
 0.27946897 1.00000001 0.33564688 0.26035233 0.3015147  1.00000001]
430 0.39129785304459397 [0.18834947 0.23851007 0.1497748  0.19605274 0.15132198 1.00000001
 0.27967517 1.00000001 0.33567648 0.26051419 0.30111716 1.00000001]
431 0.32934667871122525 [0.1878588  0.23834736 0.14947486 0.19556183 0.15107312 1.00000001
 0.27999542 1.00000001 0.33593059 0.26038578 0.30075367 1.00000001]
432 0.46844027366038987 [0.18730413 0.23825817 0.14912776 0.19506717 0.15083914 1.00000001
 0.28006934 1.00000001 0.3358368  0.26029732 0.30040205 1.00000001]
433 0.2881489367920945 [0.18669406 0.23818515 0.14880687 0.19467745 0.15057599 1.00000001
 0.28016556 1.00000001 0.33567822 0.26017441 0.30014541 1.00000001]
434 0.30314504248562096 [0.18614388 0.23826295 0.14847068 0.19434174 0.1504129  1.00000001
 0.2800311  1.00000001 0.33551905 0.25992296 0.29999312 1.00000001]
435 0.43072158303222363 [0.18571941 0.23836273 0.14823177 0.19400929 0.15027726 1.00000001
 0.28006111 1.00000001 0.33541445 0.25979872 0.29992057 1.00000001]
436 0.3547355858828717 [0.18538574 0.23847818 0.14804576 0.19374079 0.15019397 1.00000001
 0.28018118 1.00000001 0.33534409 0.25973238 0.30000666 1.00000001]
437 0.4303473595468343 [0.18500637 0.23861665 0.14783755 0.19348144 0.15010866 1.00000001
 0.28024677 1.00000001 0.33520629 0.25973214 0.30014232 1.00000001]
438 0.40979942841584804 [0.18485119 0.238724   0.14765747 0.19322475 0.15003468 1.00000001
 0.28007175 1.00000001 0.33498305 0.25954391 0.30019183 1.00000001]
439 0.3053162934033389 [0.18475678 0.23887338 0.14751952 0.19301698 0.15000209 1.00000001
 0.27985994 1.00000001 0.33472083 0.259285   0.30030821 1.00000001]
440 0.3374650521583732 [0.18464725 0.23900954 0.14740371 0.19279381 0.14999663 1.00000001
 0.27975229 1.00000001 0.33437349 0.2589982  0.30046689 1.00000001]
441 0.37732579021057094 [0.18463968 0.23898318 0.14740798 0.19262297 0.1500283  1.00000001
 0.2795903  1.00000001 0.33396211 0.2589376  0.30059765 1.00000001]
442 0.2731789881626427 [0.18445412 0.23877313 0.14736766 0.19240944 0.1500642  1.00000001
 0.27941141 1.00000001 0.33349277 0.25894846 0.30078162 1.00000001]
443 0.3480527177740348 [0.18430076 0.23872384 0.14736274 0.19229056 0.15004199 1.00000001
 0.27933872 1.00000001 0.3330318  0.25876332 0.3011306  1.00000001]
444 0.43070999406644517 [0.18408291 0.23866906 0.1473208  0.19222303 0.14994639 1.00000001
 0.27934393 1.00000001 0.33240267 0.25853416 0.30142611 1.00000001]
445 0.2840950359689083 [0.18385946 0.23862762 0.14726595 0.19214932 0.14988479 1.00000001
 0.27936236 1.00000001 0.3317999  0.2582421  0.30154173 1.00000001]
446 0.3621894117208943 [0.18367725 0.2385424  0.1472188  0.19205972 0.14981485 1.00000001
 0.27939449 1.00000001 0.33121565 0.25796967 0.30151636 1.00000001]
447 0.30808770837601807 [0.18362313 0.23843143 0.14716375 0.19199151 0.14974283 1.00000001
 0.27914868 1.00000001 0.33059893 0.25791107 0.30134498 1.00000001]
448 0.27461682425215755 [0.18366834 0.23839465 0.14704663 0.19191536 0.14970626 1.00000001
 0.27894016 1.00000001 0.33004127 0.25779478 0.30127185 1.00000001]
449 0.40165774784327335 [0.18384758 0.23843991 0.14692255 0.19171458 0.14968095 1.00000001
 0.27890437 1.00000001 0.32949795 0.25757993 0.301393   1.00000001]
450 0.2666976320935054 [0.18399028 0.2384846  0.14688105 0.19152772 0.14970844 1.00000001
 0.27885088 1.00000001 0.32882126 0.25737156 0.30154063 1.00000001]
451 0.2921030584047439 [0.1841838  0.23837988 0.14679241 0.19134648 0.14968642 1.00000001
 0.27880494 1.00000001 0.3282016  0.25702423 0.30159823 1.00000001]
452 0.47972119740935437 [0.18434323 0.23832283 0.14674062 0.19126869 0.14975645 1.00000001
 0.27869303 1.00000001 0.3276612  0.25655642 0.30160173 1.00000001]
453 0.4492060236428952 [0.18438853 0.23833564 0.14674446 0.19112746 0.14985789 1.00000001
 0.27861005 1.00000001 0.32712507 0.25605127 0.30138899 1.00000001]
454 0.5521864037580421 [0.18445192 0.23850587 0.14681005 0.19101328 0.14994581 1.00000001
 0.27865227 1.00000001 0.32668784 0.25537472 0.30116012 1.00000001]
455 0.5774073580436305 [0.18450027 0.23875143 0.146946   0.19094212 0.14998474 1.00000001
 0.27868897 1.00000001 0.32623159 0.25481198 0.30102232 1.00000001]
456 0.5515082065143432 [0.18446768 0.23902837 0.14712099 0.19091127 0.15004086 1.00000001
 0.27879409 1.00000001 0.32601306 0.25424443 0.30095697 1.00000001]
457 0.46668870062438306 [0.18437536 0.2393537  0.14732071 0.19067443 0.15007442 1.00000001
 0.2790422  1.00000001 0.32572949 0.25367982 0.30079026 1.00000001]
458 0.5163023306371465 [0.18437509 0.23958023 0.14750656 0.19041305 0.15012319 1.00000001
 0.2792074  1.00000001 0.32563403 0.25323272 0.30063415 1.00000001]
459 0.6768388155775298 [0.18442184 0.2398018  0.14766924 0.19020369 0.15017837 1.00000001
 0.27940622 1.00000001 0.32556994 0.25275953 0.30056353 1.00000001]
460 0.6331263608860547 [0.18455607 0.23987457 0.14779014 0.19007668 0.15027419 1.00000001
 0.27967505 1.00000001 0.32530426 0.25229679 0.300422   1.00000001]
461 0.583162248732436 [0.18435278 0.23980915 0.147884   0.18997777 0.15036008 1.00000001
 0.28008555 1.00000001 0.32496815 0.25176522 0.30042328 1.00000001]
462 0.3340696024702479 [0.18415834 0.23984276 0.14790172 0.18996407 0.15040194 1.00000001
 0.28053033 1.00000001 0.32480462 0.25124782 0.3003593  1.00000001]
463 0.32999010918486904 [0.18404188 0.2398351  0.14788732 0.18993609 0.15039927 1.00000001
 0.28096571 1.00000001 0.32444626 0.25063504 0.30029119 1.00000001]
464 0.29541831097551324 [0.18384675 0.2398119  0.14788625 0.18975133 0.15040083 1.00000001
 0.28147193 1.00000001 0.32433619 0.25005254 0.30028419 1.00000001]
465 0.4543516730304281 [0.18368692 0.23960147 0.14798935 0.18958864 0.15047094 1.00000001
 0.28205883 1.00000001 0.3239472  0.24954176 0.30021991 1.00000001]
466 0.5098994631807893 [0.18349785 0.23929188 0.14804739 0.18950288 0.15040329 1.00000001
 0.28234733 1.00000001 0.32378067 0.24906419 0.30012304 1.00000001]
467 0.4562952448262797 [0.18340451 0.23908896 0.14794899 0.18950884 0.15042518 1.00000001
 0.28265531 1.00000001 0.32373868 0.24869073 0.30001106 1.00000001]
468 0.44671362402908965 [0.18335243 0.23889419 0.14782522 0.189607   0.15042211 1.00000001
 0.28283282 1.00000001 0.32378454 0.24826651 0.29996004 1.00000001]
469 0.45676452076453805 [0.18330127 0.23869748 0.14766234 0.18967926 0.15036814 1.00000001
 0.28312544 1.00000001 0.32370189 0.24788661 0.29989705 1.00000001]
470 0.5586185016156464 [0.18331359 0.23862111 0.14752969 0.18978181 0.15032061 1.00000001
 0.28329188 1.00000001 0.32364482 0.24768586 0.29981586 1.00000001]
471 0.5749615089867642 [0.18331715 0.23853153 0.14736744 0.18977043 0.15031115 1.00000001
 0.28352807 1.00000001 0.32351577 0.24760321 0.29963    1.00000001]
472 0.37142878806716506 [0.18320406 0.23841496 0.14718079 0.18972524 0.15028758 1.00000001
 0.28378223 1.00000001 0.32340865 0.24744272 0.29958745 1.00000001]
473 0.33863060897141495 [0.18310993 0.23834496 0.14695518 0.18960934 0.15031675 1.00000001
 0.28410454 1.00000001 0.32331579 0.24731066 0.29953298 1.00000001]
474 0.3536468521505256 [0.18305842 0.23834809 0.14678462 0.18952122 0.15040562 1.00000001
 0.28435064 1.00000001 0.32323736 0.24723499 0.29917538 1.00000001]
475 0.6042659053630519 [0.18309161 0.23844773 0.14661639 0.18939282 0.1504272  1.00000001
 0.28452757 1.00000001 0.32296159 0.24714496 0.29888774 1.00000001]
476 0.7176833274081897 [0.18303195 0.23862354 0.14642018 0.18931475 0.15038956 1.00000001
 0.28467295 1.00000001 0.32291479 0.24697882 0.29862096 1.00000001]
477 0.40330593959081995 [0.18299603 0.23864176 0.14622804 0.18927095 0.15037535 1.00000001
 0.28462255 1.00000001 0.32268564 0.24683554 0.29825323 1.00000001]
478 0.39768380499534073 [0.18304883 0.23890032 0.1458779  0.18924938 0.15038176 1.00000001
 0.28447243 1.00000001 0.32259984 0.24660354 0.2979238  1.00000001]
479 0.2903524337496594 [0.18322334 0.2391295  0.14559454 0.18933331 0.15044275 1.00000001
 0.28435638 1.00000001 0.32250075 0.24618124 0.29768535 1.00000001]
480 0.3057503070338159 [0.1834137  0.23926334 0.14527277 0.18938133 0.15043468 1.00000001
 0.2841516  1.00000001 0.32247073 0.24573388 0.29742903 1.00000001]
481 0.5744427353740114 [0.18359346 0.23945859 0.14504453 0.18941887 0.15041043 1.00000001
 0.28376412 1.00000001 0.32259534 0.24545897 0.29709381 1.00000001]
482 0.19969606996172898 [0.18369089 0.23963811 0.14468481 0.18946544 0.15039693 1.00000001
 0.28344627 1.00000001 0.32263541 0.24528355 0.29660573 1.00000001]
483 0.266062525154223 [0.18371842 0.2397258  0.14441847 0.18950375 0.15024281 1.00000001
 0.28312332 1.00000001 0.32279058 0.24481776 0.29618941 1.00000001]
484 0.4301268991786732 [0.18370939 0.23987522 0.14418618 0.18962537 0.15006724 1.00000001
 0.28292904 1.00000001 0.32280956 0.24447334 0.2958658  1.00000001]
485 0.3223154352979496 [0.18375163 0.24010005 0.14395695 0.18971083 0.14991401 1.00000001
 0.28284809 1.00000001 0.32277653 0.24434442 0.29571708 1.00000001]
486 0.29679691128629604 [0.18373636 0.24025646 0.14375277 0.18979492 0.14972442 1.00000001
 0.28280526 1.00000001 0.32286255 0.24424606 0.2955298  1.00000001]
487 0.45629296257772267 [0.18372903 0.24031316 0.14355243 0.1898082  0.149615   1.00000001
 0.28256465 1.00000001 0.32284646 0.24427314 0.29534745 1.00000001]
488 0.4575055393654415 [0.18374306 0.24026391 0.14334777 0.18979511 0.14954224 1.00000001
 0.28245105 1.00000001 0.32275247 0.24421437 0.2953155  1.00000001]
489 0.41708934979676016 [0.18370814 0.24016273 0.14315812 0.1897824  0.14949422 1.00000001
 0.28238565 1.00000001 0.32271871 0.24436152 0.29524054 1.00000001]
490 0.4008168598649656 [0.18366236 0.23995269 0.14299237 0.18976017 0.14941237 1.00000001
 0.2823925  1.00000001 0.32268515 0.24450481 0.29489186 1.00000001]
491 0.508559308270168 [0.18354623 0.23969254 0.14286919 0.18976504 0.1493071  1.00000001
 0.28267576 1.00000001 0.32278399 0.24481299 0.29484981 1.00000001]
492 0.259520783438918 [0.18354836 0.23946923 0.14275071 0.18969625 0.14919791 1.00000001
 0.28301907 1.00000001 0.3228523  0.24501064 0.29479037 1.00000001]
493 0.35556873889076746 [0.18356877 0.23939771 0.14262065 0.18962781 0.14913999 1.00000001
 0.28350063 1.00000001 0.32278441 0.24515628 0.29487297 1.00000001]
494 0.2909565822095689 [0.18355714 0.23934938 0.1425056  0.18949157 0.14912476 1.00000001
 0.28391788 1.00000001 0.32279387 0.24531792 0.29491476 1.00000001]
495 0.4533647935280942 [0.18365566 0.23945585 0.14238483 0.18945723 0.14909794 1.00000001
 0.28429927 1.00000001 0.32271022 0.24545003 0.29503274 1.00000001]
496 0.35572684183365205 [0.18369858 0.23949594 0.14231342 0.18939952 0.14904555 1.00000001
 0.28458882 1.00000001 0.32254174 0.24562305 0.29517974 1.00000001]
497 0.22461723320993962 [0.18376838 0.23954347 0.14220724 0.18930197 0.14896848 1.00000001
 0.28493253 1.00000001 0.32228013 0.24572871 0.29519539 1.00000001]
498 0.3382473198145567 [0.18384192 0.23959322 0.14207024 0.18915016 0.14892191 1.00000001
 0.28547393 1.00000001 0.32208441 0.24581006 0.2952237  1.00000001]
499 0.5168722949606301 [0.18397827 0.23981461 0.1419936  0.18901827 0.1488757  1.00000001
 0.28599759 1.00000001 0.32202377 0.24589565 0.29527942 1.00000001]
