-2.704505737790379,-2.434422206937494,-3.0674958831037062,-2.54999285410719,-2.578760494861868e-08,-2.578760494861868e-08,-1.2793937009278151,-2.578760494861868e-08,-2.578760494861868e-08,-2.1493500850016694,-1.16379403543562,-2.578760494861868e-08
-2.162720932810671,-2.0474474184760925,-2.513636262404581,-1.374598087741866,-2.578760494861868e-08,-2.578760494861868e-08,-1.7316122513538306,-2.578760494861868e-08,-2.578760494861868e-08,-1.208838606637304,-2.1626388678318467,-2.578760494861868e-08
-2.2547778446469016,-1.5101973137627174,-2.506462325267144,-2.4713212092127015,-2.578760494861868e-08,-2.578760494861868e-08,-1.7036435866010755,-2.578760494861868e-08,-2.578760494861868e-08,-1.1627553933026122,-1.911742530336313,-2.578760494861868e-08
-2.8434466814221446,-2.4086175669649257,-2.899477487751432,-2.6999362596150616,-2.578760494861868e-08,-2.578760494861868e-08,-2.14824971368193,-2.578760494861868e-08,-2.578760494861868e-08,-0.6196946677192571,-1.0347827039731572,-2.578760494861868e-08
-1.0065689468400345,-0.936717642981978,-1.7660831802820742,-0.8073310185994789,-2.578760494861868e-08,-2.578760494861868e-08,-1.8477094299460286,-2.578760494861868e-08,-2.578760494861868e-08,-1.534925798870225,-2.280399039697759,-2.578760494861868e-08
-1.2565130082078921,-1.6314309241186533,-1.5767668465452895,-1.3839289458736117,-2.578760494861868e-08,-2.578760494861868e-08,0.527899782146952,-2.578760494861868e-08,-2.578760494861868e-08,-1.5569454723470142,0.08093929216445955,-2.578760494861868e-08
-2.733914033359494,-2.004810297250964,-2.9074496048390928,-2.4470946217639717,-2.578760494861868e-08,-2.578760494861868e-08,-1.5211972034812458,-2.578760494861868e-08,-2.578760494861868e-08,-0.6541097542718941,-1.961464386782666,-2.578760494861868e-08
-2.637056450287174,-1.5914949842680937,-2.7841639509843104,-2.5569468248979628,-2.578760494861868e-08,-2.578760494861868e-08,-0.8558257479314187,-2.578760494861868e-08,-2.578760494861868e-08,-1.9283081174447,-1.0566444916697675,-2.578760494861868e-08
-3.072060371356635,-1.8735562389474776,-2.9187314586995794,-2.2743637575924094,-2.578760494861868e-08,-2.578760494861868e-08,-0.9104340362853274,-2.578760494861868e-08,-2.578760494861868e-08,-1.5801168121890958,-2.2778417667163615,-2.578760494861868e-08
-2.706250220337019,-2.1749780622115344,-2.6198261966175473,-2.1121781125610224,-2.578760494861868e-08,-2.578760494861868e-08,-1.5595145846581722,-2.578760494861868e-08,-2.578760494861868e-08,-1.3439935843957458,-1.1172376022092179,-2.578760494861868e-08
-2.5697657430887237,-1.4531685011078876,-2.2709887011166994,-1.910748155274554,-2.578760494861868e-08,-2.578760494861868e-08,-0.2534209987130424,-2.578760494861868e-08,-2.578760494861868e-08,-1.5614989061510833,-1.182313793941638,-2.578760494861868e-08
-0.9552802100018456,-1.5579406951821504,-2.1903010800996685,-1.169160779192583,-2.578760494861868e-08,-2.578760494861868e-08,-1.7079177041093043,-2.578760494861868e-08,-2.578760494861868e-08,0.7357293010860877,-1.4993449185795527,-2.578760494861868e-08
-2.6270200808745106,-1.9481230855673979,-2.4207041645860023,-1.9903105869239406,-2.578760494861868e-08,-2.578760494861868e-08,-1.1342198682941016,-2.578760494861868e-08,-2.578760494861868e-08,-1.2909764848654839,-1.2251938522290005,-2.578760494861868e-08
-2.190215316565713,-1.6360477604146306,-2.1507929635600167,-1.9340746272694902,-2.578760494861868e-08,-2.578760494861868e-08,-0.6255182793005344,-2.578760494861868e-08,-2.578760494861868e-08,-0.9102962502547545,-1.7020505220879265,-2.578760494861868e-08
-1.9164787696887813,-2.8763853314536636,-2.404959537003719,-1.858337359819577,-2.578760494861868e-08,-2.578760494861868e-08,-1.3194826858956326,-2.578760494861868e-08,-2.578760494861868e-08,-0.6587839618961475,-1.5396433421506506,-2.578760494861868e-08
-2.2420443636425533,-1.6283365539224175,-1.9004306914400346,-1.7886572890645518,-2.578760494861868e-08,-2.578760494861868e-08,-1.7376735572127984,-2.578760494861868e-08,-2.578760494861868e-08,-2.488638037213901,-1.702512575951769,-2.578760494861868e-08
