0 134.1338693634094 [0.29962496 0.30290655 0.30103136 0.29962496 0.30103135 0.30103127
 0.6293468  0.30243775 0.67309094 0.30056255 0.29962496 0.63122197
 0.62794043]
1 243.0205763001765 [0.29958248 0.30471312 0.3013206  0.29958367 0.301151   0.30171295
 0.62972434 0.30344254 0.67410195 0.3005548  0.29968339 0.63169085
 0.62709469]
2 231.23997218109722 [0.30040559 0.30627161 0.30128988 0.29927585 0.30072831 0.30290885
 0.62981775 0.30377684 0.67470775 0.29998711 0.29964759 0.63171321
 0.62652318]
3 250.9498476114369 [0.30091808 0.30748328 0.30143998 0.29913792 0.30043775 0.30302413
 0.63026105 0.30419832 0.67475478 0.29936579 0.29928197 0.63123157
 0.62620034]
4 322.2111538314002 [0.30052822 0.30781813 0.30131215 0.29906613 0.30056175 0.3031386
 0.63049861 0.30473668 0.67476115 0.29885462 0.2990189  0.63093258
 0.62613106]
5 365.3507911568072 [0.30003525 0.30839876 0.30085665 0.29890203 0.30094524 0.30309478
 0.63060749 0.30505056 0.67442841 0.2988978  0.29900673 0.63057364
 0.62605243]
