0 16244.95111188172 [0.29814911 0.30203839 0.29870472 0.29814911 0.30092717 0.29926033
 0.55904049 0.30037156 0.74021985 0.30148278 0.30314963 0.30203841
 0.56126293]
1 16503.870606630622 [0.29692234 0.30268888 0.29785595 0.29788341 0.30207411 0.2998078
 0.56093267 0.30002005 0.74073979 0.30151868 0.30467542 0.30327388
 0.56263655]
2 11890.948445598162 [0.2957592  0.30334883 0.29779662 0.29750502 0.30283581 0.30132934
 0.56281509 0.29976285 0.74110219 0.30266667 0.30547518 0.30451342
 0.56370949]
3 17978.187043258476 [0.29506856 0.3037381  0.29805364 0.29738935 0.30358855 0.30183359
 0.56466325 0.29975541 0.74118353 0.30393504 0.30552157 0.30560484
 0.56520199]
4 10952.231306747854 [0.29479385 0.30436547 0.29889063 0.29725279 0.30342076 0.30217307
 0.566616   0.29934165 0.74105799 0.30610796 0.30632639 0.30678428
 0.56715488]
5 8214.089403657388 [0.29440824 0.30444236 0.29958819 0.29759435 0.30353233 0.30268772
 0.56853258 0.29909757 0.74089804 0.30834338 0.30698989 0.30750677
 0.56866807]
6 9250.915405972435 [0.2938545  0.30489448 0.30022568 0.29816076 0.30352228 0.30325632
 0.56992507 0.29883185 0.74084129 0.31038964 0.30788946 0.30814121
 0.56996141]
7 9679.070629630816 [0.29299754 0.30549527 0.30075634 0.29834657 0.3031745  0.30389663
 0.5711066  0.29874079 0.74101782 0.31212772 0.30864175 0.30866062
 0.57124383]
8 7412.127089793086 [0.29240718 0.30600495 0.30160015 0.29829827 0.30289102 0.30446646
 0.57254756 0.29911941 0.74106805 0.31396801 0.30944323 0.30928165
 0.57233161]
9 6105.082564491321 [0.29195938 0.30676057 0.30209642 0.29843627 0.3030304  0.30520129
 0.57342619 0.29942571 0.74120352 0.31569025 0.30992096 0.31021305
 0.57357705]
10 4386.496132149189 [0.29111174 0.30724957 0.30233149 0.29898694 0.30312377 0.30547714
 0.57433627 0.29941931 0.7411794  0.31700726 0.31015511 0.31082391
 0.57470824]
11 3681.412777070346 [0.29024462 0.30769896 0.30228478 0.2998112  0.30295705 0.30537919
 0.57515217 0.29950387 0.74125191 0.31851335 0.3102858  0.31143352
 0.57574108]
12 4382.0391830092685 [0.28939823 0.3078884  0.30267327 0.3002854  0.30287315 0.3052667
 0.57562912 0.29948331 0.74113154 0.31964454 0.31027632 0.31177854
 0.57649633]
13 5941.402026906617 [0.28873912 0.30809168 0.30321082 0.30060938 0.30273883 0.3051572
 0.57593589 0.29960871 0.74104341 0.3201164  0.31009734 0.31230038
 0.57686642]
14 7074.223626623101 [0.28799298 0.30838889 0.30367604 0.30105666 0.30286649 0.30504531
 0.5763096  0.29966069 0.74085603 0.32033017 0.31002739 0.31266979
 0.5772281 ]
15 3255.0388864002393 [0.28693232 0.30867168 0.30419834 0.30144911 0.30307028 0.30508185
 0.57643429 0.29954931 0.74071586 0.32032895 0.30988345 0.31314859
 0.57728231]
16 3138.480718229811 [0.28593748 0.30858705 0.30462627 0.30167714 0.30325482 0.30486458
 0.57663062 0.29945789 0.74053969 0.3200541  0.30979048 0.31364576
 0.5771609 ]
17 3598.7658933371868 [0.28480754 0.30875752 0.30493026 0.30145319 0.30360154 0.30489756
 0.5770669  0.29912169 0.74038395 0.31924882 0.30954013 0.31410271
 0.57739177]
18 2992.9394035290284 [0.28364019 0.30876735 0.30530276 0.3012661  0.30387972 0.30506403
 0.57753314 0.29900247 0.74024539 0.31867472 0.30959704 0.31465467
 0.57744236]
19 3823.551425272428 [0.28245263 0.30886703 0.30587806 0.30080966 0.30438638 0.30562297
 0.57780364 0.29905975 0.74013399 0.31774261 0.30965368 0.314978
 0.57738958]
20 3046.092792441552 [0.28116263 0.30921825 0.30613122 0.30024445 0.304736   0.30631137
 0.57788647 0.29943554 0.74003258 0.31678558 0.3098462  0.31515674
 0.57707122]
21 2728.5852627912404 [0.27984215 0.30982997 0.30623358 0.299803   0.30501438 0.30697599
 0.57807306 0.29959364 0.739865   0.31579638 0.30985547 0.31533966
 0.57689204]
22 2836.7755567696468 [0.2785263  0.31031781 0.30642435 0.29934621 0.30511309 0.30746478
 0.57813308 0.29994676 0.73961696 0.31472206 0.30995187 0.31545173
 0.57677653]
23 2090.09861333839 [0.27725317 0.31102253 0.30665815 0.29900913 0.30502092 0.3077871
 0.57801473 0.30024968 0.73933991 0.3138221  0.31012497 0.31593548
 0.57656838]
24 2162.4508358720627 [0.27612344 0.31185979 0.30655179 0.29846097 0.30484695 0.30811386
 0.5780536  0.30042721 0.73926866 0.31307689 0.31019462 0.31654889
 0.57648303]
25 2308.554248628622 [0.27504178 0.31254208 0.30620084 0.29802952 0.30471624 0.30837369
 0.5780937  0.3005337  0.73942227 0.31211037 0.31040127 0.31739154
 0.57672353]
26 1871.380591628445 [0.27420643 0.3134397  0.30606982 0.29773774 0.30457908 0.30835537
 0.5784417  0.30053128 0.7393915  0.31130617 0.31035338 0.31861384
 0.57695163]
27 1890.1033995674113 [0.27330804 0.31416768 0.30583482 0.29758704 0.30417397 0.30816716
 0.57870049 0.30034783 0.73938651 0.31052601 0.31035236 0.31987572
 0.57714153]
28 1741.9900194010506 [0.27240723 0.31494673 0.30570731 0.29729435 0.30375791 0.30809265
 0.57860842 0.30048145 0.73918301 0.30964622 0.31017355 0.32101892
 0.57720175]
29 1658.1841356119844 [0.27157389 0.31572527 0.30569714 0.29694165 0.30353736 0.30796091
 0.57841693 0.30038271 0.73901979 0.30899593 0.30990885 0.32224557
 0.57758724]
30 1623.7300766679698 [0.27076403 0.31663366 0.30559195 0.29658913 0.30345625 0.30782548
 0.57830289 0.30053378 0.73905105 0.30886404 0.30966795 0.32373504
 0.57787179]
31 2239.923787927232 [0.26980485 0.31737096 0.30544147 0.29638836 0.30353947 0.30775715
 0.57811001 0.3009171  0.73913415 0.30901127 0.30969451 0.32513277
 0.5783185 ]
32 1838.6582861425645 [0.26853493 0.31810592 0.30548452 0.29581676 0.30387151 0.30765613
 0.57787189 0.30125588 0.73901171 0.30917984 0.30991211 0.32649349
 0.578832  ]
33 1429.2894261673173 [0.26726378 0.31859489 0.30560224 0.29499155 0.30428049 0.30750552
 0.57750773 0.30161629 0.73896288 0.30930596 0.31007456 0.32780155
 0.57949129]
34 1807.7946086910415 [0.26593207 0.3190761  0.30592896 0.29429482 0.30460847 0.30725638
 0.57719611 0.30172527 0.7389036  0.30923388 0.31022188 0.32876223
 0.58009348]
35 1692.8290844038834 [0.26466715 0.31955625 0.30638345 0.29351566 0.30504295 0.30700902
 0.57700446 0.30162022 0.73892143 0.30923717 0.31084574 0.32952223
 0.58070135]
36 1841.4943979850932 [0.26359442 0.32003999 0.30661443 0.29270358 0.3052572  0.30675791
 0.57688679 0.30126913 0.73900003 0.3091707  0.31126617 0.33023736
 0.58111623]
37 1523.1497794853515 [0.26249107 0.3203214  0.30683938 0.29202024 0.30527051 0.30628375
 0.57669325 0.30100993 0.73902629 0.30925229 0.31187124 0.33120374
 0.58150985]
38 1187.3941189794502 [0.26137471 0.32051601 0.30712604 0.29152033 0.30522415 0.30596152
 0.57626326 0.30055289 0.73894664 0.30916526 0.31239201 0.33231973
 0.58195098]
39 1213.7316827031716 [0.2603549  0.32035171 0.30728013 0.2907093  0.30519844 0.30596051
 0.57590159 0.30017439 0.73871267 0.30899919 0.31287531 0.33327751
 0.58215456]
40 1214.458295117528 [0.25928798 0.32043469 0.30737684 0.28986927 0.30513004 0.30610582
 0.57562284 0.29973504 0.73844132 0.30884689 0.31324605 0.33400339
 0.58240381]
41 1028.8402033641396 [0.25820913 0.32077092 0.30750635 0.28898911 0.30496281 0.30628854
 0.57545531 0.29941346 0.73817926 0.30881277 0.31364234 0.33492756
 0.58237567]
42 906.9180871292695 [0.25719316 0.32072468 0.30752418 0.28814041 0.30463008 0.30612634
 0.57547289 0.29928763 0.73805828 0.30880015 0.31421363 0.33604597
 0.58258206]
43 863.0411693117908 [0.25610075 0.32077294 0.30751939 0.28738016 0.30418803 0.30588504
 0.57551305 0.29908373 0.73801315 0.30854058 0.31445396 0.33687562
 0.58274811]
44 1036.2819398106906 [0.25503334 0.32097216 0.30752478 0.28665254 0.30403427 0.30583877
 0.57538284 0.29901637 0.73802212 0.30827387 0.31479397 0.3374681
 0.5828561 ]
45 838.4844045322496 [0.25421874 0.3211023  0.3075703  0.28598079 0.30381893 0.30566531
 0.5752593  0.29910601 0.73804605 0.30798168 0.31505379 0.33803052
 0.58272485]
46 861.2444395899998 [0.25341217 0.32139168 0.30744266 0.285303   0.30383659 0.30511731
 0.57513906 0.29914183 0.73802306 0.30776748 0.31542863 0.33852512
 0.58284233]
47 1088.7807883930386 [0.25260513 0.32122135 0.30722492 0.28468599 0.3039548  0.30474019
 0.5752117  0.29912899 0.73809826 0.30744035 0.31586145 0.33873716
 0.58278071]
48 995.1897926826177 [0.25181938 0.3212519  0.30693638 0.28398361 0.30379564 0.30453289
 0.57521951 0.29929796 0.73811305 0.30699608 0.31595937 0.33894615
 0.58272728]
