0 9129.566731050483 [0.30259401 0.3020384  0.30092718 0.3020384  0.30537208 0.30314963
 0.56070732 0.30092717 0.74077546 0.30426085 0.30259402 0.3014828
 0.56126294]
1 5550.699737411578 [0.30386014 0.30226563 0.30124256 0.30285571 0.30745806 0.30368155
 0.56163369 0.30101135 0.74056991 0.30717405 0.30311625 0.30099871
 0.56371485]
2 6890.8766573607245 [0.30424939 0.30337409 0.30173613 0.30362174 0.30960621 0.30394947
 0.56232016 0.30108066 0.74061795 0.30832947 0.30332498 0.29997579
 0.56647603]
3 5253.652506524466 [0.30397504 0.30486395 0.30210519 0.30344251 0.31122974 0.30509807
 0.56320111 0.30032816 0.74063315 0.3092324  0.30318486 0.29960835
 0.56883672]
4 6521.593915753714 [0.30378471 0.30607249 0.30311141 0.30348871 0.31177031 0.30636861
 0.56364744 0.2998858  0.74087658 0.30990691 0.30285933 0.29973696
 0.57003685]
5 3791.6798242320883 [0.30302699 0.30648534 0.30318752 0.3032618  0.31248534 0.30624268
 0.56404552 0.29947385 0.74103089 0.31023448 0.3022769  0.3005134
 0.5709271 ]
6 4155.164086812205 [0.30253816 0.30667972 0.30335339 0.30303746 0.31253219 0.30626692
 0.56433388 0.2993686  0.74111495 0.31026473 0.30162204 0.30134851
 0.57167949]
7 3240.941703974403 [0.30181788 0.30690466 0.30378001 0.30253551 0.31286451 0.30637142
 0.56446782 0.29914937 0.74139963 0.31049508 0.30091226 0.3021099
 0.57246223]
8 3315.9298843062616 [0.30058507 0.30730159 0.30451217 0.30252505 0.31314368 0.30643726
 0.56461738 0.29886176 0.74179302 0.31026783 0.30062906 0.30231985
 0.57330141]
9 3879.2680337797988 [0.29924694 0.30771968 0.30543793 0.30241538 0.31320487 0.30634491
 0.5647137  0.2989466  0.74220348 0.31008474 0.30067708 0.30212747
 0.5741135 ]
10 3573.843052703476 [0.2979003  0.30774127 0.3061733  0.30191357 0.31370185 0.306433
 0.56496059 0.29907158 0.7424851  0.30960947 0.30100828 0.30194673
 0.57486339]
11 3743.2065084463215 [0.29618023 0.30751938 0.30729771 0.30168794 0.31405053 0.30651624
 0.56503967 0.29937868 0.74295782 0.30934986 0.30119282 0.30194703
 0.57534222]
12 3321.068108728191 [0.29454707 0.30725909 0.30835289 0.30152877 0.31437013 0.30671397
 0.56520101 0.29986908 0.74336686 0.30909697 0.30151686 0.30175037
 0.57567618]
13 3600.4576982382896 [0.29260037 0.30706819 0.30922104 0.30175451 0.31496201 0.30677367
 0.56513022 0.2999455  0.74397233 0.30886081 0.30188373 0.30171558
 0.57582203]
14 3562.8507715484593 [0.29084026 0.30690761 0.30978203 0.30191127 0.31541978 0.30700592
 0.56521722 0.30017588 0.74442247 0.30858277 0.30238095 0.30176947
 0.5759429 ]
15 2950.4775772511853 [0.28919863 0.3070123  0.31032918 0.30217164 0.31614018 0.30702933
 0.56508887 0.30027776 0.7446802  0.30818633 0.30291113 0.30198054
 0.57584396]
16 3217.2104306629194 [0.2879122  0.30753881 0.31083979 0.30234666 0.31665568 0.30703019
 0.56490788 0.30029984 0.74476233 0.30806049 0.30328365 0.30196905
 0.57601848]
17 2376.111091491297 [0.28671764 0.30826027 0.31145719 0.30248631 0.31728886 0.30716932
 0.56472203 0.30042821 0.74499518 0.30778899 0.30355652 0.30215008
 0.57630158]
18 4335.068979228838 [0.28572248 0.30892591 0.31167182 0.30250914 0.3178988  0.30713473
 0.56475045 0.30042469 0.74524668 0.30777823 0.30364191 0.30216088
 0.57650734]
19 2504.9629131065917 [0.28502385 0.3094313  0.31200857 0.30244965 0.31846942 0.30734532
 0.56474539 0.30003866 0.74547599 0.30762343 0.3035799  0.30197311
 0.57667685]
20 2671.6926063400515 [0.28419913 0.3099261  0.31224962 0.30257381 0.31906159 0.30776272
 0.56476286 0.29962487 0.74554782 0.30774657 0.30327479 0.30180531
 0.57684866]
21 5420.5269079907075 [0.2834109  0.31019445 0.31251363 0.30262044 0.31965779 0.30838121
 0.56484834 0.29902502 0.74547396 0.30803149 0.30305074 0.30173832
 0.57698545]
22 2913.6977664022393 [0.28245666 0.31034514 0.31287815 0.30257103 0.3201773  0.30897918
 0.56474722 0.2984193  0.74537026 0.30830957 0.30269405 0.30170229
 0.57718642]
23 4791.211115084219 [0.28153028 0.31047266 0.31319838 0.30253038 0.32050746 0.30945827
 0.5648049  0.29808825 0.74547174 0.30853282 0.3022974  0.30179528
 0.57754679]
24 2093.388645442733 [0.28037074 0.31070311 0.31360942 0.30244613 0.3206251  0.30969725
 0.56483921 0.29806126 0.74554562 0.30873646 0.30210987 0.30177493
 0.5778439 ]
25 1856.6437432479884 [0.27916002 0.31081412 0.31375805 0.30249116 0.32055564 0.30984601
 0.56505962 0.29795472 0.7454854  0.3084859  0.301774   0.3016962
 0.57818843]
26 2529.192890170102 [0.27809097 0.31129349 0.31420925 0.30265973 0.32060328 0.31020256
 0.565317   0.2979331  0.74555394 0.3082325  0.30134438 0.30182336
 0.57845727]
27 2331.919016599933 [0.27710819 0.31158099 0.31435935 0.30290407 0.32049323 0.31070155
 0.56551277 0.29790274 0.74567812 0.30786903 0.30096945 0.30196923
 0.57899953]
28 3677.8244539677216 [0.27624293 0.31192897 0.31455676 0.30321758 0.32059575 0.31116262
 0.56559825 0.29769237 0.74582947 0.30766234 0.30065252 0.30214211
 0.57933285]
29 2291.337867536712 [0.27539059 0.31223467 0.31496733 0.30350973 0.32060076 0.31154359
 0.56569014 0.29748048 0.74602675 0.30741063 0.30034481 0.30234397
 0.57970109]
30 2017.72796660739 [0.27450052 0.31243264 0.31531033 0.30363227 0.32066756 0.31188904
 0.56576878 0.29758019 0.74618273 0.30706623 0.30037107 0.30226686
 0.58010467]
31 1588.665038569459 [0.27366948 0.3128367  0.31559129 0.30336686 0.32082953 0.31212636
 0.56589841 0.29767027 0.74630071 0.30679095 0.30060266 0.30214834
 0.5804729 ]
32 1667.5958843183785 [0.2725256  0.3133001  0.31585092 0.30309047 0.32090686 0.31223256
 0.56600857 0.29777205 0.74628795 0.30669499 0.30079508 0.30219089
 0.5808266 ]
33 1738.5889012269351 [0.27140843 0.31361166 0.31608542 0.3028238  0.32085342 0.31220926
 0.56607831 0.29760755 0.74625112 0.30658744 0.301069   0.30208286
 0.58095417]
34 1647.6354927934487 [0.27040668 0.31403807 0.31656925 0.30259756 0.32043812 0.31219626
 0.56616665 0.29726911 0.74616025 0.30660217 0.30115342 0.30225914
 0.58079595]
35 1615.7494769565842 [0.26932914 0.31440808 0.31702833 0.30255623 0.32021333 0.31206715
 0.56621783 0.29696439 0.74615454 0.30662875 0.30124638 0.30255255
 0.5808121 ]
36 1073.1552814300744 [0.26820382 0.31481792 0.31744034 0.30253323 0.32014244 0.31194276
 0.56629303 0.29648988 0.74612513 0.30646612 0.30119959 0.30287192
 0.58058456]
37 1128.7921865889025 [0.26714773 0.31505461 0.31784695 0.30260443 0.31992412 0.31189891
 0.56614789 0.29586204 0.74622697 0.30624128 0.30112798 0.30287915
 0.58017334]
38 1390.8541370139674 [0.26603169 0.31553566 0.31801299 0.30237805 0.31986351 0.31164912
 0.56601861 0.29531413 0.74636744 0.30565208 0.30106005 0.30315703
 0.5796632 ]
39 1214.0371865934121 [0.2651196  0.31620509 0.31824811 0.30229582 0.31981106 0.31128671
 0.56589364 0.29514837 0.7463642  0.30516457 0.30114244 0.30321005
 0.57935458]
40 1338.6812856759934 [0.26423063 0.3165411  0.31850348 0.30217854 0.31971291 0.31101238
 0.56593913 0.2950768  0.74628829 0.30448707 0.30132529 0.30331267
 0.579132  ]
41 1163.9166582396315 [0.26318206 0.31679109 0.31896953 0.30214069 0.31938419 0.3107161
 0.56588769 0.29506605 0.74619302 0.30384077 0.30148815 0.30327961
 0.57891086]
42 1031.2583124744297 [0.26222638 0.3170804  0.3196443  0.30216893 0.31900954 0.3103054
 0.56589736 0.2948692  0.74619425 0.30332913 0.30188399 0.30355241
 0.57878245]
43 1088.6733590961521 [0.26125323 0.31726529 0.32024962 0.30214838 0.3189768  0.30972722
 0.56591438 0.2944112  0.74639651 0.3030367  0.30252176 0.30403723
 0.57877313]
44 1118.53101408907 [0.26018317 0.31732911 0.32037933 0.30210884 0.31896708 0.30922584
 0.56599428 0.29429388 0.74657336 0.30273252 0.30300348 0.30441814
 0.57874175]
45 1013.1646522629788 [0.25885745 0.31723    0.32038484 0.30215953 0.3190276  0.30870031
 0.56612139 0.29416797 0.74668468 0.302514   0.30331538 0.30468737
 0.57870424]
46 793.7875544403556 [0.2576422  0.31713119 0.3203567  0.30221522 0.31904576 0.30832524
 0.5662501  0.29401836 0.74680082 0.30239661 0.30363397 0.3048482
 0.57863746]
47 971.0932715750039 [0.25637664 0.31691991 0.32048716 0.30202289 0.31914364 0.30799453
 0.56642089 0.29385401 0.74702145 0.30233471 0.30387462 0.30512392
 0.57849499]
48 975.046620825901 [0.2552406  0.31651464 0.32058622 0.30190618 0.31913062 0.30761539
 0.5664119  0.29364966 0.74715811 0.30222459 0.30394497 0.30519975
 0.57837022]
49 875.0349516320643 [0.25421897 0.31626917 0.32037349 0.30148695 0.31934144 0.30733955
 0.56636171 0.2937442  0.74721201 0.30207814 0.30398099 0.30542542
 0.57831962]
50 843.8367356901861 [0.25315825 0.31603258 0.32023841 0.30122198 0.31960646 0.30720488
 0.5662094  0.29384666 0.74726172 0.30185188 0.3040447  0.30550506
 0.57831162]
51 822.7221003629616 [0.25185866 0.31575414 0.32010959 0.3009901  0.31984155 0.30710557
 0.56616667 0.29411094 0.74726302 0.30162617 0.30419562 0.30546222
 0.57799295]
52 640.7313797972934 [0.25076446 0.31566927 0.32031782 0.30038219 0.31996238 0.30705857
 0.56613006 0.29445156 0.74719379 0.30142964 0.30446604 0.30550778
 0.57781256]
53 595.6999328186673 [0.24978696 0.31577391 0.32065018 0.29994023 0.3200345  0.30689134
 0.56595684 0.29475509 0.74697383 0.30128102 0.30477783 0.30571478
 0.57766398]
54 972.4817400884106 [0.24871638 0.3159361  0.32109449 0.29944634 0.3199511  0.30689113
 0.56588844 0.29501668 0.74673148 0.30126521 0.30498858 0.30597747
 0.57734926]
55 813.1276124112012 [0.24779134 0.31599246 0.32143992 0.29901062 0.31995949 0.30681618
 0.5658658  0.29507052 0.74654832 0.30120418 0.30541288 0.30614227
 0.57717097]
56 675.8353582390224 [0.24695271 0.31608684 0.32180387 0.29868656 0.31977283 0.30697559
 0.56570333 0.29517927 0.7464785  0.30129048 0.30589438 0.30623956
 0.57700096]
57 625.4410002515485 [0.24613468 0.31593124 0.32208628 0.29828953 0.3198328  0.30718666
 0.56555338 0.2953106  0.74645268 0.30125243 0.306615   0.30626903
 0.57688695]
58 590.0942806514099 [0.24540607 0.31557009 0.32235005 0.29790963 0.31984409 0.30713812
 0.5655531  0.29552764 0.74648807 0.30121078 0.30692046 0.30647987
 0.57672398]
59 414.08717489164326 [0.24475803 0.31514427 0.32239862 0.29761431 0.31986835 0.30669377
 0.56572306 0.29573212 0.74650619 0.30112886 0.30718405 0.30677313
 0.57672402]
60 500.05398360949744 [0.24415472 0.31493536 0.32240822 0.29714135 0.31997429 0.30639681
 0.56565803 0.29598123 0.74662706 0.30079415 0.30745778 0.30730556
 0.57677265]
61 657.5840520378961 [0.24343846 0.31493636 0.32251863 0.29657446 0.32005525 0.30642388
 0.56547385 0.29627741 0.7467399  0.30076401 0.30782973 0.30781108
 0.57698671]
62 728.9946786243916 [0.24285344 0.31472854 0.32271138 0.2959432  0.32021925 0.30628886
 0.56515516 0.29659274 0.74688926 0.30066637 0.30802552 0.30833106
 0.57724132]
63 577.4855842317163 [0.24217254 0.31429203 0.32291348 0.29538477 0.32050627 0.30614059
 0.56486781 0.29665888 0.74693739 0.30056982 0.30809453 0.30889452
 0.57742326]
64 519.91130870815 [0.2413472  0.31383667 0.32317195 0.29469733 0.32091645 0.30600108
 0.56471388 0.29686768 0.7470986  0.30043392 0.30850647 0.30946148
 0.57758615]
65 499.3794365032489 [0.24049022 0.3135756  0.32338987 0.29407805 0.32122369 0.30630986
 0.56451529 0.29693156 0.74719816 0.30030345 0.30883327 0.30989463
 0.57769849]
66 559.2024348161738 [0.23966001 0.31339941 0.32350413 0.2936198  0.32161544 0.30653107
 0.56432822 0.29699139 0.74706852 0.30024535 0.30916725 0.31024731
 0.57770257]
67 618.8112441860037 [0.23874612 0.31300946 0.32349425 0.29313518 0.32179742 0.30679773
 0.56417069 0.29715701 0.74695075 0.30008214 0.30926916 0.31042072
 0.57794893]
68 473.8989640990576 [0.23768802 0.31268123 0.32352714 0.29283679 0.32213952 0.30717447
 0.56420381 0.29716885 0.74675479 0.30030353 0.30921706 0.31021884
 0.5782836 ]
69 401.21784670006423 [0.23657423 0.31251001 0.32377492 0.29249583 0.32219425 0.30736583
 0.56426477 0.29716029 0.74678183 0.30056863 0.30911815 0.30990325
 0.57833517]
70 497.9255663000044 [0.23559391 0.31224581 0.32398234 0.29236073 0.32230031 0.30760351
 0.56427944 0.2970443  0.74685618 0.30083413 0.30913392 0.30957543
 0.57837688]
71 562.3266539746878 [0.23469212 0.31183938 0.32391845 0.29216743 0.32250084 0.30759829
 0.56438867 0.29679618 0.74694007 0.30116502 0.30905538 0.30920635
 0.57859222]
72 375.9556373715944 [0.23381258 0.31149263 0.32375233 0.2918115  0.32251341 0.30730529
 0.56477709 0.29642439 0.74717583 0.301696   0.30895493 0.30885366
 0.57859577]
73 465.9983326308518 [0.23286803 0.3111505  0.32373321 0.29154237 0.3226004  0.3069842
 0.5653099  0.29610067 0.74739146 0.30219516 0.30861017 0.30861428
 0.5786372 ]
74 335.1245435435158 [0.23208249 0.31068782 0.32366128 0.29129126 0.32263717 0.30660202
 0.56584758 0.29584683 0.74753433 0.30281273 0.30843656 0.30847307
 0.578725  ]
75 414.48405198544793 [0.23125679 0.31030038 0.32343598 0.29106582 0.3225323  0.30638627
 0.56633156 0.29576698 0.74771407 0.30359613 0.30824828 0.30861276
 0.57888583]
76 239.9610166578425 [0.23049726 0.30999867 0.3233546  0.29081429 0.32245413 0.30606609
 0.56671885 0.29582594 0.74790045 0.30443508 0.3080057  0.30873455
 0.57869547]
77 390.82656169346745 [0.22975688 0.30971068 0.32306699 0.2904391  0.32239066 0.3058399
 0.56710032 0.29593929 0.74818641 0.30533921 0.30792826 0.30886091
 0.57837825]
78 1890.0126612625368 [0.2290954  0.30955661 0.32290123 0.29012079 0.32239012 0.30568474
 0.56756522 0.29599409 0.74843233 0.30600687 0.30790457 0.30908133
 0.57820759]
79 3462.811615449015 [0.22846267 0.30931041 0.32280505 0.28993987 0.32231494 0.30546145
 0.56782656 0.29593981 0.74870489 0.30656769 0.30785478 0.30924706
 0.57808401]
80 467.11856057777607 [0.22786332 0.30888813 0.32265113 0.28983665 0.32206206 0.30523299
 0.56820607 0.29576382 0.74887129 0.30712754 0.30769427 0.3096243
 0.57799458]
81 1033.4894328812115 [0.22731587 0.3086264  0.32237938 0.28966422 0.32187231 0.30503201
 0.56843355 0.29558141 0.74908753 0.30755378 0.30780138 0.30994689
 0.57799357]
82 376.34171416619296 [0.22680116 0.30841816 0.32170547 0.28932703 0.32163531 0.3050187
 0.56878312 0.29541843 0.74924353 0.30795395 0.30786233 0.31028983
 0.57809118]
83 384.62972004818977 [0.22628297 0.30818371 0.32101901 0.28909639 0.32139349 0.30516581
 0.56899013 0.29512591 0.74942286 0.30833627 0.30784029 0.3108999
 0.57828804]
84 370.4533577255348 [0.22570169 0.30795787 0.32034321 0.28892575 0.32115303 0.30535087
 0.56900229 0.29499712 0.74954901 0.30860745 0.30797447 0.31154158
 0.57845653]
85 306.9874559697905 [0.2250751  0.30782122 0.31971183 0.28875911 0.32103217 0.3055601
 0.56936403 0.29494394 0.7497817  0.30865137 0.30809262 0.31201465
 0.57878154]
86 1968.7071549403738 [0.22437029 0.30761938 0.31917378 0.28858848 0.32072267 0.30584607
 0.56957498 0.29495435 0.74996271 0.30877741 0.30801973 0.31254244
 0.57904234]
87 339.5424458537366 [0.22372541 0.30714976 0.31874211 0.28839019 0.32021025 0.30617127
 0.5699324  0.29498003 0.7502126  0.30882107 0.30787192 0.31306902
 0.57922279]
88 204.08414392667896 [0.22312337 0.30669045 0.31835519 0.28815674 0.31986697 0.30631516
 0.57029319 0.29500035 0.75033433 0.30892996 0.30753384 0.31345277
 0.57946147]
89 219.12439603814778 [0.2225469  0.30640809 0.31801567 0.28784451 0.31952386 0.30659405
 0.57043329 0.29510555 0.75030466 0.30894249 0.3067792  0.31383543
 0.57975489]
90 243.69166460270972 [0.22193984 0.30604701 0.31767371 0.28733593 0.31904821 0.30688756
 0.5706606  0.29517532 0.75044493 0.30913554 0.30629881 0.31403077
 0.58001692]
91 328.69046723672966 [0.22137184 0.30567513 0.31742204 0.2868354  0.31839059 0.30710059
 0.57083174 0.29534851 0.75061501 0.30936558 0.30607357 0.31416999
 0.58022338]
92 219.7702003717493 [0.22077384 0.30530978 0.31696722 0.28618952 0.31781679 0.30734569
 0.57121578 0.29538296 0.75069734 0.3094794  0.30596788 0.31442154
 0.58036346]
93 255.84689999664118 [0.2201131  0.30481923 0.31694691 0.28546585 0.31740584 0.30741005
 0.5715845  0.29536667 0.75092979 0.30961886 0.30588576 0.31467413
 0.5804228 ]
94 183.01432166857086 [0.21955982 0.30434103 0.31713148 0.28490756 0.31703617 0.30750954
 0.57196834 0.29547016 0.75121825 0.30954158 0.30570607 0.31491947
 0.5804223 ]
95 233.27081933712628 [0.21906416 0.3038325  0.31733376 0.28437704 0.31642273 0.30762301
 0.57232396 0.29539715 0.75143121 0.30952868 0.30550474 0.31531865
 0.58018113]
96 193.99356821618576 [0.2186587  0.30337305 0.31749487 0.2839318  0.31578294 0.3075588
 0.57251201 0.2951988  0.75163904 0.30973669 0.30537636 0.31567952
 0.57995855]
97 200.6066764307244 [0.21836939 0.3028934  0.31777611 0.28337567 0.31527388 0.30730977
 0.57281016 0.29482339 0.75174682 0.30991884 0.3053505  0.31606916
 0.57995346]
98 172.03544353871854 [0.21815292 0.30240055 0.31812135 0.28293325 0.314812   0.30716419
 0.57313908 0.29445263 0.7519214  0.31023286 0.30511127 0.31654603
 0.57996561]
99 194.02116417584716 [0.21776567 0.30207927 0.31859838 0.28247502 0.31438686 0.30716465
 0.57340757 0.29410127 0.75211843 0.31048722 0.30476459 0.31690978
 0.57994036]
100 144.16415300247257 [0.21736832 0.30188458 0.31910726 0.28197945 0.31403042 0.30726035
 0.5735887  0.29362642 0.75219622 0.3103623  0.30467928 0.31693834
 0.57998404]
101 174.45031139909423 [0.21694132 0.30181686 0.31956453 0.28156139 0.31348094 0.30716968
 0.57351347 0.29292463 0.75225388 0.31036219 0.30466483 0.31715149
 0.57996172]
102 151.3969958670235 [0.21648175 0.30180716 0.32003618 0.28121314 0.31285939 0.30689728
 0.57347158 0.29225246 0.7522566  0.31047727 0.30465567 0.31708004
 0.5800964 ]
103 169.11142685433128 [0.21608613 0.30195119 0.32031945 0.28065889 0.31238283 0.30659449
 0.57347644 0.29165325 0.75223296 0.3104408  0.30490051 0.31718931
 0.58017668]
104 128.0967120469605 [0.21576302 0.30209701 0.3204777  0.28022769 0.31201316 0.30630813
 0.57356222 0.29130049 0.75216691 0.31042456 0.30504363 0.31747984
 0.58050637]
105 202.9362549719939 [0.21546578 0.3022107  0.32064766 0.27994286 0.31161562 0.30610804
 0.57361754 0.290893   0.75205732 0.31050626 0.30501201 0.31758436
 0.58073022]
106 136.6061708138191 [0.21520183 0.30246569 0.32107465 0.27965607 0.31122248 0.30580485
 0.57362108 0.29051983 0.75189349 0.31046921 0.30493453 0.3176189
 0.58087179]
107 116.23799100879073 [0.21488005 0.30283802 0.32150458 0.27940753 0.31092527 0.3053357
 0.57361635 0.29029451 0.75173155 0.31051278 0.30460834 0.31749548
 0.58103758]
108 131.75815554818496 [0.21457356 0.30317921 0.32162503 0.27917192 0.31083083 0.30496817
 0.57359887 0.29006005 0.75172919 0.31054198 0.30442805 0.31723107
 0.58127199]
109 1717.926208340098 [0.21411618 0.30356202 0.3214829  0.27880209 0.31077273 0.30469308
 0.57359345 0.29004414 0.75173006 0.31034211 0.30433146 0.31720166
 0.58150674]
110 173.71326849314474 [0.21357796 0.30410223 0.3214516  0.27855875 0.31057872 0.3044423
 0.57359556 0.28997701 0.75160621 0.31014414 0.30407551 0.31721487
 0.58178644]
111 118.57670588117801 [0.21307964 0.30475078 0.32119098 0.27837388 0.31033833 0.30421932
 0.57353665 0.28992512 0.75164635 0.30986265 0.30395454 0.31728913
 0.58215829]
112 150.9406087885589 [0.21256481 0.30540407 0.32117569 0.27824981 0.31014934 0.30417307
 0.57339917 0.28996233 0.75171966 0.30962224 0.30392059 0.31737202
 0.58263286]
113 127.6605454744372 [0.21217179 0.30604906 0.32120821 0.27832281 0.31001306 0.30411401
 0.57327621 0.28996992 0.75167195 0.3094886  0.30392893 0.31758789
 0.58308952]
114 80.0575370725676 [0.21180776 0.3064756  0.32109626 0.27826508 0.30989168 0.30382891
 0.57318747 0.28975408 0.7517065  0.30949806 0.30409409 0.31788912
 0.5836523 ]
115 95.98278081553795 [0.2114147  0.30695193 0.32098973 0.27807132 0.30985492 0.3036565
 0.57279195 0.28949839 0.75175121 0.30946903 0.30425217 0.31798205
 0.58427017]
116 93.79491686717171 [0.21094933 0.30719649 0.32098177 0.27784328 0.3099648  0.30337927
 0.57227965 0.28917271 0.75179047 0.30954282 0.30418087 0.31810923
 0.58504239]
117 102.22041451295172 [0.21054586 0.30746899 0.32098604 0.27772512 0.31005181 0.30311406
 0.5718686  0.28886648 0.7519638  0.30946771 0.30411103 0.31847852
 0.58569903]
118 79.83988949362029 [0.21018512 0.30774436 0.32134413 0.27748064 0.31044511 0.30283454
 0.57145202 0.28857303 0.75213362 0.3094537  0.30408561 0.31890049
 0.5863227 ]
119 107.63565864455474 [0.20987673 0.30790886 0.32171384 0.2770903  0.31075368 0.30244018
 0.57102706 0.2883078  0.75240297 0.30942468 0.3041878  0.31938451
 0.5868903 ]
120 112.55603295483377 [0.20959404 0.30802217 0.32215273 0.27661294 0.31089651 0.30206599
 0.57062561 0.28806698 0.7525826  0.30943745 0.30425161 0.31975011
 0.58759229]
121 102.50877924361126 [0.20929568 0.30802905 0.3222476  0.27602823 0.31091058 0.30153333
 0.57042262 0.28801913 0.7527507  0.3095379  0.30427408 0.32008016
 0.58820295]
122 93.39003666655032 [0.2089063  0.307854   0.3223234  0.27554534 0.31093358 0.3010331
 0.57035522 0.28773546 0.75258776 0.30955028 0.30430506 0.32049563
 0.58878256]
123 140.65046174720874 [0.20854403 0.30770675 0.32241638 0.27519001 0.31100231 0.3005334
 0.57018517 0.28748407 0.75252101 0.30957221 0.30434175 0.32081553
 0.58928976]
124 136.3651697978495 [0.20823175 0.30767644 0.32258244 0.27473852 0.31113824 0.30021076
 0.57008418 0.28720438 0.75252489 0.30950644 0.30459316 0.32147525
 0.58978098]
125 135.33845248470516 [0.20786637 0.30768978 0.32267739 0.2743941  0.31119445 0.29973606
 0.57001299 0.28699183 0.75255123 0.30932255 0.30487109 0.32212206
 0.59040326]
126 110.1458095916257 [0.20755524 0.30769295 0.32286597 0.27389751 0.31120005 0.29926472
 0.56997219 0.28680949 0.75259934 0.30923137 0.3049292  0.32272048
 0.5909149 ]
127 115.97493952136375 [0.20723922 0.30780574 0.3228635  0.27325405 0.31129261 0.29862234
 0.56957436 0.28660435 0.75257454 0.30895028 0.30486949 0.3231481
 0.59137173]
128 81.16531577013527 [0.20678925 0.30792032 0.32279748 0.2727843  0.31139594 0.29802681
 0.56924819 0.28640077 0.75254343 0.30870843 0.30493897 0.32352535
 0.59185258]
129 66.8724589718701 [0.20643753 0.30778867 0.32270438 0.2724151  0.31148773 0.29757448
 0.56895767 0.28617043 0.75245296 0.30849054 0.3049637  0.32380651
 0.59224569]
130 68.65998326939506 [0.20616994 0.30757173 0.32241982 0.27206543 0.31167448 0.2972677
 0.56848954 0.2859398  0.7524068  0.30826882 0.30504687 0.32420888
 0.59252923]
131 83.0033819059608 [0.20583427 0.30766236 0.32231354 0.27157553 0.31197993 0.29697137
 0.56805401 0.28568746 0.75232007 0.30795889 0.30496958 0.32456142
 0.59278806]
132 112.35234619531147 [0.20524566 0.3077448  0.32229774 0.27119784 0.3123855  0.29674023
 0.56755021 0.28552151 0.75229414 0.30772059 0.30478872 0.32490722
 0.59271168]
133 79.12776864393969 [0.20471012 0.30784665 0.32207539 0.27087165 0.31291618 0.2965475
 0.56704095 0.2853409  0.75222117 0.30747994 0.30479443 0.32515733
 0.5925776 ]
134 155.3374475092085 [0.20417714 0.30803782 0.32167692 0.2705083  0.31339927 0.29635896
 0.56664061 0.28508696 0.75225047 0.30727228 0.30470966 0.32557282
 0.59236156]
135 211.76974475315546 [0.20364728 0.30821125 0.32132139 0.27003962 0.31390636 0.29621018
 0.56619377 0.28469855 0.75227848 0.30724523 0.30455145 0.3259767
 0.59224835]
136 98.7768833744026 [0.20311375 0.30844229 0.32099775 0.26973012 0.3144556  0.29609726
 0.56584927 0.28433223 0.75233744 0.30720572 0.30446939 0.32641339
 0.59222999]
137 75.71607351772013 [0.20251825 0.30885253 0.32064419 0.26945658 0.31494714 0.29599046
 0.56548652 0.28399067 0.75234939 0.30694182 0.3044045  0.32686909
 0.5922011 ]
138 97.7604802847398 [0.20190801 0.3093805  0.32028557 0.26898658 0.31554462 0.29585332
 0.56517696 0.2837694  0.75249316 0.30681572 0.30425115 0.32729944
 0.59221958]
139 92.46912386537173 [0.20136754 0.30994674 0.3200302  0.26848884 0.31598471 0.29581826
 0.56493664 0.28346649 0.75263361 0.30684973 0.30398237 0.32762496
 0.59214166]
140 76.52030243629525 [0.20087247 0.31053662 0.31994999 0.26805242 0.3163949  0.29576209
 0.5646648  0.28329245 0.75272086 0.30701045 0.30367823 0.32801275
 0.59224288]
141 48.21248250030854 [0.20038627 0.31093559 0.31999813 0.26760485 0.3166169  0.29557901
 0.56445566 0.28292646 0.75301972 0.30716976 0.30351801 0.32820205
 0.59225988]
142 65.04345831178594 [0.19996618 0.31131794 0.31989826 0.26703486 0.31670409 0.29542576
 0.56434418 0.28255024 0.75328581 0.30734562 0.30324677 0.32856506
 0.59231729]
143 134.74237987283288 [0.19949128 0.31159369 0.31967536 0.26661099 0.31681871 0.29529951
 0.5643678  0.28216064 0.75360662 0.30765042 0.30292236 0.32894663
 0.59249005]
144 69.8858209850092 [0.19896365 0.31212219 0.31946831 0.26625501 0.31710791 0.2953412
 0.56443063 0.28173974 0.75398507 0.30789554 0.30249042 0.32955326
 0.59262241]
145 90.33351316492778 [0.19852196 0.3127204  0.31926945 0.26596715 0.3174035  0.29533118
 0.56449685 0.28127493 0.75438015 0.30792869 0.30207917 0.3299395
 0.59256206]
146 67.13795800149938 [0.19812054 0.31320888 0.31902728 0.26554372 0.3176596  0.29499223
 0.56466522 0.28087307 0.75467807 0.30800973 0.30187475 0.33033511
 0.59253994]
147 57.42987299099477 [0.19762765 0.31369344 0.31877712 0.26512211 0.31779874 0.29464891
 0.56476604 0.28040454 0.75505482 0.30816378 0.30155516 0.33062554
 0.59251909]
148 32.46911291010169 [0.19712905 0.31422528 0.31835209 0.26480847 0.31790341 0.2943597
 0.5649747  0.2798966  0.75527206 0.30835969 0.30111575 0.33090871
 0.59261186]
149 41.6636044602261 [0.19655231 0.31479966 0.31805578 0.26460922 0.31835309 0.29396887
 0.56523716 0.27939268 0.75540536 0.30835294 0.3005631  0.33122284
 0.59274126]
150 49.64120527631047 [0.19598916 0.31547623 0.31773303 0.26455417 0.31837375 0.29363244
 0.56525152 0.27912419 0.75542227 0.30838866 0.30032251 0.33134894
 0.59295742]
151 35.42739594287383 [0.19546157 0.31619292 0.31728869 0.26423553 0.31849878 0.29335246
 0.56525191 0.27895906 0.75540605 0.3084382  0.30018608 0.33139247
 0.59317897]
152 51.021720038408894 [0.19493963 0.31681888 0.31667421 0.26390516 0.31867999 0.29301896
 0.56514841 0.27871984 0.75543201 0.30856359 0.30007086 0.33148785
 0.593265  ]
153 52.551884960523694 [0.19450143 0.31738772 0.31609169 0.26362583 0.31884439 0.29274848
 0.56500843 0.27844117 0.75547937 0.30862648 0.300041   0.33142928
 0.59346572]
154 127.27177303232844 [0.19404275 0.31778282 0.315751   0.26332837 0.31898863 0.29246813
 0.56498855 0.27838323 0.75545231 0.30861541 0.300028   0.33146405
 0.59370417]
155 86.6593773115273 [0.19360941 0.31829079 0.31552125 0.26310529 0.31933802 0.29239198
 0.56493095 0.27853322 0.75537962 0.30850489 0.30027676 0.33139125
 0.5939127 ]
156 84.08870653993998 [0.19321714 0.31876375 0.31534729 0.26288661 0.31958182 0.2923961
 0.56473706 0.27866968 0.75530119 0.30821424 0.30060121 0.33112605
 0.59397078]
157 64.03805106838234 [0.19284609 0.31892765 0.31517094 0.26272686 0.31948407 0.29236046
 0.56465825 0.27888172 0.75523782 0.30794347 0.30098175 0.33104036
 0.59406543]
158 74.3296950544091 [0.1925726  0.31876193 0.31514322 0.26266166 0.31928707 0.29235334
 0.56456161 0.27908898 0.75526516 0.30762761 0.30150459 0.3309423
 0.59418023]
159 165.94986271455105 [0.19234216 0.31869147 0.31512902 0.26267064 0.31897922 0.29227089
 0.56437858 0.27956333 0.75515813 0.30720149 0.30178073 0.33078585
 0.59436457]
160 47.06825271575668 [0.19221067 0.31866728 0.3149795  0.2627895  0.31872896 0.29231284
 0.56404783 0.28001264 0.75510883 0.30690072 0.30225893 0.33065573
 0.59458267]
161 69.08639258604182 [0.19203271 0.31845109 0.31488713 0.2628817  0.31844898 0.29244645
 0.56388491 0.28060854 0.75511419 0.30666797 0.30278834 0.33060138
 0.59469952]
162 120.49872142246011 [0.19186948 0.31821896 0.31493159 0.26298079 0.3182388  0.29250709
 0.56381118 0.28119821 0.75515211 0.30631895 0.30305507 0.33046632
 0.59482234]
163 70.36964603826058 [0.19173142 0.31787059 0.31495136 0.26299823 0.31815473 0.29267352
 0.56375115 0.28178041 0.75516288 0.30594626 0.30342191 0.33037116
 0.59476381]
164 53.882421812839205 [0.19161121 0.3173826  0.31496863 0.26317147 0.31799635 0.29288143
 0.56370095 0.28241097 0.75512912 0.30569432 0.30367971 0.33037041
 0.59484892]
165 45.44831523251574 [0.19149642 0.31684344 0.31494259 0.26338896 0.31789133 0.29307423
 0.56380517 0.28301017 0.75503059 0.30550557 0.30382324 0.33046534
 0.59491566]
166 69.79980472727173 [0.19144559 0.31617623 0.31490252 0.26369643 0.3177364  0.29317752
 0.56399091 0.28345956 0.75495595 0.30547811 0.30412857 0.33065893
 0.5948802 ]
167 36.7539045979056 [0.19140389 0.31534494 0.31478862 0.2640558  0.31754269 0.29325591
 0.56418286 0.28394754 0.75488846 0.30555626 0.3045013  0.33080418
 0.59506272]
168 40.32274509674423 [0.19130559 0.31457377 0.3147697  0.2644889  0.31733036 0.2931923
 0.56447277 0.28427557 0.75489623 0.30566519 0.3048745  0.3312458
 0.5952879 ]
169 39.627987337293646 [0.19127138 0.31364    0.31473621 0.26486449 0.31724773 0.29293514
 0.56474467 0.28456052 0.75490596 0.30570483 0.30530445 0.3316701
 0.59518615]
170 27.56248028938311 [0.19113309 0.31254138 0.31482221 0.26537593 0.31737694 0.29272011
 0.56514659 0.28482257 0.75496917 0.3058313  0.30534085 0.33199835
 0.59505895]
171 30.205060488224767 [0.19102178 0.31142937 0.31493787 0.26588524 0.3174099  0.29251105
 0.56552689 0.28530225 0.75497859 0.30586867 0.3054431  0.33239769
 0.59480973]
172 21.81561372976314 [0.19094605 0.31041299 0.31513642 0.26624138 0.31740328 0.29237942
 0.56592678 0.28570691 0.75493566 0.30594979 0.30551101 0.33256253
 0.59467314]
173 19.348104954837822 [0.19089507 0.30965717 0.31544177 0.26653195 0.31748573 0.29227433
 0.56618938 0.28587584 0.7547987  0.30593018 0.30550217 0.33281005
 0.59443401]
174 31.77420991524992 [0.1908303  0.30903349 0.3157146  0.2666971  0.3174062  0.29217217
 0.56647782 0.28605226 0.75473638 0.30573228 0.30567216 0.33288952
 0.59421857]
175 31.334679828911234 [0.19072132 0.30850191 0.31614257 0.26687327 0.31753483 0.29202225
 0.56676367 0.28610497 0.75468764 0.30556895 0.30575172 0.33295393
 0.59392815]
176 49.429941253252025 [0.1907128  0.30813646 0.31660826 0.26689122 0.31787447 0.29185898
 0.56680758 0.28621532 0.75474298 0.30548544 0.30566321 0.3332663
 0.5936955 ]
177 41.49996327494895 [0.1907052  0.30776821 0.31714854 0.26703615 0.31827206 0.29167215
 0.56670315 0.28607323 0.75495747 0.30531819 0.30543791 0.33359548
 0.59344537]
178 34.22135435186228 [0.19069522 0.30730804 0.31746862 0.26723495 0.3187722  0.29146037
 0.56664855 0.28609045 0.75510476 0.30527158 0.30532538 0.33393355
 0.59325844]
179 30.60020734388086 [0.190701   0.30698161 0.31770725 0.26737192 0.31905253 0.29142661
 0.56657459 0.28614025 0.7552773  0.30534442 0.30503314 0.33417807
 0.5930709 ]
180 36.32130516474087 [0.19079959 0.30674527 0.31786866 0.26749631 0.31953478 0.2912023
 0.56665667 0.28617682 0.75549774 0.3054143  0.30476055 0.33445532
 0.59287953]
181 27.578345427248202 [0.19089702 0.30635653 0.31799749 0.26743943 0.31991794 0.2908685
 0.56680492 0.28632522 0.75569974 0.30541373 0.30445849 0.33498032
 0.59265715]
182 51.7911002404861 [0.19091084 0.30598137 0.31801704 0.2673694  0.32010257 0.29057568
 0.56699956 0.28642132 0.75587712 0.30524156 0.30414509 0.33534013
 0.59251843]
183 23.88409361832072 [0.19090702 0.30547847 0.31788391 0.26730266 0.32026813 0.29040653
 0.56712531 0.28649732 0.75606152 0.30500865 0.30392407 0.33592721
 0.59250819]
184 27.295851461992076 [0.19097614 0.3049122  0.31778096 0.26740439 0.32050218 0.29022549
 0.56711641 0.28657845 0.75625612 0.30462772 0.3038364  0.33637783
 0.59238436]
185 25.355729264030657 [0.19106197 0.30456997 0.3175956  0.26740604 0.32074163 0.28998127
 0.56715458 0.28666949 0.75656484 0.30427874 0.30381349 0.33687819
 0.59229475]
186 27.63076131447584 [0.19107599 0.30418736 0.3171777  0.26745402 0.32091977 0.28966482
 0.56724757 0.28677073 0.75679664 0.30378301 0.3037482  0.3374822
 0.59215496]
187 27.434896534705643 [0.19106179 0.30391402 0.316693   0.26765373 0.32105741 0.28943926
 0.56735425 0.286818   0.75713321 0.30325165 0.3036753  0.3382985
 0.59198772]
188 21.697241839841375 [0.19103655 0.30377231 0.31637438 0.26809605 0.32108498 0.28922188
 0.56759995 0.28681071 0.75753829 0.30300824 0.30365424 0.33897654
 0.59166277]
189 26.034393735204354 [0.19089867 0.30384443 0.31605625 0.26848254 0.3211384  0.28913198
 0.56800234 0.28685017 0.75806676 0.30282005 0.30382785 0.33950366
 0.59144555]
190 34.52078184805485 [0.19073411 0.30399358 0.31578633 0.26866904 0.32116236 0.28884939
 0.56827812 0.28693434 0.75857688 0.30248092 0.30403273 0.33966877
 0.59102825]
191 43.97545638034873 [0.19053923 0.30410098 0.31506563 0.26885621 0.32116197 0.2885857
 0.56861482 0.28707834 0.75895383 0.3021332  0.30413991 0.33990468
 0.59047355]
192 35.5360731792861 [0.19033744 0.30437312 0.31451024 0.26901253 0.32116046 0.28835108
 0.56908521 0.28724872 0.75934126 0.30194447 0.30422035 0.34009225
 0.58996798]
193 23.261272945805036 [0.19016245 0.30455264 0.31409887 0.26909917 0.3209583  0.28822905
 0.56943674 0.28736343 0.75983978 0.30170774 0.30421958 0.3402421
 0.58955576]
194 26.260026885795163 [0.18997848 0.30476724 0.31370282 0.26919231 0.32070401 0.28812531
 0.56974072 0.28750067 0.76029034 0.30144458 0.30423291 0.34056942
 0.58902739]
195 26.103966388583828 [0.18967569 0.30491505 0.3132626  0.26926282 0.3204972  0.28806244
 0.56995963 0.28760584 0.76072206 0.3012169  0.30427301 0.34092829
 0.58858061]
196 28.992177495831726 [0.18945463 0.3051822  0.31279993 0.2690396  0.32017949 0.28791716
 0.57008737 0.28766369 0.76108145 0.30096321 0.30420756 0.34123248
 0.58818852]
197 31.879447056648807 [0.1892337  0.30554839 0.31251034 0.26893033 0.31978475 0.28780093
 0.57041149 0.2875797  0.76138333 0.30071851 0.30400943 0.3416272
 0.58798234]
198 27.024675553154424 [0.1890041  0.30611168 0.3120718  0.26883458 0.31928699 0.28780859
 0.57061074 0.28749663 0.76148718 0.3005006  0.30383368 0.34185589
 0.58795167]
199 21.163437101154965 [0.18874721 0.30663539 0.31167009 0.26850896 0.31892878 0.28777314
 0.57077925 0.28746005 0.76143694 0.30034294 0.30357307 0.34230574
 0.58786853]
200 21.06715080276866 [0.18856136 0.30708923 0.31132524 0.26812153 0.31841038 0.2877731
 0.57101306 0.28719802 0.76157999 0.30015858 0.30313207 0.34274264
 0.5878536 ]
201 24.73146835731552 [0.18838967 0.3074748  0.31106245 0.26777887 0.3178322  0.28769042
 0.57116554 0.28682031 0.76170787 0.30000341 0.30274052 0.34316617
 0.58785799]
202 23.773683684887587 [0.18818247 0.307617   0.31099213 0.26728524 0.31728896 0.28759386
 0.5710882  0.28650103 0.76177449 0.29987581 0.30244638 0.34365886
 0.58794354]
203 25.26162635891442 [0.18797127 0.30778133 0.31092452 0.26680423 0.31685123 0.28754262
 0.57095804 0.28622598 0.76186263 0.29995188 0.30224444 0.3440483
 0.58801809]
204 19.852500571086857 [0.18772242 0.307898   0.31086742 0.26628382 0.31634884 0.28729737
 0.57080188 0.2860267  0.76196706 0.30007785 0.30203765 0.34428165
 0.58808091]
205 21.10851180636687 [0.18744212 0.30794413 0.31090542 0.26572047 0.31574444 0.28706798
 0.57061619 0.28589423 0.76212088 0.30023262 0.30164711 0.34444374
 0.58803616]
206 19.54911256555527 [0.18710541 0.30800652 0.31083236 0.26514292 0.31504868 0.28671506
 0.57047419 0.28578056 0.76225645 0.3002649  0.30124128 0.34448726
 0.58805371]
207 16.497759697888778 [0.18675138 0.30793491 0.31090394 0.26425724 0.31425278 0.28628512
 0.57040323 0.28574514 0.7623591  0.30033965 0.30103259 0.34459793
 0.58810803]
208 29.640519953816778 [0.18649679 0.30788269 0.31097475 0.26347104 0.31357966 0.28584809
 0.57027481 0.28562043 0.76233454 0.30050681 0.30081425 0.34474012
 0.58826876]
209 25.412763481305955 [0.1861645  0.30774921 0.31112539 0.26283634 0.31310565 0.28558909
 0.57019079 0.28550934 0.76235948 0.30061078 0.30079137 0.34494874
 0.5884642 ]
210 13.17569312634706 [0.18584276 0.30760754 0.31142381 0.26225295 0.31260042 0.28526929
 0.57009184 0.28540821 0.7623906  0.30064835 0.30065244 0.3452011
 0.58858528]
211 17.097187845554544 [0.1855357  0.30734541 0.31168753 0.26156449 0.31216744 0.28510381
 0.57008763 0.28528627 0.76249399 0.30063285 0.30053966 0.34533684
 0.58871466]
212 16.64674923387378 [0.18518155 0.30694348 0.3118706  0.26101668 0.31170223 0.28480859
 0.57010813 0.2852624  0.76250985 0.30031199 0.30045891 0.34551897
 0.58885224]
213 15.469952114206333 [0.18477283 0.30671931 0.31181301 0.2605528  0.31120321 0.28455835
 0.57000373 0.28503467 0.76248904 0.30007936 0.30067286 0.34571801
 0.58900654]
214 15.74173541244095 [0.18434006 0.30652577 0.31170177 0.26004759 0.31078568 0.28422656
 0.56995496 0.28475555 0.76246695 0.29978706 0.30086153 0.34582666
 0.58912363]
215 13.312859134477936 [0.18389026 0.30639966 0.31137621 0.25954423 0.31049297 0.28391741
 0.56993688 0.28465287 0.76243186 0.29957715 0.30086046 0.34599332
 0.58932882]
216 10.157416709667643 [0.18351019 0.30613563 0.3111861  0.25920388 0.31045814 0.2836822
 0.56985928 0.2845291  0.76239676 0.29944581 0.30101147 0.34627966
 0.5895396 ]
217 11.592360903673821 [0.18320411 0.30581528 0.31099764 0.25885465 0.31036894 0.28350274
 0.56991189 0.28413051 0.76228592 0.29930194 0.30099984 0.3466068
 0.58958928]
218 16.92264871775206 [0.18292481 0.30544523 0.31080869 0.25845866 0.31027269 0.2833051
 0.5699014  0.28383241 0.76235646 0.29922213 0.30111433 0.34686962
 0.58970709]
219 7.500953715523405 [0.18268481 0.30517751 0.3105861  0.25808538 0.31030677 0.28309415
 0.56992279 0.28365501 0.76239813 0.29927525 0.30124846 0.34685763
 0.58978133]
220 11.65691041806772 [0.18243035 0.30495487 0.31041418 0.2577133  0.31010719 0.28298799
 0.5699049  0.28340957 0.76242297 0.29925001 0.30148416 0.34682677
 0.58989677]
221 13.54074085326728 [0.18214591 0.30459256 0.31011403 0.25734305 0.30992973 0.2829347
 0.56981474 0.28318291 0.76244543 0.29920148 0.30168625 0.34646091
 0.59009601]
222 10.745679084210295 [0.1819466  0.30429291 0.30989898 0.2569907  0.30971418 0.28302303
 0.56978942 0.28293399 0.76243008 0.29912509 0.30188146 0.34595264
 0.59031977]
223 16.282643571282446 [0.18172262 0.30404654 0.30969958 0.25672643 0.30951667 0.28316557
 0.56962804 0.28266131 0.76244028 0.29899002 0.30208225 0.3454479
 0.59057237]
224 20.101018344019653 [0.18156869 0.30375668 0.30943572 0.25636979 0.30940462 0.28341711
 0.56956173 0.2823303  0.76253056 0.29887216 0.30221058 0.34487616
 0.59084552]
225 17.710326852196673 [0.18144328 0.30359427 0.30915945 0.25591204 0.30942336 0.28355109
 0.56947533 0.28199836 0.76240243 0.29881648 0.30237776 0.34430205
 0.59100008]
226 14.044766220194678 [0.18120966 0.30334846 0.30888866 0.25541459 0.30937501 0.28371452
 0.56919185 0.2815451  0.76235333 0.29878026 0.30249959 0.34354675
 0.59119133]
227 18.477398457107384 [0.18101417 0.30315726 0.30875591 0.2548828  0.30939604 0.28376566
 0.56887637 0.28105999 0.76224581 0.29873564 0.30263729 0.34296862
 0.59144268]
228 15.11084555823156 [0.18084654 0.30302579 0.30864696 0.25436807 0.30944315 0.2837972
 0.56866267 0.2805309  0.76202949 0.29870465 0.3026621  0.34261065
 0.59165535]
229 10.309141021627457 [0.18069219 0.30290182 0.30848821 0.25389529 0.3094411  0.2838926
 0.56855009 0.28025102 0.76180242 0.29882629 0.30281237 0.34219212
 0.59174071]
230 11.473034947447495 [0.18056451 0.30280032 0.30838636 0.25341475 0.30944064 0.28391221
 0.56847638 0.2799787  0.76159516 0.29894841 0.30277493 0.34179825
 0.59192725]
231 14.533617980914272 [0.18050481 0.3027206  0.3080192  0.25304248 0.30960184 0.28398144
 0.56850343 0.27958809 0.76135441 0.29908395 0.30279982 0.34141144
 0.59201932]
232 8.12247237586012 [0.18044035 0.30236349 0.30761654 0.25256838 0.30967876 0.28409669
 0.56851305 0.27932099 0.76111895 0.2993653  0.302804   0.34100717
 0.5921533 ]
233 8.307497922462753 [0.18038592 0.30195837 0.30720173 0.25212839 0.30968452 0.28418342
 0.56862868 0.27901603 0.76088654 0.29966932 0.30279517 0.34073756
 0.59222892]
234 8.940949830752784 [0.18040231 0.30165849 0.3067692  0.25172615 0.3097007  0.28420487
 0.56870655 0.27874469 0.76078356 0.29995629 0.30273754 0.34057878
 0.59235303]
235 21.142078987007636 [0.18039427 0.30132643 0.30631477 0.2513119  0.30969651 0.28433105
 0.56872809 0.27843653 0.7607605  0.30003506 0.30264111 0.34053074
 0.59251457]
236 6.2272590592130985 [0.18041608 0.30099978 0.30583581 0.25093245 0.30978008 0.28454098
 0.56880698 0.27823584 0.76066692 0.30023895 0.30264637 0.34058003
 0.5927174 ]
237 5.8792221328203995 [0.1803385  0.30067133 0.30539409 0.25063721 0.30992842 0.28470941
 0.56884515 0.27808707 0.76065926 0.3003028  0.30257168 0.34055027
 0.59283694]
238 8.427305634298733 [0.18025331 0.30019345 0.30498232 0.25026811 0.31006482 0.28477764
 0.56903066 0.27808105 0.76048526 0.30038227 0.30267691 0.34043865
 0.59308752]
239 9.996212351552169 [0.18015429 0.29965233 0.30465943 0.24979641 0.31017008 0.28489126
 0.56922773 0.27801577 0.76035995 0.30031272 0.30280202 0.34038417
 0.59313104]
240 10.537353022327299 [0.18008683 0.29904072 0.30444987 0.24934513 0.31032962 0.28512049
 0.56942295 0.27803434 0.76022774 0.30009606 0.30312733 0.3402668
 0.59324669]
241 14.166566854733457 [0.17995556 0.29848411 0.30412351 0.24897169 0.31047576 0.28525974
 0.5697018  0.27807631 0.76025038 0.29995218 0.30351728 0.3402443
 0.59350251]
242 8.833673398650381 [0.17986211 0.29794026 0.30396266 0.24866331 0.310661   0.2854825
 0.56987447 0.27804529 0.76039877 0.29989704 0.30374303 0.34019971
 0.5937567 ]
243 5.2923480017624644 [0.1797852  0.29741354 0.30390535 0.2483887  0.31093738 0.28576049
 0.57001669 0.27810098 0.76057094 0.30000611 0.30400459 0.34038686
 0.59407941]
244 6.758466888763049 [0.17970023 0.29700043 0.30371888 0.24797533 0.31123483 0.28598524
 0.57010149 0.27807782 0.76062001 0.30015648 0.30442119 0.34056355
 0.59430894]
245 10.353345134048409 [0.1796062  0.29671791 0.30346038 0.24764095 0.31143986 0.2861067
 0.57022664 0.27809909 0.7604984  0.30018745 0.30489292 0.3409524
 0.59463758]
246 5.990412900443676 [0.17949964 0.2963645  0.30320758 0.24723964 0.31155469 0.28611326
 0.57042938 0.27809948 0.76038806 0.30035266 0.30541263 0.34131149
 0.59500454]
247 8.089547709372237 [0.17937696 0.29608556 0.3029762  0.24678211 0.31149247 0.28639122
 0.57063618 0.27807585 0.76028888 0.30052582 0.30601051 0.34160359
 0.59508802]
248 5.853919240299982 [0.1792148  0.29580388 0.30279328 0.24634943 0.31145717 0.28660807
 0.57086002 0.27821485 0.76023788 0.30070195 0.30655038 0.34177552
 0.5951207 ]
249 9.653662597414542 [0.17903181 0.29557067 0.30262058 0.24608379 0.31141961 0.28682512
 0.57099921 0.27829494 0.76014379 0.30091294 0.30705545 0.34206033
 0.59498468]
250 6.938123883326059 [0.1788648  0.29542071 0.30244703 0.24588137 0.31145834 0.28710103
 0.57111443 0.27832629 0.76000973 0.30093895 0.30743332 0.34228173
 0.59472914]
251 15.887597407766568 [0.17878033 0.29521951 0.3022577  0.2456387  0.31161044 0.28744039
 0.57113437 0.27823603 0.75984394 0.30084269 0.30777478 0.3421236
 0.59437689]
252 9.610917892369605 [0.17875036 0.29497943 0.3021021  0.24534494 0.3118906  0.28779163
 0.57105806 0.27807268 0.75974268 0.30080262 0.30805744 0.34206059
 0.59415178]
253 8.647202529715914 [0.17881321 0.29477972 0.30180703 0.2449613  0.31228521 0.28805916
 0.57101041 0.2779669  0.75960274 0.30092551 0.30831938 0.34192055
 0.59390247]
254 5.870261021291264 [0.17882801 0.29453349 0.30161084 0.24465097 0.31269293 0.28824389
 0.57086785 0.27798723 0.75962248 0.30108063 0.30840837 0.34170093
 0.59369527]
255 7.355930355507776 [0.17877076 0.29425039 0.30151424 0.24442536 0.31315557 0.28846496
 0.57087314 0.27800054 0.75965382 0.30119243 0.3085348  0.34171282
 0.59348705]
256 6.641271327089288 [0.17877023 0.29396891 0.30127193 0.24423915 0.31365088 0.28866638
 0.57091195 0.27811162 0.75969138 0.3013655  0.30856406 0.34175347
 0.59335776]
257 6.700638468215413 [0.17884077 0.29378795 0.30103129 0.2439705  0.31407907 0.28891408
 0.57100883 0.27835065 0.75975073 0.30148011 0.30881814 0.34199837
 0.59319981]
258 5.606418222437698 [0.1788674  0.2934582  0.30075379 0.24375966 0.31455982 0.28920112
 0.57121262 0.27848342 0.75970194 0.30151209 0.30897491 0.34212823
 0.59311954]
259 6.1442940457365705 [0.17893051 0.29309308 0.30047484 0.2435675  0.3150419  0.2894623
 0.5713562  0.27857392 0.75968398 0.30162089 0.30900456 0.34231321
 0.59319957]
260 8.283762863328755 [0.17899403 0.29251353 0.30015445 0.2434466  0.31523498 0.28968522
 0.57158832 0.27866958 0.75970303 0.30156962 0.30907073 0.34243103
 0.59322151]
261 5.697593406864057 [0.17910602 0.29206272 0.29989981 0.24330767 0.31555661 0.2898721
 0.57192013 0.27875474 0.75976722 0.30157518 0.30908592 0.34261238
 0.59325976]
262 5.752583625952116 [0.17931649 0.29157835 0.29937654 0.24321824 0.31583152 0.29003557
 0.57223434 0.27885341 0.75977488 0.30145036 0.30901807 0.342765
 0.5933883 ]
263 5.4745281094522 [0.17946165 0.29109584 0.2987256  0.24316504 0.31602931 0.29033995
 0.57237758 0.27875012 0.75976828 0.30129012 0.30892961 0.34278215
 0.59357153]
264 7.348382247600432 [0.17965304 0.29081997 0.2980933  0.24305217 0.31619634 0.29057503
 0.57266089 0.27859058 0.7596929  0.3013081  0.30888178 0.34276321
 0.59362866]
265 4.9410803666569585 [0.17975288 0.29068323 0.29758823 0.24293    0.31630896 0.29072534
 0.57283874 0.2784428  0.75955281 0.30131993 0.30889216 0.34272044
 0.59357963]
266 4.806326704778641 [0.17983897 0.2906822  0.29695035 0.24282836 0.31636526 0.29082858
 0.57295747 0.27833728 0.75948839 0.30150418 0.30892064 0.34239477
 0.59354361]
267 5.148733178949154 [0.17989029 0.29065725 0.29628026 0.24259069 0.31629675 0.29104246
 0.57310136 0.27826353 0.75946165 0.30171356 0.30889705 0.3418856
 0.59358978]
268 4.751164602229297 [0.17993868 0.29068721 0.29560541 0.24242414 0.31613869 0.29140226
 0.57322797 0.27820412 0.75942235 0.30178394 0.30886918 0.34128956
 0.59373887]
269 4.716298873745677 [0.18006223 0.29068832 0.29500771 0.24226073 0.31583303 0.29174394
 0.57328352 0.27813598 0.75945179 0.30194257 0.30880087 0.34077032
 0.59397011]
270 7.371825270287692 [0.18016838 0.29068343 0.29446445 0.24205671 0.31543846 0.29202368
 0.57333011 0.27809078 0.75950093 0.30204687 0.30864695 0.34029045
 0.59423911]
271 12.442210522766995 [0.18019215 0.29057922 0.29403758 0.24190562 0.31517995 0.29223272
 0.57326958 0.278135   0.75971457 0.30208174 0.30847264 0.33974103
 0.59439566]
272 3.746589378668364 [0.18016549 0.29050658 0.29368859 0.24181995 0.3146363  0.29242547
 0.57325875 0.27822239 0.75987795 0.30217275 0.30816431 0.33935847
 0.59459486]
273 7.633748605658832 [0.18017608 0.29039659 0.29352202 0.24174084 0.31407629 0.29262571
 0.57331995 0.27827413 0.75997613 0.30226661 0.30779109 0.33899328
 0.59484607]
274 5.82435543439839 [0.18018369 0.2903558  0.29323806 0.24165005 0.31360014 0.29286654
 0.57348778 0.27835489 0.76001344 0.30226548 0.30749663 0.33869455
 0.59503331]
275 6.317929718637256 [0.1801533  0.29048735 0.29292008 0.24159858 0.31301947 0.29310824
 0.57372767 0.27852405 0.76018047 0.30228257 0.30728063 0.3383752
 0.5951811 ]
276 7.767048934407764 [0.18014228 0.29064373 0.29251478 0.2414848  0.31253856 0.29340423
 0.57387338 0.27867359 0.76036455 0.30226758 0.30703911 0.33786082
 0.59532311]
277 3.8901560253418124 [0.18011473 0.29076175 0.29211375 0.24127781 0.31205561 0.29362044
 0.57406128 0.27889435 0.76050288 0.30223307 0.30689387 0.33719171
 0.59531876]
278 9.167611595046846 [0.180126   0.29080165 0.29180228 0.24111846 0.31150114 0.29387708
 0.5743227  0.27910879 0.76064846 0.30215278 0.30655183 0.33661771
 0.59547383]
279 4.845194849432582 [0.17999809 0.29078139 0.29155943 0.24107985 0.31099522 0.29418763
 0.57467095 0.27939415 0.76060791 0.30215683 0.3062372  0.33628721
 0.59558973]
280 4.409642564273495 [0.17989636 0.29079481 0.29124072 0.2409943  0.31065942 0.29443574
 0.5750398  0.27958882 0.76061783 0.30219346 0.30594897 0.3359894
 0.59564887]
281 5.733350737460249 [0.17986838 0.29072199 0.29107596 0.24088594 0.31054252 0.29467613
 0.5753571  0.2798171  0.76054439 0.30212473 0.30574693 0.33576793
 0.59561721]
282 6.222993584910489 [0.17977767 0.290787   0.29102061 0.24073181 0.31050952 0.29487433
 0.57572103 0.2800524  0.76039326 0.30210607 0.30565846 0.33550487
 0.59563835]
283 4.294588357039051 [0.17963239 0.29090491 0.29100304 0.24049601 0.31052198 0.29500541
 0.57608254 0.28018987 0.76031036 0.3022988  0.30550611 0.33513865
 0.59561997]
284 3.279435728817599 [0.17946236 0.29090795 0.29110165 0.24016967 0.31057326 0.29498603
 0.57655584 0.28022565 0.76023657 0.30242813 0.30530998 0.33489218
 0.5957958 ]
285 4.3196127802571835 [0.17937429 0.29086169 0.29122882 0.2398607  0.310663   0.29488496
 0.57690361 0.28031491 0.76015303 0.3025707  0.30509558 0.33465165
 0.59592406]
286 11.985089716326545 [0.17936201 0.29090031 0.2913629  0.23957992 0.3107719  0.2947261
 0.5773461  0.28048137 0.76002133 0.30258604 0.30484661 0.33448113
 0.59611292]
287 7.358732197807181 [0.17932781 0.29094095 0.29151945 0.23942536 0.31109966 0.29470618
 0.5775894  0.28061722 0.75988573 0.30270854 0.3044803  0.33431262
 0.5963627 ]
288 4.798756996794234 [0.17930639 0.29071074 0.29153721 0.23917801 0.31130513 0.29455225
 0.57787164 0.28071247 0.7598131  0.30275362 0.30409007 0.3341602
 0.59652934]
289 4.189808326583465 [0.17921468 0.29038646 0.29161769 0.23885935 0.31125053 0.29448977
 0.57811021 0.28082079 0.7597202  0.30277371 0.30375294 0.33374993
 0.59680705]
290 6.723293119218639 [0.17912165 0.29012755 0.2914866  0.23851705 0.31116523 0.29432999
 0.57823291 0.28096258 0.75954473 0.30275633 0.30355276 0.33330341
 0.59701915]
291 5.286909105531959 [0.17895966 0.28985321 0.29136659 0.23815255 0.31112511 0.29412481
 0.5785031  0.28106197 0.75923416 0.30253549 0.30329097 0.33281425
 0.59712428]
292 6.89532058030826 [0.17880645 0.2896229  0.29111233 0.23787868 0.31114271 0.29385952
 0.57877448 0.2811747  0.75909675 0.30230384 0.30308692 0.33234303
 0.59725344]
293 4.043531688274191 [0.17863941 0.2895136  0.29099359 0.23754862 0.31119974 0.29358973
 0.57895152 0.28119107 0.75891675 0.30211326 0.30289377 0.33199729
 0.59730568]
294 4.786268206917626 [0.17846519 0.28939352 0.29077701 0.23733783 0.31144058 0.29335933
 0.57899944 0.28127152 0.75876956 0.30201464 0.30268636 0.33155631
 0.59748774]
295 5.9401148159076165 [0.17825747 0.2891271  0.29075305 0.23712187 0.31172562 0.29314093
 0.57912239 0.28143606 0.75868305 0.30205266 0.30231598 0.33124608
 0.59762379]
296 2.625801777742703 [0.17811354 0.28883306 0.29072411 0.23687828 0.31190327 0.29301231
 0.57937007 0.28156324 0.75863162 0.30195916 0.302024   0.33088226
 0.59790651]
297 3.5917054272905435 [0.17794394 0.28866138 0.29078593 0.23673942 0.31222532 0.29285103
 0.57962021 0.28159591 0.75863182 0.30176895 0.30171238 0.33045762
 0.59817878]
298 2.105116607177182 [0.17780396 0.28848622 0.2906463  0.236591   0.31253685 0.29270004
 0.57992033 0.28157415 0.75866349 0.30161205 0.30139399 0.32990337
 0.5984767 ]
299 2.782616656819121 [0.17755834 0.28840034 0.29054414 0.23646323 0.31277573 0.29247791
 0.58018735 0.28141893 0.7586741  0.30161934 0.30106515 0.32959652
 0.59868882]
300 3.1942045760152205 [0.17728743 0.28827724 0.29049302 0.23633387 0.31294515 0.29225583
 0.58050716 0.28122177 0.75869802 0.30155682 0.30077552 0.32923828
 0.59887797]
301 2.1065686881388817 [0.17701131 0.28821868 0.29058548 0.23626    0.31286623 0.29194084
 0.58075944 0.28107344 0.75871578 0.30143623 0.30032298 0.32897947
 0.59908662]
302 2.8002842059334894 [0.1767871  0.28814726 0.29056805 0.23625136 0.31282891 0.291573
 0.58106993 0.28104816 0.75868791 0.3013808  0.29988923 0.32872239
 0.59925756]
303 2.413810827120792 [0.17658668 0.2880591  0.2906507  0.23628392 0.31293025 0.29102946
 0.58135083 0.28114153 0.75866034 0.30140377 0.29941905 0.32860538
 0.59929355]
304 2.191505199858624 [0.1762216  0.28806863 0.29069234 0.2363356  0.31305526 0.29054174
 0.58159627 0.28113331 0.758694   0.30144364 0.29899958 0.32851223
 0.59930197]
305 2.899596932804733 [0.17589221 0.28783043 0.29066764 0.23634465 0.31308181 0.29015322
 0.58188522 0.28107628 0.75873322 0.30142939 0.29860051 0.32830753
 0.5992949 ]
306 1.9919153253036168 [0.17561776 0.28770088 0.29056819 0.23634309 0.31301738 0.28988533
 0.58217691 0.28097189 0.75876098 0.30141145 0.29833119 0.32822916
 0.59933061]
307 5.251540284194743 [0.1753923  0.28759476 0.29039362 0.2364322  0.31290608 0.28969393
 0.58249834 0.28091513 0.75878044 0.30125987 0.29820038 0.32821305
 0.5994545 ]
308 6.099262153816661 [0.17518503 0.28745248 0.29029931 0.23643155 0.31273192 0.28947811
 0.58280747 0.28090563 0.758835   0.30115769 0.29804347 0.32818368
 0.59956169]
309 5.4076057588568816 [0.17502127 0.28729152 0.29025719 0.23648813 0.3126535  0.28926645
 0.58305418 0.28095457 0.7587636  0.30101616 0.29796263 0.32812992
 0.5995783 ]
310 1.9002097103617182 [0.17493354 0.28711838 0.29011161 0.23655815 0.31252623 0.28909711
 0.58327663 0.28098355 0.75868746 0.30086663 0.29786133 0.32804551
 0.59965476]
311 3.8101554188587348 [0.17486749 0.28702608 0.29007785 0.2366157  0.31241444 0.2889538
 0.58351295 0.28092577 0.75860103 0.30073833 0.29776789 0.32796587
 0.59964054]
312 2.865389676526398 [0.17480171 0.28693202 0.29010143 0.23659738 0.3123941  0.28874337
 0.58372045 0.2808819  0.75853444 0.30049057 0.29766099 0.32786577
 0.59966653]
313 1.4899316618791485 [0.17471114 0.28685421 0.29013471 0.23657738 0.31242437 0.28854395
 0.5839388  0.28086198 0.75841729 0.30040745 0.29752201 0.32762966
 0.59978357]
314 1.7232006807197617 [0.17457623 0.28676406 0.29034867 0.23647084 0.31259239 0.28840909
 0.58411592 0.28086328 0.75831762 0.30037903 0.29738463 0.32740211
 0.59995987]
315 4.449527643485423 [0.17446092 0.28664582 0.29041459 0.23642339 0.31271306 0.28831383
 0.5842632  0.28087959 0.7582405  0.30032092 0.29711478 0.32719269
 0.60009034]
316 2.0300264034462137 [0.17426828 0.28645392 0.29045676 0.23640684 0.31284377 0.28825954
 0.58444924 0.2808263  0.75818233 0.30032315 0.29690918 0.32701667
 0.60029918]
317 6.814622413674095 [0.17409766 0.28639517 0.29052011 0.23643637 0.31306106 0.2882212
 0.58470526 0.28079778 0.75811373 0.30037104 0.29671761 0.32694865
 0.60042737]
318 3.1966274819055585 [0.1739099  0.28633337 0.29065151 0.23642476 0.31324408 0.28824006
 0.58480641 0.28073228 0.75810413 0.30043817 0.29650256 0.32695222
 0.60057797]
319 1.633647755096971 [0.17373397 0.28631146 0.29078858 0.2363878  0.31340429 0.28837661
 0.58489906 0.2806805  0.75815842 0.30050586 0.29639293 0.32686982
 0.60071762]
320 5.650700991393145 [0.17362976 0.28623533 0.29092407 0.23626651 0.31329656 0.28856868
 0.58494159 0.280577   0.75827459 0.30045939 0.2962962  0.32682392
 0.60084382]
321 3.1316041739058766 [0.17348447 0.28611567 0.29104603 0.23613316 0.31329742 0.2888324
 0.58498837 0.28041671 0.7583458  0.30048703 0.29623815 0.32691294
 0.60108753]
322 2.0695069524785827 [0.17341033 0.28604393 0.29129847 0.23604481 0.31330804 0.28916365
 0.58482335 0.28035157 0.75830565 0.30043155 0.29623064 0.32712943
 0.60123824]
323 2.8939778383924732 [0.17339152 0.28610222 0.29150831 0.23605116 0.31334387 0.2896503
 0.58476407 0.28037429 0.75835745 0.30028278 0.29626263 0.32729775
 0.60157223]
324 1.8422214153680034 [0.17338855 0.28611361 0.29166782 0.23607031 0.31317347 0.290225
 0.58463333 0.28041978 0.75847451 0.30013622 0.296285   0.32756062
 0.60167236]
325 1.3996064870407303 [0.17343625 0.28615453 0.29186853 0.23606932 0.31306069 0.29079417
 0.58437668 0.28044884 0.75852733 0.29993914 0.29637505 0.32786212
 0.60189532]
326 3.538614215310943 [0.17347417 0.28602855 0.29215411 0.23604034 0.3129031  0.29104665
 0.58423046 0.28045329 0.75858889 0.29976598 0.29645384 0.328125
 0.60232056]
327 1.5966780840168537 [0.17344702 0.28578633 0.29252866 0.23613637 0.31278274 0.29134283
 0.58418205 0.28045535 0.75868987 0.2996788  0.29639074 0.32831074
 0.60284587]
328 3.493944578245093 [0.17335537 0.28559451 0.2927607  0.23611113 0.31255835 0.29159786
 0.58411618 0.28049402 0.75881701 0.29962829 0.29627917 0.32848558
 0.60334205]
329 1.0063762536066552 [0.17323586 0.28533322 0.29292273 0.23603618 0.31232595 0.29171498
 0.58393297 0.28045123 0.75895302 0.29962322 0.29614989 0.32870016
 0.60370352]
330 0.873780357982255 [0.1730972  0.28505652 0.29319241 0.23591919 0.31221647 0.29190827
 0.58387669 0.28039226 0.75907472 0.2996999  0.29602273 0.32911834
 0.60409561]
331 3.6674450138167667 [0.17288884 0.28490119 0.29341944 0.23579805 0.31215219 0.29206286
 0.58370106 0.28026276 0.75903658 0.29971069 0.2959057  0.3294435
 0.60451927]
332 4.177204989814337 [0.17266562 0.28476944 0.29352099 0.23576228 0.31200963 0.29226275
 0.58365175 0.28017369 0.75900519 0.29949642 0.29574857 0.32984015
 0.60491042]
333 4.8076005327699125 [0.17249212 0.2845562  0.29366232 0.23564159 0.31192723 0.29247948
 0.58360524 0.28009027 0.75904717 0.29930165 0.29556675 0.33024552
 0.60526802]
334 5.342652615430671 [0.17232933 0.28436359 0.29379136 0.23553667 0.31189585 0.29270011
 0.58357729 0.27982879 0.7591558  0.29916311 0.29546657 0.33049298
 0.60557959]
335 2.0914512415935165 [0.17222364 0.28426692 0.29388451 0.23542833 0.31189239 0.29291543
 0.58371319 0.27949539 0.75926304 0.29910987 0.29545369 0.33086379
 0.60594642]
336 4.135371576550673 [0.17211927 0.28424034 0.29377226 0.23518755 0.31193679 0.29299089
 0.58398847 0.27900894 0.75936123 0.29901242 0.29547709 0.33110775
 0.60616546]
337 3.2911363233374926 [0.17204516 0.28425111 0.29380842 0.23498875 0.31188529 0.29299633
 0.58415056 0.27859092 0.75943187 0.29895574 0.29555979 0.3313282
 0.60637013]
338 3.6477001824198814 [0.1720351  0.28427716 0.29382242 0.23488882 0.31184201 0.29302047
 0.5842901  0.27812817 0.75959744 0.29881609 0.29564073 0.33159267
 0.60654157]
339 2.333109616006163 [0.17206819 0.28434201 0.29391477 0.23475439 0.3118542  0.29296718
 0.58441484 0.27762215 0.75977461 0.29876557 0.29566868 0.3318964
 0.60662777]
340 2.064675261186363 [0.17204909 0.28435532 0.29400433 0.23468996 0.3119318  0.2928743
 0.58447194 0.27721886 0.76001878 0.29878178 0.29579857 0.33210544
 0.60655196]
341 1.963844895708604 [0.17200084 0.28440643 0.29412453 0.23466174 0.31188631 0.29286862
 0.58453663 0.27691781 0.76022387 0.29885953 0.29596698 0.33217991
 0.60648001]
342 1.8325143420273964 [0.17203708 0.28445293 0.29431629 0.23467314 0.31191625 0.29272519
 0.58460332 0.27663044 0.76044053 0.29902362 0.29617857 0.33226185
 0.60628411]
343 4.412461768400906 [0.17200968 0.2844097  0.2942     0.23479232 0.31213889 0.29260116
 0.58471706 0.27640283 0.76059365 0.2991393  0.29626361 0.33226446
 0.60617895]
344 1.4038201085446806 [0.17195226 0.28445406 0.294078   0.23481    0.3123408  0.29250189
 0.58487199 0.27613612 0.76078428 0.29921513 0.29628383 0.33234807
 0.60600789]
345 0.8855224220158379 [0.1719385  0.28456346 0.29384848 0.23487607 0.31260621 0.29232993
 0.58502214 0.27588469 0.76096098 0.29932704 0.29635084 0.332263
 0.60583338]
346 14.977938274012335 [0.17197677 0.28473222 0.29365236 0.23489613 0.31299634 0.29218261
 0.58505169 0.27573325 0.7610996  0.29904562 0.29631596 0.3320575
 0.60565111]
347 1.4754451797975896 [0.17198472 0.28493929 0.29341258 0.23473257 0.31345517 0.29197474
 0.58520044 0.27544726 0.76126603 0.29861839 0.29625881 0.33178973
 0.60552827]
348 1.3693956886663372 [0.17198924 0.28507771 0.29326454 0.23455083 0.31388666 0.29178401
 0.58541382 0.27526172 0.76130596 0.29812032 0.29616799 0.33159534
 0.60530585]
349 2.527772161930014 [0.17200883 0.28524285 0.29295922 0.23440289 0.3143209  0.2916106
 0.58563144 0.27513612 0.76137736 0.29764547 0.2960578  0.33134857
 0.60520441]
350 2.295901557546453 [0.17200599 0.28548098 0.2925898  0.23432071 0.31485182 0.29152692
 0.58587788 0.27505851 0.76140112 0.29725167 0.2959127  0.33108756
 0.60516306]
351 1.585191569183297 [0.17202624 0.28569323 0.29219194 0.23416061 0.31534147 0.29139352
 0.58600235 0.27504285 0.76148161 0.29695331 0.29567507 0.33101485
 0.60518396]
352 1.2998372010542503 [0.17203105 0.28586991 0.29169643 0.23393425 0.31577558 0.29121617
 0.58622226 0.27506126 0.76158271 0.29670568 0.29540305 0.33080608
 0.60522684]
353 1.2003458151516417 [0.1720323  0.28610332 0.29118775 0.23366037 0.3161609  0.29087797
 0.5865432  0.27511337 0.76177009 0.29649717 0.29510691 0.33069494
 0.60528137]
354 2.2752823836737184 [0.17207068 0.28625846 0.29066402 0.23336064 0.31650954 0.29050461
 0.58687668 0.27525843 0.76193133 0.2962531  0.29489211 0.33063035
 0.6051615 ]
355 5.126171725575775 [0.17205638 0.28631465 0.2902513  0.23310478 0.316944   0.29018838
 0.58725398 0.27543106 0.7621026  0.29604509 0.29466753 0.33060494
 0.60497419]
356 2.24510292936282 [0.17206233 0.28638462 0.28993481 0.23290611 0.31738885 0.28997669
 0.58765538 0.27563988 0.76218701 0.29574309 0.29436005 0.33054206
 0.60482392]
357 1.8195694905157485 [0.17206045 0.28653802 0.28964692 0.23255369 0.3178052  0.28975501
 0.5879634  0.27570683 0.76231852 0.29553327 0.2939656  0.33038065
 0.60472349]
358 1.8282772334078818 [0.17205013 0.2867062  0.28942667 0.23228123 0.31816328 0.2893961
 0.58823312 0.27587881 0.76232638 0.29540596 0.29360475 0.33021506
 0.60476921]
359 0.8728199480285296 [0.17205225 0.28692765 0.28901761 0.23200778 0.31842711 0.28910073
 0.58840462 0.2760965  0.76247495 0.295334   0.29320366 0.33005537
 0.6048391 ]
360 1.9525139369471298 [0.17203354 0.28717197 0.2886722  0.23163193 0.31857524 0.28880155
 0.58856395 0.27617268 0.76258175 0.29525387 0.29283786 0.32987198
 0.60486095]
361 1.3946358648974666 [0.17205419 0.28731303 0.28834258 0.2314148  0.31879596 0.28851248
 0.58871452 0.27631453 0.76280864 0.29507915 0.29262654 0.32974582
 0.60497706]
362 1.0357967310092422 [0.17210351 0.28744377 0.28802694 0.23119877 0.31909228 0.2883603
 0.58886623 0.2764153  0.76296653 0.29493139 0.2925246  0.3297601
 0.60509766]
363 1.471017880198725 [0.17215469 0.28745872 0.28772376 0.23098459 0.31927162 0.28814327
 0.58901052 0.27653688 0.76317238 0.29484717 0.29243412 0.32966347
 0.60533923]
364 1.5356327208461173 [0.17218976 0.28745871 0.28733184 0.23084444 0.31952343 0.28794494
 0.58908637 0.27663315 0.76333075 0.29485425 0.29235329 0.32952861
 0.60562401]
365 2.1283818037804747 [0.17225644 0.2873593  0.28693044 0.23054322 0.31985418 0.28777939
 0.58925606 0.27687173 0.76354759 0.29472214 0.29235894 0.3293028
 0.60592861]
366 1.8189086627651603 [0.17231625 0.28740688 0.28655724 0.23022495 0.32011701 0.28769884
 0.58955743 0.27710104 0.76362899 0.29457797 0.29240656 0.32905594
 0.60606602]
367 1.77536498491707 [0.1723886  0.28752495 0.28619317 0.22994263 0.32037515 0.28758741
 0.58973876 0.2772615  0.76371221 0.29441206 0.29247996 0.32885925
 0.60619098]
368 1.4375153577724613 [0.17247499 0.28763433 0.28587725 0.22977547 0.32061987 0.28738556
 0.58988678 0.27736224 0.76383834 0.29424744 0.29258004 0.32865507
 0.60634031]
369 2.445958332296428 [0.1725796  0.28772402 0.28571925 0.22966283 0.3207527  0.28716628
 0.59005434 0.27742614 0.76389889 0.29409777 0.29263509 0.32849132
 0.60636922]
370 3.527163263063183 [0.17269061 0.28773236 0.28559268 0.22953587 0.32086121 0.28700999
 0.59031716 0.27755643 0.76397334 0.29394833 0.29273003 0.3283447
 0.60656532]
371 1.2245848726354258 [0.17281425 0.28763497 0.28550146 0.22938309 0.3210496  0.2868084
 0.59058689 0.2776919  0.76407648 0.29387389 0.29275034 0.32831204
 0.60680356]
372 0.5044842338431705 [0.17288103 0.28762114 0.28540958 0.22916733 0.32135902 0.28662466
 0.59091247 0.27780325 0.76415616 0.29378275 0.2927329  0.32814619
 0.60694781]
373 11.407821447800119 [0.17291045 0.2877717  0.28535693 0.22892195 0.32166159 0.28649528
 0.59123126 0.27798983 0.7640695  0.29344221 0.29276714 0.32800476
 0.60707291]
374 1.063939135995161 [0.17291442 0.28793478 0.28519087 0.22871345 0.32198685 0.28641912
 0.59159433 0.27814414 0.76405049 0.2930915  0.2927867  0.32784081
 0.60722929]
375 2.0273794570851242 [0.17296785 0.28811734 0.28502629 0.22846632 0.32231241 0.28627673
 0.59186889 0.27836374 0.76417557 0.29270594 0.29282855 0.32779877
 0.60744169]
376 1.5756088800061705 [0.17300435 0.28836118 0.28476077 0.22818495 0.3225873  0.28622222
 0.59205487 0.27856175 0.76434465 0.29231659 0.29282089 0.32756332
 0.60761956]
377 2.4366585425963594 [0.17303819 0.28859796 0.28449369 0.22803612 0.32291438 0.28626537
 0.59222792 0.27863515 0.76453976 0.29198722 0.29285703 0.3274437
 0.6076162 ]
378 1.8600703046618607 [0.17310344 0.28874963 0.28431455 0.22791553 0.32329747 0.2863051
 0.59245831 0.27877326 0.76476976 0.29176951 0.2928453  0.32733219
 0.60762062]
379 0.8981712863886084 [0.17319737 0.28896998 0.28414808 0.22776619 0.32369849 0.28626896
 0.59262361 0.27887902 0.76491354 0.29146236 0.29275869 0.32728542
 0.60752158]
380 1.9748354588554478 [0.17326897 0.28915473 0.28394027 0.22761749 0.32412165 0.28623286
 0.59281487 0.27890454 0.76513603 0.29110197 0.29272626 0.32718055
 0.60742792]
381 0.8927429782772007 [0.17329028 0.28924739 0.28378022 0.22750648 0.32452452 0.28630928
 0.59299765 0.27891685 0.76536802 0.2908166  0.2927255  0.32700675
 0.60742958]
382 1.0772894620036277 [0.17327382 0.28929908 0.28359851 0.22744348 0.32477873 0.28624673
 0.59310386 0.2789463  0.76555722 0.29056142 0.29268348 0.32677782
 0.60737075]
383 1.0694621431814142 [0.17331959 0.28933111 0.28349639 0.22741785 0.32498046 0.2861837
 0.59316578 0.27897011 0.76572155 0.29032329 0.29267381 0.32674508
 0.60730945]
384 2.4701406866672633 [0.17335894 0.28944047 0.28335585 0.22741559 0.32517341 0.28614205
 0.5932466  0.27904843 0.76577959 0.2899698  0.2926686  0.32673954
 0.60731511]
385 0.8367834446124324 [0.17341322 0.28953749 0.28314291 0.22735727 0.32539473 0.28607838
 0.59334933 0.27910254 0.76579491 0.28967557 0.29270829 0.32684202
 0.60734478]
386 1.5606666285033797 [0.1734951  0.28960595 0.28293368 0.22731446 0.3255415  0.28598809
 0.59335163 0.27916399 0.76586145 0.28934631 0.29274752 0.32687473
 0.60739149]
387 2.750366330436084 [0.17366404 0.28968405 0.28266923 0.22735208 0.32577821 0.28588067
 0.59330054 0.27921711 0.76586436 0.28898443 0.29267799 0.32698304
 0.60745858]
388 2.332081930716484 [0.1737624  0.28967714 0.28250562 0.22738861 0.32600552 0.2857994
 0.59330975 0.279241   0.76585667 0.28853541 0.29266494 0.32715527
 0.60757034]
389 1.7531691589709748 [0.17384744 0.28968443 0.28230016 0.22752782 0.32620371 0.28566694
 0.59328841 0.27928505 0.76581417 0.28813519 0.29268227 0.32719643
 0.60768648]
390 1.3278710778180227 [0.17390268 0.28969045 0.28214359 0.2276566  0.32635706 0.28554471
 0.59330414 0.27933456 0.76571008 0.28776503 0.29271938 0.32716661
 0.60779404]
391 5.430592327534487 [0.17394968 0.28970217 0.28208518 0.22775344 0.32640905 0.28544731
 0.59332146 0.27935121 0.76552926 0.2873541  0.29276881 0.32722557
 0.60799305]
392 3.2992501095525366 [0.17403163 0.28973282 0.2819566  0.22784388 0.32635275 0.28523897
 0.59329386 0.27926684 0.76538191 0.28704493 0.29275364 0.3273917
 0.60817161]
393 1.5250622538880987 [0.17403211 0.28962708 0.28184905 0.22792408 0.32625284 0.28507302
 0.5933183  0.27930963 0.76527483 0.28674969 0.29284457 0.32752288
 0.60836588]
394 2.448388123025458 [0.17402551 0.28958546 0.28173622 0.22797105 0.32609486 0.28490603
 0.59339446 0.27939761 0.76521461 0.28642953 0.29291517 0.32752897
 0.60843867]
395 4.110882546586554 [0.1740159  0.28953059 0.28161941 0.22800703 0.32599177 0.28476015
 0.59347712 0.27951105 0.76521231 0.28607453 0.29307854 0.32752586
 0.6085622 ]
396 2.015096329928997 [0.1740425  0.28947016 0.28153903 0.22816936 0.32590503 0.28466156
 0.59351924 0.27956932 0.7652191  0.28579841 0.29337396 0.32755588
 0.60865271]
397 1.888369024930463 [0.17407448 0.28942742 0.28137287 0.22837714 0.3258     0.28465142
 0.5933063  0.27958039 0.76506971 0.2857133  0.29362662 0.32766693
 0.60869996]
398 1.766163176814786 [0.17406772 0.28931037 0.28119602 0.22859964 0.32562097 0.2846386
 0.59311792 0.27950186 0.76493052 0.28565011 0.2938104  0.32784485
 0.60871107]
399 1.203774241696514 [0.17409497 0.28919887 0.28096378 0.2288163  0.32548702 0.28458247
 0.59283195 0.27950622 0.76483112 0.28552859 0.29401098 0.32793079
 0.60873391]
400 1.4736285516850736 [0.1740718  0.28908565 0.28065918 0.22897959 0.3252898  0.28452999
 0.59254985 0.27954173 0.76473838 0.28539753 0.29413282 0.32800719
 0.60875865]
401 0.5497073827411817 [0.17401308 0.28905141 0.28041146 0.22915391 0.32509638 0.2845139
 0.59230974 0.27957674 0.76461913 0.28530905 0.29414079 0.32819393
 0.60865237]
402 2.2258512888281703 [0.1740208  0.28881265 0.28012901 0.22937721 0.32494367 0.2844862
 0.59212152 0.27955721 0.76452366 0.28521678 0.29419132 0.32831885
 0.60851947]
403 0.5223739240714105 [0.17398994 0.28858209 0.27983217 0.22956801 0.32477555 0.2844956
 0.59199306 0.27967166 0.76443085 0.28520664 0.2942821  0.32840641
 0.60839227]
404 1.4245257034230576 [0.17399263 0.28834555 0.2795388  0.2296747  0.32471576 0.28453497
 0.59203678 0.27969908 0.7642961  0.28531179 0.29438109 0.32852684
 0.60832201]
405 0.5160912905566066 [0.17399178 0.2881673  0.27932049 0.22979531 0.32459527 0.28452866
 0.59211783 0.27974745 0.76407735 0.28536566 0.29446216 0.3286193
 0.60821999]
406 0.2314000094805747 [nan nan nan nan nan nan nan nan nan nan nan nan nan]
407 20000.0 [nan nan nan nan nan nan nan nan nan nan nan nan nan]
408 20000.0 [nan nan nan nan nan nan nan nan nan nan nan nan nan]
409 20000.0 [nan nan nan nan nan nan nan nan nan nan nan nan nan]
410 20000.0 [nan nan nan nan nan nan nan nan nan nan nan nan nan]
411 20000.0 [nan nan nan nan nan nan nan nan nan nan nan nan nan]
412 20000.0 [nan nan nan nan nan nan nan nan nan nan nan nan nan]
413 20000.0 [nan nan nan nan nan nan nan nan nan nan nan nan nan]
414 20000.0 [nan nan nan nan nan nan nan nan nan nan nan nan nan]
415 20000.0 [nan nan nan nan nan nan nan nan nan nan nan nan nan]
416 20000.0 [nan nan nan nan nan nan nan nan nan nan nan nan nan]
417 20000.0 [nan nan nan nan nan nan nan nan nan nan nan nan nan]
418 20000.0 [nan nan nan nan nan nan nan nan nan nan nan nan nan]
419 20000.0 [nan nan nan nan nan nan nan nan nan nan nan nan nan]
420 20000.0 [nan nan nan nan nan nan nan nan nan nan nan nan nan]
421 20000.0 [nan nan nan nan nan nan nan nan nan nan nan nan nan]
422 20000.0 [nan nan nan nan nan nan nan nan nan nan nan nan nan]
423 20000.0 [nan nan nan nan nan nan nan nan nan nan nan nan nan]
424 20000.0 [nan nan nan nan nan nan nan nan nan nan nan nan nan]
425 20000.0 [nan nan nan nan nan nan nan nan nan nan nan nan nan]
426 20000.0 [nan nan nan nan nan nan nan nan nan nan nan nan nan]
427 20000.0 [nan nan nan nan nan nan nan nan nan nan nan nan nan]
428 20000.0 [nan nan nan nan nan nan nan nan nan nan nan nan nan]
429 20000.0 [nan nan nan nan nan nan nan nan nan nan nan nan nan]
430 20000.0 [nan nan nan nan nan nan nan nan nan nan nan nan nan]
431 20000.0 [nan nan nan nan nan nan nan nan nan nan nan nan nan]
432 20000.0 [nan nan nan nan nan nan nan nan nan nan nan nan nan]
433 20000.0 [nan nan nan nan nan nan nan nan nan nan nan nan nan]
434 20000.0 [nan nan nan nan nan nan nan nan nan nan nan nan nan]
435 20000.0 [nan nan nan nan nan nan nan nan nan nan nan nan nan]
436 20000.0 [nan nan nan nan nan nan nan nan nan nan nan nan nan]
437 20000.0 [nan nan nan nan nan nan nan nan nan nan nan nan nan]
438 20000.0 [nan nan nan nan nan nan nan nan nan nan nan nan nan]
439 20000.0 [nan nan nan nan nan nan nan nan nan nan nan nan nan]
440 20000.0 [nan nan nan nan nan nan nan nan nan nan nan nan nan]
441 20000.0 [nan nan nan nan nan nan nan nan nan nan nan nan nan]
442 20000.0 [nan nan nan nan nan nan nan nan nan nan nan nan nan]
443 20000.0 [nan nan nan nan nan nan nan nan nan nan nan nan nan]
444 20000.0 [nan nan nan nan nan nan nan nan nan nan nan nan nan]
445 20000.0 [nan nan nan nan nan nan nan nan nan nan nan nan nan]
446 20000.0 [nan nan nan nan nan nan nan nan nan nan nan nan nan]
447 20000.0 [nan nan nan nan nan nan nan nan nan nan nan nan nan]
448 20000.0 [nan nan nan nan nan nan nan nan nan nan nan nan nan]
449 20000.0 [nan nan nan nan nan nan nan nan nan nan nan nan nan]
450 20000.0 [nan nan nan nan nan nan nan nan nan nan nan nan nan]
451 20000.0 [nan nan nan nan nan nan nan nan nan nan nan nan nan]
452 20000.0 [nan nan nan nan nan nan nan nan nan nan nan nan nan]
453 20000.0 [nan nan nan nan nan nan nan nan nan nan nan nan nan]
454 20000.0 [nan nan nan nan nan nan nan nan nan nan nan nan nan]
455 20000.0 [nan nan nan nan nan nan nan nan nan nan nan nan nan]
456 20000.0 [nan nan nan nan nan nan nan nan nan nan nan nan nan]
457 20000.0 [nan nan nan nan nan nan nan nan nan nan nan nan nan]
458 20000.0 [nan nan nan nan nan nan nan nan nan nan nan nan nan]
459 20000.0 [nan nan nan nan nan nan nan nan nan nan nan nan nan]
460 20000.0 [nan nan nan nan nan nan nan nan nan nan nan nan nan]
461 20000.0 [nan nan nan nan nan nan nan nan nan nan nan nan nan]
462 20000.0 [nan nan nan nan nan nan nan nan nan nan nan nan nan]
463 20000.0 [nan nan nan nan nan nan nan nan nan nan nan nan nan]
464 20000.0 [nan nan nan nan nan nan nan nan nan nan nan nan nan]
465 20000.0 [nan nan nan nan nan nan nan nan nan nan nan nan nan]
466 20000.0 [nan nan nan nan nan nan nan nan nan nan nan nan nan]
467 20000.0 [nan nan nan nan nan nan nan nan nan nan nan nan nan]
468 20000.0 [nan nan nan nan nan nan nan nan nan nan nan nan nan]
469 20000.0 [nan nan nan nan nan nan nan nan nan nan nan nan nan]
470 20000.0 [nan nan nan nan nan nan nan nan nan nan nan nan nan]
471 20000.0 [nan nan nan nan nan nan nan nan nan nan nan nan nan]
472 20000.0 [nan nan nan nan nan nan nan nan nan nan nan nan nan]
473 20000.0 [nan nan nan nan nan nan nan nan nan nan nan nan nan]
474 20000.0 [nan nan nan nan nan nan nan nan nan nan nan nan nan]
475 20000.0 [nan nan nan nan nan nan nan nan nan nan nan nan nan]
476 20000.0 [nan nan nan nan nan nan nan nan nan nan nan nan nan]
477 20000.0 [nan nan nan nan nan nan nan nan nan nan nan nan nan]
478 20000.0 [nan nan nan nan nan nan nan nan nan nan nan nan nan]
479 20000.0 [nan nan nan nan nan nan nan nan nan nan nan nan nan]
480 20000.0 [nan nan nan nan nan nan nan nan nan nan nan nan nan]
481 20000.0 [nan nan nan nan nan nan nan nan nan nan nan nan nan]
482 20000.0 [nan nan nan nan nan nan nan nan nan nan nan nan nan]
483 20000.0 [nan nan nan nan nan nan nan nan nan nan nan nan nan]
484 20000.0 [nan nan nan nan nan nan nan nan nan nan nan nan nan]
485 20000.0 [nan nan nan nan nan nan nan nan nan nan nan nan nan]
486 20000.0 [nan nan nan nan nan nan nan nan nan nan nan nan nan]
487 20000.0 [nan nan nan nan nan nan nan nan nan nan nan nan nan]
488 20000.0 [nan nan nan nan nan nan nan nan nan nan nan nan nan]
489 20000.0 [nan nan nan nan nan nan nan nan nan nan nan nan nan]
490 20000.0 [nan nan nan nan nan nan nan nan nan nan nan nan nan]
491 20000.0 [nan nan nan nan nan nan nan nan nan nan nan nan nan]
492 20000.0 [nan nan nan nan nan nan nan nan nan nan nan nan nan]
493 20000.0 [nan nan nan nan nan nan nan nan nan nan nan nan nan]
494 20000.0 [nan nan nan nan nan nan nan nan nan nan nan nan nan]
495 20000.0 [nan nan nan nan nan nan nan nan nan nan nan nan nan]
496 20000.0 [nan nan nan nan nan nan nan nan nan nan nan nan nan]
497 20000.0 [nan nan nan nan nan nan nan nan nan nan nan nan nan]
498 20000.0 [nan nan nan nan nan nan nan nan nan nan nan nan nan]
499 20000.0 [nan nan nan nan nan nan nan nan nan nan nan nan nan]
