0 338.3684894250506 [0.29728097 0.29915616 0.30196897 0.30009375 0.3010313  0.29915616
 0.30009376 0.30290654 0.29915618 0.29915615 0.29821856 0.29728094]
1 276.33750693187125 [0.29641544 0.29714191 0.30284544 0.29869842 0.29949747 0.29802946
 0.30139499 0.30384668 0.29940496 0.29809231 0.2967572  0.29601792]
2 307.0278764308283 [0.2954602  0.29545901 0.30209078 0.29794385 0.29794608 0.29786825
 0.30340718 0.30451883 0.2993177  0.29799699 0.29488765 0.29405469]
3 280.23733830966273 [0.29511558 0.2943074  0.3015072  0.29728609 0.29726645 0.29799257
 0.30503007 0.30498707 0.2991151  0.29865677 0.29383902 0.29294768]
4 277.0521186134382 [0.29468396 0.29342213 0.30082533 0.29641549 0.29692894 0.29905937
 0.30585287 0.30415362 0.2989259  0.29964835 0.29352211 0.29207106]
5 276.0680015220271 [0.29478941 0.29286209 0.29970315 0.29594896 0.29699275 0.30029904
 0.30688349 0.3030834  0.29964788 0.30041599 0.29316997 0.29083054]
6 251.2328483002083 [0.29517517 0.29218634 0.29923857 0.2958725  0.29755325 0.30180917
 0.30752483 0.30172656 0.30044086 0.30050053 0.29283109 0.29006201]
7 260.7350591120354 [0.2956918  0.29198913 0.29855875 0.29564593 0.29761468 0.30356927
 0.30820101 0.30034702 0.3010797  0.30041416 0.29288326 0.28949624]
8 289.4938333795127 [0.29582842 0.29185012 0.2980605  0.29553505 0.29731947 0.30518904
 0.30886783 0.29913751 0.30162431 0.30086422 0.29296939 0.28897372]
9 255.16087397615684 [0.29593797 0.29181904 0.29804157 0.29515888 0.29692567 0.30672172
 0.30901269 0.29791232 0.30216487 0.30146258 0.29300268 0.28836847]
10 225.8250485493062 [0.29622561 0.29186753 0.29773024 0.29524617 0.29677015 0.30804957
 0.30896612 0.29725622 0.30279086 0.30201597 0.29255663 0.28833658]
11 198.35506074839293 [0.29602367 0.29195649 0.29763161 0.2955561  0.2971147  0.30907311
 0.30928636 0.29654857 0.30355255 0.30227172 0.29259035 0.28869692]
12 243.11416987176185 [0.29620913 0.29212415 0.29769726 0.29610322 0.29791588 0.3099022
 0.30959276 0.29552733 0.30440609 0.30245096 0.29239324 0.28888988]
13 200.54468857074323 [0.29642708 0.2917514  0.29748721 0.29673535 0.29871458 0.31054237
 0.30955329 0.29486611 0.30512903 0.30254199 0.29225736 0.28890782]
14 209.88842867123674 [0.29645345 0.29089301 0.29738035 0.29697897 0.29915515 0.31119584
 0.30932818 0.29441731 0.30615984 0.30239668 0.29179423 0.28900691]
15 208.88989352663907 [0.29599757 0.29006859 0.29720734 0.29718149 0.29952792 0.31194008
 0.30923875 0.29395179 0.3074808  0.30211555 0.29115707 0.2889223 ]
16 194.56722948006993 [0.29563397 0.28922601 0.29735921 0.29712187 0.29954752 0.312048
 0.30924315 0.29374832 0.30842018 0.30145864 0.2906799  0.28895841]
17 154.8615434035633 [0.29513946 0.2880787  0.29775357 0.29716316 0.29977215 0.31221981
 0.30920858 0.29391454 0.30939234 0.30124812 0.29037076 0.28909607]
18 184.27563825155755 [0.29397443 0.28686599 0.29810386 0.29742414 0.29959758 0.31258206
 0.30901329 0.29403828 0.31041683 0.30063799 0.28985969 0.28891582]
19 178.36217813448036 [0.29285428 0.28580561 0.29839922 0.29769493 0.29924587 0.31300106
 0.30853842 0.2942654  0.3115557  0.30052852 0.28955233 0.28849201]
20 161.91542662955797 [0.29180244 0.28490921 0.29878829 0.29776947 0.29915711 0.31310635
 0.30854281 0.29455407 0.31249017 0.30069758 0.28943751 0.28795972]
21 158.63504119966123 [0.29056409 0.28425403 0.29886649 0.29751477 0.29926465 0.31327731
 0.30857697 0.29487551 0.31351795 0.30128362 0.28898897 0.28765513]
22 466.10156259996205 [0.28981383 0.28343542 0.29870792 0.29734456 0.29956246 0.31363657
 0.3084424  0.2950933  0.31432482 0.30197248 0.28865209 0.28731746]
23 140.10814906387526 [0.28903389 0.28287059 0.29854636 0.29719065 0.29966415 0.31359251
 0.30843544 0.2948601  0.31523237 0.30228686 0.28826435 0.28711306]
24 158.0194291362801 [0.28829976 0.28255718 0.29854908 0.29702415 0.29982755 0.31329634
 0.30856123 0.29451305 0.31573722 0.30287621 0.28751291 0.28708458]
25 157.60084877584114 [0.28727947 0.28183425 0.29844235 0.29702921 0.29997706 0.31318916
 0.30845318 0.29395181 0.31653126 0.30327661 0.28680661 0.28730671]
26 153.7604692854232 [0.28614696 0.28106895 0.29858687 0.2967441  0.30038403 0.31344127
 0.3084296  0.29345262 0.31713202 0.30354321 0.28618612 0.28748853]
27 150.05029888049899 [0.2850795  0.28028362 0.29879505 0.29642491 0.30047141 0.31358464
 0.30830338 0.29291913 0.31784992 0.30387172 0.28548079 0.28767526]
28 167.02643839572002 [0.28417738 0.27952642 0.29912949 0.29638778 0.30003572 0.31374012
 0.30837273 0.29215766 0.31843871 0.3040769  0.28486159 0.28782164]
29 133.7941119432774 [0.28340862 0.27865071 0.29956433 0.29634159 0.29962752 0.31383623
 0.30826579 0.29170382 0.3188831  0.30472089 0.28432813 0.28794411]
30 158.09196282235985 [0.28318212 0.27724281 0.30008123 0.29613882 0.29916351 0.31360364
 0.30842799 0.29151295 0.31925299 0.30508809 0.28382488 0.28833306]
31 138.03483251818676 [0.2833648  0.2759602  0.30060148 0.29585464 0.29864255 0.31350056
 0.30833193 0.29129676 0.31954266 0.3056266  0.28352452 0.28857635]
32 128.67079744432147 [0.28350588 0.27478262 0.30127855 0.29544452 0.2980255  0.31366719
 0.3082585  0.29093139 0.32000959 0.3059761  0.28316791 0.28891178]
33 111.88958601932327 [0.28395066 0.27360375 0.30203204 0.29514767 0.29730476 0.31395269
 0.30820555 0.29058971 0.3206326  0.30626564 0.28256821 0.28931651]
34 144.0022058035346 [0.28422166 0.27211215 0.30319935 0.29455212 0.29675715 0.31395411
 0.30839031 0.29017374 0.32165213 0.30687354 0.28174674 0.28989975]
35 146.2822488335192 [0.28402324 0.27092586 0.30424373 0.29390058 0.29638087 0.31462726
 0.308512   0.29029942 0.32253076 0.3076272  0.28110982 0.29024396]
36 134.06802737380326 [0.28363372 0.2699601  0.30530733 0.29344772 0.29579354 0.31494032
 0.3087733  0.29028403 0.32339446 0.30820309 0.28070858 0.29033991]
37 127.06692818633849 [0.28314858 0.26919831 0.30607237 0.292652   0.29564481 0.31478215
 0.30899699 0.29042459 0.32447085 0.30902541 0.27981521 0.2905747 ]
38 127.01023579853455 [0.28297327 0.26842252 0.30700516 0.29205237 0.29528979 0.31477433
 0.30955837 0.29088223 0.32506335 0.30998803 0.27898821 0.29089693]
39 127.37647677056285 [0.28254363 0.26783947 0.30800621 0.29126953 0.29518785 0.31471812
 0.31012595 0.29111432 0.32574857 0.31088555 0.27807963 0.29078667]
40 125.849712716103 [0.28216063 0.2673281  0.30914214 0.29042836 0.29496797 0.31464852
 0.31036692 0.29116304 0.32642743 0.31189304 0.27708146 0.29083015]
41 133.55695204654782 [0.28145789 0.26679395 0.31013637 0.28969463 0.29489514 0.31465578
 0.3107728  0.29103797 0.32646008 0.31268801 0.27612289 0.2912411 ]
42 126.63168454514306 [0.28073445 0.26634412 0.3113245  0.28883857 0.29469149 0.31447362
 0.31142012 0.29086556 0.32660262 0.31345732 0.27517997 0.29138366]
43 127.27233350705419 [0.28012213 0.26568157 0.31231743 0.28808167 0.29444668 0.31407042
 0.31160003 0.29064349 0.32717175 0.31436154 0.27447676 0.29133561]
44 142.7385191933651 [0.27948057 0.26510048 0.31317265 0.2876226  0.29410764 0.31348939
 0.31192319 0.29048953 0.32807889 0.31502022 0.27387726 0.29151863]
45 126.90737564937024 [0.27893806 0.26459893 0.31351897 0.28702167 0.29374014 0.31278215
 0.31235368 0.2902979  0.32863037 0.31526383 0.27336287 0.2916805 ]
46 125.31287708164248 [0.27829423 0.26410167 0.31406031 0.28634401 0.29334582 0.31206842
 0.31302139 0.29010585 0.32922905 0.31487442 0.27315801 0.29156727]
47 144.50405066653713 [0.27775901 0.26349986 0.31444093 0.28535476 0.29303156 0.31133996
 0.31356293 0.28973541 0.32976909 0.31445721 0.27297591 0.29108554]
48 126.16110318003919 [0.27702348 0.26303363 0.31441236 0.28441166 0.29276306 0.31064532
 0.31421418 0.28914508 0.33035167 0.31421853 0.27290007 0.29037401]
49 416.8314131297711 [0.27640516 0.26281304 0.3144805  0.28346641 0.29243762 0.3100387
 0.31495633 0.28833214 0.33068007 0.31422208 0.27303309 0.28992249]
50 421.9336915526692 [0.27591673 0.26287104 0.31508229 0.282177   0.29158522 0.30915509
 0.31551879 0.28770033 0.33137649 0.31430161 0.2732948  0.28974587]
51 408.8478823946906 [0.27528143 0.26283916 0.31568211 0.28082977 0.2908888  0.30809603
 0.31610344 0.28738987 0.33224591 0.3145758  0.273663   0.28958756]
