0 136.5956910889099 [0.30103135 0.30103135 0.30384414 0.30103138 0.29821856 0.29821856
 0.30196895 0.29915616 0.30103135 0.30009376]
1 122.9857306258227 [0.30099747 0.30204702 0.30590381 0.30296996 0.29823945 0.29793839
 0.3037542  0.30049429 0.30077284 0.29917358]
2 125.94586382168909 [0.30122758 0.3038091  0.30666568 0.3043357  0.29913165 0.29632848
 0.30481004 0.30194141 0.30085143 0.29752398]
3 132.82729324185289 [0.3006919  0.30580552 0.30754619 0.30541197 0.30093077 0.29558139
 0.30495717 0.302671   0.30190959 0.29673462]
4 137.0028635101533 [0.30063929 0.30863603 0.30809026 0.30592553 0.30209015 0.29474268
 0.30498213 0.30255139 0.3029368  0.29630005]
5 135.5311405544403 [0.30004576 0.31069349 0.30852563 0.30646574 0.30316744 0.29343825
 0.30540736 0.30256603 0.30349272 0.29614405]
6 144.5939485735948 [0.29947465 0.31273331 0.30887405 0.30687782 0.30322818 0.29237526
 0.30581438 0.30239881 0.30404521 0.29608336]
7 133.0665507064944 [0.29866208 0.31449792 0.30896985 0.30691503 0.30343951 0.29120862
 0.30632017 0.30215715 0.3048776  0.29641302]
8 139.8672235346947 [0.29813851 0.31550618 0.30894532 0.30707243 0.30380219 0.29026128
 0.30728951 0.3021158  0.3052422  0.29686715]
9 101.87222394269384 [0.29725446 0.31607446 0.30857243 0.30686487 0.3040509  0.28955814
 0.30842775 0.30131394 0.30557693 0.2971807 ]
10 109.66495901743525 [0.29643727 0.31633841 0.3082698  0.30619776 0.30456674 0.28899611
 0.30956052 0.30040647 0.30580279 0.29736711]
11 104.88942092803455 [0.29538973 0.31700565 0.30681943 0.30545044 0.30466844 0.28879693
 0.31031497 0.29951895 0.30564698 0.29722153]
12 99.4241906685746 [0.29445827 0.31716624 0.30516685 0.30496748 0.30495647 0.28845457
 0.31122237 0.29858498 0.30518073 0.29684889]
13 109.58418762608372 [0.2935011  0.31706314 0.30325186 0.30461443 0.30509977 0.28809981
 0.31187241 0.29841351 0.30462355 0.29679676]
14 106.52940588427629 [0.29233435 0.31675349 0.30170333 0.30415365 0.30490493 0.28760536
 0.31256383 0.29810463 0.30410389 0.29702523]
15 87.28533551772861 [0.29154584 0.31655593 0.30013329 0.3036357  0.30454647 0.28716652
 0.3131552  0.29783398 0.30372449 0.29679164]
16 88.52563202057205 [0.29110337 0.31638173 0.29831491 0.30290301 0.30452229 0.28705706
 0.31318769 0.29738051 0.30313774 0.29653897]
17 78.25226412517068 [0.29050806 0.31622123 0.29654626 0.30209443 0.30441537 0.28669569
 0.31345981 0.29738521 0.30280822 0.29607107]
18 82.44849090481422 [0.28992651 0.31622606 0.29467765 0.30151646 0.30404602 0.28608524
 0.31393845 0.29745277 0.3024443  0.29563916]
19 71.88705730849533 [0.2896184  0.31644407 0.29270419 0.30042513 0.30386449 0.2851204
 0.31435841 0.29767586 0.30214014 0.29515562]
20 52.78360144142678 [0.28923706 0.31660567 0.29089202 0.29958572 0.30379155 0.28437999
 0.31477551 0.29759693 0.3018957  0.29480279]
21 57.41327994177527 [0.28911146 0.31708121 0.28878481 0.29862892 0.30355452 0.28358719
 0.31512552 0.29776533 0.30127431 0.29434575]
22 62.67777135940335 [0.28885157 0.31749995 0.28687696 0.29784978 0.30312196 0.28260199
 0.31526539 0.29797912 0.30062987 0.29391884]
23 50.53819491717701 [0.2887443  0.31806497 0.28543715 0.29721434 0.30275731 0.28162791
 0.31546495 0.29793859 0.30020216 0.29377448]
24 51.0102414229023 [0.28898282 0.31833839 0.284351   0.29655342 0.30250625 0.28054368
 0.3152952  0.29806582 0.30001267 0.29369954]
25 36.65708110795721 [0.28891357 0.31890792 0.28330509 0.29596056 0.30262787 0.27991483
 0.31493213 0.29819657 0.29997603 0.29351185]
26 58.780813207573566 [0.28855039 0.31952373 0.28217629 0.29502476 0.30280046 0.27935027
 0.31436776 0.2984357  0.30003339 0.29344319]
27 45.2208058023778 [0.28802535 0.31999109 0.28121244 0.29411959 0.30305197 0.27873495
 0.31380804 0.29840601 0.29955894 0.29350156]
28 45.52075225450381 [0.28761764 0.32016375 0.28038126 0.29348554 0.30324344 0.27845043
 0.31340859 0.298301   0.29920917 0.29338255]
29 45.42442251469021 [0.2872456  0.32067211 0.27946897 0.29310917 0.30330343 0.27846671
 0.31325176 0.29772514 0.29912962 0.29324542]
30 49.20063369856858 [0.28638312 0.32080022 0.27852461 0.29273537 0.30335212 0.27848794
 0.31312304 0.29741837 0.29916516 0.29288915]
31 38.183413240389 [0.28554992 0.32106189 0.27764609 0.29200284 0.30327877 0.27858068
 0.31302488 0.29707963 0.29933946 0.29263623]
32 40.28605684510886 [0.28490315 0.32141386 0.27646285 0.29103895 0.30346343 0.27867604
 0.3131171  0.29695142 0.29950609 0.29267617]
33 39.636416324958944 [0.28429366 0.32176199 0.27502029 0.2902996  0.30327373 0.27885294
 0.31321199 0.29688274 0.29936075 0.29255942]
34 36.32369052983492 [0.28367071 0.32232483 0.27381898 0.28969318 0.30312959 0.27911484
 0.31346734 0.29662606 0.29917055 0.29229309]
35 41.97350659345366 [0.28293315 0.32267618 0.27249005 0.2890655  0.30277925 0.27912811
 0.31364177 0.29629331 0.29919853 0.29244895]
36 38.61060666312136 [0.28214149 0.32270955 0.27083351 0.28805149 0.3022596  0.27852702
 0.31381576 0.29557636 0.29904023 0.29187388]
37 37.257505939626625 [0.28119134 0.3222877  0.26960921 0.28709247 0.30151305 0.27772083
 0.31385082 0.29503539 0.2987751  0.29126852]
38 40.054448006046705 [0.28039226 0.32204674 0.26824683 0.28600173 0.30114235 0.27721832
 0.31385397 0.29438024 0.29834649 0.29085624]
39 38.463456314741535 [0.27968402 0.32195834 0.2670992  0.28480772 0.3008149  0.27677784
 0.31391545 0.29427085 0.29814422 0.2901653 ]
40 43.40764623082411 [0.27891498 0.32205397 0.26612942 0.2837024  0.30023121 0.27621377
 0.31403239 0.29423605 0.29804045 0.28936624]
41 31.227630060390744 [0.27823727 0.32185366 0.26540176 0.28270498 0.29963692 0.27571662
 0.31402947 0.29381486 0.29806329 0.28873469]
42 35.97042188683109 [0.27778645 0.32139549 0.26468829 0.2817665  0.29911231 0.27531043
 0.31388616 0.29333991 0.29817892 0.28819136]
43 27.82746854147772 [0.27744286 0.32097236 0.26395814 0.28090658 0.29849438 0.27484687
 0.31381926 0.29288295 0.29815507 0.28766504]
44 28.753173062989617 [0.27701394 0.32065303 0.26309544 0.2798869  0.29765107 0.2742136
 0.31394309 0.29206551 0.29812503 0.28727404]
45 32.03296051458359 [0.27617078 0.32030289 0.26222009 0.27863759 0.29701196 0.27363264
 0.31386975 0.29177566 0.29796006 0.28693692]
46 32.89722401909867 [0.27562803 0.32025468 0.26147861 0.27733224 0.29639872 0.27306975
 0.3139903  0.2916582  0.29757674 0.28659212]
47 26.831518189627083 [0.27493831 0.32007527 0.26095793 0.27629388 0.29566155 0.27270746
 0.3140881  0.29135766 0.29716125 0.2861643 ]
48 35.27946691406958 [0.27435296 0.31944486 0.26014422 0.27537769 0.29536155 0.27262926
 0.31392706 0.29107401 0.29676748 0.28561846]
49 35.38399245805847 [0.27361813 0.31871837 0.25936962 0.27446722 0.29523351 0.27268389
 0.31354718 0.29081528 0.29621044 0.28527539]
50 35.06112581336649 [0.27288096 0.31770113 0.25891673 0.27340071 0.29507511 0.27257038
 0.31341097 0.29087699 0.29548059 0.28509446]
51 39.342665869643255 [0.27222521 0.31689828 0.25843332 0.27237915 0.2946916  0.27245959
 0.3130415  0.29081138 0.29477862 0.28503807]
52 27.244973470682908 [0.27138828 0.31610474 0.2580474  0.27136098 0.2942013  0.27204759
 0.31279088 0.29055555 0.29419414 0.28473399]
53 29.46915788209939 [0.2706598  0.31536559 0.25760303 0.27037192 0.29352641 0.27150617
 0.31269162 0.29046761 0.29371952 0.28418493]
54 30.533416439028827 [0.27025847 0.3146377  0.25726872 0.2694785  0.2930959  0.27074573
 0.31228712 0.29042598 0.29357066 0.28367703]
55 22.661930137721942 [0.26996393 0.31380286 0.25708069 0.26845863 0.29264356 0.27026495
 0.31210353 0.29074365 0.29363847 0.28362324]
56 31.216205843798505 [0.2697038  0.31320048 0.25694696 0.26749215 0.29231906 0.2695693
 0.31227824 0.29096658 0.2937224  0.28369556]
57 32.02151964562809 [0.26948039 0.31271947 0.25678617 0.26675876 0.29181128 0.26898561
 0.31262529 0.29106197 0.29376925 0.28378522]
58 32.72843966282773 [0.26927972 0.31220158 0.25668426 0.2660433  0.29112708 0.26833015
 0.3128604  0.29114259 0.29349316 0.28408451]
59 24.84824814286872 [0.26870999 0.31166473 0.2564846  0.26538446 0.29048602 0.26812186
 0.31335791 0.29121622 0.2932024  0.28416823]
60 23.74463042336206 [0.26808514 0.31124452 0.25619528 0.26477213 0.28964162 0.26780425
 0.31391776 0.29148734 0.29270287 0.28412355]
61 21.392102406701856 [0.2674205  0.31072359 0.25589393 0.26411177 0.28884206 0.26769125
 0.31454472 0.29204871 0.29229291 0.284326  ]
62 27.162995855748054 [0.26662389 0.31005619 0.25544155 0.26350724 0.28820624 0.26749994
 0.31490736 0.29221176 0.29218558 0.28463971]
63 15.14545775555962 [0.26576673 0.30967769 0.25512054 0.26294159 0.28743514 0.26739371
 0.31504819 0.29252227 0.29193779 0.28490385]
64 23.753064912788645 [0.26505028 0.30933367 0.25466396 0.26252213 0.28682532 0.2675422
 0.31489943 0.29258339 0.29154468 0.28514661]
65 24.2171488647992 [0.2644296  0.30872588 0.25421985 0.26211839 0.28600331 0.26729249
 0.31466995 0.29264984 0.29084946 0.28528108]
66 25.34064534943075 [0.26373297 0.30799629 0.25384511 0.2618101  0.28526465 0.26718961
 0.31429891 0.29269653 0.28995894 0.28537461]
67 24.826210732140275 [0.2626976  0.30716049 0.25317724 0.26124561 0.28471497 0.26678581
 0.31435526 0.29252561 0.28924216 0.2856333 ]
68 25.113645565832925 [0.26174539 0.30627737 0.25255952 0.26044528 0.28402544 0.26640957
 0.3145459  0.29259109 0.28862995 0.28598544]
69 25.53490658356246 [0.26073966 0.30541773 0.25187761 0.25996094 0.28349496 0.26620497
 0.31499919 0.29253734 0.28830316 0.28613827]
70 20.419901964058 [0.25999916 0.30462768 0.25107266 0.25920781 0.282822   0.265772
 0.31524224 0.29277971 0.28808395 0.28612119]
71 18.482535477392094 [0.25909607 0.30409498 0.25034101 0.25852058 0.28191378 0.26560839
 0.31565288 0.29303382 0.2878105  0.28616592]
72 21.241989753085278 [0.25817636 0.30288762 0.24973673 0.25825052 0.28093065 0.2652008
 0.31568162 0.29307352 0.28749331 0.28638042]
73 21.627515596525797 [0.25735299 0.30205932 0.24890436 0.25792779 0.27994749 0.26506981
 0.31593244 0.29321084 0.28737082 0.28649764]
74 16.94190298621799 [0.2565197  0.30130343 0.24807613 0.25772359 0.27923821 0.26508257
 0.3161891  0.29340342 0.28723772 0.28674511]
75 20.752972529514658 [0.25576709 0.30065834 0.24735527 0.25742586 0.27868445 0.26502161
 0.31634827 0.2933978  0.28720194 0.28686087]
76 16.563477169691154 [0.25490316 0.30022714 0.24677487 0.25701797 0.27802852 0.26538538
 0.31595109 0.29345124 0.28714754 0.28702387]
77 19.37164340830767 [0.25391732 0.29944253 0.24599607 0.25674113 0.27748031 0.26574151
 0.31544026 0.29338485 0.2873148  0.28715704]
78 17.145563924260234 [0.25326368 0.29881942 0.24513718 0.25641042 0.27681196 0.26626935
 0.31485336 0.29334931 0.28770557 0.28740898]
79 17.704311649094777 [0.25248762 0.2980045  0.24427156 0.25622635 0.27614514 0.26680613
 0.31434121 0.29349074 0.28821997 0.28762662]
80 20.483279490857296 [0.25193577 0.29731425 0.24341272 0.2560511  0.2754259  0.26725572
 0.31400512 0.29356665 0.2884977  0.2876999 ]
81 13.154702386486338 [0.25135373 0.29663725 0.24260432 0.25591777 0.27463179 0.26773587
 0.31366718 0.29348978 0.28878259 0.28753426]
82 15.38355105215431 [0.25086708 0.29629937 0.24183842 0.25593931 0.27381782 0.26835762
 0.31310072 0.2936131  0.28921605 0.28688924]
83 20.471230340185976 [0.25017507 0.29608069 0.24119272 0.25604521 0.27304061 0.26883442
 0.3127358  0.29366913 0.28963649 0.28620568]
84 17.85150058392813 [0.24958779 0.29568098 0.24052273 0.25618226 0.27226973 0.26930415
 0.31266293 0.2935627  0.28994967 0.28544888]
85 15.209000619331173 [0.249165   0.29530506 0.23975392 0.25622711 0.27141829 0.26979117
 0.31265566 0.29371895 0.28996053 0.28461827]
86 12.98979144027253 [0.24885484 0.29501167 0.23915091 0.25583343 0.27066353 0.27016265
 0.31309783 0.29381579 0.28985996 0.2838804 ]
87 19.863841816261314 [0.2485687  0.29486236 0.23849059 0.25529274 0.27002268 0.27048796
 0.31344057 0.29397233 0.28966729 0.28307465]
88 17.48958387320412 [0.24804306 0.29450316 0.23787872 0.25477343 0.26944379 0.27017842
 0.31392403 0.29394998 0.28949423 0.28209145]
89 16.600723090721722 [0.24761392 0.29410454 0.23719422 0.25433507 0.26870844 0.26977692
 0.31440863 0.29401874 0.28938374 0.28112641]
90 16.042433835274036 [0.24710771 0.29354259 0.23653621 0.25396492 0.26792553 0.26970616
 0.31461161 0.29406228 0.2895307  0.27991502]
91 15.143686058626214 [0.24656023 0.29295348 0.23590498 0.25349557 0.26724417 0.26946041
 0.31463998 0.29401483 0.28963136 0.27888532]
92 11.799198632410038 [0.24614541 0.29257218 0.23529472 0.25314606 0.26641082 0.2692825
 0.31484562 0.29388947 0.28986652 0.27813845]
93 14.030636098352879 [0.24585623 0.29224565 0.23466987 0.25277763 0.26580868 0.26909655
 0.31482556 0.29371586 0.28994662 0.27755105]
94 14.531051885953996 [0.24567667 0.29208047 0.23401662 0.25239818 0.26543079 0.2688289
 0.31436091 0.29346597 0.29041762 0.27682499]
95 15.18376111422426 [0.24542769 0.29190013 0.23343744 0.2521862  0.26491786 0.26838502
 0.31401085 0.29339597 0.29054894 0.2761155 ]
96 16.853513578091402 [0.24521077 0.29187096 0.2330907  0.25199411 0.26433888 0.26788644
 0.31350354 0.29315846 0.29074064 0.27563083]
97 14.107116943676232 [0.24496835 0.29184951 0.23271498 0.25172266 0.26372006 0.26771449
 0.31295107 0.29323094 0.29091187 0.27539038]
98 13.315798682288131 [0.24494722 0.29185893 0.23222942 0.25155284 0.26307158 0.26737415
 0.31269575 0.29331336 0.29101333 0.27502138]
99 15.368198958375027 [0.24468963 0.29199645 0.23173762 0.25128027 0.26256494 0.26704618
 0.31265512 0.29326958 0.29121589 0.27425337]
100 14.969947466891318 [0.24455998 0.29216386 0.23133472 0.25100888 0.26213664 0.26684996
 0.312485   0.29307372 0.29102281 0.27350889]
101 11.714935275729182 [0.24437056 0.2924953  0.23093421 0.25086479 0.26184249 0.26616065
 0.31227042 0.29292935 0.29097435 0.27315395]
102 13.475168035713848 [0.24400423 0.29264834 0.23052958 0.2506496  0.26165005 0.26534056
 0.31163904 0.2929229  0.29111928 0.27272737]
103 11.955531811612364 [0.24327016 0.29307295 0.23001359 0.25052849 0.26153186 0.2646041
 0.31073655 0.29295079 0.29135321 0.27223688]
104 13.180882907914702 [0.24250641 0.29357779 0.22955943 0.25035853 0.26140165 0.2638646
 0.30992175 0.29295712 0.29152534 0.27179528]
105 14.252942692189084 [0.2418969  0.29400152 0.22892787 0.25024064 0.26118411 0.26304522
 0.30923487 0.29286119 0.2915302  0.27152517]
106 11.584269540142937 [0.24136952 0.29404769 0.22823749 0.25009282 0.26071294 0.26216949
 0.30882604 0.29272273 0.29161666 0.27113197]
107 9.198801634932671 [0.24087474 0.2940782  0.2276803  0.24987454 0.26036499 0.26177648
 0.30801926 0.29266766 0.2918921  0.27088602]
108 12.708535327275982 [0.24044125 0.29402008 0.22719479 0.24968246 0.25995422 0.26163797
 0.30690818 0.2926741  0.29201535 0.27064075]
109 12.026313568611041 [0.24016596 0.29371826 0.22683363 0.24934751 0.25957734 0.2613866
 0.30585593 0.29272634 0.29206343 0.27088069]
110 10.251546417811793 [0.23983752 0.29305591 0.22634604 0.24893115 0.25932383 0.26119911
 0.30488869 0.29242506 0.29182403 0.27104555]
111 10.745024080716751 [0.23927942 0.29220944 0.2255928  0.24847997 0.25903754 0.26130205
 0.30394169 0.29197873 0.29170841 0.27110498]
112 9.987046991213475 [0.23866492 0.29129981 0.22486522 0.24806139 0.25867049 0.26142807
 0.30326993 0.29161163 0.29179201 0.27126028]
113 12.161564816486713 [0.23817271 0.29052291 0.22412293 0.24756372 0.25832009 0.26153698
 0.30227634 0.2912967  0.29184968 0.27130161]
114 10.223585720676073 [0.23754311 0.28983307 0.22354367 0.24705048 0.25780352 0.26163534
 0.30143781 0.29104296 0.29215532 0.2714771 ]
115 11.306375917016142 [0.23697905 0.28933625 0.22311176 0.24664852 0.25727414 0.26161084
 0.30076382 0.29109707 0.29257776 0.27163679]
116 10.425481868632017 [0.23621561 0.28863458 0.22267519 0.24643031 0.25677228 0.26142697
 0.30011786 0.29080443 0.2927223  0.27197315]
117 10.507717331349347 [0.23572932 0.28803518 0.22226344 0.24620227 0.25641705 0.26130104
 0.29954433 0.29081003 0.29293299 0.27226251]
118 12.462349973516957 [0.23537015 0.28735812 0.22170116 0.2457891  0.25618632 0.26145001
 0.29950035 0.29071804 0.29340811 0.27266124]
119 10.659241537658023 [0.23485242 0.28668019 0.22101493 0.24568369 0.25587762 0.26156144
 0.2998511  0.29076053 0.29393956 0.27312787]
120 11.601257764849873 [0.23431768 0.28615038 0.22044735 0.24562939 0.25554078 0.26191126
 0.29994089 0.29083735 0.29445885 0.27367888]
121 9.232105317542025 [0.23374697 0.2854947  0.22012127 0.24546747 0.25534103 0.26239127
 0.29997049 0.29099935 0.29518835 0.27383562]
122 10.738725449311225 [0.23309219 0.2849033  0.21977017 0.24536872 0.25522809 0.26304403
 0.3003322  0.29095398 0.29579755 0.27414299]
123 8.73273472647006 [0.23224479 0.28425729 0.21968214 0.24527246 0.25521859 0.26343753
 0.30057102 0.29139576 0.29630188 0.27438718]
124 11.993326985271928 [0.23128784 0.28360986 0.21949029 0.24514155 0.25525941 0.26396145
 0.30095926 0.29168865 0.29686569 0.27465377]
125 9.879967653139616 [0.23045922 0.28300641 0.21887973 0.24504383 0.25531769 0.2645813
 0.30130904 0.29218216 0.29755505 0.27482528]
126 362.90710782557017 [0.2298535  0.28250401 0.21845299 0.24493734 0.25505362 0.26525613
 0.30143429 0.29253235 0.29787521 0.27491029]
127 10.60251041690629 [0.22943571 0.28173956 0.21796762 0.24502487 0.25484074 0.26583836
 0.30151138 0.29282842 0.29812332 0.27492813]
128 11.475565499682371 [0.22922709 0.28110441 0.21770522 0.24531071 0.25454122 0.26615165
 0.30134362 0.29296696 0.29823043 0.27496408]
129 8.944616577612468 [0.22919434 0.28062703 0.21745313 0.24555889 0.25440169 0.26664636
 0.30124034 0.29274197 0.29892808 0.27500695]
130 8.607591045939479 [0.2291953  0.28010415 0.21713955 0.24589938 0.25427454 0.26723653
 0.30116262 0.29266394 0.29966307 0.27509861]
131 7.30680556453274 [0.22902418 0.27954918 0.2168828  0.2462532  0.25413494 0.26793808
 0.30111574 0.29254095 0.30031568 0.27524644]
132 11.237666502428596 [0.22896512 0.27888984 0.21664353 0.24640108 0.25391317 0.26844979
 0.30139188 0.29256902 0.30078546 0.27554596]
133 9.633778853034714 [0.22901095 0.27832233 0.21642758 0.24608618 0.25376408 0.26907925
 0.3014043  0.29265696 0.30081738 0.2758126 ]
134 9.234899052826819 [0.22889606 0.27763584 0.21612601 0.24569645 0.25376531 0.26943031
 0.30120054 0.29250368 0.30091775 0.27622507]
135 10.198282461826489 [0.22893477 0.27702979 0.2158993  0.24547423 0.25366432 0.26984214
 0.30092259 0.29227309 0.3007087  0.27672485]
136 10.87211146163714 [0.2289914  0.27663083 0.21554499 0.24519609 0.25362362 0.27037072
 0.30047309 0.29223931 0.30072128 0.27725291]
137 10.991055729402177 [0.22885778 0.27618757 0.21516883 0.24489025 0.25352594 0.27064997
 0.29996236 0.29208515 0.30054991 0.27796443]
138 11.410981083461243 [0.22877614 0.27596444 0.21476926 0.24460157 0.25348696 0.27080816
 0.29959316 0.29218251 0.30027363 0.2784326 ]
139 15.235608641075213 [0.22871272 0.27588321 0.21437133 0.244323   0.25353626 0.27069239
 0.29927761 0.29206121 0.30000789 0.27892992]
140 10.447798254098581 [0.22859578 0.2755476  0.21384358 0.24422169 0.25346818 0.27074308
 0.29877836 0.29194426 0.29987399 0.27944993]
141 12.517537160980808 [0.22838012 0.2751493  0.21318064 0.24404004 0.25325777 0.27071735
 0.29827591 0.29218636 0.29967924 0.27967261]
142 11.470554104360403 [0.22822389 0.27490342 0.21265872 0.24404026 0.253145   0.27099008
 0.29796472 0.29210657 0.29936906 0.27981977]
143 12.684146222737752 [0.22791687 0.27464601 0.21209381 0.24416686 0.25328446 0.27134678
 0.29787643 0.29184997 0.29876156 0.27975222]
144 12.234262524034008 [0.22755833 0.27442568 0.21165362 0.24421852 0.25363639 0.27182116
 0.29727027 0.29158479 0.29819334 0.27936035]
145 12.476848180513773 [0.22724131 0.27403953 0.21133403 0.24434829 0.25383441 0.27226351
 0.29689002 0.29144103 0.29761026 0.27905014]
146 11.20544307933703 [0.22696247 0.2733743  0.21096481 0.2443171  0.25398073 0.27293106
 0.29659978 0.29116645 0.29711731 0.27861483]
147 12.843942239818436 [0.22664631 0.27256664 0.21077779 0.24418298 0.25401835 0.27345722
 0.29635261 0.29087893 0.29664752 0.27837316]
148 9.89019223426197 [0.22641317 0.27181685 0.21064612 0.24406728 0.25412482 0.27383808
 0.29586643 0.29060555 0.29579699 0.27821505]
149 9.725364716404556 [0.22632566 0.27137856 0.21032757 0.24406915 0.25394231 0.27402251
 0.29547924 0.29026111 0.29475968 0.27830395]
150 9.620142398297055 [0.22625947 0.2712814  0.20988554 0.24402016 0.25359235 0.27433647
 0.29531287 0.28996957 0.29377177 0.27827432]
151 8.446034357825743 [0.22633998 0.27132345 0.20948761 0.24371394 0.25314107 0.27486858
 0.29470306 0.2899855  0.29279356 0.27817981]
152 10.26504094873858 [0.2266587  0.27108307 0.20917916 0.2434013  0.25266659 0.27525302
 0.29415273 0.29005739 0.29214481 0.2782497 ]
153 10.364217765817388 [0.22706984 0.27066381 0.20878736 0.24307055 0.25246448 0.27530905
 0.2937845  0.2899257  0.291601   0.27862252]
154 9.04161975147215 [0.22741419 0.27033698 0.20840763 0.24279208 0.2522855  0.27547076
 0.29320848 0.28995584 0.29093698 0.27894732]
155 8.433705623647635 [0.22765516 0.27005488 0.2080064  0.24254042 0.25186643 0.27558557
 0.29238083 0.28997259 0.2902189  0.27919844]
156 8.276246241940488 [0.22771459 0.26989532 0.20753461 0.2421993  0.25171343 0.27568033
 0.29155106 0.29003895 0.28942586 0.27932132]
157 11.591287439224349 [0.22790769 0.26970687 0.20712944 0.24197473 0.25156115 0.27597896
 0.29099157 0.28988339 0.28873203 0.27950259]
158 8.470380310284476 [0.22802389 0.26924511 0.20681537 0.24181113 0.25161208 0.27633864
 0.29022466 0.2895146  0.28810886 0.27972943]
159 8.766521643117322 [0.22818365 0.26865908 0.20651345 0.24175937 0.25173893 0.27654252
 0.28977095 0.28914345 0.2874578  0.28010512]
160 11.924936892148299 [0.2283519  0.26824115 0.20633109 0.24171937 0.25178184 0.27654028
 0.28922142 0.28854973 0.28673051 0.28047877]
161 9.45074349615806 [0.22879459 0.26782143 0.20597831 0.24162638 0.25143756 0.27644946
 0.28913871 0.2878349  0.286351   0.28065259]
162 354.67801567806356 [0.22931435 0.26708494 0.20572557 0.24087249 0.2512326  0.27654986
 0.28952849 0.28709832 0.28632271 0.28121164]
163 11.216482055711207 [0.22982524 0.26633527 0.20537522 0.24005627 0.25080536 0.27661537
 0.29007088 0.28637754 0.28635984 0.28179318]
164 6.775121071694539 [0.23026794 0.26565755 0.20505979 0.23948756 0.25021858 0.27677324
 0.29058722 0.28563971 0.28671122 0.28252786]
165 11.44084272847331 [0.23088161 0.26518753 0.20451988 0.23877274 0.24955536 0.27710815
 0.29090673 0.2852734  0.28715878 0.28308126]
166 9.32886249675969 [0.23148106 0.26488963 0.20382115 0.23813855 0.24911823 0.27745021
 0.29114602 0.28497576 0.28736633 0.28352871]
167 14.232615292861817 [0.23234805 0.2646871  0.20318328 0.23766963 0.24858484 0.27751403
 0.29171017 0.28488439 0.28768997 0.28376795]
168 11.42944174340864 [0.23333608 0.26439973 0.20255387 0.23694259 0.24813233 0.27756495
 0.29208347 0.28481914 0.28805801 0.28399585]
169 10.856388379903311 [0.23405647 0.26436146 0.20184004 0.23636256 0.24761721 0.27733322
 0.29221981 0.284808   0.2885856  0.28409385]
170 10.452614669978201 [0.23485312 0.26416246 0.20125606 0.23572765 0.24718511 0.27720202
 0.29213585 0.2846964  0.2893242  0.2842599 ]
171 10.2559965351832 [0.23553113 0.26392772 0.2008608  0.23519728 0.24671803 0.27730655
 0.2921119  0.28465464 0.28928332 0.2847464 ]
172 11.694723745529025 [0.23614068 0.26356823 0.20038234 0.23468028 0.24629797 0.27740833
 0.29207435 0.28450796 0.28913271 0.28529596]
173 9.183965178857484 [0.23682743 0.26331477 0.20011626 0.23430364 0.24597364 0.27741737
 0.29212802 0.28454298 0.28922626 0.28529757]
174 9.695752241913672 [0.23778782 0.26333236 0.19989092 0.23400997 0.2455934  0.27712227
 0.29174853 0.28444087 0.28956898 0.28523449]
175 9.142693206288186 [0.23826845 0.26320496 0.19950208 0.23393459 0.2450436  0.27677772
 0.29179749 0.28429985 0.28998095 0.28547075]
176 11.235877128955988 [0.23833165 0.26305177 0.19903524 0.23387737 0.2446505  0.27655226
 0.29174246 0.28420916 0.29061543 0.28564041]
177 6.661002776513518 [0.23821323 0.2627053  0.19860547 0.23371976 0.24418688 0.27626824
 0.29181734 0.28402594 0.29098756 0.28559943]
178 8.907655068745962 [0.23818643 0.26263703 0.19807699 0.23358219 0.24366349 0.27631525
 0.29190409 0.28356227 0.29107203 0.28544545]
179 7.894200132587172 [0.23824133 0.26252706 0.19757245 0.23336026 0.24296207 0.27659489
 0.29169188 0.28290402 0.29110488 0.28555149]
180 9.513159738733352 [0.23829953 0.26252714 0.19713861 0.23313442 0.24219251 0.27672682
 0.29117691 0.28279096 0.29120047 0.28544939]
181 11.09657526340754 [0.23787632 0.26235097 0.19659437 0.23292599 0.24146055 0.27682899
 0.29051371 0.28283542 0.29149447 0.28514711]
182 7.284934675782676 [0.23757867 0.26228456 0.19595813 0.2327295  0.24075383 0.27702604
 0.29009896 0.28272057 0.29167176 0.28498246]
183 10.900331145408522 [0.23742139 0.26217681 0.19536898 0.23276036 0.24029032 0.27710235
 0.28962016 0.28276444 0.29170285 0.28494823]
184 11.52477233346427 [0.23732786 0.261828   0.19481487 0.23286606 0.23958852 0.27726641
 0.28891906 0.28294309 0.29182186 0.28496263]
185 6.749021402928236 [0.23695593 0.26139882 0.19437864 0.23300104 0.23899771 0.27740956
 0.28789466 0.2831692  0.29178881 0.28490587]
186 10.462725177703703 [0.23671287 0.26104414 0.19396482 0.23313842 0.23860256 0.27743695
 0.28698755 0.28341835 0.29186002 0.2848716 ]
187 10.92203147746045 [0.23635888 0.26074339 0.19361307 0.23338837 0.23824584 0.27749608
 0.2858819  0.28353665 0.29220869 0.28467139]
188 9.988316113400359 [0.23599911 0.26073859 0.19322967 0.23350498 0.23784971 0.27738709
 0.28478453 0.2832018  0.29236885 0.28478341]
189 11.674357251853177 [0.23542556 0.26050366 0.19290658 0.23351516 0.23757401 0.27713261
 0.28392748 0.28288884 0.29235833 0.28473756]
190 12.678833513284198 [0.23446279 0.26046893 0.19242181 0.23366723 0.23719731 0.27716792
 0.28296747 0.282798   0.29225326 0.28418961]
191 12.769968338057947 [0.23328221 0.26009083 0.19192358 0.23356106 0.23694172 0.27676798
 0.2822486  0.282735   0.29230308 0.28388535]
192 8.94945140785817 [0.23256022 0.25964852 0.19143102 0.2334128  0.23657013 0.27641841
 0.28177917 0.28278218 0.29259069 0.28349742]
193 10.738854028557117 [0.23179926 0.25916267 0.19103451 0.23312212 0.23616454 0.27579024
 0.28150015 0.28271571 0.29273382 0.28322374]
194 10.060712131358095 [0.23122001 0.25900819 0.19073833 0.23266665 0.23575146 0.27522156
 0.28147408 0.28301651 0.2923741  0.2833392 ]
195 11.508147731830334 [0.23065172 0.2590159  0.19046426 0.23236219 0.23529169 0.27503325
 0.28125558 0.28345977 0.29211511 0.28353544]
196 8.515258207560883 [0.23006989 0.25883437 0.19026813 0.23210748 0.23485474 0.27485567
 0.28106588 0.2838771  0.29186418 0.2837811 ]
197 8.749151370697039 [0.22947156 0.25884701 0.19002396 0.23178341 0.23430157 0.27478507
 0.28076055 0.284639   0.29165415 0.28402595]
198 9.032957439424667 [0.22923608 0.25887615 0.1898517  0.23140072 0.23433059 0.27487739
 0.28003903 0.28503036 0.2914617  0.2843382 ]
199 8.656908584728553 [0.22898717 0.25883631 0.18966381 0.23119975 0.23457088 0.27464843
 0.27954754 0.28578794 0.29118169 0.28471806]
200 9.357849687346537 [0.22884815 0.25861479 0.18939834 0.23110562 0.23484813 0.27456247
 0.27912549 0.28654922 0.29094602 0.28509106]
201 9.625573925337779 [0.22824958 0.258167   0.18921556 0.23094961 0.23536648 0.27445628
 0.27890321 0.28717733 0.29073425 0.28531608]
202 10.348759758670418 [0.22778282 0.25771113 0.18903783 0.23080453 0.23588415 0.27452422
 0.27877707 0.28779259 0.2907428  0.28555299]
203 9.20821626756818 [0.22713745 0.25738192 0.18878168 0.230639   0.23634861 0.2745928
 0.27881738 0.28849391 0.29054315 0.28586127]
204 11.860777739925876 [0.22650403 0.25718434 0.18856365 0.23036378 0.23680115 0.27484045
 0.27859244 0.28879861 0.29026146 0.28621026]
205 7.660822168906512 [0.22581118 0.25703925 0.18827843 0.23013918 0.2373543  0.27513389
 0.27849071 0.28934023 0.29038419 0.28627567]
206 8.10065999956768 [0.22512356 0.256838   0.18804959 0.23000016 0.23778101 0.27521905
 0.27845612 0.28979833 0.29039466 0.28638677]
207 9.743173433460601 [0.22462334 0.25637607 0.18792009 0.2298346  0.23793169 0.27549436
 0.27840067 0.29034025 0.29041791 0.28610471]
208 8.22150780103399 [0.22407415 0.25593107 0.18785209 0.22955393 0.23819657 0.27588251
 0.27865105 0.2908467  0.29036744 0.28560125]
209 9.722860858923775 [0.22345175 0.25561092 0.1878646  0.22934553 0.23854537 0.2762255
 0.2786688  0.29134072 0.29017924 0.28534905]
210 9.093108971669128 [0.22281713 0.25527295 0.1878968  0.22922278 0.23878913 0.27613854
 0.27880358 0.29189746 0.28999185 0.28507622]
211 8.567666492728913 [0.22201623 0.25489152 0.18798566 0.22933591 0.23895335 0.27563664
 0.27887316 0.29242792 0.28987188 0.28466278]
212 9.379666689503686 [0.2212178  0.25431797 0.18812053 0.22950257 0.23906259 0.27529348
 0.2787695  0.29313239 0.28920872 0.28438347]
213 7.804161273806817 [0.22066201 0.25394103 0.18819952 0.22968867 0.23922601 0.27489315
 0.27864908 0.29365674 0.28897923 0.28439742]
214 10.452064795775973 [0.22019193 0.25370666 0.18836645 0.22968103 0.23943116 0.27476671
 0.27856104 0.29418763 0.28892511 0.28431734]
215 8.20314800231333 [0.21989088 0.25360389 0.18862147 0.22952846 0.23964386 0.27501641
 0.27859555 0.29499442 0.28887853 0.28388974]
216 7.238583881108866 [0.2199189  0.25348909 0.18890754 0.22931991 0.23983915 0.27530099
 0.27844137 0.2961129  0.28868673 0.28321499]
217 8.231662290984136 [0.21994772 0.25344454 0.18920321 0.22903196 0.23984343 0.27542893
 0.278563   0.29705426 0.28836066 0.28274493]
218 8.069374838472477 [0.22021376 0.25316974 0.18958458 0.22847151 0.23978752 0.27515831
 0.27911581 0.29806577 0.28791013 0.2823764 ]
219 8.898440048206982 [0.22029317 0.25310992 0.18991216 0.2281114  0.23984882 0.27499995
 0.27949925 0.29883944 0.28736928 0.28217404]
220 6.913147200524053 [0.22007709 0.25280449 0.19028958 0.22754023 0.23988505 0.27493425
 0.28010571 0.29953937 0.28719151 0.28132594]
221 8.290052631848415 [0.21985197 0.25234868 0.19077062 0.22709899 0.2399247  0.27498934
 0.28078561 0.30011636 0.28707004 0.28059732]
222 6.645609455858267 [0.21957808 0.25184476 0.19118372 0.22672116 0.23987667 0.27524617
 0.28152041 0.3006273  0.28687932 0.27966554]
223 7.494470482077695 [0.21956372 0.25134275 0.19155274 0.22618029 0.23970042 0.27563131
 0.2821402  0.30127541 0.2868807  0.27897715]
224 9.162952575565875 [0.21962067 0.25100872 0.19182143 0.22565894 0.23911203 0.275931
 0.2826488  0.3013289  0.28713652 0.2786143 ]
225 8.098385802632862 [0.21961831 0.25082163 0.19195865 0.2250649  0.23823127 0.27621407
 0.28301897 0.30107256 0.28751708 0.27786126]
226 10.806598652302414 [0.21955845 0.25053159 0.19196934 0.22457368 0.23749224 0.27644966
 0.28334216 0.30092834 0.28794908 0.27729343]
227 8.210860495124345 [0.21950014 0.25039947 0.19197324 0.22394629 0.23689172 0.27673853
 0.28380116 0.3004535  0.28814531 0.27694484]
228 8.593520876999229 [0.21944603 0.25067046 0.19199288 0.22327785 0.23642695 0.27680378
 0.28427502 0.30010955 0.28860988 0.27626844]
229 7.870901110339712 [0.21943292 0.25081272 0.19192326 0.22269536 0.23600381 0.27682711
 0.2844897  0.29954031 0.28927131 0.27578666]
230 9.153127631641398 [0.21931283 0.25083486 0.19186673 0.222251   0.23505773 0.27689406
 0.28432165 0.29912647 0.28886913 0.27535641]
231 10.423006221690578 [0.21927256 0.25062131 0.19180669 0.22189765 0.23442326 0.27686105
 0.28426123 0.29875458 0.28836756 0.27498389]
232 7.19092396852251 [0.21921062 0.25024932 0.19174271 0.22164029 0.23378049 0.2766915
 0.28433393 0.29862392 0.28811713 0.27451529]
233 8.119280193371807 [0.21912582 0.24985759 0.19178116 0.22128875 0.23307071 0.27654392
 0.28448003 0.2985381  0.28792322 0.27421331]
234 8.682982107201235 [0.21897211 0.24963546 0.19177807 0.22106335 0.23237407 0.27650496
 0.28433828 0.29824192 0.28725407 0.27401261]
235 8.058269144515679 [0.21890287 0.24939074 0.19168125 0.22075686 0.23166752 0.27680127
 0.28420278 0.29806096 0.28671297 0.273823  ]
236 8.51405363493443 [0.21894604 0.24915665 0.19157614 0.22059076 0.23091676 0.27723493
 0.28462758 0.2982927  0.28569627 0.27359556]
237 7.6016168764904215 [0.21911254 0.24868718 0.19143101 0.2203699  0.23016224 0.277516
 0.28512498 0.29831359 0.28504452 0.27370986]
238 11.665097063925376 [0.21935633 0.24844419 0.19127183 0.22018638 0.22944487 0.27784935
 0.28550781 0.29833344 0.28470464 0.27399484]
239 9.227302131461691 [0.21936148 0.24804974 0.19097922 0.22003495 0.22877437 0.2781742
 0.2859602  0.29818433 0.28433292 0.27436115]
240 8.90754974399947 [0.21897042 0.24775363 0.19071979 0.21984422 0.22827323 0.27836668
 0.2862174  0.29790435 0.28393884 0.27459088]
241 8.450600579748457 [0.21866485 0.24739132 0.19044182 0.21960458 0.2278982  0.27871235
 0.28634421 0.2976016  0.28374332 0.2748538 ]
242 8.212757012521438 [0.21846741 0.24672916 0.19012895 0.2193988  0.22734715 0.27942891
 0.28666709 0.29688037 0.28343815 0.27520467]
243 9.734377472657634 [0.21810992 0.24611472 0.18964268 0.21918632 0.22685888 0.27972908
 0.28696884 0.29623893 0.2833605  0.27558374]
244 7.134554824101218 [0.21760404 0.24592812 0.1892895  0.21897191 0.22635399 0.28002913
 0.28753317 0.2957481  0.28348077 0.27597238]
245 6.910924731433864 [0.21727485 0.24569264 0.18884341 0.21873615 0.22574276 0.28036328
 0.28806883 0.29509093 0.28368063 0.27634806]
246 9.335675684505382 [0.21711739 0.24537579 0.18857902 0.21849944 0.22546009 0.28063656
 0.28855927 0.29428    0.28399888 0.27660915]
247 6.1004848206391795 [0.21697769 0.2451576  0.18823126 0.21825531 0.22528222 0.28084712
 0.28873451 0.29344014 0.28434812 0.27671476]
248 9.111550381459544 [0.21689008 0.24487997 0.18791252 0.21799588 0.225147   0.28128959
 0.28897741 0.29222783 0.28443099 0.27694492]
249 7.790605640696372 [0.21676812 0.24435615 0.18752357 0.21779701 0.22503363 0.28171586
 0.28897427 0.29095168 0.28461385 0.27717319]
250 6.908418120093247 [0.21656112 0.24374211 0.18720556 0.21770872 0.22498049 0.2818919
 0.28909783 0.28950362 0.28473117 0.27734762]
251 8.91788894050133 [0.21636344 0.24328715 0.18690047 0.21757512 0.22503551 0.28192117
 0.28920637 0.28832574 0.28494086 0.27756053]
252 9.463460407261373 [0.21623301 0.24314593 0.18654298 0.2174705  0.22505662 0.28171302
 0.2891809  0.28741883 0.28515172 0.27766655]
253 8.059051341394479 [0.21599692 0.24309075 0.18626625 0.21725212 0.22513192 0.28137531
 0.28891683 0.28650137 0.28541263 0.27775785]
254 13.537746522878937 [0.21606481 0.24308488 0.18597429 0.21717657 0.22497425 0.28092713
 0.28898907 0.28553272 0.28547832 0.27793204]
255 9.286206612201296 [0.21603809 0.24311653 0.1854982  0.21699224 0.22489479 0.28047597
 0.28873845 0.28459484 0.28555456 0.27805625]
256 10.944007206746154 [0.21602544 0.2431324  0.18502132 0.21680125 0.22477731 0.27985845
 0.28862996 0.28366548 0.28569883 0.27817854]
257 11.400488201298996 [0.21576092 0.24318475 0.18460147 0.21662077 0.22472269 0.27925876
 0.28871749 0.28268099 0.28580978 0.27810098]
258 10.290733611650243 [0.21547908 0.24326578 0.18421772 0.21660406 0.22455117 0.2785022
 0.28848171 0.28193947 0.2857374  0.27804079]
259 9.387184571061237 [0.21480978 0.24335973 0.18387327 0.2165634  0.22435987 0.27773079
 0.28817894 0.2811227  0.28544323 0.27812323]
260 12.091370300944352 [0.2144273  0.24376048 0.18353819 0.21642775 0.2243237  0.27718993
 0.28765711 0.28036163 0.28509242 0.27839689]
261 14.002683791919278 [0.21432918 0.24387108 0.18318441 0.21635406 0.22433225 0.27672839
 0.28731848 0.27973095 0.28433237 0.27859798]
262 9.644752994852578 [0.21431835 0.24388832 0.18272826 0.21624761 0.22408003 0.275948
 0.28682369 0.27926088 0.28308183 0.27901963]
263 9.532879821448894 [0.21431308 0.24400825 0.18229516 0.21611035 0.2238502  0.27497966
 0.28635108 0.27882706 0.28178259 0.27939882]
264 8.118268858414499 [0.21426445 0.24417284 0.18186972 0.21596241 0.2237824  0.27373939
 0.28571579 0.27834762 0.28058306 0.27956547]
265 8.138619021974819 [0.21395158 0.24451821 0.18145573 0.21580349 0.22378091 0.27263943
 0.28501004 0.27799123 0.27926226 0.27944558]
266 11.266301770527264 [0.21390356 0.2446698  0.18113999 0.21563629 0.2236691  0.27146186
 0.28450449 0.27744227 0.27782006 0.27936513]
267 10.156484385802308 [0.21377441 0.24477919 0.18080903 0.21547833 0.2235114  0.26982279
 0.28412197 0.2771293  0.27634967 0.2792245 ]
268 7.641031701106594 [0.2136092  0.24491582 0.18040212 0.21522613 0.22327997 0.26837032
 0.28381077 0.27692394 0.2749327  0.27899121]
269 8.504044720973173 [0.21369765 0.24479266 0.18010711 0.21516066 0.22301273 0.26725067
 0.28348362 0.27663884 0.27379546 0.27908986]
270 8.867652252478432 [0.21371808 0.24453071 0.17983829 0.21517755 0.22293    0.26629158
 0.28336916 0.27639762 0.27284609 0.2793455 ]
271 10.270101290843172 [0.2138707  0.24410483 0.17951772 0.21513665 0.22279982 0.26529912
 0.28324379 0.27611983 0.27222588 0.27982631]
272 9.702709868060904 [0.21403064 0.24379894 0.17924932 0.21525845 0.22257156 0.26439194
 0.28310249 0.27597879 0.27173384 0.28022142]
273 9.083253855847719 [0.21423618 0.24343915 0.17889756 0.21533908 0.22241854 0.26368596
 0.28275422 0.27567285 0.27121461 0.280578  ]
274 7.266794429724899 [0.21376793 0.24309251 0.17870652 0.21541323 0.22202762 0.2631355
 0.28272325 0.27563897 0.27083647 0.28092736]
275 7.907915189140473 [0.21334447 0.24259024 0.1784791  0.21541117 0.22177899 0.26256041
 0.28249334 0.27573431 0.27066995 0.28107034]
276 9.109354851326316 [0.21311711 0.24209813 0.17821205 0.2154146  0.22147404 0.26218266
 0.28231174 0.27560866 0.27055819 0.28131123]
277 7.647973880452948 [0.21287286 0.24170813 0.17805231 0.21544538 0.22119787 0.26195293
 0.28172844 0.27546142 0.27061258 0.28151944]
278 8.413499425640348 [0.21265025 0.24149475 0.17798282 0.21534275 0.22072952 0.26166756
 0.28130494 0.27556116 0.27067068 0.2818338 ]
279 9.312468770001015 [0.21245262 0.24100151 0.17797189 0.2153134  0.22021564 0.26129762
 0.28096673 0.27563159 0.27070599 0.28226462]
280 8.97933592380253 [0.21224716 0.24053515 0.17800162 0.21536185 0.21966854 0.26099658
 0.28068293 0.27571198 0.2707729  0.28237585]
281 6.689929773396733 [0.2121088  0.2402144  0.1778258  0.2154199  0.21901757 0.26077415
 0.28053129 0.2758785  0.27077716 0.28246433]
282 6.614225348081598 [0.21205651 0.23965985 0.17768818 0.21545725 0.21843657 0.26068967
 0.2805557  0.27610819 0.27097487 0.28270308]
283 8.387018837808487 [0.21226283 0.23922342 0.17751824 0.21530773 0.21764378 0.26027794
 0.28076022 0.27635072 0.27089761 0.28277402]
284 9.142890547837892 [0.21218344 0.23898022 0.17734828 0.21536291 0.21713928 0.25962167
 0.28100164 0.27683732 0.27077942 0.28297415]
285 9.220302780794144 [0.21201616 0.23848802 0.17703721 0.21543839 0.2168217  0.25890775
 0.28102316 0.27703654 0.27110323 0.28351762]
286 9.0859429358302 [0.21189615 0.23788204 0.17671208 0.21554864 0.21667955 0.25838433
 0.28112931 0.27743582 0.27133113 0.28375331]
287 7.593932166010552 [0.21189138 0.23755696 0.17638077 0.21565322 0.2165182  0.25794589
 0.28129434 0.27780492 0.27132518 0.283838  ]
288 8.685132870578325 [0.21179665 0.23729142 0.17638376 0.21586458 0.21611995 0.25741507
 0.28120533 0.27793304 0.27149491 0.28393083]
289 7.037126065875081 [0.2119527  0.23690737 0.17642989 0.21602199 0.21568792 0.25682107
 0.28124475 0.27823025 0.27161531 0.28401548]
290 8.926773888926315 [0.21158564 0.2365738  0.17639443 0.21607041 0.21529698 0.25637667
 0.28131062 0.27861137 0.27142522 0.28435634]
291 7.720574589543054 [0.2111888  0.23623147 0.17624608 0.21606859 0.21495    0.25572531
 0.28135193 0.27881337 0.27123347 0.2845018 ]
292 8.637065402442554 [0.21095006 0.23571918 0.17607947 0.21618754 0.21445237 0.25512379
 0.28136826 0.2791212  0.27112379 0.2843304 ]
293 8.69848478156608 [0.21060182 0.23515613 0.17593831 0.21592019 0.2141096  0.25451256
 0.28148043 0.27909843 0.27124567 0.28406776]
294 8.518760236562795 [0.21025492 0.23463867 0.17575662 0.21574945 0.21377011 0.25399147
 0.28159826 0.27918677 0.27134365 0.28387945]
295 7.682223082933392 [0.20994661 0.23409698 0.1754208  0.21577178 0.21351881 0.25356876
 0.28160935 0.27913562 0.27135412 0.28350022]
296 9.373638538185814 [0.20969285 0.23364652 0.17482384 0.21586098 0.21309756 0.25319384
 0.281499   0.27902328 0.2713612  0.28320556]
297 7.403874898559344 [0.20945013 0.23326281 0.17424754 0.21598446 0.21257762 0.2529654
 0.28123197 0.27881417 0.27102705 0.28304506]
298 11.05161399917225 [0.20927476 0.2328431  0.17375799 0.21586431 0.2121516  0.25274968
 0.28074697 0.27867214 0.27100768 0.28292961]
299 10.59141748590196 [0.20890042 0.23266758 0.17331778 0.21572535 0.21172144 0.25268879
 0.28027168 0.27842739 0.27093724 0.28269386]
300 8.280362677512242 [0.20878521 0.23249712 0.17302347 0.21563786 0.21138884 0.252588
 0.2797714  0.27853658 0.2707767  0.28250694]
301 6.731384459760902 [0.20863651 0.23243677 0.17279398 0.21561603 0.21118314 0.25235303
 0.27936735 0.27865777 0.27078651 0.28253956]
302 8.608450551012371 [0.20849452 0.23243305 0.17254782 0.215618   0.21097587 0.25217926
 0.27896865 0.27891402 0.27114926 0.28258757]
303 11.84268623647515 [0.20843348 0.23223807 0.17238606 0.21570202 0.21100909 0.252188
 0.27862164 0.27916072 0.27154239 0.28249012]
304 10.022049290521272 [0.2084847  0.2319848  0.17214886 0.2157365  0.2110387  0.25216047
 0.27817252 0.27948234 0.27185286 0.28264813]
305 8.819661683700946 [0.2087333  0.23169868 0.1719495  0.21574215 0.21110598 0.25229276
 0.27784959 0.27979473 0.27226905 0.28295107]
306 9.671575875795519 [0.20905207 0.23139709 0.17162754 0.21570755 0.21134573 0.25224408
 0.27746956 0.28027073 0.27270481 0.28307751]
307 9.035268352267444 [0.20929446 0.23111378 0.17140235 0.21580704 0.21182464 0.25213341
 0.2773646  0.28072631 0.2728693  0.28317848]
308 8.972112431202392 [0.20954231 0.23085047 0.17125943 0.21593448 0.2122728  0.25196872
 0.27729126 0.28115117 0.27311955 0.28325527]
309 8.433897867599264 [0.20966149 0.23068207 0.17115917 0.21615876 0.21260902 0.2516519
 0.2772062  0.2813638  0.27348447 0.28329249]
310 9.087459682747493 [0.20968941 0.23040075 0.17113577 0.21643154 0.21299735 0.25128939
 0.27711054 0.28157782 0.27381011 0.2833469 ]
311 8.641980682518954 [0.20941669 0.23023361 0.17111541 0.21664663 0.21343895 0.25092794
 0.27706788 0.28171468 0.27417855 0.28326627]
312 8.06789112174242 [0.20933034 0.22996088 0.17109168 0.21703636 0.21381059 0.2504265
 0.27698373 0.2816595  0.27454851 0.28287579]
313 9.681840424386639 [0.2091691  0.22975693 0.17106998 0.21722536 0.21451656 0.24980486
 0.27704566 0.28141298 0.27486343 0.28229975]
314 7.752784199522115 [0.2088828  0.22970589 0.17098962 0.2172935  0.21527702 0.24904375
 0.27684031 0.28117615 0.2753077  0.28205075]
315 349.7115003204939 [0.20868966 0.22971024 0.17074316 0.21739715 0.21602174 0.24821538
 0.27683912 0.28115309 0.27576822 0.28177795]
316 8.267285222987306 [0.20869568 0.22977896 0.1705095  0.21758037 0.2167969  0.24754878
 0.2767715  0.28131492 0.27621474 0.28143041]
317 8.641122379401514 [0.20868881 0.2298748  0.17032633 0.21780475 0.21755242 0.24716392
 0.27668145 0.2816814  0.27659618 0.28095906]
318 7.460296573261587 [0.20869894 0.2299718  0.17018599 0.21779753 0.21815219 0.24690566
 0.27646749 0.28198301 0.27679814 0.28053336]
319 7.727317385546469 [0.20862045 0.2299479  0.17018753 0.21786167 0.21866597 0.24676199
 0.2764502  0.28236345 0.27715165 0.28013409]
320 9.703805906127165 [0.20862721 0.22995272 0.17015297 0.21796188 0.21906799 0.24661367
 0.27638914 0.28288327 0.27743225 0.27968353]
321 7.642708789461636 [0.20893027 0.22995726 0.17008896 0.21815472 0.21935296 0.24630865
 0.27659292 0.28355768 0.27797681 0.27936868]
322 7.712199460180112 [0.20908854 0.23000762 0.17012473 0.2181427  0.21957255 0.24610873
 0.27677092 0.28399128 0.27867138 0.27912835]
323 7.681097954764017 [0.20941206 0.22967897 0.17030064 0.21799967 0.21979379 0.24593743
 0.27710203 0.28428134 0.27956469 0.27853027]
324 7.49100185164185 [0.20961899 0.22925827 0.17048299 0.21783721 0.21992047 0.24589651
 0.27756241 0.28457557 0.28056632 0.27784227]
325 6.875521387944394 [0.2097939  0.22889293 0.17063569 0.21767401 0.21992231 0.24586241
 0.2781542  0.28506379 0.28168753 0.27737549]
326 7.932361830062094 [0.20990075 0.22851257 0.170877   0.21749051 0.21974518 0.24594443
 0.27870258 0.2857272  0.28233267 0.27701912]
327 7.352286000679008 [0.21014012 0.22804057 0.17113571 0.21726489 0.21908194 0.2461367
 0.27908083 0.28637076 0.28295891 0.2766585 ]
328 8.709518204745496 [0.2101825  0.22763423 0.17121616 0.21718907 0.21826057 0.24653529
 0.27940743 0.28711673 0.28356522 0.27642114]
329 7.707552220384237 [0.21008638 0.22753935 0.17119088 0.21718027 0.21747087 0.24701196
 0.2795599  0.28769049 0.28387699 0.27595188]
330 7.844601074718176 [0.21009546 0.22729672 0.17117804 0.21716414 0.21673713 0.24716882
 0.27945145 0.28817872 0.28430888 0.27589066]
331 7.166242382385417 [0.20980068 0.22716264 0.17119011 0.21710379 0.21596153 0.24716858
 0.27928997 0.28866619 0.28470198 0.27592519]
332 6.994520113257671 [0.2094513  0.22723136 0.17126159 0.21707566 0.21504858 0.24693819
 0.2793497  0.28913582 0.28499031 0.27603221]
333 7.030550695383937 [0.20910509 0.22722063 0.17121703 0.21725426 0.21403227 0.24676595
 0.27954619 0.2893909  0.28556658 0.2761799 ]
334 9.105430649604877 [0.20880475 0.2269236  0.17117132 0.21733115 0.21325758 0.24659213
 0.27963868 0.28961318 0.28589815 0.27645034]
335 7.596623260202776 [0.20862248 0.22657443 0.17108958 0.21731375 0.21240203 0.24667669
 0.27983334 0.28973847 0.28635955 0.27673231]
336 6.830061635319448 [0.2084326  0.22601395 0.17110075 0.21745218 0.21148592 0.24690473
 0.27962521 0.29013158 0.28705226 0.27703855]
337 9.857269126047495 [0.20821088 0.22558444 0.17114535 0.21766066 0.21077542 0.24718469
 0.27941727 0.29050753 0.28790347 0.27724048]
338 7.5689748803857615 [0.20781197 0.22510834 0.17116908 0.21764589 0.2102969  0.24772099
 0.27929581 0.29075975 0.28891758 0.27771924]
339 6.681014865431273 [0.20749957 0.22465074 0.17122461 0.21752112 0.2098215  0.2479656
 0.27921738 0.29104116 0.28987703 0.2780437 ]
340 7.103145753159957 [0.20720107 0.22434305 0.17116099 0.21746285 0.20936791 0.24833783
 0.27915478 0.29146408 0.29073484 0.27842004]
341 7.970988149136449 [0.2068697  0.2241104  0.17124137 0.21747278 0.20898899 0.24865195
 0.27908738 0.29194949 0.29140539 0.27846678]
342 9.759009488002212 [0.20675991 0.22378107 0.17123314 0.21748672 0.20861133 0.24875796
 0.27893368 0.29272816 0.29224499 0.27842458]
343 9.533371031673145 [0.20654551 0.22359061 0.17135309 0.21732018 0.20821597 0.24886559
 0.2788228  0.29343401 0.29295285 0.27806185]
344 5.5838825862849815 [0.2061457  0.223214   0.17142489 0.21705475 0.20784329 0.24880549
 0.27866065 0.29435993 0.29364066 0.27765786]
345 8.502492744186847 [0.20588692 0.22288616 0.17148487 0.21679851 0.20748521 0.24845692
 0.27830772 0.29509077 0.29394693 0.27702836]
346 6.141790638582288 [0.20573587 0.22266418 0.17168196 0.21655043 0.20711597 0.2480518
 0.27788653 0.29582914 0.29427562 0.27656358]
347 10.475577635957436 [0.20562562 0.22255124 0.17185751 0.21634859 0.20678867 0.24760069
 0.2774452  0.29651524 0.29446819 0.27629429]
348 10.14154402054463 [0.20568033 0.22242057 0.17215494 0.21608108 0.20638153 0.24731325
 0.27732576 0.29746662 0.29462914 0.27614454]
349 7.77784268817333 [0.20571574 0.22230059 0.17235444 0.21545297 0.20597554 0.24688442
 0.27736356 0.2982063  0.29503931 0.27619609]
350 8.238527054666982 [0.20579932 0.22217679 0.17260117 0.21494182 0.20562868 0.24650179
 0.27728521 0.29875542 0.29532807 0.27634621]
351 6.931886160904435 [0.20596356 0.22205404 0.17274862 0.21447954 0.20522036 0.24637156
 0.27722758 0.2988634  0.29597174 0.27649968]
352 8.01100966528519 [0.20613145 0.22195709 0.1728598  0.21408854 0.20472397 0.24622941
 0.27686038 0.29922904 0.29663433 0.27684283]
353 7.157671099229333 [0.20612844 0.22182802 0.17290994 0.2137432  0.20428604 0.24607287
 0.27640348 0.29961554 0.29722922 0.27720763]
354 7.3597828561796135 [0.20611775 0.22155687 0.17303557 0.21294259 0.20399056 0.24627006
 0.27624385 0.30006628 0.29826564 0.27769332]
355 9.502468012409222 [0.20608866 0.2212317  0.17312453 0.21229135 0.20383339 0.24664474
 0.27623084 0.30084947 0.29925818 0.27810909]
356 10.406386752806092 [0.20614588 0.22086257 0.17302401 0.21156725 0.20363893 0.24692979
 0.27634502 0.30150206 0.30039823 0.2786628 ]
357 7.425484256334456 [0.20608908 0.22040276 0.17285006 0.21102195 0.20338769 0.24695877
 0.27626117 0.30202262 0.30171768 0.27929501]
358 9.695584467732182 [0.20596328 0.22003266 0.17279766 0.21044279 0.20312898 0.24694475
 0.27612767 0.30267975 0.30293214 0.27971431]
359 6.144637597002993 [0.20581196 0.21942955 0.17274028 0.20982403 0.20282632 0.2468259
 0.27580909 0.30295117 0.30452688 0.28004926]
360 6.4527539218002 [0.20568281 0.21885863 0.17276055 0.20920173 0.20240245 0.24684731
 0.27566549 0.30318003 0.30547453 0.28049918]
