0 91.8829784424332 [0.29915616 0.30290655 0.30009375 0.30290654 0.30196895 0.30196895
 0.29915616 0.30290655 0.30196895 0.30290655]
1 80.25904594172029 [0.29625262 0.3064035  0.30009994 0.30521897 0.30388167 0.30196516
 0.29896092 0.30199883 0.30312306 0.30220849]
2 70.71891923367079 [0.29365958 0.30768097 0.30054379 0.30705823 0.30463519 0.30126361
 0.29767653 0.3021203  0.30380927 0.30138635]
3 35.55996030747445 [0.29195907 0.30910625 0.30136583 0.30949886 0.30417709 0.3014494
 0.29649146 0.30197781 0.3041552  0.30065035]
4 39.044353296515816 [0.29042841 0.30925627 0.30255445 0.31175212 0.30421933 0.3011602
 0.29574584 0.30198161 0.30406294 0.29976784]
5 25.04652012011995 [0.28884099 0.30934007 0.3034747  0.31367596 0.30419364 0.30042277
 0.29469523 0.30217891 0.30435468 0.29852998]
6 21.09844850451666 [0.28722083 0.30897559 0.30418564 0.31491005 0.30366714 0.29974523
 0.29377745 0.30206319 0.30416513 0.29754474]
7 28.427802412396527 [0.2853934  0.30830372 0.30474293 0.3149076  0.30380807 0.29917243
 0.29348084 0.30167725 0.30353289 0.29656651]
8 36.22412514528056 [0.28367724 0.30769575 0.3049757  0.31539201 0.30371568 0.29925295
 0.29344187 0.30143112 0.30296341 0.29556258]
9 25.066623988441066 [0.28214392 0.30719942 0.30511523 0.31614208 0.30366514 0.29964687
 0.29315252 0.30171003 0.30303562 0.29463236]
10 29.341248976241157 [0.28071362 0.30668788 0.3054232  0.31631191 0.30389079 0.29986752
 0.2927581  0.30231887 0.30282606 0.29372885]
11 35.2752361124271 [0.27968212 0.30633546 0.30538705 0.31602193 0.30402505 0.30027469
 0.29231126 0.30296487 0.30221437 0.29297849]
12 22.14422137865452 [0.27878529 0.30573988 0.30552444 0.31540882 0.30422858 0.30077098
 0.29210045 0.30321894 0.30189776 0.29241207]
13 35.111388609167534 [0.27807168 0.30507063 0.30537931 0.3151429  0.30434061 0.30129816
 0.29197988 0.30348247 0.30157083 0.29192518]
14 23.316224142597854 [0.27757226 0.30448149 0.30493172 0.3151921  0.30411396 0.30135792
 0.29215026 0.30345567 0.30187055 0.29177982]
15 36.210994126545074 [0.27721003 0.30394373 0.30386146 0.31519885 0.30397475 0.30113648
 0.29245596 0.30337097 0.30194266 0.29149266]
16 22.883412435680075 [0.27708462 0.30310913 0.30315372 0.31517062 0.30380599 0.30084074
 0.29284443 0.30332409 0.30215304 0.29116434]
17 27.401256996039656 [0.27678172 0.30266855 0.30260897 0.31546406 0.30389012 0.30059005
 0.29315968 0.30384988 0.30215336 0.29095824]
18 32.58058579667381 [0.27678574 0.30175533 0.30210168 0.31578454 0.30422749 0.30042084
 0.29352537 0.3045193  0.30217675 0.29093606]
19 23.06323785272886 [0.276939   0.3003291  0.30124927 0.31575708 0.30434729 0.30035036
 0.29400547 0.30536293 0.30219205 0.29094889]
20 20.11385572514488 [0.27739669 0.29941467 0.30026142 0.31578584 0.30474078 0.300152
 0.29490729 0.30618046 0.30187797 0.2910327 ]
21 24.57185804944448 [0.27767217 0.29866075 0.29906817 0.31593436 0.3051488  0.30012581
 0.29537753 0.30718003 0.30157387 0.29098802]
22 21.656090445164075 [0.27760959 0.2978772  0.29775975 0.31617054 0.30531876 0.30004145
 0.29581312 0.30813927 0.30142533 0.29091648]
23 26.382445362724653 [0.27755833 0.29707881 0.29658969 0.316564   0.30534936 0.299748
 0.29630063 0.30889878 0.30124154 0.29087478]
24 25.962072941802933 [0.27747232 0.29623538 0.2954827  0.31683048 0.30525001 0.29938164
 0.29655974 0.309722   0.30108759 0.29074674]
25 26.62138028828255 [0.27753132 0.29555109 0.29456078 0.31729219 0.3052042  0.2988073
 0.29698088 0.31071116 0.30075516 0.29050756]
26 24.232941078060065 [0.27758164 0.29491479 0.29393892 0.3178297  0.30525859 0.29829736
 0.29727854 0.31143823 0.30040077 0.29043079]
27 26.37738540036799 [0.27761148 0.294027   0.29315679 0.31852681 0.30494404 0.29801539
 0.29762009 0.31217115 0.29979886 0.29038619]
28 26.43113466914135 [0.27762947 0.29295667 0.29261609 0.31894574 0.30474926 0.29773744
 0.29798452 0.31253963 0.29914878 0.29027952]
29 21.450426157272346 [0.27765713 0.29207078 0.29205405 0.31925501 0.3044478  0.29773101
 0.29809632 0.31269698 0.29855694 0.29026358]
30 26.815491750427743 [0.27754605 0.29117206 0.29139049 0.31937985 0.30381916 0.29762497
 0.29836723 0.31269847 0.2979758  0.29056467]
31 12.765312648696412 [0.277285   0.29067185 0.29068629 0.31960586 0.30322116 0.29755098
 0.29892019 0.31287481 0.29748365 0.29077385]
32 22.08645856671257 [0.27712069 0.29005905 0.29002469 0.31955842 0.30260266 0.2976032
 0.29959902 0.31291105 0.29713349 0.29086347]
33 18.07119389981596 [0.27716781 0.28927409 0.28941104 0.31927205 0.30212373 0.29741778
 0.30010049 0.31293294 0.29655463 0.29104318]
34 17.694090372335843 [0.27696424 0.28844895 0.28910624 0.31878947 0.30191859 0.29729698
 0.29996408 0.31286489 0.2966089  0.29148616]
35 11.394073362313156 [0.27672764 0.28759626 0.28866957 0.31814856 0.30177484 0.29719729
 0.29994777 0.3132462  0.29677275 0.29167227]
36 19.200009654818523 [0.27655798 0.2866725  0.28836208 0.31763084 0.3014989  0.29723242
 0.30009811 0.31366442 0.29672385 0.29219566]
37 14.49517077179719 [0.27624201 0.28583284 0.28805229 0.31713806 0.30097133 0.29729433
 0.3001761  0.31383186 0.29681683 0.29277883]
38 15.503651803200412 [0.27606861 0.28472536 0.28789787 0.31678673 0.30038205 0.29745796
 0.30020046 0.31353801 0.29687266 0.29342016]
39 14.252362725696624 [0.27595751 0.28374413 0.28770578 0.31622739 0.30002812 0.29798214
 0.3000984  0.31337534 0.29669064 0.29361329]
40 10.644793255109086 [0.27579998 0.28317289 0.28749096 0.31539291 0.29966761 0.29840474
 0.30035036 0.31335144 0.29666277 0.29390232]
41 14.457293277482977 [0.27553682 0.28281502 0.28749369 0.31476097 0.29931609 0.29857794
 0.30073453 0.31301273 0.29663912 0.29421765]
42 16.565672351598035 [0.27535284 0.28229291 0.28722137 0.31426388 0.29921636 0.298884
 0.30096338 0.31292999 0.29655964 0.29469008]
43 10.27951398507378 [0.27535093 0.28188519 0.28691177 0.31387466 0.29894587 0.2991776
 0.30100729 0.31256587 0.29626342 0.29524425]
44 14.44035843407083 [0.27567502 0.2815627  0.28657377 0.31390341 0.29898273 0.29951262
 0.30077683 0.31194619 0.2961881  0.2957296 ]
45 12.247644969553312 [0.27593352 0.2813094  0.28619929 0.31389186 0.29891995 0.29969823
 0.3005229  0.31172828 0.29607494 0.29624482]
46 12.654212036759295 [0.27628595 0.28102522 0.28599561 0.31353724 0.29914043 0.30004097
 0.30091533 0.31185123 0.29605655 0.29664178]
47 12.966008587392686 [0.27676456 0.28055812 0.28560536 0.3131113  0.29934411 0.30029746
 0.30131141 0.31176953 0.29611951 0.29732386]
48 11.468895615663786 [0.27696972 0.27980297 0.28524386 0.31288393 0.29953659 0.30037444
 0.3014784  0.31180494 0.29612247 0.29813177]
49 12.319200904570671 [0.27695333 0.27913658 0.28505236 0.31269832 0.29974973 0.30031803
 0.30152962 0.31141663 0.29590072 0.29869623]
50 11.409216567838534 [0.27705653 0.27834348 0.28483606 0.3125837  0.30021496 0.3000869
 0.30126837 0.31117731 0.29569652 0.29901007]
51 11.51113600797501 [0.27736759 0.27736553 0.28457349 0.31245015 0.30048337 0.29991603
 0.3010688  0.3110784  0.29542819 0.29942231]
52 15.035106408708643 [0.27773478 0.27628357 0.28456504 0.31218099 0.30049564 0.299885
 0.30085548 0.31093854 0.29512816 0.29967579]
53 10.78118725285379 [0.27826101 0.2752698  0.28420612 0.31203485 0.3009026  0.30036521
 0.30036295 0.31090582 0.29481061 0.29953403]
54 16.2765538910853 [0.27884775 0.27412929 0.28356465 0.31215621 0.3010355  0.30086592
 0.29990142 0.31098941 0.2948228  0.29940181]
55 17.49762398152725 [0.27927389 0.27327624 0.2829211  0.31221997 0.30123447 0.30137055
 0.29953942 0.31059233 0.29505391 0.29885077]
56 11.980691440270906 [0.27969622 0.27253092 0.28227777 0.31249241 0.30158555 0.30194068
 0.29935106 0.31009016 0.29552908 0.29824004]
57 14.794574701377108 [0.28007681 0.27188146 0.28153016 0.31256364 0.3018189  0.302505
 0.2990248  0.30935637 0.29562279 0.29757454]
58 20.35205579360657 [0.28069455 0.27129074 0.28074078 0.31228618 0.30173745 0.30286826
 0.29882154 0.30909106 0.29588937 0.29715131]
59 14.76358451208878 [0.28102722 0.27058476 0.28006199 0.31180685 0.30187025 0.30334492
 0.29874798 0.30900974 0.2961197  0.29650517]
60 9.531776719226027 [0.28098006 0.27001622 0.2794936  0.3115838  0.30199504 0.30362497
 0.2988378  0.30882126 0.29648671 0.29592782]
61 13.885088403476416 [0.28101915 0.26924539 0.27880596 0.31116393 0.30212035 0.30397215
 0.29914996 0.30877363 0.29668252 0.2954562 ]
62 8.635080906788566 [0.28083904 0.26870987 0.27789511 0.31102132 0.30211444 0.30418373
 0.29941645 0.30895793 0.29673025 0.29492314]
63 9.297986161709296 [0.28080925 0.26852536 0.27715876 0.31095286 0.30226968 0.30432292
 0.29970561 0.30924669 0.29634896 0.29461727]
64 12.917287787735923 [0.28054566 0.26823324 0.27648784 0.31105044 0.30235918 0.30434396
 0.29990883 0.30948204 0.29608682 0.29413699]
65 10.013191802536195 [0.28014303 0.26794411 0.27573242 0.31095826 0.30278956 0.30462691
 0.30015357 0.30951939 0.29553186 0.29360874]
66 10.091705741798261 [0.27968446 0.26769612 0.27470666 0.31086289 0.30296321 0.30502674
 0.30037911 0.30975997 0.29486012 0.2932399 ]
67 8.11255060877277 [0.27925046 0.26754321 0.27388151 0.31097185 0.30304208 0.30516397
 0.30115181 0.31024075 0.2944202  0.29269487]
68 11.363907703922365 [0.2787194  0.26714942 0.27348264 0.31109765 0.30306222 0.30544535
 0.3022058  0.31041808 0.29402024 0.29240012]
69 8.501433151639336 [0.27809038 0.26662116 0.27297639 0.31116179 0.3030172  0.30566733
 0.30332951 0.31039143 0.29372722 0.29197142]
70 13.012561718574048 [0.27754086 0.26607281 0.27221928 0.31136097 0.30312554 0.30560103
 0.30432793 0.31016531 0.2932484  0.29143004]
71 9.258762912300549 [0.27739957 0.26535935 0.27129245 0.31145101 0.30327055 0.30565543
 0.3048562  0.30987621 0.2927906  0.29097424]
72 13.621922866837895 [0.27734554 0.26459778 0.27041251 0.31154178 0.30323626 0.30591232
 0.30562529 0.30962811 0.29221098 0.2902371 ]
73 11.269385660101069 [0.2771388  0.26390759 0.26949169 0.3117741  0.30296193 0.30623709
 0.30594144 0.30951746 0.29148986 0.28958137]
74 12.95854254558726 [0.2773037  0.26320018 0.26857898 0.31220134 0.30274124 0.30637983
 0.30682453 0.30926691 0.29101671 0.28921294]
75 8.16442184643892 [0.27762408 0.26269744 0.26765518 0.3124825  0.30287037 0.30631548
 0.30763031 0.30893372 0.29075936 0.2892952 ]
76 18.04718648795164 [0.2780168  0.26235122 0.26682751 0.31281932 0.30263039 0.30594699
 0.30811173 0.30883016 0.29044354 0.28916931]
77 12.846731313905774 [0.27858025 0.26196269 0.26614551 0.31316078 0.30242401 0.30559293
 0.30859337 0.30886394 0.29012533 0.28919865]
78 8.993798861895312 [0.27904085 0.26153604 0.2654575  0.31368763 0.30245909 0.30500528
 0.30906025 0.30916859 0.29000561 0.28932541]
79 9.069001931847609 [0.27939427 0.26132107 0.2648142  0.31424886 0.30254886 0.30440848
 0.30994754 0.30965048 0.2898233  0.28950857]
80 14.310002924109448 [0.27987874 0.26113541 0.26430229 0.31488998 0.30247959 0.30372123
 0.31081163 0.30991525 0.28955778 0.28941612]
81 18.373896283064205 [0.28042211 0.26102307 0.263769   0.31530019 0.30263095 0.30305669
 0.311638   0.31019531 0.28929107 0.2894177 ]
82 11.247663267946088 [0.28090064 0.2610424  0.26307287 0.31566645 0.3028113  0.30256526
 0.31218483 0.31046786 0.28922553 0.28923958]
83 9.763379010823027 [0.28156141 0.26072119 0.26231899 0.31573556 0.30273096 0.30211199
 0.31311138 0.31085789 0.28936608 0.28886914]
84 12.199665443503857 [0.28227478 0.26039861 0.26167354 0.31579508 0.30274377 0.30144023
 0.31411471 0.31134234 0.28942164 0.28852855]
85 11.302951843181091 [0.28294692 0.25996769 0.26104599 0.31607911 0.30246983 0.30117577
 0.31487032 0.31157998 0.28939296 0.28816968]
86 19.21484186033303 [0.28347007 0.25957814 0.26032434 0.31663101 0.30218533 0.30087624
 0.31528834 0.31182198 0.28956599 0.28775255]
87 16.23849195302204 [0.28403279 0.25933969 0.25951402 0.3171121  0.30202178 0.300673
 0.3154746  0.31189446 0.28969892 0.28726696]
88 10.702718353151312 [0.28476108 0.25911945 0.25871403 0.31741318 0.30208622 0.3003726
 0.31539864 0.3117719  0.28981461 0.28682546]
89 13.360467537795117 [0.28554097 0.25914618 0.25834377 0.31748104 0.30220665 0.29981126
 0.31498499 0.31195479 0.28988261 0.28634486]
90 13.927564101344053 [0.28634666 0.25904023 0.25790223 0.3174321  0.30221032 0.29933743
 0.31414616 0.31217044 0.2896763  0.28624374]
91 14.949568587356282 [0.28687522 0.25887367 0.2575421  0.3173048  0.30224788 0.29881127
 0.31368807 0.31219206 0.28955257 0.28587959]
92 8.365373520159558 [0.28762195 0.25839883 0.25709907 0.31713653 0.30214408 0.29794622
 0.31340569 0.31233459 0.28946971 0.28546216]
93 15.802085786936244 [0.28830474 0.25815285 0.25665297 0.3167571  0.30224608 0.29702094
 0.31323546 0.31256076 0.28933209 0.28507061]
94 12.009996710612269 [0.28898676 0.25814032 0.25617147 0.31630428 0.30243489 0.29604241
 0.31327747 0.31217153 0.28932325 0.28493137]
95 10.816665481964863 [0.2894521  0.25808695 0.25574063 0.31589825 0.302362   0.29537047
 0.31312396 0.31201923 0.28929016 0.28477857]
96 7.765443043503453 [0.28992196 0.25797537 0.25542179 0.31575863 0.30249445 0.29484762
 0.31283451 0.31222172 0.28905051 0.28453131]
97 12.801407304293878 [0.29058879 0.25776675 0.25504479 0.31564428 0.30245353 0.29433267
 0.31248958 0.31253597 0.28892207 0.28451682]
98 10.333446077970759 [0.29122492 0.25760322 0.25470565 0.31567535 0.30225238 0.29388453
 0.31214022 0.31301396 0.28871729 0.28448942]
99 11.631124298754358 [0.29165638 0.25745713 0.25439456 0.31560221 0.30201497 0.29348498
 0.31183068 0.31358568 0.28864828 0.2844787 ]
100 11.405570302591965 [0.29198414 0.25732457 0.25422133 0.31536129 0.30164929 0.29284842
 0.31155216 0.31414066 0.28879199 0.28435224]
101 12.98245214981259 [0.29233633 0.25730662 0.25399034 0.31532472 0.30163769 0.29246272
 0.31155187 0.31457503 0.28902024 0.28412511]
102 7.6146926964069515 [0.29293447 0.25719452 0.25372476 0.31534387 0.3018586  0.29224424
 0.31150877 0.31460456 0.28945173 0.28390116]
103 11.040720603108337 [0.29331349 0.25702785 0.25345783 0.31528997 0.30197494 0.29205304
 0.31144458 0.31428653 0.28984719 0.28342664]
104 8.53055405169726 [0.29345792 0.25697624 0.25322179 0.31516696 0.30158002 0.29190384
 0.31134477 0.3135072  0.29006531 0.28304883]
105 10.911402228199885 [0.29356849 0.25658507 0.25284446 0.31577418 0.30135376 0.29164105
 0.31134585 0.31281506 0.29031716 0.28294468]
106 7.68869895393537 [0.29354821 0.25615353 0.25255    0.31579369 0.30128701 0.2916295
 0.31147819 0.31198943 0.29054858 0.28294518]
107 11.97642502712295 [0.29388459 0.25572312 0.25219574 0.3157089  0.3013183  0.29170729
 0.31205055 0.31105617 0.29089792 0.28279649]
108 6.961717538345317 [0.29429599 0.25532564 0.25181752 0.31557407 0.30148758 0.29181955
 0.31242134 0.31050985 0.29114289 0.28271297]
109 9.089243136431305 [0.29512418 0.25491914 0.25133764 0.31554685 0.30165875 0.29183422
 0.31282799 0.31022815 0.29097099 0.28293418]
110 9.33943352567951 [0.29542699 0.25437447 0.25094382 0.315589   0.30182531 0.29182125
 0.31301619 0.30981866 0.29095612 0.28305798]
111 10.026341492262553 [0.29594324 0.25386967 0.25072371 0.31554909 0.30199891 0.29179325
 0.31307522 0.30934946 0.29067436 0.28324902]
112 9.331458969110642 [0.29627636 0.25366063 0.25072255 0.31560899 0.3021575  0.29167593
 0.31317545 0.30886694 0.29055712 0.28368143]
113 8.727890951813242 [0.29678619 0.25357658 0.25063488 0.31580473 0.3019811  0.29174761
 0.31306181 0.30853411 0.29053017 0.28394739]
114 10.933544819266647 [0.29715578 0.25348651 0.25054192 0.31612377 0.30185747 0.29209005
 0.31300288 0.30869054 0.29035283 0.28403647]
115 11.001296894502387 [0.29771468 0.25343951 0.25052037 0.31606316 0.30144503 0.29219964
 0.31301083 0.30895512 0.29026814 0.28422171]
116 7.060256406874085 [0.29823082 0.25349201 0.25055217 0.31597231 0.30116161 0.29219593
 0.31292948 0.30890626 0.29030472 0.28459605]
117 7.1871219802139565 [0.29878691 0.25337907 0.25053902 0.31564227 0.30101854 0.29225328
 0.31252553 0.30865999 0.29028428 0.28490228]
118 5.465444913568971 [0.29917948 0.25337046 0.25055541 0.31553535 0.30078582 0.29215161
 0.31253966 0.30805089 0.29043823 0.28531893]
119 8.698877473626881 [0.29939703 0.2531879  0.2505301  0.3151493  0.30054797 0.29205704
 0.31240301 0.30771676 0.29053713 0.2857983 ]
120 7.979203150232439 [0.29955999 0.25315305 0.25054111 0.31478263 0.30057404 0.2920404
 0.31203377 0.30747838 0.29058937 0.28623708]
121 6.932358066360631 [0.29922204 0.25315365 0.25069271 0.31409026 0.30070714 0.29203974
 0.31155858 0.30713287 0.29080163 0.28660584]
122 6.186848160703379 [0.29884104 0.25277177 0.25080802 0.31333974 0.30012614 0.29212722
 0.3114497  0.30650517 0.29109824 0.28725787]
123 5.989115217730465 [0.29856791 0.25246595 0.25086823 0.31257851 0.29962441 0.29229152
 0.31164756 0.30601649 0.29140839 0.28782284]
124 8.765167307079246 [0.29833163 0.25207135 0.25091012 0.31134928 0.29911309 0.29212165
 0.31175841 0.30546754 0.29151821 0.28799705]
125 13.766369856363111 [0.29810247 0.25170292 0.25069172 0.31029041 0.29860388 0.29210077
 0.31181449 0.30502434 0.29165618 0.28812067]
126 8.451108059499296 [0.29798262 0.25131848 0.25048528 0.30918319 0.29792359 0.29205571
 0.31149127 0.30437739 0.29196819 0.28855173]
127 7.792408041913072 [0.2976151  0.25098251 0.25046833 0.30854469 0.29733658 0.2922921
 0.31113419 0.30382821 0.29191546 0.28904134]
128 5.58980802780459 [0.29753263 0.25058882 0.25033659 0.30801652 0.2969022  0.29244628
 0.31116768 0.30318745 0.29200726 0.28961437]
129 8.190439067032184 [0.29803908 0.25031748 0.25035333 0.30758104 0.29652131 0.29255348
 0.31127203 0.3026057  0.29224499 0.29009755]
130 7.0617524470164525 [0.29869684 0.25013635 0.25053579 0.30709313 0.29614307 0.29277305
 0.31128226 0.30212022 0.29260105 0.29062027]
131 4.680058251922709 [0.29932853 0.25000942 0.25063513 0.30672145 0.29578376 0.29282638
 0.31117398 0.30181521 0.29286817 0.29103096]
132 10.341851005396595 [0.30021681 0.24969955 0.2506792  0.30630288 0.29551047 0.292549
 0.31087461 0.30169714 0.29276976 0.29118982]
133 7.357508024335688 [0.30104313 0.24947419 0.25074731 0.30588598 0.29507484 0.29226151
 0.31070028 0.3016073  0.29261751 0.29143134]
134 11.129802900709883 [0.30186125 0.24945192 0.25068587 0.30554097 0.29454618 0.29217614
 0.31066574 0.30147546 0.29243398 0.29160146]
135 6.9504154519406525 [0.30286497 0.24944211 0.25055317 0.30525678 0.29423195 0.29214824
 0.31083198 0.30120091 0.2919615  0.2916823 ]
136 4.700668051804562 [0.3037276  0.24941103 0.25037891 0.30476894 0.2940157  0.29209419
 0.31096717 0.30085778 0.29165693 0.29154842]
137 5.163345172301165 [0.30472814 0.24939334 0.25024436 0.30422496 0.29402652 0.29206727
 0.31116489 0.30063167 0.29152624 0.29130507]
138 8.436550173319286 [0.30562473 0.24938969 0.25013377 0.30354056 0.29436606 0.29193163
 0.31108123 0.30055955 0.29133218 0.29112844]
139 4.197585688521497 [0.30626081 0.24968378 0.24996001 0.30283224 0.29435075 0.29199774
 0.3111597  0.30036876 0.291277   0.29141767]
140 9.468381704266022 [0.30670757 0.25000218 0.24984334 0.30223447 0.29422293 0.29234808
 0.31111314 0.30002124 0.29130039 0.29162055]
141 7.630116150173777 [0.30698667 0.25011844 0.24976781 0.30178961 0.29425332 0.29273323
 0.31090552 0.29960323 0.29135873 0.29184667]
142 6.366949966973928 [0.30727902 0.25011804 0.24964733 0.30158381 0.29457579 0.29338553
 0.31073533 0.29912928 0.29175867 0.29214289]
143 8.385364229332602 [0.30756492 0.24997443 0.24948558 0.30110223 0.29486698 0.29388155
 0.31080662 0.29871194 0.29193592 0.29247754]
144 8.066360877809965 [0.30773226 0.25002647 0.24939591 0.30055452 0.29501534 0.29455521
 0.31081592 0.29846831 0.29235234 0.29278345]
145 7.325728959446531 [0.30783305 0.25000299 0.24950645 0.30029777 0.29500527 0.29520565
 0.31048784 0.29813932 0.29254695 0.29298169]
146 5.872410126309616 [0.30808093 0.24980526 0.24961332 0.300227   0.29492275 0.29574218
 0.31023845 0.29783326 0.29289835 0.29316506]
147 1.8381860853558734 [0.30777385 0.24985626 0.24969995 0.29993235 0.29445827 0.29609674
 0.30985929 0.29762957 0.2934198  0.29332659]
148 6.162796918163853 [0.30787886 0.24995039 0.24974843 0.29992201 0.29400967 0.29622518
 0.30958674 0.29741017 0.29377537 0.29339446]
149 4.743842277541962 [0.30835754 0.25014142 0.24962453 0.29975719 0.29391649 0.29645156
 0.30928389 0.29721631 0.29410636 0.29351435]
150 2.8709931460746922 [0.30839712 0.25037009 0.24948924 0.29955625 0.29393343 0.296696
 0.30912113 0.29693292 0.2938598  0.29368095]
151 2.2742134287427174 [0.30816743 0.25066192 0.24921593 0.29969105 0.29391722 0.29674831
 0.30862947 0.29662796 0.29370677 0.29371356]
152 13.397084662124477 [0.30783426 0.25107211 0.24908559 0.29971    0.29379363 0.29684537
 0.30814161 0.29642106 0.29359676 0.29370813]
153 3.499408622767217 [0.30756533 0.25136094 0.24895781 0.29994096 0.29381883 0.2969737
 0.30783328 0.29619222 0.29359331 0.29377016]
154 4.3533904943984965 [0.3072243  0.25149853 0.24898656 0.30040601 0.29353222 0.29715652
 0.30781167 0.2959064  0.2937898  0.2937196 ]
155 4.89581007087307 [0.30675982 0.25152814 0.24896449 0.30090487 0.29310149 0.29734472
 0.30796018 0.29564743 0.2939585  0.29360468]
156 5.48608738195284 [0.30638064 0.25168317 0.24888517 0.30128043 0.29270049 0.29765792
 0.3078655  0.29552171 0.29391881 0.29323846]
157 3.1425615344323727 [0.30608453 0.2518823  0.24893572 0.30182145 0.29243161 0.29802238
 0.30777447 0.29544265 0.29417091 0.29295763]
158 8.467890499581236 [0.30522149 0.25214224 0.24902434 0.30252462 0.29207531 0.29827521
 0.30754396 0.29552414 0.29460378 0.29293848]
159 8.625833323722562 [0.30437748 0.25251259 0.24908296 0.30318198 0.29174685 0.29865663
 0.3072123  0.29550668 0.2951243  0.29276395]
160 4.280552102010585 [0.30378361 0.25249743 0.24902464 0.30372109 0.29135235 0.29908879
 0.30698852 0.29543086 0.29565584 0.29255297]
161 1.9998651917808217 [0.3031028  0.25287823 0.24894438 0.30442215 0.29089843 0.29939612
 0.30718228 0.29515558 0.2964212  0.29231601]
162 4.585919802009451 [0.30268831 0.25319389 0.24882598 0.30498636 0.29041387 0.29981395
 0.30720669 0.29483156 0.29727419 0.29225437]
163 11.143160908534394 [0.302227   0.25323061 0.2488713  0.30560784 0.28994364 0.30013127
 0.307213   0.29458163 0.2976327  0.29206744]
164 3.489751116499896 [0.30167172 0.25317248 0.24856075 0.30621767 0.28929624 0.30022506
 0.30730225 0.29446573 0.29795689 0.2919338 ]
165 4.978956576286581 [0.30097072 0.25299493 0.24820869 0.30660598 0.2886665  0.30035578
 0.30748835 0.29440073 0.29838728 0.29164489]
166 8.368660333688858 [0.30059118 0.25304365 0.24784466 0.30673432 0.28794218 0.30042473
 0.30764975 0.29453616 0.29873003 0.29139624]
167 4.399588491753818 [0.29997638 0.25315778 0.24740808 0.30692912 0.28727738 0.30048809
 0.30787188 0.29473904 0.29905715 0.29117849]
168 5.1936998045209535 [0.29977096 0.25328323 0.24686798 0.30728197 0.28660193 0.3002611
 0.30811832 0.29478637 0.29938887 0.29081795]
169 3.9404554839710157 [0.29937354 0.25339789 0.24634794 0.30785271 0.28593703 0.30034619
 0.30819902 0.2949309  0.29913973 0.29037519]
170 3.457660542562068 [0.29880027 0.25358554 0.24566871 0.30790522 0.28519008 0.30017587
 0.30813215 0.29519494 0.29896892 0.29012001]
171 4.2675101768137536 [0.29818591 0.25387912 0.24527529 0.30774359 0.28449878 0.3001385
 0.30785736 0.29528482 0.29908457 0.28979214]
172 5.701864119064054 [0.29750795 0.25422374 0.24500671 0.30750097 0.28385649 0.30024668
 0.30758723 0.29530682 0.29913831 0.28967827]
173 3.7845406482055948 [0.29691698 0.2546075  0.24463902 0.30778779 0.28335729 0.30027535
 0.30726361 0.29552332 0.29936921 0.28956534]
174 3.3689437083970954 [0.29645442 0.25509915 0.24404271 0.30778648 0.28292203 0.3005829
 0.30702359 0.29559481 0.29949271 0.28956142]
175 3.885253914360536 [0.29592033 0.2553494  0.24347672 0.30795025 0.28244762 0.30090679
 0.30651304 0.29587839 0.29977355 0.28947835]
176 3.3121092445024973 [0.29556789 0.25537555 0.24305548 0.30830691 0.28193851 0.30104273
 0.30631589 0.29626452 0.2998779  0.28937418]
177 8.07639247668016 [0.29534227 0.25546065 0.24264601 0.30854723 0.28149759 0.30085787
 0.30628654 0.29646233 0.30018575 0.2893321 ]
178 4.5067366089405905 [0.29517677 0.25562205 0.24228338 0.30907918 0.28113809 0.30059096
 0.30584869 0.29676414 0.30040654 0.28936967]
179 11.455858503463826 [0.29495582 0.25589117 0.24204892 0.30958887 0.2807816  0.30025751
 0.30556519 0.29712397 0.3008311  0.28947986]
180 3.3074204393478057 [0.2948251  0.2561356  0.24192708 0.31025412 0.28079985 0.29995649
 0.30537484 0.2974145  0.30137155 0.28958323]
181 2.7394325516350237 [0.29497762 0.25604408 0.24203003 0.31089721 0.28084938 0.29950429
 0.30538019 0.29770626 0.30172578 0.28924133]
182 2.618401293910816 [0.29459465 0.25573136 0.24205753 0.31140021 0.28090745 0.29932974
 0.30532714 0.29796955 0.30168787 0.2888614 ]
183 2.8522919935028366 [0.29402695 0.25530327 0.24212708 0.31211496 0.28091028 0.29895985
 0.30534078 0.29823107 0.30182624 0.28863526]
184 2.649854013710999 [0.29363734 0.25497707 0.24218248 0.31281615 0.28074402 0.29855175
 0.30535955 0.29845731 0.30171299 0.28882268]
185 1.9964800351741983 [0.29328734 0.25433807 0.2421597  0.3134051  0.28046579 0.29843837
 0.30548354 0.29898517 0.30193716 0.28912825]
186 3.8105086260872283 [0.29313493 0.25377389 0.24200782 0.31396428 0.28034373 0.29840769
 0.30583487 0.29934122 0.30235659 0.289364  ]
187 4.102162088527417 [0.29281521 0.25327294 0.24192144 0.31409087 0.27990496 0.29839258
 0.30594588 0.29931287 0.30277393 0.28961246]
188 3.495596414532524 [0.29235033 0.25280704 0.2417237  0.31425635 0.27947125 0.29828995
 0.30619014 0.29936568 0.303262   0.28976377]
189 4.762388065073863 [0.29202963 0.25234637 0.24166261 0.3143517  0.27918226 0.29829051
 0.30693122 0.29948271 0.30351525 0.29002202]
190 2.0979384670593975 [0.29132115 0.25222933 0.24164278 0.3145121  0.27875304 0.29833132
 0.30757586 0.29948275 0.30375662 0.2904435 ]
191 5.195138125812235 [0.29053494 0.25210222 0.24132245 0.31471422 0.27857703 0.29815878
 0.3080198  0.29959393 0.30396674 0.29087136]
192 4.541054215265614 [0.28985076 0.25178321 0.24104637 0.31493011 0.27852077 0.29806329
 0.30846731 0.29963604 0.30355499 0.291383  ]
193 5.682146618095334 [0.28947574 0.25159035 0.24090626 0.31483886 0.27849858 0.29809151
 0.30889897 0.29958441 0.30287801 0.29174374]
194 4.65612435615733 [0.28898444 0.25152753 0.24069099 0.31472093 0.27851978 0.29798561
 0.30940329 0.2998312  0.30192514 0.29245134]
195 2.92741774544945 [0.28862291 0.25142959 0.24063836 0.31432214 0.27834149 0.29795497
 0.30986746 0.30001432 0.30109923 0.29276203]
196 3.654325623569985 [0.28756505 0.25146507 0.24092492 0.31407458 0.27807408 0.29776722
 0.31056902 0.30009198 0.30085486 0.29272854]
197 5.536898557861289 [0.28625939 0.25153674 0.24137485 0.31406266 0.2777836  0.2975205
 0.31153372 0.30004078 0.30068948 0.29250956]
198 8.305587623318207 [0.28504968 0.25170989 0.24151702 0.31398569 0.27767334 0.29715756
 0.31254735 0.30000611 0.30038305 0.29230507]
199 4.931203680976133 [0.28386584 0.2517615  0.24173091 0.31404742 0.27728753 0.29685263
 0.31358432 0.30012607 0.30036512 0.29222001]
200 3.060736862229196 [0.2825978  0.25166269 0.24208516 0.31430148 0.27692514 0.29669278
 0.31493708 0.30021983 0.3001691  0.29233786]
201 6.132110233843397 [0.28161773 0.25165413 0.24243721 0.31455308 0.27668838 0.2962303
 0.31621422 0.30052726 0.3000247  0.29242756]
202 2.3256612443524003 [0.2808548  0.25158646 0.24277897 0.31474545 0.27643533 0.2958756
 0.31764288 0.3008848  0.29995241 0.29231059]
203 6.078361308920787 [0.28001532 0.25172748 0.24329753 0.31498332 0.2762487  0.29542366
 0.31905106 0.30116029 0.29934738 0.29217673]
204 3.7067391814052186 [0.27903577 0.25176064 0.24352349 0.31527637 0.27596331 0.29513542
 0.32035061 0.30110939 0.2986916  0.29204087]
205 5.041632402572198 [0.2781635  0.25184778 0.24368518 0.31556624 0.27586549 0.29492836
 0.32134753 0.30096617 0.29808377 0.2915203 ]
206 5.418944196974783 [0.27754332 0.25201861 0.24395623 0.31609685 0.27579174 0.29483303
 0.32235844 0.3009309  0.29759282 0.2911372 ]
207 3.07428961783336 [0.27708508 0.25248073 0.24418914 0.31669181 0.27558315 0.29478664
 0.32333655 0.30113292 0.29712347 0.2909449 ]
208 4.057204717727492 [0.27658013 0.25285206 0.24436932 0.31730424 0.2753335  0.29473053
 0.32424575 0.30105675 0.29679663 0.29073788]
209 1.8068427984339475 [0.27610391 0.25314053 0.24448244 0.31778834 0.274935   0.29452224
 0.32513298 0.3006494  0.29629226 0.29024468]
210 1.6873264263686605 [0.27576488 0.25316229 0.2445973  0.31807358 0.27440208 0.29421392
 0.32564848 0.30040943 0.2959357  0.28972233]
211 2.858809534680401 [0.27528116 0.25328049 0.24471596 0.31859574 0.2739831  0.29392786
 0.32618353 0.30012239 0.29568293 0.28897736]
212 3.55713213682101 [0.27492218 0.25336548 0.2448491  0.31925156 0.27357943 0.29387129
 0.32666761 0.29993841 0.29553629 0.28840115]
213 3.3791438546484427 [0.27459542 0.25336725 0.24480473 0.31967298 0.27290599 0.2939218
 0.32722353 0.29985453 0.29568082 0.28781568]
214 3.2911636444752945 [0.27453232 0.25328899 0.24484179 0.32043067 0.27220431 0.29415286
 0.32789    0.29996373 0.29618023 0.28745724]
215 6.577977462236275 [0.27457843 0.25343296 0.24489325 0.3212474  0.27174191 0.29434216
 0.32839231 0.30012498 0.29660243 0.28742441]
216 10.77971994615078 [0.27463162 0.25364953 0.24485879 0.32176426 0.27139294 0.29443857
 0.32838039 0.30035136 0.29663899 0.28741951]
217 16.271268679175726 [0.27457726 0.25381002 0.24477197 0.32181172 0.27099381 0.2946379
 0.32843925 0.30044322 0.29639572 0.28763268]
218 2.465570700953549 [0.27451564 0.25415678 0.24466556 0.3218541  0.2706204  0.29485472
 0.32835981 0.30077705 0.2963061  0.28760802]
219 3.9678750484335636 [0.27445901 0.25451388 0.24456813 0.32192632 0.27039317 0.29515823
 0.32807326 0.301193   0.2963472  0.28759397]
220 5.423691701427083 [0.27450643 0.25480421 0.24439477 0.32198475 0.2700232  0.2953712
 0.32772974 0.30146694 0.29646663 0.28741163]
221 4.969791094602789 [0.27449501 0.25524235 0.24445753 0.32198191 0.26949639 0.29570175
 0.32704832 0.30146388 0.29595523 0.2873788 ]
222 6.488783305462933 [0.27448055 0.2557288  0.24477681 0.32216899 0.26896207 0.29609922
 0.32597065 0.30163574 0.29568549 0.2874989 ]
223 3.1936460191211156 [0.27434433 0.25631651 0.24530674 0.32239028 0.26850154 0.29629321
 0.32487902 0.3017278  0.29546637 0.28782928]
224 2.3733681402965257 [0.27394313 0.2570635  0.24576446 0.32293798 0.26785916 0.29633907
 0.32402829 0.30153953 0.29540925 0.2882166 ]
225 4.552746578688282 [0.2736849  0.25785229 0.24591378 0.32371108 0.26740986 0.29633334
 0.32324587 0.30110146 0.29517674 0.28876132]
226 4.587643668685987 [0.27354032 0.25866978 0.24627494 0.32434194 0.26703512 0.29601035
 0.32208185 0.30092674 0.29509327 0.2892796 ]
227 4.504894716942962 [0.2734369  0.25926437 0.24661223 0.3250382  0.26661024 0.29589384
 0.32096227 0.30119699 0.2951232  0.28967389]
228 5.035022108637816 [0.27306416 0.25991743 0.24668646 0.32582465 0.26639999 0.29591091
 0.32024709 0.30152166 0.29497427 0.29025603]
229 5.644585235327112 [0.27271853 0.26026989 0.24704401 0.32627371 0.26619443 0.29602103
 0.31963252 0.30187632 0.29429869 0.29095953]
230 4.117384557703968 [0.27260122 0.26038596 0.24724171 0.32689871 0.26625072 0.2962298
 0.31912165 0.30242797 0.29344852 0.29156291]
231 4.366139825601436 [0.27232411 0.26027562 0.24739256 0.32708981 0.26637595 0.2965194
 0.31913061 0.30298116 0.29283854 0.29229803]
232 5.543427621132931 [0.27210098 0.26013917 0.247371   0.32740179 0.2665675  0.29675817
 0.3192179  0.30329142 0.29226263 0.29283923]
233 5.10551210908281 [0.27188188 0.26004494 0.24726342 0.32755298 0.26671671 0.29705064
 0.31940162 0.3038449  0.29167868 0.29314888]
234 5.329293502726394 [0.2715957  0.26010429 0.24708701 0.32824602 0.26701327 0.29735643
 0.31945149 0.30468277 0.29088662 0.29318993]
235 4.814040563280393 [0.27127708 0.2601801  0.24698672 0.32897885 0.26725695 0.29782302
 0.31958833 0.30558709 0.29028384 0.29325454]
236 4.486866841703374 [0.27106569 0.26024407 0.24693713 0.32972043 0.26729321 0.29833283
 0.31950468 0.30642984 0.28977722 0.29348539]
237 4.102478909682217 [0.27062701 0.26008744 0.24696395 0.33052373 0.2672748  0.2986592
 0.31946442 0.30715955 0.28929818 0.29364636]
238 5.221221599359822 [0.27005167 0.25980977 0.24685418 0.33152922 0.2672631  0.2986803
 0.31925631 0.30776734 0.28897451 0.29365934]
239 9.64737500236593 [0.26949642 0.25971943 0.2467125  0.33227122 0.26734877 0.29871653
 0.31901054 0.30846097 0.28842048 0.2937171 ]
240 7.607693548863157 [0.26909895 0.25960071 0.24649832 0.33295506 0.26716435 0.29894285
 0.31873496 0.3089193  0.28808893 0.29354811]
241 3.8201688198426353 [0.26860959 0.25969381 0.24606029 0.33357166 0.26720493 0.29893411
 0.31825387 0.30942926 0.28783345 0.2935326 ]
242 3.792595247565737 [0.26824556 0.25998307 0.24578269 0.33394075 0.26736365 0.29902911
 0.31793448 0.30983823 0.28763037 0.29371661]
243 8.852935879783644 [0.26798662 0.26029757 0.2455857  0.3345486  0.26743009 0.29906075
 0.3175053  0.31009421 0.28736344 0.29386656]
244 5.515323122998756 [0.26770604 0.26056438 0.24548226 0.33528212 0.26756928 0.2990604
 0.31714968 0.3105962  0.28708028 0.29399001]
245 3.9673619470899473 [0.26717625 0.26092881 0.24553801 0.33605832 0.26761723 0.29901087
 0.3167831  0.31099586 0.28684078 0.29401125]
246 5.46159872447665 [0.26661556 0.26132742 0.24534583 0.3368311  0.26767998 0.29913696
 0.31654018 0.31145451 0.28675655 0.29414218]
247 4.572414619729267 [0.26575315 0.26189711 0.24516466 0.33775774 0.26760648 0.29951937
 0.31660159 0.31171938 0.28694183 0.29431242]
248 4.7011230876053975 [0.26497337 0.26258126 0.24500035 0.33864559 0.26755924 0.30002989
 0.31675817 0.31185568 0.28693886 0.29462044]
249 4.346006682274596 [0.26432626 0.26314602 0.24476219 0.33958784 0.26748345 0.30044716
 0.31725676 0.31181087 0.28680915 0.29525497]
250 2.148310015261691 [0.26391194 0.26375122 0.24447539 0.34010273 0.26718897 0.30092647
 0.31771999 0.311658   0.28694469 0.29559336]
251 3.8972702247394073 [0.26351024 0.2640533  0.24427294 0.34059365 0.26685266 0.3015412
 0.31808166 0.31132152 0.28722927 0.29607736]
252 2.3248717791042934 [0.26307599 0.26405169 0.24386073 0.34114914 0.26660372 0.30260911
 0.31856004 0.31131716 0.287145   0.29667777]
253 6.596438887624638 [0.26256535 0.26407688 0.24344858 0.34137489 0.26633649 0.30367941
 0.31860298 0.31133893 0.2871662  0.29721256]
254 5.7771391375381675 [0.26231195 0.26402128 0.24276107 0.34149433 0.26578883 0.30483509
 0.31858548 0.31154697 0.28771288 0.29787353]
255 2.8999112351062037 [0.26202638 0.26407448 0.24222115 0.34171331 0.26532055 0.30592825
 0.31849681 0.31173003 0.28833933 0.29805445]
256 6.814029400510821 [0.26171952 0.26407681 0.24187154 0.34218642 0.26482443 0.30686227
 0.31838859 0.31211196 0.28859642 0.29827619]
257 5.504220537981376 [0.26129543 0.26399566 0.24151289 0.34290859 0.26413519 0.30774552
 0.31828639 0.31257152 0.2890034  0.29862048]
258 4.583525863040525 [0.26109434 0.26394569 0.24125427 0.34403255 0.26360282 0.30868885
 0.31819983 0.31308996 0.28936057 0.29888743]
259 5.004930867252207 [0.26075981 0.26374874 0.2408622  0.34515179 0.26322564 0.3092624
 0.31835878 0.3138385  0.2896372  0.29946028]
260 2.497504747739428 [0.26049028 0.2635522  0.24051015 0.34576703 0.26280775 0.30965189
 0.31861414 0.31454842 0.28983233 0.30015737]
261 4.04758438487555 [0.26047743 0.26329663 0.24005599 0.34643188 0.26262143 0.31019893
 0.31840826 0.31517817 0.28985752 0.30101533]
262 5.227394790319247 [0.26039401 0.26304178 0.23979938 0.3471439  0.26235903 0.31083251
 0.31855303 0.31558912 0.28993002 0.30193985]
263 1.6087661736906769 [0.26017814 0.2628343  0.23948465 0.3477989  0.26219129 0.31159985
 0.31877984 0.3160697  0.28990674 0.30276499]
264 7.577225646349584 [0.25985651 0.26261668 0.23924658 0.34828966 0.26190064 0.31218011
 0.31901945 0.31629471 0.2897867  0.30353477]
265 3.6578856944059117 [0.25972482 0.262478   0.23904752 0.3485876  0.26183859 0.31238225
 0.31917072 0.31656702 0.2898594  0.30423903]
266 2.1618846059026624 [0.25937081 0.26243095 0.23883467 0.34890976 0.26165371 0.31253546
 0.31932368 0.31695149 0.29001857 0.30521364]
267 4.593391144087121 [0.25890155 0.26239192 0.23862518 0.34938003 0.26136989 0.31278291
 0.31945835 0.31727336 0.29020304 0.30628144]
268 3.1323442692838945 [0.25842481 0.26237317 0.23811785 0.34975881 0.26126516 0.31285613
 0.31936654 0.31757033 0.2904777  0.30722813]
269 4.470312985676369 [0.25797712 0.2619634  0.23767121 0.34984559 0.2612557  0.31272284
 0.31930803 0.31787913 0.29096989 0.30806627]
270 3.1363495936581414 [0.2575648  0.26156782 0.23732138 0.34986959 0.26124324 0.31256922
 0.3190775  0.31846495 0.29118996 0.30851599]
271 3.7038065242416938 [0.25735579 0.26101865 0.23700163 0.34995697 0.26116313 0.31253865
 0.31897555 0.31886672 0.29133415 0.30894425]
272 2.317146681251415 [0.25722149 0.26041353 0.2366319  0.34992081 0.26109453 0.31276096
 0.31868047 0.31930228 0.29139476 0.30928185]
273 2.768641588283065 [0.25731028 0.25969335 0.23626823 0.34997459 0.26098951 0.31305079
 0.31852212 0.31982816 0.2912773  0.30942747]
274 4.447979659828722 [0.25729185 0.25870613 0.23590629 0.34995702 0.26088718 0.31321513
 0.31869057 0.32008205 0.29105167 0.30939572]
275 3.0052373716436147 [0.25726071 0.25777933 0.23562995 0.34992085 0.26063752 0.31345925
 0.31911959 0.32042024 0.29108787 0.30909228]
276 3.869194458761661 [0.2572975  0.25688394 0.23543223 0.34983638 0.26018031 0.31351538
 0.319908   0.32071238 0.29114503 0.30895139]
277 5.159803614894216 [0.25713623 0.25612874 0.23522526 0.3499838  0.25959017 0.31376423
 0.32060288 0.32105682 0.29121    0.30879317]
278 3.0039924839744643 [0.25705843 0.25535281 0.23500197 0.35018929 0.25928223 0.31404208
 0.32125054 0.32121161 0.29137831 0.30849583]
279 4.444430963850877 [0.25688509 0.25472831 0.23487017 0.35044505 0.25898668 0.31398897
 0.3217753  0.32126401 0.29141394 0.3080743 ]
280 5.325032821125893 [0.25666557 0.25412394 0.23472955 0.3505971  0.25849333 0.31387961
 0.32228208 0.32151499 0.29142522 0.30782808]
281 3.104702423264192 [0.25642154 0.25356132 0.23448579 0.35056886 0.25806538 0.31399916
 0.322765   0.32155793 0.29167178 0.30764592]
282 3.701547212276742 [0.25626611 0.25274185 0.23426794 0.3507652  0.25762927 0.31379001
 0.32314028 0.32180134 0.29190742 0.30769318]
283 3.960194912013772 [0.25604069 0.25188332 0.23410027 0.35096756 0.25731048 0.31362858
 0.32346124 0.32225684 0.29186947 0.30783001]
284 3.83539253093635 [0.25584858 0.25115428 0.23406852 0.35105685 0.25711547 0.3134161
 0.3237449  0.3225893  0.29192844 0.3079616 ]
285 4.027268046438275 [0.25555447 0.25049983 0.23397268 0.35145179 0.25696517 0.31301643
 0.32405883 0.32293034 0.29182594 0.30808932]
286 4.124664364451905 [0.25512145 0.24958086 0.23375032 0.35167717 0.25652503 0.31285766
 0.32417693 0.32313943 0.29144876 0.30829464]
287 3.192263061416007 [0.25473237 0.24865143 0.23356182 0.35185493 0.25596654 0.3127182
 0.3243474  0.32329375 0.29126366 0.30830009]
288 3.2583670422416207 [0.25451802 0.24800338 0.23318113 0.35210537 0.25537853 0.31251601
 0.32419818 0.32364813 0.29094614 0.3085457 ]
289 3.0772554745517366 [0.25421946 0.24735644 0.23285912 0.35203334 0.25487555 0.31206171
 0.32396822 0.32401233 0.29050309 0.30894749]
290 2.6369243767248736 [0.2535273  0.2468673  0.23243104 0.35154375 0.25449552 0.3115767
 0.32382243 0.32451657 0.28989239 0.30919806]
291 6.477205650821803 [0.25303012 0.24642253 0.23213909 0.35110033 0.25403541 0.31139899
 0.32338721 0.32521213 0.28912672 0.30946639]
292 5.995143049346923 [0.25256014 0.24584604 0.23192089 0.35089173 0.25366721 0.31108655
 0.32296482 0.3257931  0.2886758  0.30994151]
293 2.6809568749180617 [0.25222691 0.24543958 0.23169491 0.35069706 0.25322613 0.31051943
 0.32311903 0.32664724 0.28815021 0.31013678]
294 3.6440932039815714 [0.25195791 0.24526465 0.23163615 0.35065102 0.25266099 0.30984044
 0.32357816 0.32748817 0.28790505 0.3103876 ]
295 2.873934127857038 [0.25166017 0.24531075 0.23159817 0.35033956 0.25205385 0.30932942
 0.32433298 0.32827219 0.28792869 0.31050694]
296 4.945278204871575 [0.25145363 0.24514402 0.23152073 0.34980877 0.25141605 0.30893266
 0.3249737  0.32866179 0.28815578 0.31059082]
297 3.826227745326498 [0.25106737 0.24506678 0.23159715 0.34909545 0.25066178 0.30841167
 0.32585344 0.32862064 0.28832881 0.31067722]
298 4.038775591498041 [0.25054486 0.24519679 0.23142077 0.34860199 0.24980532 0.30799184
 0.32670563 0.32854382 0.28846149 0.31082503]
299 3.0880961882378495 [0.2502159  0.24513141 0.23139089 0.34790467 0.24918604 0.30765214
 0.32736676 0.32860154 0.28859615 0.31078914]
300 6.085935365430867 [0.2499437  0.24520274 0.23145168 0.34731132 0.24865275 0.30729379
 0.32785433 0.32893486 0.28869152 0.31090144]
301 2.511404659608512 [0.24977009 0.24529142 0.23156914 0.34661906 0.24821831 0.30701918
 0.32820389 0.32902845 0.28916403 0.31102195]
302 4.99218520493666 [0.24965878 0.24546143 0.23162896 0.34603641 0.24793315 0.30681649
 0.32859128 0.32895839 0.28978021 0.31100704]
303 4.097708873369299 [0.24957955 0.24581707 0.23164832 0.34572934 0.24767912 0.30681535
 0.32875918 0.32891377 0.29028538 0.31084768]
304 5.237054637692697 [0.24942946 0.24611389 0.23152448 0.34565779 0.24734749 0.30668797
 0.3289444  0.32865801 0.29058399 0.31027934]
305 6.489640097020538 [0.24917284 0.24625877 0.23115431 0.34565799 0.24687873 0.30673526
 0.32926451 0.32833105 0.29099819 0.30994973]
306 3.9416408765472344 [0.24901762 0.24612753 0.23087392 0.34576147 0.24640577 0.30704003
 0.32891773 0.32802711 0.2914272  0.30994881]
307 8.22052647585505 [0.24896092 0.24572504 0.23052505 0.34585338 0.24595605 0.30741177
 0.32864092 0.32780539 0.2919243  0.30993293]
308 2.854567332670343 [0.24883554 0.24536449 0.23003978 0.34566893 0.24554536 0.30765322
 0.32854326 0.32758615 0.29213566 0.30976386]
309 3.2363150602073256 [0.24857863 0.24509057 0.22964908 0.34557208 0.24500089 0.3082441
 0.32853968 0.32723646 0.29226176 0.30989452]
310 2.848716848084086 [0.24835773 0.24473008 0.22912697 0.34569384 0.24451547 0.30885874
 0.328502   0.32699462 0.29249851 0.31002444]
311 6.8247014463682625 [0.24806342 0.24438042 0.22860717 0.34588221 0.24415384 0.30941878
 0.32826918 0.32709769 0.29296949 0.3102494 ]
312 5.4437781187010685 [0.24788695 0.24398181 0.22809101 0.34626147 0.24383134 0.30999779
 0.32807806 0.32707224 0.29351673 0.30999215]
313 5.241713795258075 [0.24762543 0.24367005 0.22770771 0.34655944 0.24348727 0.31076938
 0.3279271  0.32699236 0.29383312 0.30946634]
314 3.802323929343637 [0.24732749 0.24330143 0.2273889  0.34682913 0.24330576 0.31102801
 0.32762445 0.32697223 0.2938516  0.30877506]
315 6.744955631221421 [0.24705917 0.24289303 0.22705974 0.34720276 0.24315214 0.31129023
 0.32717586 0.3272123  0.29408374 0.30819677]
316 3.919711017856356 [0.2467739  0.24252053 0.22659406 0.34748011 0.2427456  0.31145209
 0.32680559 0.32734404 0.29432448 0.3074464 ]
317 5.784164070169192 [0.24633874 0.24205056 0.22603732 0.34754707 0.24225669 0.3114472
 0.32638157 0.32746658 0.29464879 0.3064349 ]
318 341.3513935090565 [0.24606839 0.24151061 0.22555596 0.34733065 0.24188623 0.31132761
 0.32594287 0.32740134 0.29487243 0.3054221 ]
319 2.4460484733515107 [0.24567781 0.24117484 0.22506527 0.34718595 0.24152344 0.31122609
 0.32540126 0.32743492 0.29530273 0.30470807]
320 3.6687252652632427 [0.24523872 0.24063283 0.22478331 0.34707355 0.24105691 0.31090899
 0.32502932 0.3279261  0.29555625 0.30376754]
321 7.8740501873619175 [0.24468672 0.24011267 0.22450606 0.3465792  0.24046107 0.31090597
 0.3249393  0.32775222 0.29565303 0.30296151]
322 5.255779083698414 [0.24420432 0.23965049 0.22422294 0.34623985 0.24000309 0.31089308
 0.32504192 0.32749356 0.29581796 0.30195866]
323 5.875835582950176 [0.24364796 0.2393489  0.22388143 0.34556309 0.23971622 0.31074555
 0.32495095 0.32738271 0.29602236 0.30117901]
324 3.0515145475016867 [0.24306377 0.23906292 0.22349211 0.34497705 0.23943633 0.31056367
 0.32506134 0.32732348 0.29614596 0.30055356]
325 4.288494672042893 [0.24257228 0.23900544 0.22309428 0.34441582 0.23923311 0.31039129
 0.32492446 0.32754876 0.29636188 0.29985746]
326 4.537808951408207 [0.24207183 0.2390796  0.22273095 0.34370106 0.2392202  0.30998055
 0.32473399 0.32796156 0.29681287 0.29928891]
327 2.7439178627028036 [0.24160367 0.23929509 0.22231225 0.34314144 0.23928518 0.30955866
 0.32468951 0.32861965 0.29721439 0.29864426]
328 2.3473332383995715 [0.24126105 0.23945716 0.22201875 0.34282075 0.23940368 0.30921323
 0.32480991 0.32908162 0.29769094 0.29765572]
329 4.041740371622511 [0.24088673 0.23954172 0.22172807 0.34256129 0.23927628 0.30872293
 0.32498374 0.3295709  0.29822963 0.29684565]
330 3.3551374358731625 [0.24049043 0.23959787 0.2214794  0.34230233 0.23917279 0.30794533
 0.32502193 0.3303722  0.29899364 0.29601292]
331 4.551810374307555 [0.24002495 0.23965759 0.22124395 0.34212555 0.23906736 0.30717856
 0.32501087 0.33111401 0.29969077 0.29539384]
332 5.015707938443814 [0.23968981 0.23983624 0.22091883 0.3420503  0.23903446 0.30661327
 0.32498984 0.33184507 0.30027017 0.29489168]
333 6.262022510965528 [0.23940994 0.2400958  0.22066123 0.34234405 0.23878229 0.30617013
 0.32489403 0.33238512 0.30073248 0.29435424]
334 6.1283116777708155 [0.23919415 0.24024845 0.22052252 0.34260684 0.23854811 0.30577913
 0.32452493 0.33293843 0.30095142 0.29382936]
335 3.7381873770643725 [0.23877031 0.24020561 0.22022654 0.34256626 0.23831144 0.30511399
 0.32434126 0.33350155 0.30164372 0.2930851 ]
336 4.239699838966308 [0.23817752 0.24019371 0.21972449 0.34259552 0.2380648  0.30442618
 0.32396434 0.33401495 0.30232169 0.29234938]
337 5.829466596500199 [0.23768734 0.24015952 0.21904402 0.34271185 0.2378422  0.30378989
 0.32383237 0.33490312 0.3030557  0.29191919]
338 5.256236827212807 [0.23737076 0.24014052 0.21833124 0.34300336 0.23754105 0.30331615
 0.32384018 0.33598073 0.30351956 0.29148351]
339 4.637646336563927 [0.23721    0.24010033 0.21770547 0.34348946 0.23726442 0.30283928
 0.32379293 0.33674581 0.30387863 0.29118837]
340 4.599392045678379 [0.23683907 0.24012948 0.21715813 0.3439581  0.23702722 0.30219886
 0.32373025 0.33755409 0.30429533 0.29100457]
341 2.820783437366012 [0.2364383  0.2401887  0.21658651 0.34406578 0.2367357  0.3015588
 0.32374099 0.33840654 0.30490603 0.29070902]
342 2.952753320076271 [0.2361456  0.2404268  0.21623068 0.34413939 0.23651134 0.30071746
 0.32379209 0.3393919  0.30537167 0.29037384]
343 4.096203012916861 [0.23583136 0.24063421 0.21584191 0.34405241 0.23623614 0.30001785
 0.32424146 0.34024646 0.30564283 0.29005364]
344 4.955806923068108 [0.23549319 0.24068174 0.21547745 0.34377102 0.23601595 0.29939545
 0.32441888 0.34114868 0.30571718 0.28963634]
345 3.902177637801039 [0.23517572 0.2405732  0.2149665  0.34315036 0.23580523 0.29860441
 0.32486753 0.34200473 0.30548367 0.28903229]
346 4.013943895705373 [0.23495944 0.24049461 0.21456632 0.34295612 0.2354717  0.29815345
 0.32528552 0.34269252 0.3052953  0.2885361 ]
347 3.9252326199218555 [0.23470466 0.23999623 0.21417151 0.34290639 0.23499191 0.29768513
 0.32581777 0.34340441 0.30529122 0.28820002]
348 3.267963967255449 [0.23446225 0.23955285 0.21368195 0.34278262 0.23458429 0.2971562
 0.32615617 0.34434814 0.30483977 0.28776513]
349 10.282242019291298 [0.23431093 0.23909482 0.21322362 0.34265982 0.23415778 0.29682761
 0.32658712 0.34517394 0.30426193 0.28716146]
350 7.776029258780334 [0.23415217 0.23863641 0.21291129 0.34272108 0.23385136 0.29665657
 0.32676549 0.3461156  0.30379047 0.28665726]
351 3.689020239339798 [0.23411797 0.2379697  0.21264486 0.34268483 0.2333763  0.29641115
 0.32680855 0.34726963 0.30308179 0.28610859]
352 2.5410416333937276 [0.23390238 0.23722324 0.21242677 0.34255862 0.23288398 0.29646567
 0.32675634 0.34842485 0.30218618 0.28560513]
353 4.927520346240081 [0.23375833 0.23660662 0.21217734 0.34247029 0.23238667 0.29664279
 0.32665639 0.34951005 0.30157481 0.28522917]
354 6.138902698101275 [0.23362812 0.23604127 0.21184646 0.34223462 0.2318056  0.29693307
 0.32676896 0.35053126 0.30092406 0.28506513]
355 4.100029461689983 [0.23364185 0.23550695 0.2116211  0.34170762 0.2312766  0.29729841
 0.32710792 0.35149328 0.3005119  0.28502544]
356 3.410148127109497 [0.23383164 0.2351264  0.21139871 0.34137825 0.2308439  0.29751918
 0.32746481 0.35274043 0.30030681 0.28510261]
357 7.034388637874693 [0.23388619 0.23466525 0.21116786 0.34093927 0.23051487 0.29753898
 0.3275522  0.35348653 0.30001011 0.28527688]
358 2.7497401131130457 [0.23396062 0.23422972 0.21089334 0.34028995 0.23024274 0.29745986
 0.32761824 0.35371515 0.29992591 0.28533897]
359 6.514963131327507 [0.23402658 0.23391274 0.21057622 0.33974883 0.23002667 0.29749359
 0.32746389 0.35398844 0.29977483 0.28545391]
360 5.524565894456896 [0.23407278 0.23355375 0.21026056 0.33919417 0.22966809 0.29761485
 0.32727173 0.35460508 0.2993424  0.28561851]
361 2.584568606108468 [0.23417927 0.23318994 0.20983512 0.33879555 0.2292194  0.2974442
 0.32693422 0.3549471  0.29895543 0.28583038]
362 5.783694722800429 [0.23418687 0.23281007 0.20942467 0.33833979 0.2287673  0.29734732
 0.32657088 0.35522701 0.29874639 0.2861018 ]
363 3.937914130124791 [0.23425078 0.23243554 0.20894664 0.33817123 0.22836455 0.29747752
 0.32613708 0.35530265 0.2986296  0.28649533]
364 3.2500155383831304 [0.23416043 0.23200598 0.20867668 0.3378272  0.22791338 0.29755779
 0.32580972 0.35545472 0.29816483 0.28704873]
365 3.5969139147327924 [0.23411214 0.23138871 0.20848378 0.33742233 0.22750893 0.29768587
 0.32540967 0.35555003 0.29761806 0.28758792]
366 4.591842081197205 [0.23410254 0.23101877 0.20825979 0.3372375  0.22708166 0.29785239
 0.32485651 0.35573165 0.29727168 0.28839269]
367 2.3004298557587397 [0.23408977 0.2307909  0.2080864  0.33705569 0.22668978 0.2981184
 0.32434222 0.35586653 0.2969983  0.289128  ]
368 4.110575355147267 [0.23415229 0.23049254 0.20780125 0.33680459 0.22635911 0.298578
 0.32426495 0.35680966 0.2967647  0.28994659]
369 3.5372880353348393 [0.23415096 0.23005462 0.20717185 0.33621128 0.22587084 0.29902889
 0.32433302 0.35762935 0.29638976 0.29081263]
370 1.8183724260474814 [0.2342084  0.2297481  0.20646741 0.3356827  0.22540039 0.29941819
 0.32396546 0.35841618 0.29612268 0.2916953 ]
371 2.832255362993868 [0.2343678  0.22934057 0.20588123 0.33566121 0.22499754 0.2997083
 0.3237087  0.35927926 0.29592982 0.29254957]
372 3.25208550546531 [0.23424919 0.2290317  0.205393   0.33570625 0.22463193 0.3001102
 0.32339343 0.36014924 0.29555913 0.29351237]
373 7.278056929951745 [0.23418571 0.22901211 0.20490452 0.33586855 0.22430788 0.30039181
 0.32335269 0.36106456 0.2950321  0.29434458]
374 3.962032620491057 [0.2342471  0.22900892 0.20447767 0.33622056 0.22398775 0.30084524
 0.3231079  0.3620143  0.29451604 0.29498546]
375 7.005656586696355 [0.23438113 0.22901131 0.20395824 0.33646751 0.22369503 0.30122793
 0.3230653  0.36301304 0.29382687 0.29575666]
376 4.490872754211391 [0.23458995 0.22908044 0.20320719 0.33674851 0.22335789 0.30158596
 0.32311067 0.3639697  0.29335355 0.29629962]
377 5.584687001485882 [0.23484935 0.22915787 0.20245451 0.33690084 0.2230403  0.30195418
 0.32307298 0.36439584 0.29298694 0.29697632]
378 2.9906149176999337 [0.23494396 0.22922638 0.20186979 0.33694945 0.22274254 0.30237905
 0.32306799 0.3643787  0.29283999 0.29770447]
379 3.4441870524132625 [0.2350189  0.22924927 0.2011957  0.33686149 0.22245586 0.30288972
 0.32324143 0.36450401 0.29274944 0.29838334]
380 5.818615222532921 [0.2350468  0.22923128 0.2005044  0.33642419 0.2222052  0.3033101
 0.32319557 0.36435818 0.29260538 0.29901454]
381 6.014643849382836 [0.23514013 0.22914051 0.19985574 0.33580869 0.22209035 0.30372217
 0.32314759 0.36433531 0.29263719 0.29966866]
382 4.943832185304591 [0.23496951 0.22907259 0.19914026 0.33521012 0.22193003 0.30403847
 0.32348635 0.36426842 0.29290993 0.30039167]
383 3.4269373580672022 [0.23481284 0.22902781 0.19845743 0.33467009 0.22177627 0.30410566
 0.32348672 0.36411264 0.29325937 0.30092422]
384 4.981182776412014 [0.23467833 0.22915267 0.19769955 0.33380649 0.22172797 0.30416563
 0.32313265 0.36392829 0.29367225 0.30160638]
385 3.1138057500853904 [0.2345626  0.22939638 0.19696695 0.33277667 0.22178046 0.30430614
 0.32273134 0.36359368 0.29410739 0.3022833 ]
386 4.01606435988754 [0.2344705  0.22960983 0.19625052 0.33173668 0.22177974 0.30466183
 0.32231638 0.36364512 0.29437393 0.3032538 ]
387 5.5402275104992 [0.23433019 0.22979678 0.19566952 0.3309198  0.22184384 0.30463059
 0.32192164 0.36367396 0.2946319  0.30395332]
388 5.553922717268004 [0.23417141 0.23003201 0.19521063 0.33023628 0.22181368 0.30451198
 0.32184665 0.36407253 0.2947789  0.30464571]
389 3.0727397752990795 [0.23413605 0.23010248 0.19487042 0.32965669 0.22173801 0.30412944
 0.3217796  0.36444805 0.29516561 0.30543219]
390 3.7755703300978567 [0.23399149 0.23007056 0.19459104 0.32911879 0.22167213 0.30380665
 0.32177691 0.36467219 0.29549543 0.30610182]
391 5.247019641195549 [0.23383625 0.22982599 0.19425796 0.32880337 0.2216465  0.3034889
 0.32183695 0.36502084 0.29580576 0.30662302]
392 1.9485591969141334 [0.233637   0.22964086 0.19394129 0.32840575 0.2216224  0.30323825
 0.32170988 0.36558431 0.29615518 0.30701115]
393 3.4962527944665034 [0.23340261 0.22958234 0.19362466 0.3282244  0.22173878 0.30318823
 0.32201074 0.365586   0.29674699 0.30717901]
394 6.45194624488539 [0.23319146 0.22960857 0.19333869 0.3281409  0.22178678 0.30329621
 0.3219519  0.36557322 0.29748925 0.30731802]
395 2.716898713029162 [0.23310964 0.22964815 0.19302331 0.32797216 0.22184957 0.30334566
 0.32183259 0.36557928 0.29821853 0.30746203]
396 1.2533003087716632 [0.23308664 0.22961641 0.19281201 0.32767782 0.22180482 0.30335757
 0.32185294 0.36559295 0.29865888 0.30745032]
397 2.5000996309152343 [0.23302641 0.22944262 0.19246418 0.32745448 0.22177482 0.30332021
 0.32200501 0.36562996 0.29925174 0.30743179]
398 3.0914816165803116 [0.23308483 0.22920937 0.19211258 0.32729094 0.22184346 0.30321854
 0.32213415 0.36593787 0.29967992 0.30760112]
399 1.1876715857100004 [0.2331405  0.22906685 0.19178314 0.32704656 0.22185429 0.30307383
 0.32219275 0.36636142 0.30005856 0.30792802]
400 3.2489386766330357 [0.23324333 0.22891182 0.19142613 0.3267249  0.22184047 0.30278562
 0.32217349 0.36675577 0.30051505 0.3083303 ]
401 4.006387847430447 [0.23334104 0.22897403 0.19112559 0.32630839 0.22184576 0.3024238
 0.32225444 0.36697351 0.30097563 0.30888636]
402 3.1325779235469517 [0.23355371 0.22901032 0.19076141 0.32587175 0.22183692 0.30233667
 0.32203981 0.36725573 0.30146778 0.30928209]
403 7.112163748004631 [0.23380428 0.22906801 0.19036247 0.32551412 0.22182355 0.30227115
 0.32168181 0.36765247 0.30174583 0.30954048]
404 3.234053453585341 [0.2340644  0.22913601 0.18995511 0.32498384 0.22191518 0.30222896
 0.32090477 0.36807417 0.3019416  0.3097414 ]
405 2.2119656107558465 [0.23430461 0.22931133 0.18965762 0.32464944 0.22193035 0.30221093
 0.31999408 0.36820395 0.30192997 0.31005977]
406 2.2000186816840306 [0.2345159  0.22951236 0.1893519  0.32459851 0.22195858 0.30235991
 0.31917639 0.36859243 0.30219931 0.310366  ]
407 3.234581051629553 [0.23474697 0.22966663 0.18905912 0.32483698 0.22189291 0.30257696
 0.3184068  0.36867355 0.30246118 0.31076773]
408 6.693661251413927 [0.23488543 0.22996068 0.18884632 0.32493849 0.22183534 0.30292559
 0.31744109 0.36876946 0.30259843 0.31168532]
409 4.765030331860672 [0.23496468 0.23010876 0.1886125  0.32507382 0.22175738 0.30336925
 0.31639616 0.36880396 0.30249337 0.3124872 ]
410 2.98015149853291 [0.23511807 0.23014714 0.18838571 0.32521413 0.22165476 0.30363623
 0.31554093 0.36853162 0.30231485 0.31327965]
411 3.0811529915537794 [0.23508601 0.23001993 0.1880053  0.32515724 0.22159459 0.30407798
 0.31479242 0.36811672 0.30210216 0.31391106]
412 2.0941603078687683 [0.23494333 0.2300024  0.18763039 0.32504839 0.22136209 0.304477
 0.31413273 0.36774657 0.30175831 0.31414442]
413 4.288190104829219 [0.23481323 0.23014883 0.1872804  0.32476361 0.2210439  0.30489846
 0.31327464 0.36724579 0.30158358 0.31412708]
414 3.6586474588806643 [0.23470646 0.23010546 0.18693137 0.32438716 0.2207382  0.30537317
 0.31247577 0.36752875 0.30138746 0.31398383]
415 5.4565473379452625 [0.23448287 0.22993668 0.18665935 0.32417066 0.22037622 0.30566682
 0.3118075  0.36796657 0.30090004 0.31341498]
416 6.552243465091383 [0.23432908 0.22976245 0.18640415 0.32385301 0.22005166 0.30584864
 0.31147514 0.36832021 0.2999866  0.31277082]
417 4.95262707519843 [0.23405675 0.22942203 0.18601856 0.32333498 0.21972381 0.30623803
 0.31110457 0.36842193 0.29927615 0.31239878]
418 4.470896847681941 [0.23395368 0.22904429 0.18561842 0.32270531 0.21937921 0.30656424
 0.31072064 0.36920838 0.29870995 0.31221183]
419 6.83399711909999 [0.23387812 0.22867302 0.18526677 0.3220547  0.21913584 0.30692644
 0.31047773 0.36994652 0.29803616 0.31197629]
420 6.58786068266166 [0.23373182 0.22838154 0.18502195 0.32148696 0.21893344 0.30711187
 0.31019229 0.37054676 0.29737241 0.31187704]
421 8.171650670780327 [0.23364672 0.22809618 0.18490863 0.32115421 0.21877246 0.30709094
 0.31004989 0.37084807 0.29662572 0.31181502]
422 4.673365354759646 [0.23356071 0.22795663 0.18482049 0.32079562 0.21869062 0.30695804
 0.31005109 0.37068157 0.29594612 0.31176585]
423 6.360039560389591 [0.2334904  0.22795494 0.18482242 0.32008193 0.21863613 0.30706387
 0.30993553 0.37052648 0.29525083 0.31160444]
424 3.7969230314374585 [0.23328747 0.22800976 0.18481612 0.31901194 0.21866181 0.30705634
 0.30962301 0.37022873 0.29432562 0.31142768]
425 5.916333164228362 [0.23314239 0.22830319 0.1848648  0.31788676 0.21859197 0.30728592
 0.30930548 0.36979975 0.29368835 0.31135386]
426 6.434033381435195 [0.23286075 0.22860895 0.18493779 0.31687    0.2185019  0.30741673
 0.30874932 0.36942554 0.29309595 0.31112275]
427 4.841122205821097 [0.23264341 0.2289604  0.18493714 0.31590128 0.21846625 0.30755148
 0.30830203 0.36925658 0.29252178 0.31124873]
428 4.051331439891799 [0.23247543 0.22929344 0.18494031 0.31509105 0.21839977 0.30753551
 0.30794003 0.36886228 0.29216368 0.31135824]
429 4.680259035614672 [0.23218068 0.22972426 0.18494667 0.31419073 0.21841348 0.30741485
 0.307498   0.36835116 0.29164338 0.31147583]
430 3.451537321750339 [0.23161425 0.23012749 0.18491713 0.31337622 0.21831591 0.30765432
 0.3069284  0.36823028 0.29146497 0.31148957]
431 4.2058816464260795 [0.23105475 0.23045099 0.18492282 0.31258616 0.21831214 0.30796066
 0.30635285 0.36830028 0.29134966 0.31131404]
432 3.480645399242052 [0.23069269 0.23066102 0.18496454 0.31173331 0.21840034 0.30832168
 0.30584411 0.36823239 0.29127559 0.31086436]
433 4.273501309372467 [0.23039582 0.23081615 0.18500756 0.31113685 0.21846589 0.30829968
 0.30543596 0.36831796 0.2912931  0.31010128]
434 4.383280861192359 [0.23013772 0.230914   0.18503441 0.3105693  0.21851497 0.30837119
 0.30517798 0.36843029 0.29163657 0.30931325]
435 2.872258374671382 [0.2300931  0.23071425 0.18499291 0.31019605 0.21854366 0.30859969
 0.30510248 0.3687164  0.292136   0.30879339]
436 3.9560646853463126 [0.22996354 0.23034355 0.18501576 0.3098169  0.21857534 0.30895244
 0.30474097 0.36913428 0.29265811 0.30807867]
437 5.068377248785971 [0.2299032  0.2301048  0.18503729 0.30949339 0.2186983  0.30909574
 0.30441494 0.36931281 0.29311147 0.307496  ]
438 4.928276193834004 [0.22989562 0.22987708 0.1850661  0.30938591 0.21889145 0.30909008
 0.30429212 0.36991665 0.29321864 0.30723168]
439 4.1089225647458205 [0.22993039 0.22952421 0.18508337 0.30928322 0.21894186 0.30886037
 0.30426306 0.37021809 0.29345318 0.30699142]
440 7.4125349214550615 [0.23003305 0.22900315 0.18515499 0.30911798 0.21897627 0.30876968
 0.3039613  0.37040256 0.29377694 0.30679217]
441 3.363792525639921 [0.23019369 0.22854363 0.18520751 0.30911824 0.21897604 0.3086295
 0.30358563 0.3704447  0.29405108 0.30678033]
442 4.163429810205614 [0.23033255 0.22807961 0.18528546 0.30893534 0.21899974 0.30840419
 0.30326954 0.37079869 0.29423495 0.30653501]
443 7.310507566236508 [0.23063017 0.2273559  0.18520745 0.30882814 0.21897041 0.30808858
 0.3030834  0.37093758 0.29384651 0.30624136]
444 4.435506006209749 [0.23088084 0.22675256 0.18509858 0.30877003 0.21879492 0.30758646
 0.30284516 0.37078052 0.2936072  0.3059576 ]
445 3.7374012711648614 [0.23106717 0.22620463 0.1849882  0.30865606 0.21863965 0.30695682
 0.30273753 0.37051761 0.29338686 0.30579215]
446 4.351700482627542 [0.23134238 0.2256073  0.18487495 0.30854982 0.21858705 0.30606752
 0.30256013 0.37039743 0.29325607 0.30577245]
447 3.3615814159363957 [0.23165509 0.22498068 0.18478335 0.30834276 0.21848558 0.30512403
 0.30206889 0.36999359 0.29310904 0.30577931]
448 3.0673817618272174 [0.2320069  0.22393432 0.1847562  0.30801687 0.21827678 0.30409664
 0.30144034 0.36959416 0.29309908 0.30580311]
449 4.559048222424167 [0.2322698  0.22281908 0.18467478 0.30759407 0.21804677 0.30318532
 0.30095922 0.36942294 0.2931377  0.30578841]
450 3.7567561282382367 [0.2324608  0.22187051 0.1846144  0.30720147 0.21779626 0.30267583
 0.30026668 0.36919045 0.29330845 0.30600847]
451 5.053531275884272 [0.23260103 0.22108513 0.18455126 0.30683835 0.21761553 0.30242209
 0.29956344 0.3685724  0.29345815 0.30608412]
452 4.114158008132869 [0.23291856 0.22040207 0.18450189 0.30649555 0.21743334 0.30221913
 0.29881553 0.36802584 0.29356651 0.30615311]
453 3.258500302643043 [0.23325741 0.21974359 0.18448041 0.30605409 0.21723206 0.30188005
 0.29820924 0.36768796 0.29357556 0.30627735]
454 10.735516612846375 [0.23344324 0.21917585 0.18443963 0.30549897 0.21697286 0.30171023
 0.29763053 0.3673521  0.29358297 0.30651597]
455 3.901529253120695 [0.23358481 0.21865419 0.18444859 0.30481725 0.21667403 0.30166836
 0.29679005 0.36728807 0.29356278 0.30671151]
456 2.439072182974093 [0.23363842 0.21820823 0.18451548 0.30424805 0.21633539 0.30166476
 0.29589049 0.36745895 0.29356413 0.30680322]
457 3.0629616902297947 [0.23362446 0.21768077 0.18468081 0.3036994  0.21593219 0.30189682
 0.29503092 0.36722618 0.29359885 0.3068556 ]
458 4.160866860632769 [0.23378199 0.21726211 0.18482747 0.30319914 0.21561878 0.3022396
 0.2943341  0.3670635  0.29387488 0.30647314]
459 5.179013899167748 [0.23409041 0.21688984 0.18479267 0.30273505 0.21532938 0.30259055
 0.29353737 0.36711783 0.29438861 0.30599359]
460 3.9797171447744226 [0.23441118 0.21656311 0.18474781 0.30223364 0.21514543 0.30263161
 0.29278627 0.36739377 0.29485653 0.30543966]
461 2.6098820339686046 [0.23483817 0.21630677 0.18475705 0.30172628 0.2150455  0.30253115
 0.29216212 0.36740482 0.29498057 0.30515094]
462 4.067594592676887 [0.23511581 0.21604859 0.18461638 0.30145921 0.21495242 0.30240741
 0.29161905 0.36732081 0.29498594 0.30472526]
463 3.721470335520201 [0.23536591 0.21580607 0.18448479 0.30107982 0.21489504 0.30248842
 0.29105199 0.36709086 0.29526769 0.30451577]
464 2.866539875556177 [0.23549038 0.21566586 0.18439054 0.3007316  0.21485609 0.30258689
 0.29079072 0.36711662 0.29552882 0.30424556]
465 2.770031586829715 [0.23553733 0.21540233 0.18424309 0.30029307 0.21479538 0.3030262
 0.29051764 0.36703744 0.29577299 0.30409536]
466 5.172554876426696 [0.23558859 0.2152815  0.18409767 0.2998547  0.21481912 0.30307638
 0.29023767 0.36694159 0.29570256 0.30371638]
467 2.318244525447737 [0.23568288 0.21517956 0.18400981 0.29942176 0.21482201 0.30308753
 0.29012692 0.36692607 0.29560544 0.30335762]
468 2.4166768865400545 [0.23578339 0.21513724 0.18393885 0.29909983 0.21482128 0.3031111
 0.29001547 0.36689417 0.29558234 0.30300663]
469 5.792181510378956 [0.23583468 0.21524636 0.18378519 0.29881039 0.21476988 0.30307606
 0.28964242 0.36696626 0.29548275 0.30269732]
470 3.209520904496064 [0.23575043 0.2153418  0.18365242 0.29846562 0.21461976 0.30305293
 0.2894968  0.36739285 0.29542762 0.30280114]
471 5.2687347872596355 [0.23561126 0.21540469 0.18355078 0.29811603 0.21455797 0.30313205
 0.28938838 0.36763918 0.29545549 0.30289684]
472 5.2370920249450394 [0.2354572  0.21561616 0.18351301 0.29768255 0.21456802 0.30338835
 0.2893897  0.36681046 0.29542868 0.30293219]
473 2.1504279328675677 [0.23526786 0.21583808 0.18347903 0.29708625 0.21445619 0.30363777
 0.28924731 0.36615732 0.2951562  0.30285574]
474 3.9508117752904814 [0.23506693 0.21616977 0.18347678 0.29648372 0.21437397 0.30384585
 0.2890912  0.36584031 0.29486992 0.30286957]
475 6.329517676944604 [0.23470877 0.21650661 0.18336855 0.29609192 0.21429433 0.30403133
 0.28884706 0.36570885 0.29441898 0.30282404]
476 4.900082533689511 [0.23450618 0.21681998 0.18327345 0.29571476 0.21423739 0.30423403
 0.28861338 0.36539757 0.29406684 0.302895  ]
477 4.3791234906578085 [0.23421924 0.21709424 0.18315711 0.29537521 0.21418797 0.30439447
 0.28826105 0.3648959  0.29373959 0.30299026]
478 6.219874758482174 [0.23400012 0.21736818 0.18306116 0.29512419 0.21417126 0.30457159
 0.28795702 0.36425169 0.29332114 0.30317295]
479 4.540140818958222 [0.23384421 0.21773873 0.18295172 0.2948899  0.21417709 0.30423384
 0.28786501 0.3636156  0.29305641 0.30316018]
480 5.54368806960079 [0.23393106 0.21792029 0.18274182 0.29453766 0.21435941 0.30402852
 0.28761136 0.36313382 0.29300758 0.30259473]
481 3.884779232385438 [0.23391314 0.21805993 0.18256873 0.29430794 0.21450498 0.30380544
 0.28741616 0.362848   0.29302816 0.30220714]
482 3.628175254862003 [0.23381334 0.21816119 0.18240302 0.29405128 0.21464749 0.30349133
 0.28715674 0.36262133 0.29314592 0.30178439]
483 8.009217521602952 [0.23352686 0.21839346 0.18219675 0.29383414 0.21479719 0.30337671
 0.28708701 0.36233596 0.29335798 0.3011922 ]
484 2.3313710020080105 [0.23333276 0.21857143 0.1819922  0.29362008 0.214864   0.30333323
 0.28682036 0.3623554  0.29351126 0.30062106]
485 5.537133170845967 [0.23324478 0.21872568 0.18173734 0.29346981 0.21484668 0.30322058
 0.28647598 0.36199704 0.29357384 0.30007024]
486 4.577146666445242 [0.23314141 0.21887828 0.18149616 0.29338953 0.21490101 0.30298739
 0.28590533 0.36123159 0.29359366 0.29956976]
487 1.3458340191871434 [0.23311271 0.21907069 0.18126934 0.29312551 0.21474751 0.3027197
 0.28558417 0.36036037 0.29352959 0.29920574]
488 6.301568823269688 [0.2331071  0.21925563 0.1810699  0.2929203  0.2145034  0.30236631
 0.28528578 0.35948864 0.29361963 0.29877366]
489 7.057569552278312 [0.23315461 0.21944429 0.18095213 0.29266341 0.21419021 0.30201184
 0.28520624 0.35913464 0.29358881 0.29814474]
490 3.9813856083256094 [0.23323263 0.21959329 0.18089909 0.29248158 0.21383875 0.3017395
 0.28530464 0.35852117 0.29338092 0.29743617]
491 4.273296236389488 [0.23312345 0.21968886 0.18079335 0.29232559 0.21356088 0.30138403
 0.28540505 0.35784914 0.29322136 0.29672283]
492 2.493733798357799 [0.23308087 0.2197813  0.1807487  0.29180106 0.21310147 0.30082035
 0.28542399 0.35778089 0.29323464 0.29576973]
493 6.177050545414918 [0.23304239 0.21982168 0.18069788 0.29144767 0.21252712 0.3005013
 0.28512504 0.35785303 0.2933815  0.29497534]
494 3.3687720716433773 [0.23299599 0.21977313 0.18063207 0.29125857 0.21202923 0.30025141
 0.28491943 0.35816699 0.29349381 0.29441868]
495 6.217952664771875 [0.23298296 0.21971443 0.18064738 0.29136487 0.21168581 0.30014636
 0.28477366 0.35834592 0.2936485  0.2940153 ]
496 5.583787080051959 [0.2329678  0.21948957 0.18068016 0.2915171  0.21141816 0.30002232
 0.28462608 0.35870062 0.29363653 0.29373982]
497 7.482428338112548 [0.23297771 0.21927854 0.1807475  0.29155707 0.21120082 0.29988587
 0.28463334 0.35892339 0.2935862  0.29362678]
498 3.2509738892051514 [0.23306479 0.21909283 0.18081271 0.29173497 0.21113585 0.29959958
 0.28476177 0.35864005 0.29349673 0.29342353]
499 1.3318692577176767 [0.23306706 0.21885976 0.18085718 0.29204006 0.21110292 0.2990816
 0.28482901 0.35835039 0.29322795 0.29314587]
