0 119.01217181132296 [0.30384415 0.30196895 0.30103133 0.29915616 0.29915616 0.30290655
 0.29728096 0.30009376 0.30009376 0.30290655]
1 112.19473225713466 [0.30663679 0.30230845 0.30161113 0.29851695 0.30004258 0.30443511
 0.29705424 0.30022865 0.30108503 0.30413162]
2 123.73536610439959 [0.30787699 0.30305521 0.30301039 0.29745077 0.30045712 0.30469748
 0.29662518 0.30023999 0.30134606 0.30523747]
3 117.81822553478656 [0.30909035 0.30320271 0.30342513 0.29692921 0.30138748 0.30484496
 0.29624192 0.30031847 0.30108428 0.30601456]
4 105.1103267849306 [0.30962805 0.30308018 0.30426387 0.29650176 0.30201867 0.30578164
 0.29609015 0.30075138 0.30116927 0.30680524]
5 76.61417740946607 [0.31075116 0.30217231 0.30481877 0.29601987 0.30214939 0.30723834
 0.29523049 0.30144954 0.3015337  0.30808069]
6 94.62383811613492 [0.31146287 0.30118467 0.30519994 0.29591022 0.30202762 0.30771107
 0.29476605 0.30157371 0.30222461 0.30957951]
7 79.01555228252124 [0.31204939 0.30002503 0.30566346 0.29590121 0.30176261 0.30812788
 0.2945038  0.30118257 0.30351538 0.31072021]
8 77.08771167443632 [0.31190251 0.29854377 0.30609092 0.29629687 0.30201123 0.30888116
 0.29471997 0.30135769 0.30419179 0.31106934]
9 71.54310234272558 [0.31188045 0.29701293 0.30617513 0.29664158 0.30229519 0.30970935
 0.2950592  0.30142874 0.30491959 0.31169606]
10 61.195152004130215 [0.31181759 0.29529962 0.3057875  0.29694775 0.30254509 0.31076012
 0.29532419 0.30156016 0.30566036 0.31236507]
11 51.042074708254155 [0.31147194 0.29347719 0.30555839 0.29701033 0.30276837 0.31180217
 0.29563547 0.30128905 0.30646003 0.3131146 ]
12 57.71599806587808 [0.31090454 0.29203918 0.30532521 0.29744699 0.30309031 0.31310225
 0.29605059 0.30137334 0.30773379 0.31384112]
13 52.02560808494211 [0.31044779 0.29092785 0.30519781 0.29764797 0.30342819 0.31462048
 0.29681817 0.30174144 0.3086793  0.31409627]
14 48.16864145620044 [0.31004893 0.28988732 0.30532212 0.29816375 0.303851   0.31563415
 0.29759287 0.30230224 0.3098523  0.31414296]
15 45.14611206145801 [0.30950413 0.28933419 0.30504034 0.29893762 0.30396228 0.31623437
 0.29874701 0.3029508  0.31102074 0.31414228]
16 38.30754512348355 [0.30894663 0.28860932 0.30473317 0.29979524 0.30430999 0.31701512
 0.29971596 0.30347252 0.31149482 0.31405093]
17 37.67212352421884 [0.3082307  0.28760627 0.30450389 0.30030471 0.30409274 0.31753894
 0.30064092 0.30374777 0.31224088 0.31408797]
18 41.57806378941473 [0.30707181 0.2866829  0.30401452 0.30057239 0.30398744 0.31807635
 0.30189999 0.30418037 0.3128972  0.31387149]
19 48.06594033187578 [0.30621291 0.28585096 0.30340854 0.30113017 0.3038701  0.31836327
 0.30294363 0.30454099 0.31356044 0.31370158]
20 43.09695249228243 [0.30559017 0.28499614 0.30303098 0.30150731 0.30356039 0.31855224
 0.30360737 0.3050717  0.31407331 0.313316  ]
21 42.82002157074727 [0.30477358 0.28417558 0.3030678  0.30146668 0.30312267 0.31874737
 0.30425352 0.30531652 0.31443792 0.31316851]
22 40.55492158463808 [0.30389645 0.28316412 0.30287554 0.30149349 0.30263631 0.3185989
 0.30460613 0.30554956 0.3145189  0.31338601]
23 39.01651661820487 [0.30282759 0.28237329 0.3025722  0.30144483 0.30195788 0.31867989
 0.30469213 0.30535956 0.31459008 0.31335641]
24 41.03584438655191 [0.30207891 0.28177482 0.30225379 0.30133196 0.30163133 0.31865238
 0.30496351 0.30488256 0.31410183 0.3134294 ]
25 32.32535641648526 [0.30146599 0.28131259 0.30192822 0.30087775 0.30129026 0.31844408
 0.30508701 0.30448142 0.31363892 0.31352967]
26 46.596238766731425 [0.30077673 0.28099962 0.30147069 0.30060216 0.3009154  0.31823905
 0.30516022 0.30430388 0.31293497 0.31346273]
27 45.49228059026467 [0.29990505 0.28047288 0.30092799 0.30009849 0.30052114 0.31804791
 0.30564987 0.30413307 0.31205466 0.3136124 ]
28 38.612570727496234 [0.2989878  0.27977029 0.30046565 0.29923941 0.30007109 0.31750903
 0.30610678 0.30415482 0.31160753 0.31344427]
29 23.887075328332706 [0.29816388 0.27917919 0.29991648 0.29869784 0.29945033 0.31724984
 0.30666156 0.30425153 0.31106294 0.31349013]
30 30.92741029058471 [0.29730087 0.27879706 0.29966846 0.29809204 0.29912003 0.31696932
 0.30739897 0.30446532 0.31050239 0.31357003]
31 32.489733480003565 [0.29631774 0.27860928 0.2991457  0.29752888 0.29864493 0.31657818
 0.30816329 0.30467999 0.30990707 0.31323303]
32 27.694601438382527 [0.295234   0.27869418 0.29863674 0.29697739 0.29815902 0.31620735
 0.30870689 0.30465963 0.30936306 0.31289648]
33 30.236305516375964 [0.29431978 0.27864429 0.29809682 0.2963726  0.2976034  0.31567746
 0.30897175 0.30466392 0.30854907 0.31270816]
34 32.04177970668617 [0.29326571 0.27854342 0.29742189 0.2955899  0.29712265 0.31500984
 0.30918664 0.30479856 0.30794595 0.31224526]
35 29.816732733994836 [0.292147   0.27822135 0.2966817  0.29486824 0.29706664 0.31437978
 0.30940171 0.30521559 0.30746141 0.31162833]
36 37.93239217533232 [0.29127458 0.27756949 0.29589283 0.29463158 0.29683416 0.31431695
 0.30917326 0.30559223 0.30674459 0.3111019 ]
37 30.282216789185412 [0.29052387 0.27689978 0.29514482 0.29452203 0.29653335 0.31453429
 0.30909294 0.30621506 0.30597782 0.31058857]
38 31.358112011071427 [0.28972534 0.27643456 0.29420694 0.29448299 0.29618486 0.31440923
 0.30880041 0.30714909 0.3053981  0.31017966]
39 26.05730994512072 [0.28899555 0.27624818 0.29317481 0.2940852  0.29579551 0.31422907
 0.30864252 0.30810326 0.30485244 0.30985035]
40 35.879339315518074 [0.28809286 0.27609116 0.29206472 0.29359652 0.29534646 0.31407812
 0.30843284 0.30907617 0.30431658 0.30932454]
41 21.482640366102462 [0.28739232 0.276068   0.29075598 0.29319496 0.2944117  0.31396978
 0.30844502 0.30992627 0.30391543 0.30873559]
42 26.83988727477116 [0.28673249 0.27576124 0.28951755 0.29294556 0.29326158 0.31387036
 0.30856209 0.3107617  0.30350231 0.30781625]
43 27.451008374246896 [0.28609044 0.27573478 0.28834502 0.29261679 0.29232989 0.31393676
 0.30843145 0.31140932 0.30305894 0.3070102 ]
44 31.04840304815138 [0.28514429 0.27617635 0.28734993 0.2923658  0.29135193 0.31402629
 0.30810333 0.31204724 0.30251099 0.30612324]
45 23.612952688192202 [0.2844167  0.27685075 0.28620976 0.29215091 0.29041968 0.31372171
 0.30773516 0.31250342 0.30208493 0.30528634]
46 34.864689986425354 [0.28378174 0.2774429  0.28515544 0.2919641  0.28986231 0.31342102
 0.30747625 0.31298602 0.30169645 0.30432634]
47 22.644854157574645 [0.28297411 0.27784507 0.28388845 0.29194535 0.2890745  0.31333353
 0.30738794 0.31340415 0.30143714 0.30349576]
48 25.36510742212171 [0.28219004 0.27819245 0.28266619 0.29197792 0.28861933 0.31376712
 0.30726869 0.31377225 0.30092235 0.30271254]
49 23.30435353313434 [0.2814362  0.27828488 0.28142411 0.29201008 0.28846689 0.31446852
 0.30742883 0.31398653 0.3003101  0.30207758]
50 19.31660652803513 [0.2806223  0.27849289 0.28024301 0.29195659 0.28830369 0.31553219
 0.30746763 0.31420633 0.29989009 0.30135911]
51 21.204617706031463 [0.27985538 0.27841607 0.27905981 0.29182255 0.28797116 0.31634472
 0.30764158 0.3143912  0.29960269 0.30054496]
52 26.586380104254552 [0.27899487 0.27792807 0.27819534 0.29171494 0.28759663 0.31729814
 0.30779903 0.31464899 0.2994173  0.299479  ]
53 23.405665871854517 [0.27823612 0.27711219 0.27747399 0.29158891 0.28763614 0.31843449
 0.30814582 0.31516143 0.29920036 0.2986221 ]
54 23.54351158605234 [0.27728967 0.27646244 0.27717409 0.29160615 0.28734202 0.3197366
 0.30846944 0.31581772 0.29898931 0.2980569 ]
55 19.230408144392086 [0.27659769 0.27591939 0.27698277 0.29161351 0.28708351 0.32094521
 0.30867883 0.31636989 0.2987213  0.29759781]
56 20.956956784199377 [0.27579044 0.27540611 0.27671728 0.2915387  0.28652879 0.32187982
 0.30893632 0.31694588 0.29861237 0.29692639]
57 24.06840543450027 [0.27519341 0.27490448 0.27630444 0.29139965 0.28601147 0.32272533
 0.30887608 0.31736174 0.29852744 0.2961496 ]
58 18.817693225290178 [0.2747318  0.27447182 0.27585752 0.29096141 0.28556544 0.32359498
 0.30885841 0.31746789 0.29834299 0.29549256]
59 20.396417324140195 [0.27414349 0.27375951 0.27543407 0.29050418 0.28513064 0.32473673
 0.30903572 0.31806487 0.29819188 0.29523341]
60 21.57882085090978 [0.27349325 0.27327321 0.27487268 0.28988483 0.28452015 0.32569521
 0.3092414  0.3186567  0.29801427 0.29497688]
61 19.882525817895207 [0.27296267 0.2727769  0.27417365 0.28944357 0.28390228 0.32669486
 0.3093339  0.31898025 0.29791532 0.29493077]
62 23.19393359223953 [0.2723589  0.27202284 0.27338638 0.28876354 0.28351093 0.32757211
 0.3091445  0.3194408  0.29776333 0.29461693]
63 16.63445821105223 [0.27184822 0.27130315 0.27247795 0.28808848 0.28347337 0.32842717
 0.30894814 0.31981586 0.297989   0.29418141]
64 21.834357728358995 [0.27150684 0.27049627 0.2715005  0.2877108  0.28334505 0.32891037
 0.30880058 0.32019734 0.29827578 0.29388205]
65 21.630917882581358 [0.27142488 0.26979669 0.27077808 0.28723913 0.28320647 0.32919172
 0.30869312 0.32071582 0.29850806 0.29345953]
66 15.753520819556638 [0.27129502 0.26937568 0.26976848 0.28689347 0.28308968 0.32898783
 0.30847509 0.32102829 0.29898598 0.29295472]
67 22.60452484007653 [0.27107809 0.26920428 0.26868298 0.28652949 0.28278073 0.32873935
 0.30813174 0.32126301 0.29948315 0.29247691]
68 19.15957390172453 [0.27065614 0.26912909 0.26766485 0.28641095 0.28239973 0.32830785
 0.30829456 0.32150727 0.30014687 0.29204822]
69 20.51033432200893 [0.2701688  0.2691479  0.26680707 0.28644653 0.28224919 0.32787081
 0.308234   0.32146837 0.3008501  0.29186456]
70 22.575753557364067 [0.26987392 0.26922532 0.26599715 0.28628395 0.28222376 0.32759044
 0.30829834 0.32161067 0.30162204 0.29186684]
71 19.553217766159296 [0.2693225  0.26918448 0.26519678 0.28625695 0.28214188 0.32746961
 0.30831359 0.32176825 0.30221174 0.29190126]
72 16.730718851893425 [0.26880806 0.26919388 0.2644866  0.2860481  0.28214374 0.32738218
 0.30826613 0.32223264 0.30258409 0.29171582]
73 18.943320982071384 [0.26839397 0.26926299 0.26381696 0.28576635 0.28215209 0.3273483
 0.30828993 0.32240375 0.30309403 0.29186144]
74 16.104320392155245 [0.26800135 0.2690938  0.2629768  0.28520181 0.2822081  0.32714998
 0.30850544 0.32260593 0.30372081 0.29212472]
75 21.12863070850092 [0.26746526 0.26879571 0.26216045 0.28473567 0.28267357 0.32703664
 0.30907082 0.32268497 0.30427222 0.29247571]
76 17.843868700201682 [0.26676673 0.26829952 0.2611895  0.28413454 0.28302342 0.32701597
 0.30980772 0.32272842 0.30449325 0.29272329]
77 18.96369498299763 [0.26607221 0.2678038  0.26033326 0.28369278 0.28338312 0.32723673
 0.31091986 0.32321776 0.3045047  0.2929512 ]
78 23.218641306155547 [0.26544591 0.26739692 0.2596391  0.28311267 0.28357984 0.32742447
 0.31186837 0.32363314 0.30442178 0.29282766]
79 20.904938056860466 [0.26470599 0.26719598 0.25872892 0.2826072  0.28365198 0.32712149
 0.31289014 0.32376538 0.30412548 0.29294072]
80 17.084513842196813 [0.26404978 0.2668366  0.25764376 0.28209417 0.28362055 0.32657342
 0.31420374 0.32335932 0.30365101 0.2929454 ]
81 21.397723961818116 [0.26347884 0.26649472 0.25656684 0.28180918 0.28382029 0.32614302
 0.31530817 0.32294184 0.30312655 0.29297018]
82 16.7967399836742 [0.26290908 0.26645649 0.25559113 0.28159822 0.28347567 0.32571692
 0.31647577 0.32261973 0.30286558 0.29317137]
83 16.288124519406498 [0.26248885 0.26630847 0.25448961 0.28147526 0.28300467 0.32527917
 0.31785369 0.32251435 0.30264419 0.29331558]
84 18.24668246340259 [0.26203472 0.26583327 0.25347327 0.28128058 0.28239786 0.32491123
 0.31896749 0.32249547 0.30250216 0.29342342]
85 14.050356008185842 [0.26155243 0.26556847 0.25240821 0.28115324 0.28218363 0.32453544
 0.32027181 0.32236282 0.3023041  0.29387557]
86 20.027953569208833 [0.260965   0.26513839 0.25137284 0.28115842 0.28203995 0.32427951
 0.32160804 0.3222748  0.30211696 0.2941746 ]
87 17.62070424215806 [0.26031919 0.26501151 0.25068054 0.28137565 0.28213693 0.32420715
 0.32298217 0.32242603 0.30208954 0.29434904]
88 18.060946644194377 [0.25974304 0.26500555 0.24995462 0.28148169 0.28211838 0.32438643
 0.32405277 0.32270144 0.30204862 0.29447863]
89 16.67783702424201 [0.25918129 0.26503069 0.24906998 0.28144638 0.28213723 0.32471348
 0.32432069 0.32306734 0.30217282 0.29470346]
90 12.929070765018192 [0.25846434 0.26505015 0.24824335 0.28135308 0.28182166 0.32478208
 0.32461211 0.32324437 0.30232365 0.2947219 ]
91 17.229759333803088 [0.25775352 0.26500593 0.24750763 0.28112756 0.28132441 0.32434762
 0.3249755  0.32335607 0.30248722 0.29480185]
92 18.07283878869992 [0.25704596 0.265028   0.24679593 0.28089723 0.2807458  0.32396503
 0.32536469 0.32370767 0.30247714 0.29488655]
93 19.124936059361353 [0.25651451 0.26476645 0.24617289 0.28069345 0.2802617  0.32393061
 0.32577524 0.32407577 0.302233   0.29490412]
94 17.781777440460665 [0.2560082  0.26462615 0.2454692  0.28029432 0.2800606  0.32389828
 0.32633586 0.32437842 0.30196191 0.29484934]
95 16.427204589436197 [0.25525477 0.26447091 0.2447509  0.27998815 0.27988386 0.3241682
 0.32654631 0.3247047  0.30173607 0.2946636 ]
96 16.21831323765837 [0.25432255 0.26440444 0.24397977 0.2793823  0.27975496 0.32444039
 0.32625728 0.32496435 0.30152066 0.29436665]
97 17.622684376108296 [0.25345926 0.26417702 0.24341797 0.27878527 0.27951092 0.32470486
 0.32604199 0.32535522 0.30130408 0.29438735]
98 16.09375555019328 [0.25270829 0.26395918 0.2428706  0.27799272 0.2791136  0.32474845
 0.32602755 0.32568443 0.30106374 0.2943645 ]
99 17.59179075135603 [0.25201027 0.26387746 0.24255556 0.27702825 0.27853041 0.3244643
 0.32618384 0.32585442 0.30078414 0.29434084]
100 15.29538108302492 [0.25142573 0.26350752 0.24244979 0.27619025 0.27767346 0.32461516
 0.32654158 0.32590652 0.30040587 0.29458075]
101 14.692774325854316 [0.25092393 0.26295241 0.24244782 0.27557972 0.27686245 0.32490142
 0.32668805 0.3259616  0.29987811 0.29477798]
102 13.264647024699698 [0.25041009 0.26253044 0.24238118 0.27518042 0.27608976 0.32558564
 0.32669153 0.32594871 0.29944017 0.29505047]
103 15.908521834346132 [0.24991606 0.26214074 0.24225264 0.27462852 0.27541803 0.32592975
 0.32700769 0.32584676 0.29896111 0.29515848]
104 17.685056076684376 [0.24950698 0.26177101 0.2419763  0.273997   0.27454641 0.32648357
 0.32727851 0.3256499  0.29832002 0.29545739]
105 20.612304496621995 [0.24902516 0.26157543 0.24172247 0.2734636  0.27362165 0.32707566
 0.32757399 0.32549979 0.29763565 0.29596561]
106 17.164892148940076 [0.24855459 0.26136452 0.24152931 0.27300321 0.27288734 0.32750529
 0.32786267 0.32579631 0.29693071 0.29647371]
107 16.369340368074184 [0.2480555  0.26087525 0.2412001  0.27203913 0.27224468 0.32775025
 0.32780038 0.32629262 0.29668483 0.29690782]
108 13.190852080707327 [0.24803153 0.26049919 0.24065791 0.27086738 0.27167107 0.32809031
 0.32789861 0.32639336 0.29643091 0.2972495 ]
109 14.743450216174276 [0.24798853 0.26014033 0.23988178 0.26983121 0.27105045 0.3281546
 0.32819278 0.32618604 0.29617672 0.29780198]
110 16.003296551371207 [0.24798335 0.25971247 0.23926126 0.26904519 0.27020782 0.32815383
 0.32858974 0.32597505 0.29580961 0.29803415]
111 16.57664449224867 [0.24799299 0.25934754 0.2386721  0.26826103 0.26953799 0.32820743
 0.32897136 0.32558846 0.29537759 0.29814044]
112 13.969634448528318 [0.24799557 0.25924585 0.23789605 0.26758011 0.26883396 0.32857852
 0.32910477 0.32534825 0.29500192 0.29822074]
113 13.938081678154216 [0.24807109 0.25926338 0.23730809 0.26704732 0.26821875 0.32878939
 0.3290077  0.32503427 0.29474582 0.29869768]
114 13.998028254426996 [0.24813702 0.25933546 0.23671284 0.26648633 0.26757413 0.3294465
 0.32880391 0.32470361 0.29441833 0.29927957]
115 15.331746386881736 [0.2482117  0.25927477 0.23599011 0.26591393 0.26704278 0.3298949
 0.32861496 0.32455777 0.29390875 0.29988025]
116 17.556770261281404 [0.24827886 0.25915052 0.23525843 0.26539512 0.26669305 0.32972963
 0.32843321 0.32468984 0.29352743 0.30044903]
117 14.154753676667202 [0.24843023 0.25900099 0.23463756 0.2649869  0.26635355 0.32971688
 0.32861067 0.32481721 0.2931292  0.30085237]
118 18.720307706730217 [0.24844992 0.25881128 0.23409713 0.26461113 0.2658809  0.32975795
 0.32895235 0.32504452 0.29282419 0.301548  ]
119 11.988351206867279 [0.24843373 0.2587042  0.23355327 0.26417676 0.2654924  0.32977018
 0.32906781 0.32511705 0.29259936 0.30203293]
120 11.906953922897639 [0.24842224 0.25854653 0.23304011 0.26386128 0.26508307 0.32983175
 0.32893167 0.32536704 0.29264017 0.30254924]
121 13.858717802321134 [0.24825815 0.25837114 0.23257592 0.26357616 0.26487537 0.33014023
 0.32853224 0.32602217 0.29262796 0.30290021]
122 14.585561720097875 [0.24806985 0.25817105 0.23219411 0.26354229 0.26452828 0.33013233
 0.32772811 0.3266342  0.29259288 0.30303333]
123 17.808377931085708 [0.24812198 0.25789284 0.23183588 0.26347632 0.26412283 0.33017327
 0.3269909  0.32758251 0.29260546 0.30311975]
124 14.564242994843891 [0.24826239 0.25765984 0.23145115 0.26328799 0.26380058 0.33012125
 0.32627892 0.32883271 0.29249306 0.30322229]
125 15.416003319194783 [0.24822704 0.25740648 0.23103352 0.2631665  0.26344635 0.32950091
 0.32535873 0.32994357 0.29260135 0.30343037]
126 11.546465263395781 [0.24792927 0.25697113 0.23091051 0.26290736 0.26306289 0.32934586
 0.32494284 0.33079053 0.29292636 0.30368941]
127 14.558132660444999 [0.24759524 0.25651608 0.23064119 0.26279315 0.26264742 0.32930282
 0.32494408 0.33118369 0.29316582 0.30381653]
128 11.531574905722076 [0.24686241 0.25610299 0.23032664 0.26286618 0.26214507 0.3292299
 0.32490514 0.33177696 0.29347174 0.30371547]
129 11.867722312297708 [0.2461138  0.25587296 0.23002269 0.26303629 0.26160135 0.32928184
 0.32465838 0.33251609 0.29389419 0.30383576]
130 13.835787972434714 [0.24514952 0.25544065 0.22958132 0.26327425 0.26120751 0.32949629
 0.32429244 0.33300513 0.29420968 0.30419299]
131 14.07897336048357 [0.24414896 0.25532623 0.22898663 0.2634671  0.26082182 0.32986559
 0.32391766 0.33355042 0.29453832 0.3046052 ]
132 11.464104426063079 [0.24325702 0.25535167 0.22832156 0.26339258 0.26037531 0.33043776
 0.3232325  0.33405697 0.29515595 0.30485576]
133 16.181865827639683 [0.24231469 0.25529731 0.22753811 0.26329091 0.25979297 0.33125473
 0.32273825 0.33442139 0.29546161 0.30505366]
134 17.72594570174853 [0.24152279 0.25525938 0.22689055 0.26306647 0.25931118 0.33187316
 0.32253683 0.33454911 0.29549434 0.3051466 ]
135 14.624847141526338 [0.24095526 0.25504638 0.22639357 0.26276549 0.25897637 0.33252173
 0.32262819 0.3346935  0.29548219 0.30515771]
136 11.677813709014753 [0.24037638 0.25492107 0.22597719 0.26276898 0.25887278 0.33318085
 0.32215034 0.3350846  0.29526534 0.30520987]
137 15.36389670575467 [0.23979806 0.25470688 0.22573354 0.26282189 0.25874341 0.33375386
 0.32170239 0.33535253 0.2951359  0.30531338]
138 13.76681651459458 [0.23928071 0.2543372  0.22558869 0.2628006  0.25855254 0.33450401
 0.32148024 0.33568965 0.29484436 0.30502889]
139 11.233492558719899 [0.23864778 0.25370475 0.22540151 0.26253696 0.25826582 0.33490991
 0.32117898 0.33595659 0.2943747  0.30461837]
140 10.726716929172202 [0.23808591 0.25320573 0.22547411 0.262361   0.2579725  0.334876
 0.32084531 0.33582232 0.29395257 0.30439099]
141 12.551590596405799 [0.23754081 0.25259048 0.22525098 0.26192635 0.25754377 0.33460058
 0.32065163 0.3355371  0.29338882 0.30418121]
142 14.543410752714127 [0.23710272 0.25181304 0.22492025 0.26132335 0.25739868 0.33407467
 0.32061599 0.33546561 0.29286739 0.30398671]
143 12.26232897455937 [0.23695381 0.25124952 0.22474877 0.26067999 0.25712165 0.33352533
 0.32042084 0.3352998  0.29243845 0.30379073]
144 13.50822452978713 [0.2368529  0.25060064 0.2245564  0.25996649 0.25688704 0.3326721
 0.32025404 0.33508217 0.29210637 0.3035423 ]
145 11.934509472069012 [0.23643856 0.25016659 0.22443046 0.25939156 0.25687772 0.3316049
 0.31978655 0.33469289 0.29188407 0.30342047]
146 12.484568516820561 [0.23592567 0.2497751  0.22415926 0.25894993 0.2569324  0.33050303
 0.3195223  0.3344867  0.29135506 0.30322213]
147 11.199520804211607 [0.23527268 0.24923365 0.22398714 0.25871756 0.25695631 0.3291721
 0.31935553 0.33464556 0.29096111 0.3029656 ]
148 13.643667006168437 [0.23463919 0.24885311 0.22383231 0.25852169 0.2570309  0.32779104
 0.31899187 0.33449271 0.29050945 0.30255485]
149 12.072406072674706 [0.23405941 0.24840382 0.22378245 0.25805623 0.25700398 0.32678939
 0.31869686 0.33419067 0.29014507 0.3021864 ]
150 15.794647452124554 [0.23353477 0.24796416 0.22367019 0.2580459  0.25706041 0.3257312
 0.31806433 0.33341894 0.28973894 0.30153489]
151 12.86433067459523 [0.2327872  0.24767926 0.22351941 0.25803527 0.25700869 0.32441685
 0.31753896 0.33250139 0.2893599  0.30102746]
152 14.606784846457206 [0.23218316 0.24736406 0.22332667 0.25784143 0.25673211 0.32317106
 0.31717114 0.3318251  0.28913787 0.3006501 ]
153 12.78163681414019 [0.23154208 0.24705632 0.22317535 0.25774683 0.25630547 0.32188205
 0.31708036 0.33117897 0.2888273  0.30010659]
154 12.560043675503012 [0.23117613 0.24683691 0.22293628 0.2575808  0.25570078 0.3210405
 0.3168902  0.33023695 0.28849155 0.29951847]
155 13.525263652977884 [0.23092323 0.2467344  0.22243027 0.25772317 0.25530585 0.32039282
 0.31683554 0.32941742 0.28810122 0.29902327]
156 12.227131926742622 [0.23075408 0.24662605 0.22197829 0.25821815 0.25506118 0.31941199
 0.3166229  0.32876449 0.2876947  0.29855099]
157 11.832207967818269 [0.23065682 0.2464448  0.22163926 0.25854852 0.25479733 0.31833522
 0.31662167 0.32815547 0.28754594 0.29838348]
158 13.08241006874441 [0.23064437 0.24633295 0.22115563 0.25874637 0.25465596 0.31714059
 0.3166449  0.32806281 0.28766271 0.29823906]
159 15.107219079417362 [0.23059264 0.24634188 0.22067283 0.25896908 0.25476606 0.31596447
 0.31657397 0.3273333  0.28776319 0.29830628]
160 12.30346495460062 [0.23057314 0.24630386 0.22006794 0.25906143 0.25488315 0.31496763
 0.31656553 0.3271655  0.28775639 0.29827216]
161 17.670581422113194 [0.23036799 0.24618297 0.21941424 0.25901395 0.25521523 0.31386581
 0.31657199 0.32725666 0.28786125 0.29821015]
162 13.885639033994867 [0.23032106 0.24613666 0.21871064 0.25889416 0.25560878 0.31280825
 0.31640594 0.32747939 0.28795031 0.29821934]
163 16.3605105749171 [0.23017513 0.24601964 0.21798589 0.25867676 0.25568547 0.31191163
 0.31626312 0.32729165 0.28788822 0.29812523]
164 12.057507465358704 [0.23010304 0.24564538 0.21727377 0.25856118 0.25554446 0.31114905
 0.31559937 0.32683139 0.28795318 0.29790684]
165 12.22820883824112 [0.22990705 0.24544599 0.21658018 0.2582674  0.25537691 0.31045804
 0.3153336  0.32636535 0.28805111 0.29783675]
166 13.445214007024589 [0.2297144  0.24517808 0.21592993 0.25771516 0.25520824 0.30968655
 0.3151001  0.32594855 0.28817035 0.29803471]
167 14.93153868350833 [0.22950565 0.24499454 0.21542754 0.2570717  0.25506032 0.30895486
 0.31481567 0.32548975 0.2884338  0.29806221]
168 16.231752247908467 [0.22934983 0.24466379 0.21477583 0.25651015 0.25487271 0.30818263
 0.31478632 0.32479706 0.28871557 0.29784939]
169 13.278057556310529 [0.22914381 0.24424308 0.21410599 0.25615775 0.25459691 0.30753235
 0.31468775 0.32416972 0.28895627 0.29763134]
170 13.763553481792062 [0.22891201 0.24395117 0.21346595 0.25586901 0.25417152 0.3070103
 0.31457215 0.32355626 0.28925046 0.29749634]
171 15.870780798713888 [0.22859019 0.24356781 0.21277398 0.25545885 0.25369777 0.30648845
 0.31469062 0.32334358 0.28939341 0.29771529]
172 13.534441172346778 [0.22834994 0.24313487 0.21208982 0.25529537 0.25321506 0.30587304
 0.31508024 0.32317282 0.28958455 0.29807861]
173 14.064065946605686 [0.22793367 0.24263548 0.21136936 0.2553486  0.25270588 0.30521869
 0.31559938 0.32298298 0.28964723 0.29854155]
174 11.763468785314174 [0.22752685 0.24205024 0.21053318 0.25536465 0.2521902  0.3044265
 0.31581378 0.32286579 0.28957136 0.29908847]
175 14.71843142326938 [0.22721759 0.24157514 0.20988151 0.25549927 0.25166677 0.30354122
 0.31588917 0.32272313 0.28925948 0.29952655]
176 15.474130268953804 [0.22707878 0.24117821 0.20940785 0.25564913 0.25133977 0.30259906
 0.31624061 0.32286819 0.28920565 0.29972522]
177 15.381164239705196 [0.22711072 0.2407159  0.20903623 0.25554029 0.25095308 0.30147644
 0.31638389 0.32286518 0.28964376 0.29991989]
178 11.873119430298239 [0.22711693 0.2403451  0.20864295 0.25574622 0.25055471 0.30044392
 0.31645001 0.32284919 0.29011373 0.29979203]
179 15.84503689587272 [0.22699086 0.24000679 0.20824244 0.25604561 0.24993874 0.29944232
 0.31632785 0.32268146 0.29050805 0.29989999]
180 14.332454224257884 [0.22670745 0.23968536 0.20790964 0.25638581 0.24917196 0.29843815
 0.31619673 0.32214796 0.29091857 0.29982735]
181 12.835543039072427 [0.22650467 0.23945813 0.20765488 0.25664806 0.24846071 0.29785633
 0.31587024 0.3219492  0.29125923 0.29977713]
182 10.200447508864201 [0.22624734 0.23939264 0.20747497 0.25676121 0.24785726 0.29753128
 0.31549744 0.32189715 0.29185331 0.29995286]
183 14.938039291647812 [0.22591299 0.23937788 0.20724528 0.25667907 0.24727659 0.29726024
 0.31506278 0.3219978  0.29224906 0.30009233]
184 14.630751355092306 [0.2256013  0.23925264 0.20703138 0.25647571 0.2467633  0.29713212
 0.31476516 0.32228416 0.29243613 0.30017442]
185 11.233429520693415 [0.22524135 0.2390278  0.20690988 0.25632153 0.24632064 0.29707011
 0.31455191 0.32244246 0.29245497 0.30027711]
186 9.41539033715123 [0.2248171  0.23865192 0.20678494 0.25613794 0.24566969 0.29698371
 0.31446897 0.32259518 0.2922484  0.30043566]
187 12.083586970980123 [0.22439061 0.23845378 0.20662782 0.25595436 0.24512036 0.29686902
 0.31429055 0.32255725 0.29214353 0.30024148]
188 12.569123095832786 [0.2240461  0.23826131 0.20637607 0.25604438 0.24476374 0.29693893
 0.3141354  0.32242947 0.29213349 0.30031049]
189 10.253501274720431 [0.22396852 0.23804198 0.20584032 0.2559514  0.24434167 0.29718871
 0.31389396 0.32219    0.29203233 0.30052556]
190 10.07269679203281 [0.22382045 0.23784644 0.20531776 0.25604678 0.2438624  0.29727421
 0.31373531 0.32180888 0.29193469 0.30086013]
191 12.607475295231513 [0.22364638 0.23768158 0.20475816 0.25624196 0.24324503 0.29746333
 0.31347144 0.32117872 0.29176917 0.30092185]
192 14.375425100183328 [0.22347069 0.23734064 0.20422883 0.25651929 0.24254975 0.29768882
 0.31335645 0.32084632 0.29141042 0.30122154]
193 9.42516489174805 [0.2231876  0.23712341 0.20363649 0.25667969 0.24147877 0.29780533
 0.31324224 0.32041684 0.29091631 0.30119394]
194 10.201058760786525 [0.22288284 0.23687243 0.20322745 0.25675912 0.24047988 0.29796623
 0.31308911 0.31997102 0.29034984 0.30116191]
195 9.961167681219516 [0.22254758 0.23642767 0.2026863  0.25655647 0.23960324 0.29808509
 0.31305914 0.31958774 0.28972372 0.30114529]
196 9.197493431458508 [0.22216186 0.23580744 0.20218137 0.25623247 0.23884358 0.29819303
 0.31282818 0.31956838 0.28912984 0.30122673]
197 8.174129315382107 [0.22181654 0.23531026 0.20176863 0.25564443 0.23812268 0.29827111
 0.31252067 0.31957534 0.28828132 0.30122289]
198 12.356433708913816 [0.22146825 0.23484154 0.2013713  0.25506707 0.23767754 0.29829453
 0.31237472 0.31943989 0.28757    0.30110488]
199 11.58806640008384 [0.22113774 0.23461757 0.20091242 0.25429792 0.23729807 0.29827649
 0.31221238 0.31930328 0.28693595 0.30093064]
200 11.745502690655472 [0.22080646 0.23457118 0.20058097 0.2534718  0.23703497 0.29811346
 0.31208826 0.31930153 0.28648138 0.30054746]
201 10.879551874269737 [0.22059849 0.2344942  0.20017709 0.25267741 0.23674217 0.29770201
 0.31182683 0.31876574 0.28627324 0.30035651]
202 11.110487094807107 [0.22036165 0.23420421 0.19984718 0.25154421 0.23640154 0.29723918
 0.31147936 0.31836279 0.28612041 0.30035454]
203 12.584469502964376 [0.22015636 0.23381171 0.19956924 0.25057126 0.23601291 0.2967011
 0.31080254 0.31805982 0.2861389  0.30030017]
204 11.112956268204522 [0.22006821 0.23337262 0.19925301 0.24957552 0.23569581 0.2962072
 0.31018448 0.31784782 0.28615159 0.30024004]
205 9.803281123802638 [0.21994969 0.23274064 0.19894978 0.24882309 0.23536037 0.29568763
 0.30971565 0.31798548 0.28613225 0.30046484]
206 10.531536890837817 [0.21986581 0.23228847 0.19865958 0.24823938 0.23519737 0.2954076
 0.30932458 0.31817781 0.28605578 0.30064434]
207 11.956709847852874 [0.21980344 0.23182349 0.19829643 0.2476247  0.2350024  0.29523731
 0.30881741 0.31850745 0.28608919 0.30081167]
208 14.576311439108228 [0.21969925 0.23146057 0.19782155 0.24705974 0.23492333 0.29496966
 0.30816931 0.31882488 0.28615092 0.30095774]
209 11.04010529306167 [0.21968977 0.23113243 0.19720613 0.24646088 0.23458967 0.29457233
 0.30786231 0.31889139 0.28636553 0.30116789]
210 11.996916025391485 [0.21959165 0.23048158 0.19658963 0.24595135 0.23417074 0.29400699
 0.3073054  0.31882887 0.28637703 0.30136319]
211 12.625241595391014 [0.2195775  0.22996577 0.1960377  0.24541026 0.23382342 0.2935142
 0.30679971 0.31860385 0.28649721 0.30126357]
212 11.99237049946074 [0.21938625 0.22951715 0.19553746 0.24498566 0.23343406 0.29311788
 0.30631714 0.31853545 0.28655818 0.30124001]
213 10.328410822060578 [0.21913547 0.22907446 0.19499382 0.24471767 0.23313584 0.29271978
 0.30566966 0.3182054  0.28679366 0.30167575]
214 11.252834709797165 [0.21903292 0.22865217 0.19460138 0.24452053 0.23294319 0.29246168
 0.30501803 0.31780324 0.28695676 0.30199652]
215 12.1793364884856 [0.21897423 0.22832601 0.19415724 0.24430434 0.23272132 0.29217093
 0.30423827 0.31755963 0.28726898 0.30214035]
216 13.89733774963398 [0.21887227 0.22797321 0.19375158 0.24407734 0.23233524 0.29184878
 0.3033233  0.3173429  0.28765507 0.30230685]
217 8.493190776172785 [0.21884856 0.22770393 0.193439   0.24371576 0.23189059 0.29145992
 0.30283855 0.31715607 0.28805348 0.30216937]
218 11.554362494330409 [0.21861223 0.22730235 0.19318971 0.24332914 0.23137745 0.2910344
 0.30263294 0.31684413 0.28817387 0.30220905]
219 12.512281442190826 [0.21825151 0.22698752 0.19288539 0.24300105 0.23069081 0.29070706
 0.30228826 0.31669606 0.28840487 0.30220176]
220 9.123943275237709 [0.2179644  0.22653096 0.19264611 0.24271426 0.23000498 0.29045117
 0.30214275 0.31637571 0.28878768 0.30206125]
221 8.95605134693157 [0.21787192 0.22610094 0.19234959 0.24241256 0.22949026 0.29043916
 0.3018468  0.31590478 0.28895444 0.30181063]
222 11.539391109998654 [0.21770494 0.22560024 0.1919783  0.24204547 0.22902992 0.29058944
 0.30129702 0.31556221 0.28916475 0.30140033]
223 8.94936675042289 [0.21753381 0.22509914 0.19165553 0.24159124 0.22847035 0.29080186
 0.30091418 0.31539603 0.28925666 0.30101875]
224 8.274387453710894 [0.21731878 0.22456533 0.19124612 0.24129449 0.22791369 0.2908497
 0.30071744 0.31521054 0.28963995 0.30040639]
225 11.975510706557035 [0.21707796 0.22414567 0.19089561 0.24087458 0.22722195 0.29093879
 0.30052224 0.3148399  0.2896998  0.30010421]
226 8.832854788720788 [0.21679172 0.22381881 0.19062065 0.24057452 0.22654854 0.29069507
 0.30031473 0.31477415 0.2899047  0.3000833 ]
227 10.396106532347755 [0.21641866 0.22344016 0.19045504 0.24009071 0.2259431  0.29035694
 0.30004138 0.31496804 0.29013702 0.30013444]
228 8.901001932759666 [0.21604971 0.2230149  0.19040835 0.23958787 0.22525014 0.28978134
 0.29958526 0.31513233 0.29046636 0.2999306 ]
229 10.652014172464375 [0.21567809 0.22262456 0.19028122 0.23916069 0.22461736 0.28950706
 0.29913119 0.31532537 0.29081626 0.29975108]
230 11.321373968827295 [0.21526776 0.22238754 0.19011757 0.23873499 0.2238812  0.28949721
 0.29875029 0.31566379 0.29119231 0.29950579]
231 8.208637866292065 [0.21485591 0.22216703 0.18996768 0.23824743 0.22328478 0.28958366
 0.2984307  0.31596346 0.29162233 0.29917566]
232 10.697366030278104 [0.21443469 0.2220743  0.18974279 0.23783998 0.22285464 0.28967865
 0.29802904 0.31620607 0.29196991 0.29862498]
233 10.435304592880708 [0.21406906 0.22197437 0.18944976 0.23747033 0.22228945 0.28985935
 0.29755844 0.31636047 0.29235734 0.29823711]
234 10.957427149529362 [0.21378003 0.22204942 0.18914791 0.23694959 0.22164059 0.28998937
 0.29715083 0.31638716 0.29255719 0.29775925]
235 8.50427493613898 [0.21357432 0.22210595 0.18884143 0.23640456 0.22109267 0.29033015
 0.29654584 0.31649359 0.29287394 0.29737333]
236 10.278336639421925 [0.21337817 0.22245167 0.18840975 0.23602922 0.22051439 0.29039354
 0.29606814 0.31640262 0.29334365 0.29711977]
237 7.0505674027473475 [0.21327754 0.22272039 0.1879664  0.23565348 0.21987123 0.29035314
 0.29557578 0.31622239 0.29367428 0.29689102]
238 10.094213555498431 [0.21319787 0.22287585 0.18764488 0.23530481 0.21923762 0.29035799
 0.2952074  0.31613727 0.29395084 0.29656088]
239 12.57953316041768 [0.21292859 0.22304414 0.18732376 0.23509618 0.21865631 0.29035456
 0.29481646 0.31595705 0.2943559  0.29611208]
240 8.302116512046707 [0.21275708 0.22325548 0.18711821 0.23499095 0.21814455 0.29039
 0.29441997 0.31596865 0.29447203 0.29570569]
241 8.921507839421878 [0.21264579 0.22337024 0.18687859 0.23503022 0.21765662 0.29052682
 0.29432051 0.31607371 0.29469094 0.29518213]
242 7.488075234098298 [0.21252652 0.2233428  0.18657043 0.23515931 0.21724358 0.29068552
 0.2942578  0.31610195 0.29519962 0.29493331]
243 9.690249338451576 [0.21233406 0.22313696 0.18636771 0.23524038 0.21700508 0.29090496
 0.29425875 0.31607699 0.29595883 0.29466144]
244 8.326438521026233 [0.21210944 0.2229168  0.18621672 0.23530973 0.21693862 0.2911851
 0.29437293 0.31591973 0.2967453  0.29448188]
245 9.336090704802846 [0.21174248 0.22266632 0.18600704 0.2352649  0.21690608 0.29143199
 0.29457915 0.3157507  0.29739764 0.29409357]
246 8.448407823196252 [0.21155935 0.2223885  0.18570912 0.23516967 0.21681888 0.290848
 0.29461418 0.3158467  0.29799448 0.29357768]
247 7.956014355085716 [0.2115015  0.22213192 0.18552352 0.23500775 0.2167623  0.29017987
 0.29491677 0.31587147 0.29814599 0.29323449]
248 9.05437517153505 [0.21148926 0.22188582 0.18526853 0.23481906 0.21664545 0.28942833
 0.29544602 0.31569727 0.29837014 0.29301397]
249 8.841135695910758 [0.21144813 0.22168441 0.18501485 0.23443553 0.21654205 0.28879616
 0.29606925 0.31542057 0.29870464 0.29280363]
250 7.813810852675388 [0.21148391 0.2215879  0.18472092 0.23396827 0.21649084 0.28802497
 0.29676102 0.31528325 0.29867073 0.29255735]
251 9.285663532436534 [0.21144566 0.22137321 0.18437387 0.23361545 0.21655139 0.28764657
 0.29738328 0.31499752 0.29915516 0.29253257]
252 6.732292363393609 [0.2113988  0.22110165 0.18394634 0.23336867 0.21648228 0.28730424
 0.29785411 0.31475722 0.29966679 0.29268661]
253 7.962338819307075 [0.211258   0.22077079 0.1835314  0.23305901 0.21634357 0.28688392
 0.29827406 0.3144626  0.30002518 0.29273253]
254 7.854402003878651 [0.21108217 0.22032126 0.18303012 0.23255157 0.2161875  0.28664441
 0.29888942 0.31429082 0.30030303 0.29269659]
255 13.134164069021221 [0.21095593 0.21989741 0.18270132 0.23208093 0.21610469 0.28646833
 0.29926757 0.31430321 0.30051978 0.29236279]
256 9.259898062162277 [0.21100225 0.21950137 0.18229966 0.23159274 0.21589451 0.28635469
 0.29977861 0.31425296 0.30064918 0.29201584]
257 10.809452433413902 [0.2108862  0.21910524 0.18195094 0.231128   0.21562473 0.28636271
 0.30015462 0.31422803 0.30088211 0.29168988]
258 8.470818194571146 [0.21069946 0.21871995 0.18167227 0.23071799 0.21540185 0.28639909
 0.30056181 0.31399127 0.30105861 0.29129136]
259 9.45396214936399 [0.21046421 0.21842326 0.18151596 0.23026736 0.21510815 0.28647049
 0.30092456 0.31399446 0.30109935 0.29104804]
260 9.152444221376205 [0.21017471 0.21831094 0.18150091 0.22976204 0.21470827 0.28643968
 0.30128069 0.31395367 0.30124108 0.29087417]
261 10.089518834825373 [0.20993507 0.21816534 0.18145548 0.22941655 0.21434467 0.28650785
 0.30136777 0.31389993 0.30146332 0.29086021]
262 7.816035806374717 [0.20963655 0.21815325 0.18138276 0.2291     0.21397561 0.28646084
 0.3014656  0.31360144 0.30140559 0.29082246]
263 6.962351840429683 [0.20937942 0.21827021 0.18126062 0.22886515 0.21369376 0.2863184
 0.30168285 0.31342692 0.30166543 0.29078052]
264 8.014861013885607 [0.20916378 0.21843331 0.18114561 0.22857575 0.21332218 0.2862161
 0.30195673 0.31341545 0.30192204 0.29065959]
265 6.354469722159427 [0.2090571  0.21867362 0.18112291 0.22816941 0.21294318 0.28621068
 0.30196058 0.31306185 0.30222317 0.29032006]
266 8.043906375991053 [0.20897056 0.21873944 0.18099766 0.22771673 0.21262922 0.28621748
 0.30189981 0.31287881 0.30241022 0.2899971 ]
267 6.232575723200997 [0.2087036  0.21884641 0.18083881 0.22726196 0.21238085 0.28621984
 0.3018727  0.31269339 0.30255708 0.28959698]
268 8.54973210583774 [0.2083075  0.21910863 0.18070277 0.22676883 0.21224056 0.28604145
 0.3018119  0.3128322  0.30283479 0.28913893]
269 9.4261237227209 [0.20785914 0.21930841 0.18048983 0.22634986 0.21209547 0.28576206
 0.30191082 0.31284784 0.30333269 0.28864473]
270 8.894249430370394 [0.20734636 0.21946682 0.18016663 0.22588393 0.21203063 0.28579163
 0.30219641 0.31313639 0.30386137 0.28798863]
271 6.993508400564464 [0.20685618 0.21958223 0.17973689 0.22534403 0.21196536 0.28570335
 0.30235928 0.31342736 0.3043316  0.2873476 ]
272 7.818177996270566 [0.20645437 0.21978755 0.17932173 0.22481908 0.21184869 0.28547301
 0.3021845  0.31377808 0.30502545 0.28642923]
273 8.093082179618248 [0.20610208 0.22009719 0.17901039 0.22424186 0.21167238 0.28527734
 0.30203125 0.31423076 0.30559614 0.28550197]
274 7.3046478215548065 [0.20569357 0.22030554 0.17867655 0.22374407 0.21127625 0.28505255
 0.30185211 0.31486865 0.30640043 0.28466012]
275 9.009157294702153 [0.20532745 0.2203842  0.17842113 0.22322661 0.21094655 0.2848976
 0.30161512 0.31570095 0.30724346 0.28380534]
276 8.346449643168143 [0.20502782 0.22027254 0.17823222 0.22263207 0.21064994 0.28459922
 0.30153887 0.31624699 0.30815603 0.28300543]
277 6.416545406377239 [0.20471115 0.22011363 0.17812054 0.22189989 0.21035323 0.28435173
 0.30138197 0.31670678 0.30889386 0.28234722]
278 10.982314185933099 [0.20437881 0.21997496 0.17776531 0.22154307 0.21005878 0.28418998
 0.30112981 0.31734796 0.30937358 0.28201489]
279 6.645925132634323 [0.20415968 0.21979131 0.17746654 0.22125619 0.20970788 0.2841984
 0.30089224 0.31807834 0.30990213 0.2816739 ]
280 7.985392344020145 [0.20408186 0.21958904 0.17713056 0.22098795 0.20949922 0.28429835
 0.30074408 0.31889535 0.3101766  0.28134285]
281 11.230162795403125 [0.20397518 0.21926522 0.176825   0.22077681 0.20928721 0.28444855
 0.30058763 0.31953853 0.31073327 0.28101046]
282 9.734572094072998 [0.20393514 0.21914471 0.1765108  0.22039711 0.20894453 0.28453552
 0.30059879 0.31990817 0.31112909 0.28085148]
283 7.595914321350511 [0.20400759 0.21909468 0.17626885 0.22008486 0.20869117 0.28445448
 0.30072386 0.32037427 0.31162827 0.28075384]
284 9.669234242046839 [0.20405001 0.21915501 0.17598001 0.21966356 0.2083631  0.2843119
 0.30069861 0.32109709 0.31199725 0.28057562]
285 7.318768737887753 [0.20414452 0.21922241 0.17573277 0.21933394 0.20791951 0.28410321
 0.3008484  0.32186294 0.31226148 0.28054001]
286 7.382974174046533 [0.20431297 0.21929734 0.17548679 0.21902336 0.20764719 0.28370658
 0.30092792 0.32254038 0.31291048 0.28072449]
287 9.257847803520605 [0.20451799 0.21931332 0.17519039 0.21871366 0.20734419 0.28340398
 0.30092695 0.32329127 0.31350142 0.28073834]
288 9.136814548628223 [0.20464651 0.21928075 0.17489201 0.21843656 0.20700478 0.28280578
 0.30083965 0.32387688 0.31393819 0.28075827]
289 8.048358717058672 [0.20478365 0.21929145 0.17463167 0.21818491 0.20674828 0.28213795
 0.30082643 0.32440028 0.31388534 0.28082382]
290 8.276197619575731 [0.20491551 0.21925134 0.17431668 0.21783954 0.20644585 0.28150904
 0.30070313 0.32492652 0.3139228  0.2806736 ]
291 8.588886072174615 [0.20512954 0.21915155 0.17400926 0.21760152 0.20620499 0.28081555
 0.30043907 0.3254729  0.31385    0.28051791]
292 9.296371041378878 [0.20543385 0.21909987 0.17371283 0.21746756 0.20588071 0.28018796
 0.30015603 0.32580315 0.31368728 0.28034798]
293 8.229114503405157 [0.20573917 0.21901189 0.17345252 0.2176035  0.20561839 0.27978326
 0.29989508 0.32599905 0.31369999 0.27981948]
294 9.5116925171241 [0.20597736 0.21892958 0.17329152 0.21761802 0.20535102 0.27931092
 0.29968853 0.32634872 0.31339854 0.27929718]
295 7.822161380165339 [0.20613227 0.21878873 0.17315975 0.21771645 0.20501528 0.27880029
 0.29973578 0.326574   0.3131303  0.27882827]
296 7.77759820633536 [0.20634509 0.2186974  0.17314381 0.21772547 0.20467319 0.2782027
 0.29966339 0.32690592 0.31309586 0.2783323 ]
297 8.200050722392028 [0.20655965 0.2187833  0.17311402 0.21761954 0.20445316 0.27759083
 0.29959444 0.32700728 0.31290265 0.27793125]
298 7.50227308348305 [0.20683134 0.21869311 0.17302845 0.2175304  0.20431925 0.2770102
 0.29944001 0.32710504 0.31275354 0.27789494]
299 10.024249402868133 [0.2071707  0.21860582 0.17296135 0.21740026 0.20422548 0.27662328
 0.2992     0.32728654 0.31290728 0.27784811]
300 13.276284207905423 [0.20738116 0.21863207 0.17293208 0.21736097 0.20414953 0.27611309
 0.29900638 0.32721563 0.3130325  0.27762693]
301 10.420180662590063 [0.20757176 0.21870754 0.17278244 0.21739572 0.20413114 0.27565214
 0.29899362 0.32696685 0.31339081 0.27728911]
302 6.906948374384875 [0.20776113 0.21870887 0.17275389 0.21744593 0.20407067 0.27514462
 0.29891688 0.32688242 0.31370613 0.27726592]
303 6.363024639746021 [0.20807454 0.21895809 0.17268929 0.21734939 0.20401393 0.27450467
 0.29891726 0.32684853 0.31402454 0.27741056]
304 9.860362295677223 [0.20838538 0.21917838 0.17262634 0.21727555 0.20396426 0.27376549
 0.29893778 0.32649082 0.31407493 0.27744771]
305 9.693040869503253 [0.20866472 0.21950054 0.17259641 0.21724779 0.20378919 0.27274363
 0.29905805 0.32623542 0.31388869 0.27762073]
306 8.835664612628149 [0.20896058 0.21978814 0.17263747 0.21713573 0.20355983 0.27177954
 0.29906146 0.32569582 0.31405651 0.27785464]
307 7.483446537957022 [0.20916904 0.2200888  0.17271328 0.2167864  0.20330099 0.27078379
 0.29906702 0.32509093 0.31425804 0.27816173]
308 8.507190549102885 [0.20952589 0.22044631 0.17275461 0.21647378 0.20310107 0.2699411
 0.29946148 0.32466109 0.31441722 0.27825255]
309 9.184434016502049 [0.20990626 0.22082732 0.17273992 0.21623113 0.20272597 0.26902655
 0.29985041 0.32392644 0.31446209 0.27824008]
310 7.38763867993673 [0.21016235 0.2213019  0.17274353 0.21590788 0.20231742 0.26797492
 0.29994748 0.32343088 0.31465444 0.27819003]
311 5.713557817421409 [0.21042719 0.22175607 0.17283763 0.21567172 0.20189885 0.26697866
 0.30015947 0.32302601 0.31470553 0.27810495]
312 8.444886679333042 [0.21058703 0.22208809 0.17291852 0.21557028 0.20149247 0.26603635
 0.30033416 0.32253315 0.31476146 0.27811611]
313 8.30550875020835 [0.21083018 0.22243568 0.1730235  0.21555493 0.20109796 0.26504792
 0.30058472 0.32206854 0.31494681 0.27813008]
314 8.674570193938909 [0.21098535 0.22273833 0.17306849 0.21554818 0.20074732 0.26399338
 0.30069809 0.32164366 0.31557286 0.27808388]
315 6.907035229471606 [0.21116974 0.22303019 0.17307451 0.21550501 0.20040235 0.26296216
 0.30102677 0.32105543 0.31572179 0.27802733]
316 7.851069331075452 [0.21130704 0.22336749 0.17306182 0.21536804 0.20003619 0.26203492
 0.30144835 0.32059869 0.31609308 0.27782908]
317 6.162588751265348 [0.21132496 0.22352929 0.17311392 0.21506515 0.19959511 0.26149983
 0.30151845 0.32036864 0.31603039 0.27760928]
318 7.800632860376603 [0.21127538 0.22344691 0.17319271 0.21486136 0.1993059  0.26114454
 0.30150256 0.32002255 0.31607709 0.27727357]
319 4.470358656851066 [0.21122472 0.22329067 0.17329664 0.21471192 0.19911962 0.26076031
 0.30150259 0.31938568 0.3162241  0.27697777]
320 6.9376897311822425 [0.21110421 0.22293362 0.17332772 0.21453164 0.19885121 0.26030726
 0.30165753 0.31901623 0.31629944 0.27674943]
321 7.5762184748921175 [0.21093457 0.22265848 0.17339072 0.21433554 0.19868313 0.25993308
 0.30134492 0.31845642 0.31633417 0.27654975]
322 9.776985686824949 [0.21092112 0.22249255 0.17340112 0.21415135 0.19849349 0.25959349
 0.30128106 0.3176384  0.31636593 0.27662744]
323 6.830722896397942 [0.21094518 0.22252163 0.17342282 0.21399468 0.19822747 0.25919922
 0.30124364 0.31688822 0.31636056 0.27694877]
324 6.720725663583107 [0.21095372 0.22268248 0.17330324 0.21390496 0.19805751 0.25881771
 0.30115293 0.31622207 0.31646238 0.27724967]
325 6.2689095090755345 [0.2109096  0.22284873 0.17322458 0.21387081 0.19793398 0.25853002
 0.3010722  0.31590565 0.31651594 0.27753203]
326 7.486292667208273 [0.21084458 0.2229933  0.17310476 0.21375556 0.19783142 0.25829368
 0.30082835 0.31590184 0.31676995 0.27803098]
327 6.5321282462554695 [0.21085582 0.22323538 0.17297258 0.21366967 0.19778789 0.25806194
 0.30050166 0.31583948 0.31693459 0.27844178]
328 6.788491345242684 [0.21071607 0.2233483  0.17274295 0.2136963  0.19784465 0.2578268
 0.29992086 0.31592654 0.31695572 0.27884795]
329 8.303785432253203 [0.21069385 0.22341664 0.1726016  0.21363464 0.19787504 0.25764586
 0.29952315 0.31581754 0.31698386 0.27928872]
330 7.1701459535310414 [0.21056493 0.22328849 0.17246027 0.21360958 0.1978908  0.25729031
 0.2991419  0.31586289 0.31708589 0.2796821 ]
331 8.355893949988532 [0.2104611  0.22317497 0.1722819  0.21378428 0.19784575 0.25681215
 0.29904143 0.31550326 0.31739415 0.27986088]
332 6.860325194326015 [0.21048144 0.22311859 0.17221681 0.21399132 0.19769301 0.25615883
 0.29885002 0.31538944 0.31748248 0.27985028]
333 4.787542660331502 [0.21044142 0.22290188 0.1721276  0.21420469 0.19762421 0.25537394
 0.29912201 0.31534696 0.31749374 0.27993923]
334 6.669400864098908 [0.21045874 0.22263013 0.17197458 0.21452338 0.1974944  0.25484195
 0.29926621 0.31530446 0.31730187 0.28018851]
335 5.979820630653604 [0.21048478 0.22238032 0.1718707  0.21483184 0.19740145 0.25431344
 0.29949829 0.31491489 0.3170804  0.28028465]
336 6.640548495247861 [0.21050424 0.2221846  0.17178787 0.21512525 0.1973818  0.25398313
 0.29985348 0.314706   0.31675122 0.28027488]
337 8.789854699985177 [0.21042615 0.22186902 0.17176986 0.21535533 0.19746076 0.25361422
 0.30010852 0.31453914 0.31636917 0.28027264]
338 7.1733394787757545 [0.21031319 0.22164428 0.17183395 0.2156746  0.19755997 0.2533122
 0.30035128 0.31434367 0.31598203 0.28035427]
339 5.0880743892296145 [0.21013069 0.22134383 0.17186431 0.21596272 0.19757711 0.25304731
 0.30085456 0.31406343 0.31579036 0.28052096]
340 6.200781501461909 [0.21000787 0.2211626  0.17178307 0.21622779 0.19750737 0.25282175
 0.30139381 0.31378488 0.31550634 0.28078248]
341 6.133455688284128 [0.20980577 0.22104611 0.17169708 0.21653066 0.19741258 0.25260086
 0.30188269 0.31363375 0.31547823 0.2810494 ]
342 6.578582292614012 [0.20950811 0.22085828 0.17156928 0.21670494 0.19734394 0.25238584
 0.302137   0.31350057 0.31554049 0.2813641 ]
343 6.520947862466176 [0.20928269 0.22060907 0.17132628 0.21682203 0.19735554 0.25229055
 0.30250617 0.31310659 0.31581233 0.28139563]
344 5.166523854215025 [0.20912606 0.22030969 0.17104111 0.21698282 0.19733895 0.25224485
 0.30286009 0.31282412 0.31575374 0.28135981]
345 7.235877681276157 [0.20896674 0.219982   0.1708119  0.21707802 0.19737678 0.25227424
 0.30320094 0.31264601 0.31560026 0.28153206]
346 7.841424782374007 [0.20880421 0.21969496 0.17057718 0.2171401  0.19746288 0.25238555
 0.30358405 0.31235493 0.31538319 0.28173986]
347 4.71701537645038 [0.20861862 0.21935268 0.1704286  0.21723886 0.19760013 0.25256201
 0.30392725 0.31202228 0.31514321 0.28214253]
348 6.172973895883009 [0.20849673 0.21885876 0.17027928 0.21730744 0.19775238 0.25272468
 0.30412179 0.31190266 0.31494794 0.28261314]
349 7.494434978342091 [0.20849281 0.21847937 0.1701791  0.21723114 0.19784096 0.25293551
 0.30438896 0.3117901  0.31505892 0.2828037 ]
350 5.385969593281661 [0.20847243 0.21819494 0.17002782 0.2171593  0.19793146 0.25299278
 0.30453945 0.31185485 0.3151878  0.28296407]
351 6.208652203288379 [0.20833069 0.21778388 0.16996979 0.2170607  0.19789285 0.25306523
 0.30467437 0.31189609 0.31529354 0.28289706]
352 7.188592001800773 [0.2083151  0.217452   0.16985432 0.2170877  0.19784942 0.25305423
 0.30498127 0.31218762 0.31546282 0.28301203]
353 5.077119795452201 [0.20840763 0.21711156 0.16972539 0.21716995 0.19775347 0.25296082
 0.30535051 0.31246112 0.31569018 0.2830279 ]
354 11.39785617808915 [0.20858249 0.21684955 0.16957083 0.21733074 0.19764274 0.25273814
 0.30574938 0.31284395 0.31569703 0.28317119]
355 7.0635360778571314 [0.2087176  0.2164386  0.16948452 0.21730185 0.1974714  0.25241954
 0.30611247 0.31329416 0.31540808 0.28342455]
356 9.397976527636896 [0.208685   0.21599261 0.16946397 0.21720244 0.19751188 0.25218173
 0.30641246 0.31368246 0.3151898  0.28367363]
357 6.941696249628816 [0.20860187 0.21554046 0.16945366 0.21700193 0.19754401 0.2518764
 0.30658067 0.31397094 0.31491827 0.28399735]
358 7.291534897841503 [0.20850068 0.2152322  0.16945708 0.21689513 0.19754636 0.25155417
 0.3063236  0.31412335 0.31463011 0.28432821]
359 5.301354154904116 [0.20836088 0.21512087 0.16938112 0.21689895 0.19748007 0.25110742
 0.30606281 0.31434566 0.31459543 0.28459104]
360 6.165495520883637 [0.20825811 0.21507104 0.16931366 0.21669692 0.19751029 0.2507027
 0.30594178 0.3146935  0.31440471 0.28461325]
361 9.162555002673237 [0.20821882 0.21511773 0.16924028 0.21658209 0.19756336 0.25032581
 0.30608119 0.31478272 0.31418696 0.28451986]
362 8.777038743764564 [0.2083151  0.21520996 0.16922686 0.21646581 0.19766375 0.25000599
 0.30602374 0.31489989 0.31426147 0.28446754]
363 8.910273593877841 [0.20833499 0.2152641  0.16924151 0.21632062 0.19771926 0.24967376
 0.30597982 0.31497735 0.31462532 0.28445557]
364 6.411755855190083 [0.20833701 0.21504811 0.16923691 0.2162497  0.19778124 0.24932221
 0.30608882 0.31505676 0.31497318 0.28435795]
365 7.591365953948472 [0.2083702  0.21480637 0.16923637 0.21610233 0.19787941 0.24904112
 0.30664011 0.31524279 0.31539378 0.28412486]
366 7.277331754164868 [0.20850166 0.21455357 0.16925241 0.21603615 0.19789663 0.2484972
 0.30728229 0.31514437 0.31568604 0.28399932]
367 7.59384438076412 [0.20873337 0.21429411 0.16927315 0.21606616 0.19791785 0.24789841
 0.30788564 0.31536315 0.31571518 0.2837986 ]
368 9.220895099686516 [0.20893008 0.21416909 0.16922588 0.21604675 0.197925   0.2474362
 0.30845899 0.31570077 0.31587561 0.28350973]
369 8.069779253514035 [0.20907549 0.21397547 0.16917732 0.21572277 0.19785711 0.24699115
 0.3093914  0.31604077 0.31600342 0.28309676]
370 6.388770731623698 [0.20901135 0.21385497 0.16906137 0.21549471 0.19767847 0.24642416
 0.30990834 0.31640443 0.31620019 0.28270017]
371 6.933172304859568 [0.20895014 0.21381106 0.16897149 0.21524524 0.19741429 0.24596359
 0.31057407 0.31694955 0.31658285 0.28212341]
372 6.388227260959107 [0.20870967 0.21376677 0.16893005 0.21498916 0.19718183 0.24559923
 0.31137095 0.31754563 0.31683946 0.28168693]
373 5.730906651629885 [0.20852245 0.21368845 0.16882436 0.21481949 0.19695749 0.24518566
 0.31207271 0.31805763 0.31711945 0.28136302]
374 6.547904646872345 [0.20827951 0.21371616 0.16872711 0.21487689 0.19691336 0.24468951
 0.31259739 0.31862943 0.31723967 0.28104112]
375 9.301506809191565 [0.20801393 0.21378341 0.16862724 0.21497412 0.19681174 0.24427436
 0.31306859 0.31897735 0.31751312 0.28084618]
376 5.898126752191328 [0.20789433 0.21397789 0.16849321 0.21495109 0.19659432 0.24385206
 0.31353973 0.3193403  0.318128   0.28059007]
377 9.69537652491187 [0.20798957 0.2141465  0.16832435 0.21504963 0.19630769 0.24342911
 0.31393324 0.31996953 0.31875858 0.28042001]
378 6.764821391220922 [0.20795596 0.21414304 0.16795383 0.21511208 0.19599643 0.24286652
 0.31400222 0.32025937 0.31953409 0.28022423]
379 6.882877908445536 [0.20801912 0.21412889 0.16761251 0.21506299 0.19570094 0.24248277
 0.31422048 0.32057715 0.32002427 0.27991124]
380 7.397803838555509 [0.20801014 0.21423088 0.16744576 0.21502404 0.19535519 0.24226284
 0.31424556 0.32092676 0.32037689 0.27960458]
381 6.0064705349929595 [0.20797121 0.21454374 0.16723772 0.2150325  0.19518875 0.24208517
 0.31438997 0.32132144 0.32085451 0.27933621]
382 7.3974092161491365 [0.20776406 0.21493951 0.16706062 0.21504492 0.19500616 0.24183335
 0.31432296 0.321849   0.32120583 0.27908199]
383 7.657916043919957 [0.2076069  0.21529511 0.16690487 0.21516787 0.19479309 0.24161905
 0.3143758  0.32257165 0.32136624 0.27890605]
384 7.9548877247329015 [0.20752696 0.21570027 0.16674    0.2152532  0.19470735 0.24142791
 0.31446256 0.32319193 0.32155037 0.27865686]
385 6.584313311204231 [0.20754258 0.21612844 0.16660591 0.21520359 0.19468562 0.2412668
 0.31445977 0.32369737 0.32174556 0.27838756]
386 7.526821918520591 [0.20767144 0.21646812 0.16648953 0.21521292 0.19469504 0.24123977
 0.31443133 0.32433271 0.32204338 0.2780983 ]
387 8.453349942434187 [0.2077881  0.21677955 0.16637044 0.21519558 0.19468711 0.24126189
 0.31432101 0.32488906 0.32243491 0.27773211]
388 6.7261340610953315 [0.20793622 0.2170378  0.16628778 0.21528794 0.19478615 0.24130759
 0.31432511 0.32560797 0.3228387  0.27738588]
389 7.591042636639669 [0.20808382 0.21726291 0.16624492 0.21522651 0.19488758 0.24129381
 0.31438836 0.32630861 0.32323956 0.27704007]
390 7.36516968438684 [0.20824472 0.21759467 0.166179   0.21509672 0.19500587 0.24122489
 0.31452914 0.32710246 0.32338198 0.2765387 ]
391 8.973010599395735 [0.20841323 0.21779874 0.16611369 0.21500953 0.19497661 0.24133383
 0.31505158 0.32811493 0.3236445  0.27630146]
392 7.285037787339381 [0.20856868 0.21798252 0.16605844 0.21499789 0.19511225 0.2413259
 0.31567023 0.32902671 0.32381868 0.27603595]
393 7.688026682799707 [0.20867535 0.21818086 0.16601624 0.21493651 0.19522327 0.24133432
 0.31640375 0.32988045 0.32438373 0.27570537]
394 7.232740825466494 [0.20870834 0.2183076  0.16589772 0.21499252 0.19537137 0.24131583
 0.31727551 0.3304349  0.32479221 0.27535455]
395 7.553161332012845 [0.20870506 0.21862281 0.16574976 0.21496234 0.1954662  0.24132567
 0.3179668  0.33105908 0.32509832 0.27506088]
396 7.0112222378429685 [0.20865525 0.21882818 0.16552709 0.21488878 0.1955146  0.24137525
 0.3187741  0.33169837 0.32528496 0.27502659]
397 8.194517486447905 [0.20851414 0.21920705 0.16537159 0.21485721 0.19550873 0.2413301
 0.319466   0.33240814 0.32539198 0.27493828]
398 9.511434628662983 [0.2083881  0.21954858 0.16515838 0.21466218 0.19546459 0.24136796
 0.31990161 0.33305658 0.32574285 0.27502167]
399 6.351132465526234 [0.20838356 0.21947989 0.16489668 0.21445424 0.19525347 0.24148555
 0.32009984 0.33382617 0.32602552 0.27492434]
400 9.852244737961344 [0.20823362 0.2194252  0.16459991 0.21426163 0.19519595 0.24159637
 0.32044356 0.33442063 0.32636101 0.27485023]
401 6.400510425521359 [0.20796809 0.21924627 0.16429564 0.21418152 0.19531438 0.24181322
 0.32068454 0.33523596 0.32675661 0.27477102]
402 7.415905928843488 [0.20774912 0.21920201 0.16398578 0.21416915 0.19537354 0.24192194
 0.3208835  0.33548119 0.32726636 0.27465777]
403 7.083058213112215 [0.20754221 0.21914255 0.163635   0.2142268  0.19544283 0.24198299
 0.32114207 0.33544457 0.32767918 0.27446196]
404 6.009732223639594 [0.20736027 0.2190707  0.16337141 0.21425709 0.19544694 0.24197226
 0.32132707 0.33521666 0.32807393 0.27425701]
405 6.635592482511114 [0.20722936 0.21900924 0.16304084 0.21416602 0.19548839 0.24202865
 0.32146044 0.33544375 0.32824342 0.27398935]
406 6.936847141702319 [0.20718735 0.21884973 0.16272912 0.2141055  0.19549923 0.24229068
 0.32180866 0.33579392 0.32862731 0.27396589]
407 8.46426054035726 [0.2072036  0.21878822 0.16241231 0.21392321 0.19548663 0.24261593
 0.3218429  0.33588486 0.32894273 0.27412976]
408 6.510809944953253 [0.20713964 0.21861469 0.1620958  0.2137045  0.19538076 0.24287705
 0.3218771  0.33608668 0.32943649 0.27424619]
409 6.586444809331302 [0.20708389 0.21832241 0.16180242 0.21347195 0.19537472 0.24311037
 0.32192716 0.33614647 0.32971594 0.27425161]
410 7.247928387828963 [0.2070194  0.21813652 0.16157378 0.2133702  0.19524471 0.24330257
 0.32204167 0.3361604  0.32998352 0.27429432]
411 5.653192869303405 [0.20697765 0.21788887 0.16131902 0.21317289 0.19514707 0.24347479
 0.32232358 0.336059   0.33002872 0.27429058]
412 9.325874593578028 [0.2068335  0.21752793 0.16100157 0.2131657  0.19513064 0.24332411
 0.3226632  0.33609656 0.33038923 0.27452955]
413 6.364794552461953 [0.20675504 0.21726448 0.16073314 0.21323007 0.19513316 0.24327425
 0.32304426 0.33599059 0.33108594 0.27479453]
414 6.756494854068012 [0.20668041 0.21703273 0.16046303 0.21319237 0.19503968 0.24314092
 0.32300295 0.33613549 0.33133104 0.27518026]
415 5.519247409535172 [0.20656597 0.21680095 0.16026371 0.21304743 0.1949413  0.24315871
 0.32233722 0.33627261 0.33174648 0.27548336]
416 7.020271129110711 [0.20642523 0.21670565 0.16012127 0.21280444 0.19475082 0.24311752
 0.32182512 0.33618788 0.33185541 0.27585174]
417 8.110689781212697 [0.20637322 0.21658212 0.1599593  0.21279674 0.19462413 0.24309728
 0.32116112 0.33610482 0.33203502 0.27623595]
418 7.858093568440248 [0.20633562 0.21645854 0.15982078 0.21280712 0.19466826 0.24304696
 0.32066499 0.33625546 0.3317949  0.2765444 ]
419 5.902999941613058 [0.20636131 0.21633083 0.15968272 0.21279556 0.19467321 0.24287769
 0.32007662 0.33616395 0.33143043 0.27677505]
420 6.4883943833083055 [0.20623361 0.21613341 0.15959368 0.21280743 0.19455016 0.24258492
 0.31961384 0.33643004 0.33094217 0.27701478]
421 7.848254331034236 [0.20602766 0.21590861 0.15953976 0.21286031 0.19439715 0.24232964
 0.31933286 0.3366396  0.33036631 0.27728994]
422 4.904074710166004 [0.20571776 0.21568906 0.15951569 0.21298699 0.19429821 0.24211721
 0.31933638 0.33686825 0.32968579 0.27761161]
423 4.952112465581445 [0.20551768 0.21561286 0.15945661 0.21309528 0.19427343 0.2419609
 0.31943402 0.33733461 0.32858416 0.27795711]
424 6.36177561075271 [0.2053283  0.21544088 0.15948057 0.21314632 0.19431139 0.24187686
 0.31918153 0.33790447 0.32741361 0.27801839]
425 5.754730669291288 [0.20522021 0.21523566 0.15949658 0.21313321 0.19433404 0.24178504
 0.31906776 0.33796734 0.32645741 0.27820602]
426 7.45283179618605 [0.20524143 0.21508835 0.15948704 0.21309949 0.19441167 0.24163862
 0.31919974 0.33817228 0.32567344 0.27844074]
427 5.431827134133899 [0.20526029 0.21491949 0.15955179 0.21300974 0.19450845 0.24149635
 0.31952689 0.33835861 0.32550444 0.27866653]
428 6.70224925608386 [0.20540365 0.21490271 0.15962181 0.21294737 0.19452014 0.24147201
 0.31962339 0.3386579  0.32506816 0.27893459]
429 7.901325695582759 [0.20545762 0.21491713 0.15971643 0.21290472 0.19456817 0.24148046
 0.31983908 0.33908564 0.32461639 0.27915269]
430 6.770332298944794 [0.20543825 0.215013   0.15972227 0.21304251 0.19463899 0.24151679
 0.32016958 0.33932035 0.32409626 0.27930653]
431 7.304438035896025 [0.20531218 0.21512971 0.15977922 0.213332   0.19476668 0.2415317
 0.32037531 0.33966727 0.32371906 0.2795154 ]
432 6.7056193792053875 [0.20518521 0.21518271 0.15983291 0.21356103 0.19496633 0.24146453
 0.32051939 0.3400397  0.32337296 0.27958068]
433 6.233157251092076 [0.20504667 0.2152664  0.15986045 0.2137517  0.19518828 0.24146809
 0.32055365 0.3406096  0.32318478 0.27960884]
434 7.746605248744961 [0.2049453  0.21525947 0.15986635 0.2138806  0.19545578 0.24152765
 0.32071913 0.34110727 0.32313837 0.27965873]
435 6.3319972241665265 [0.20476497 0.21524115 0.15984081 0.21403419 0.19568225 0.24158209
 0.32088261 0.34159639 0.32318786 0.27974706]
436 7.236212596664903 [0.20458605 0.21524384 0.15976552 0.21424957 0.19595437 0.24158655
 0.32094623 0.3421944  0.32319972 0.2797264 ]
437 4.710693967708146 [0.20446752 0.21500888 0.15970828 0.2143828  0.1962298  0.24143772
 0.32105567 0.34249675 0.32314624 0.27973516]
438 6.526710014465839 [0.20444981 0.214778   0.15966515 0.21435983 0.19629233 0.24127413
 0.32126668 0.34297215 0.32311092 0.27963994]
439 5.733005558412909 [0.20442836 0.21454013 0.15967919 0.21445486 0.19621836 0.24108083
 0.32163418 0.34352408 0.32305626 0.27951003]
440 6.332820557520465 [0.2044808  0.21413569 0.15968255 0.21453798 0.19611994 0.24094723
 0.32197301 0.34388334 0.32311541 0.27940291]
441 4.771399926609539 [0.20447931 0.21397351 0.15966673 0.21467807 0.19597307 0.24073065
 0.32203156 0.34403205 0.32318568 0.27928763]
442 7.986275146527314 [0.20461917 0.21379734 0.1596737  0.21480162 0.19589713 0.24037076
 0.32218983 0.34423214 0.32340839 0.27934616]
443 4.744385742131189 [0.20477925 0.21358856 0.1597105  0.21483375 0.19573637 0.23988515
 0.32180098 0.34439684 0.32377789 0.27956647]
444 5.556702802039203 [0.20501435 0.21325135 0.15969091 0.21474396 0.19562633 0.23955132
 0.32152466 0.3447253  0.3241618  0.27983797]
445 5.750274847576838 [0.20513712 0.21284352 0.15963404 0.21475287 0.19558933 0.23901409
 0.32123151 0.34499864 0.32441134 0.27972044]
446 4.735440348535991 [0.20515008 0.21256468 0.15957781 0.21462984 0.19556181 0.23860269
 0.32105301 0.34520514 0.32456144 0.27949947]
447 6.9440682637045406 [0.20517765 0.2119179  0.15953503 0.2145524  0.19549979 0.23815149
 0.32109652 0.34559113 0.32484144 0.2792646 ]
448 6.395716201587175 [0.20528155 0.21141913 0.15947072 0.21452356 0.19545233 0.23776913
 0.32116668 0.34576182 0.32509796 0.27913431]
449 6.919059346021675 [0.20527922 0.21108936 0.15935964 0.21433657 0.19542298 0.23739916
 0.32101225 0.34611058 0.32542998 0.27922952]
450 6.654717776048576 [0.20541914 0.21075663 0.15923889 0.21386211 0.1953843  0.23700185
 0.32084026 0.34611539 0.32558603 0.27921307]
451 8.73886365575585 [0.20548202 0.21052862 0.15911648 0.21350574 0.19531673 0.23682364
 0.32066787 0.34611899 0.32566083 0.27904536]
452 7.926908362121427 [0.20548465 0.21031536 0.15899455 0.21322597 0.19524681 0.23677407
 0.32062954 0.34617302 0.32553131 0.27901126]
453 7.5341931626985925 [0.20559162 0.21021141 0.15893234 0.21294415 0.19502402 0.23655017
 0.32058371 0.34618219 0.3253352  0.27883419]
454 5.52029216593554 [0.20560239 0.20989955 0.15881882 0.21259939 0.19476403 0.23632903
 0.32060709 0.34596565 0.32519893 0.27860836]
455 8.740312027684865 [0.2055227  0.2095815  0.15870905 0.21238709 0.1946042  0.236189
 0.32045228 0.34585372 0.32523765 0.2785248 ]
456 7.640514192106634 [0.20545346 0.20923757 0.15857332 0.21230171 0.19455232 0.23605976
 0.32013781 0.34575596 0.32539881 0.27843356]
457 7.686344412657965 [0.20548723 0.20899397 0.15853283 0.21219342 0.19439427 0.23585482
 0.31991667 0.34565603 0.32549524 0.27843713]
458 8.277715999809914 [0.20555569 0.20889553 0.15854519 0.21220766 0.19428111 0.23572129
 0.31939653 0.34581429 0.32572182 0.27816534]
459 7.622260546086368 [0.20552015 0.20879976 0.1585504  0.21214766 0.19404487 0.23556076
 0.31880911 0.34669532 0.32585305 0.27779669]
460 7.74320437460975 [0.20545479 0.20874352 0.15857679 0.21212928 0.19393888 0.23542001
 0.31830748 0.34743054 0.32588425 0.27743986]
461 6.660180098251332 [0.20541706 0.20873846 0.15856654 0.2121134  0.19373464 0.23522752
 0.31783692 0.34800587 0.32611473 0.27721777]
462 6.9411327843330355 [0.20535021 0.20869019 0.15857925 0.21216696 0.19367549 0.23501478
 0.31736563 0.34843188 0.32660712 0.27686976]
463 7.687979824202285 [0.20534691 0.20852086 0.15862669 0.2121924  0.19369816 0.23477367
 0.31667783 0.34906226 0.3271488  0.27649615]
464 7.3435224761742965 [0.20529504 0.20840809 0.15868574 0.21210309 0.19374402 0.23471307
 0.31597996 0.34937096 0.32754413 0.2762249 ]
465 10.84385258384583 [0.20533221 0.20832279 0.15877841 0.21209542 0.19373695 0.23459052
 0.31553448 0.34969058 0.32802092 0.27593791]
466 7.102024825126639 [0.2054561  0.20813726 0.15889178 0.21200875 0.1938019  0.23441447
 0.31502646 0.34996143 0.32840245 0.27563663]
467 6.048609667566099 [0.20555698 0.20798857 0.15901049 0.21197592 0.19378026 0.23423975
 0.31466728 0.35024809 0.32893334 0.27551944]
468 5.704805027192048 [0.20571815 0.20792001 0.15910377 0.21192924 0.19377174 0.23408864
 0.31444283 0.35057142 0.32974369 0.27560045]
469 8.289481921101553 [0.20583254 0.20789788 0.15913479 0.21193384 0.19378976 0.2338076
 0.31429211 0.35102964 0.33037559 0.27547324]
470 7.221374874931584 [0.20592495 0.20799058 0.15921466 0.21192366 0.19388729 0.23353147
 0.31405331 0.3514164  0.33104336 0.27518241]
471 6.745637918242313 [0.20596022 0.20806294 0.15927541 0.21181361 0.19395994 0.23330449
 0.31377774 0.35186443 0.3318743  0.27502706]
472 9.550829113207616 [0.20603344 0.20801193 0.15936122 0.21168493 0.19401387 0.23308856
 0.31358318 0.35204371 0.33271248 0.27490204]
473 6.765072350968259 [0.20597639 0.20795971 0.15940466 0.21150127 0.1940772  0.23276017
 0.31343957 0.35208398 0.33329279 0.2745789 ]
474 8.042277931571 [0.20595281 0.2079368  0.15943085 0.21141158 0.19409492 0.23236373
 0.31317076 0.3522031  0.33389213 0.27420846]
475 6.508396195614704 [0.20611465 0.20803465 0.1595436  0.21127391 0.19413461 0.23209153
 0.31297832 0.35241245 0.33454122 0.27371719]
476 6.8684797975480265 [0.20632583 0.20813295 0.15971095 0.2111654  0.19418415 0.23186511
 0.31285387 0.35239956 0.33519324 0.27307241]
477 4.476407107221911 [0.20649662 0.20819222 0.15978452 0.21104194 0.19434256 0.23162611
 0.31278655 0.35221886 0.33585667 0.27248154]
478 8.771501467406068 [0.20660095 0.2082397  0.15989406 0.21087324 0.19437919 0.23150183
 0.31273978 0.35235625 0.33636856 0.27184293]
479 7.096647369053658 [0.20674022 0.20825626 0.16001916 0.2105708  0.19431215 0.23149198
 0.31256796 0.35248829 0.336822   0.27134411]
480 4.680744252702555 [0.2067813  0.20813906 0.16013714 0.21025916 0.19429452 0.2314491
 0.3122401  0.3523287  0.33718617 0.27077603]
481 6.645282489440519 [0.20688705 0.20813821 0.16020261 0.2099524  0.19429793 0.23148933
 0.31194946 0.35236399 0.33759015 0.27052804]
482 4.841546207915027 [0.20684278 0.20822536 0.16024692 0.20968273 0.19427462 0.23135496
 0.31186336 0.3525067  0.33806077 0.27020345]
483 9.090829053355197 [0.20669407 0.20833811 0.16030967 0.20942339 0.19423632 0.2312422
 0.31197944 0.35291261 0.33833924 0.26997545]
484 6.893975228225347 [0.20645539 0.20853706 0.16029086 0.20919717 0.19419444 0.23102389
 0.31208417 0.3531565  0.3382977  0.26966985]
485 6.69003277388596 [0.20603024 0.20878196 0.16030908 0.2091064  0.19426399 0.23090425
 0.31241086 0.35316872 0.33867298 0.26944176]
486 6.420695584591565 [0.20578914 0.20896995 0.16025388 0.20894542 0.19438375 0.23086719
 0.31260142 0.35327539 0.33916488 0.26915417]
487 6.613032385287526 [0.20561844 0.20912144 0.16015449 0.20872128 0.19451648 0.23074143
 0.31263546 0.3534674  0.339636   0.2687242 ]
488 8.887933171920517 [0.20550969 0.20923581 0.1600247  0.20847317 0.19447111 0.23057421
 0.31266834 0.35373923 0.34015227 0.26835617]
489 7.90812495769946 [0.20523886 0.2093316  0.15989329 0.20837941 0.19438396 0.23031483
 0.31263869 0.35308658 0.34066089 0.26801463]
490 6.047802172123179 [0.20501008 0.20937661 0.15968049 0.20831163 0.19427418 0.23010341
 0.31267339 0.35270804 0.34096855 0.26762808]
491 6.983098086939152 [0.2047545  0.20928603 0.15958265 0.20817273 0.19407856 0.22989871
 0.31265727 0.3523792  0.34140864 0.26738717]
492 6.262820848228676 [0.20451798 0.20917739 0.1594902  0.20804036 0.19386585 0.22971159
 0.31257109 0.35206957 0.34190814 0.26704276]
493 5.280786467490236 [0.20424362 0.20928026 0.15939794 0.20774576 0.19369052 0.22957382
 0.31264221 0.35133124 0.34251799 0.26643767]
494 6.177934988327312 [0.20396158 0.20940497 0.15928639 0.20764605 0.19354139 0.22948621
 0.31266854 0.35046827 0.34327145 0.26593322]
495 4.579148379022899 [0.20361729 0.20949328 0.15931308 0.20745602 0.19334051 0.22949417
 0.31267382 0.3498516  0.34409801 0.2655322 ]
496 5.923326740006388 [0.20331328 0.20965544 0.15931091 0.20729247 0.19312972 0.2295006
 0.31290074 0.34940865 0.34488613 0.26511389]
497 7.224036740583459 [0.20300848 0.20978809 0.15932902 0.20716686 0.19291749 0.2294193
 0.31318878 0.34900068 0.34561695 0.26477695]
498 5.783938547995189 [0.20271036 0.20986602 0.1593278  0.20698524 0.1927718  0.22925633
 0.31357449 0.34870135 0.34600886 0.26429489]
499 7.959023023680235 [0.20229999 0.20986537 0.15925568 0.20680113 0.19264472 0.22904785
 0.31394222 0.34843305 0.34638598 0.26380365]
