0 1529.3356290779238 [0.30009376 0.29915616 0.30196895 0.30009376 0.30103136 0.30009375
 0.30009376 0.30103135 0.30196895 0.29915616]
1 468.8919861547525 [0.30162838 0.29908168 0.30370907 0.30105086 0.30174816 0.29928534
 0.30053053 0.30215463 0.30346799 0.30022601]
2 811.2339612733805 [0.30254374 0.29931713 0.3057305  0.30184933 0.30194223 0.2986514
 0.30053836 0.3021871  0.30485206 0.30137231]
3 449.86828023938494 [0.30298633 0.29931491 0.30704619 0.30237841 0.30252505 0.2977496
 0.30121502 0.30208027 0.30544105 0.30273736]
4 99.45696205091069 [0.30414153 0.30020395 0.30840125 0.30244423 0.30303283 0.29705842
 0.30217477 0.30174393 0.30638743 0.3033242 ]
5 108.62979491618154 [0.30398573 0.30090908 0.30983078 0.30257675 0.30312151 0.29542832
 0.30218432 0.30176517 0.30695182 0.30342839]
6 111.99200023687274 [0.3034647  0.30051683 0.31062349 0.30218026 0.30274571 0.29475908
 0.30257301 0.30229059 0.30609032 0.30378169]
7 100.10316528752799 [0.30288531 0.30030539 0.31090653 0.30200218 0.30287089 0.29425625
 0.30296379 0.30303718 0.30503175 0.30426837]
8 95.90439252820647 [0.30210312 0.29968714 0.31106035 0.30196862 0.30308037 0.29398474
 0.30303783 0.3037887  0.30419995 0.3043545 ]
9 96.46061935530763 [0.30174523 0.29933786 0.31097274 0.30177187 0.30347364 0.29343431
 0.30313358 0.30501675 0.30361992 0.3042191 ]
10 88.25800631306257 [0.30108428 0.29852929 0.3107006  0.30203836 0.30362435 0.29279305
 0.30302734 0.30537475 0.30262964 0.30471283]
11 88.16488572758887 [0.30001831 0.29777376 0.31055439 0.30251334 0.30349419 0.29203672
 0.30299003 0.30590287 0.30155727 0.30546322]
12 79.34717132319295 [0.29883655 0.29719388 0.30997733 0.30282798 0.30312055 0.2911684
 0.30320676 0.30619227 0.30090602 0.30607645]
13 87.73964498626242 [0.29802692 0.29671588 0.30928436 0.30303706 0.30303161 0.2901807
 0.30369899 0.30681036 0.30013977 0.30644375]
14 74.90619175170985 [0.29756068 0.29651929 0.30862096 0.30335427 0.30268281 0.2889898
 0.30412535 0.30768988 0.29947706 0.30689873]
15 75.49545129178858 [0.2969447  0.29603528 0.30820125 0.30400767 0.30250359 0.28814785
 0.30435298 0.30831304 0.29868648 0.3075925 ]
16 83.21752089280753 [0.29631184 0.29551954 0.30791888 0.30403029 0.3025584  0.28731221
 0.30439262 0.30912793 0.29830816 0.30787507]
17 74.15194971440371 [0.29557425 0.29492553 0.30724666 0.30409895 0.30252938 0.28642593
 0.30455304 0.30975329 0.29806145 0.30794571]
18 73.90350082331523 [0.29501157 0.29462811 0.3067007  0.30431964 0.30223844 0.28568469
 0.30491047 0.31011284 0.29801561 0.30824886]
19 76.88569817479156 [0.29452492 0.29400638 0.30617718 0.30487753 0.3015799  0.28494892
 0.30512    0.31040453 0.29778365 0.30872129]
20 80.37150889460953 [0.29409055 0.29331812 0.30590477 0.30544623 0.30084523 0.284311
 0.3053111  0.31058205 0.29733865 0.3092097 ]
21 71.19760629381588 [0.2936139  0.29285702 0.30597804 0.30584171 0.30007235 0.28345762
 0.30534629 0.31098655 0.29732588 0.30960244]
22 74.78085616807809 [0.2927458  0.29202947 0.30638099 0.30601606 0.29912651 0.28264875
 0.30567094 0.31116073 0.29701414 0.30997611]
23 75.52004524502783 [0.29201777 0.29113695 0.30689977 0.30629417 0.29850665 0.2819479
 0.30563032 0.31123556 0.29675185 0.31047857]
24 70.42403367869646 [0.29142142 0.29038317 0.30740015 0.30648309 0.29783559 0.28129113
 0.30566049 0.31152381 0.29640435 0.31101763]
25 70.31966587385615 [0.2908576  0.28951899 0.30786529 0.30675569 0.29717108 0.2807103
 0.30540978 0.31197077 0.29587183 0.31167871]
26 68.88664472413782 [0.29021613 0.28874586 0.30830495 0.30694734 0.29676815 0.28002912
 0.30533736 0.31238883 0.29551331 0.31170929]
27 71.25043524129035 [0.28967748 0.28794141 0.30868869 0.30711301 0.29652509 0.27973337
 0.30548757 0.31309271 0.29507479 0.311701  ]
28 71.53756807133057 [0.28910474 0.28746387 0.30873838 0.30729043 0.29634395 0.27946466
 0.30526583 0.31373627 0.29470629 0.31194529]
29 78.86145874378288 [0.28882637 0.28689074 0.30902806 0.30757361 0.29600112 0.27921068
 0.30482108 0.31460258 0.29411875 0.31210472]
30 76.1426039237329 [0.28851139 0.28624188 0.30910101 0.30806612 0.29616987 0.27877099
 0.30439635 0.31527373 0.29353022 0.3123725 ]
31 67.34179916624541 [0.28832337 0.28562096 0.30857963 0.30867916 0.29611654 0.27857774
 0.30419582 0.31589491 0.29303708 0.31282536]
32 74.78465424768726 [0.28846394 0.28502766 0.30827024 0.30929606 0.29590957 0.2783832
 0.30390396 0.31634695 0.29236248 0.31333147]
33 72.14160107693536 [0.28850647 0.28447035 0.30776231 0.30954336 0.29553588 0.27832333
 0.30376537 0.31673544 0.29191247 0.31377668]
34 75.7035343208453 [0.28874828 0.2840606  0.30751726 0.30932915 0.29497573 0.27849088
 0.30375991 0.31745652 0.29178767 0.31408998]
35 67.65598690395652 [0.28922834 0.28374112 0.30751596 0.30916931 0.29437812 0.2786787
 0.30386247 0.31806822 0.29150618 0.31399505]
36 63.15580061639531 [0.28961197 0.2834338  0.30756676 0.30933246 0.29385782 0.2793275
 0.30445346 0.3187602  0.29145104 0.31406535]
37 70.19093415960175 [0.28998415 0.28320008 0.30810023 0.30939737 0.29347738 0.27958767
 0.3049194  0.3194381  0.29128414 0.31423959]
38 67.40987540593562 [0.29061673 0.28297586 0.30833571 0.30959686 0.29300409 0.27991564
 0.30518088 0.32005375 0.29114353 0.31429994]
39 68.8891426555729 [0.29106224 0.28290242 0.3084433  0.30961028 0.29264697 0.28005773
 0.30512362 0.32072615 0.29104269 0.31429392]
40 61.596506048089594 [0.29172955 0.28249953 0.30856148 0.30977681 0.2922374  0.28046875
 0.30485338 0.32136232 0.29098873 0.31451703]
41 64.06626956557392 [0.29231151 0.28213307 0.30879378 0.3099475  0.29194572 0.28086111
 0.30466463 0.32220118 0.2909683  0.31496258]
42 59.063286967974236 [0.29296806 0.28192963 0.308905   0.31042261 0.29183594 0.28136494
 0.30478126 0.32307607 0.29103152 0.31544852]
43 63.93893516922905 [0.29367374 0.281838   0.30895455 0.3107819  0.29181367 0.28206608
 0.3049307  0.32403036 0.2906548  0.31563812]
44 67.52738046687443 [0.29411223 0.28182075 0.30887778 0.31102181 0.29173843 0.28269101
 0.30498176 0.32510016 0.29041154 0.31582486]
45 66.74301000804337 [0.29451404 0.28184104 0.30889119 0.31137052 0.29206868 0.28316535
 0.30479618 0.32598383 0.2902968  0.31596018]
46 70.1344521341749 [0.29499303 0.28177748 0.30887451 0.31169714 0.29264476 0.28341179
 0.30461566 0.32681902 0.29023684 0.31638133]
47 66.825973119111 [0.29545653 0.2817146  0.30908178 0.31194419 0.29318325 0.28372723
 0.30463851 0.32759005 0.29017484 0.31679705]
48 67.31020317293003 [0.29575616 0.28169401 0.30940435 0.31218573 0.29359613 0.28408837
 0.30481495 0.32831889 0.29024605 0.31746152]
49 66.78433448917814 [0.2960599  0.28172421 0.30976903 0.31260878 0.29394218 0.28452219
 0.30527749 0.32893483 0.29028598 0.3182452 ]
50 68.5257240298065 [0.29610043 0.28172124 0.31009542 0.31284303 0.29454604 0.28487968
 0.30551888 0.32964928 0.29009075 0.31873282]
51 65.65673255467155 [0.2958734  0.28147879 0.31011666 0.31281667 0.2952875  0.28524186
 0.30556199 0.32992587 0.28983944 0.31904254]
52 68.15639412595911 [0.29573161 0.28115067 0.31027317 0.31241855 0.29587716 0.28581287
 0.3056968  0.32978105 0.28957555 0.31920841]
53 66.83567711641544 [0.2957239  0.28048336 0.31019695 0.31228655 0.29613621 0.28616725
 0.30566333 0.32994612 0.28899548 0.31912996]
54 65.61656914885185 [0.29577239 0.27988971 0.31014149 0.31248511 0.29626196 0.28657708
 0.30562962 0.33001718 0.28843841 0.31895835]
55 67.94750021204284 [0.29577144 0.27951572 0.30999332 0.31257657 0.29663603 0.28699517
 0.30526753 0.33022714 0.28832506 0.31870776]
56 60.47781217978828 [0.29562859 0.27945675 0.30983485 0.31254974 0.2967805  0.2874711
 0.30497339 0.33021413 0.28831101 0.31852372]
57 65.34806528497401 [0.29551824 0.27931634 0.30981311 0.31270136 0.29706686 0.28758646
 0.3048539  0.33005479 0.28846009 0.31836677]
58 66.79646097481562 [0.29524871 0.27937699 0.30963545 0.31296538 0.29744523 0.28797767
 0.30473738 0.32970602 0.28812815 0.31827066]
59 65.11739549390919 [0.29503027 0.27953998 0.30959684 0.31332056 0.29769111 0.28831219
 0.30508594 0.32906274 0.28792761 0.31824056]
60 60.79935921710946 [0.29480665 0.2796338  0.30948641 0.3137989  0.29750607 0.28875371
 0.30533128 0.3288606  0.28773291 0.31849846]
61 66.24523431261224 [0.29457874 0.2797947  0.30988663 0.31413392 0.29742897 0.28896323
 0.30571539 0.32889804 0.28770124 0.3186445 ]
62 62.148293468685715 [0.29464842 0.27998838 0.31024225 0.31473597 0.29736052 0.28882761
 0.30567657 0.3287131  0.28790891 0.31900576]
63 62.7690930677227 [0.29486408 0.28005213 0.31063966 0.31549009 0.2972359  0.28860518
 0.30548533 0.32857308 0.28807381 0.3194106 ]
64 64.39447179130829 [0.29503965 0.28020259 0.31104213 0.31634887 0.29727014 0.28849062
 0.30542429 0.32837536 0.28829783 0.31970437]
65 62.54926127508914 [0.29543596 0.27998389 0.31125975 0.31696604 0.2973226  0.28837017
 0.30565449 0.32815414 0.28857595 0.31981471]
66 66.31382428908555 [0.29549352 0.27994394 0.3115752  0.31768706 0.29731148 0.28808518
 0.30597955 0.32796245 0.28895574 0.31966495]
67 64.79669602674358 [0.2952429  0.28006449 0.31200818 0.31807477 0.29730878 0.28820562
 0.30627727 0.32754815 0.28944208 0.31955544]
68 60.90348517082029 [0.29523824 0.28034888 0.31237751 0.3183088  0.29720601 0.28833041
 0.3067918  0.32732887 0.29001601 0.3191661 ]
69 64.46275255653144 [0.29527373 0.2802868  0.31229015 0.31858121 0.29749963 0.28842405
 0.30707279 0.32662661 0.29037431 0.31855927]
70 59.690659888984655 [0.29513201 0.28020433 0.31226232 0.31889992 0.29766739 0.2886196
 0.30737116 0.326228   0.29062191 0.31831797]
71 60.577260610229324 [0.29506878 0.28011096 0.31220023 0.31926875 0.29775126 0.28898382
 0.30778379 0.32593809 0.29092012 0.3180231 ]
72 61.80837331152564 [0.2953524  0.28019469 0.31226568 0.31981013 0.29753398 0.28935555
 0.30818294 0.3255337  0.29134346 0.31782761]
73 64.73002679929354 [0.2958727  0.28030936 0.31208367 0.32049479 0.29755831 0.28966335
 0.30865798 0.32511187 0.29139836 0.31764689]
74 62.73752373510226 [0.29633695 0.2801444  0.31170345 0.3209805  0.29746099 0.28990833
 0.30899385 0.32470416 0.29159751 0.317497  ]
75 62.86126914227711 [0.29671996 0.27999779 0.31112029 0.32147817 0.29747525 0.29039065
 0.30920698 0.32445142 0.29167686 0.31734178]
76 65.27429658027003 [0.29720803 0.2795682  0.31066054 0.32168121 0.29739552 0.29084774
 0.3093514  0.32450004 0.29161641 0.31695457]
77 62.5559772955539 [0.29772255 0.27927302 0.31030966 0.32162611 0.29749049 0.29123638
 0.3094614  0.32477804 0.29168898 0.31662408]
78 57.642390143214286 [0.29827092 0.27919591 0.3101218  0.32156205 0.29711445 0.29157903
 0.3096046  0.32503332 0.29183129 0.31611536]
79 61.33470924767647 [0.29882708 0.27917701 0.30991652 0.3215684  0.29632041 0.29201724
 0.30962862 0.3252539  0.29160619 0.31567076]
80 61.31629756750041 [0.29941403 0.27914054 0.30987043 0.32123403 0.2957978  0.29291241
 0.31017258 0.32507099 0.29148443 0.315164  ]
81 60.513797387481446 [0.29996962 0.27923222 0.3099529  0.32027383 0.29537021 0.29326911
 0.31057615 0.32518743 0.29125696 0.31467062]
82 62.445676154041635 [0.30042198 0.27953254 0.30998403 0.31935612 0.29495089 0.29369066
 0.31078991 0.32549686 0.29131905 0.31433836]
83 58.52455480354416 [0.30087583 0.28017708 0.3101343  0.31872253 0.29422403 0.29421717
 0.31103668 0.32588822 0.29160998 0.31409907]
84 54.5520321312343 [0.30091711 0.28083835 0.31038451 0.31810483 0.2934221  0.29456433
 0.31128565 0.32605199 0.29215873 0.31352185]
85 59.71995896201447 [0.30099482 0.28097337 0.31051039 0.31755143 0.29268734 0.29548838
 0.31166769 0.32603735 0.29258107 0.31305405]
86 56.51681623063454 [0.30134569 0.28098714 0.3104452  0.31706131 0.29196355 0.29605188
 0.31176108 0.32596397 0.29277978 0.3127277 ]
87 61.11767379094874 [0.30155081 0.281071   0.31015275 0.31667312 0.29134575 0.29645278
 0.3119671  0.32588599 0.29296977 0.31256812]
88 57.83381020039651 [0.30167611 0.28107018 0.30940993 0.31588108 0.29046808 0.2968162
 0.31206871 0.32605497 0.29284837 0.31265987]
89 57.8194673513183 [0.30201337 0.28113706 0.30880318 0.3153145  0.28988117 0.2966554
 0.31256995 0.32582396 0.29271254 0.31258941]
90 63.01156881222367 [0.30211602 0.28105545 0.30805742 0.31484679 0.28944217 0.29651712
 0.31319798 0.32545492 0.29255794 0.31249752]
91 55.19381160326473 [0.30175162 0.28099474 0.30720078 0.31465115 0.28908512 0.29643855
 0.31379996 0.32570816 0.29229205 0.31256814]
92 61.809759190708135 [0.30102123 0.28091138 0.30648609 0.31457434 0.2885377  0.29634156
 0.31419939 0.32575016 0.29224624 0.31251283]
93 61.69195642179399 [0.30039967 0.28084684 0.30607527 0.31485022 0.28809621 0.29633289
 0.31458    0.32574073 0.29195084 0.31260062]
94 64.81423205018623 [0.29966621 0.2807796  0.30570146 0.3152657  0.28806074 0.2963423
 0.31477964 0.32585537 0.29167168 0.31269069]
95 56.15927631150051 [0.29887976 0.28082442 0.30549531 0.31565215 0.28825956 0.29613435
 0.3148383  0.32595412 0.29135972 0.31285385]
96 58.07922172315898 [0.29810012 0.28085272 0.30513478 0.3159412  0.28821378 0.29592204
 0.31484411 0.32609042 0.29089797 0.31338259]
97 57.064946071901225 [0.29729732 0.28093878 0.30480956 0.31618902 0.28802777 0.2956481
 0.31496009 0.32621764 0.29085732 0.31390195]
98 60.28351515627814 [0.29672824 0.28097819 0.30449122 0.3167362  0.2879439  0.29548599
 0.31533234 0.32630707 0.2909807  0.31459796]
99 59.727867744360275 [0.2963528  0.28097694 0.30444368 0.31739507 0.28804368 0.29515916
 0.31573012 0.32643387 0.29117146 0.3151813 ]
100 54.3352670339962 [0.29601845 0.28119514 0.3042842  0.31780111 0.28816443 0.29478684
 0.31615964 0.32648004 0.29127208 0.31562445]
101 64.44517148131501 [0.29553094 0.28136213 0.30405073 0.31802822 0.28826179 0.29458834
 0.31655076 0.3265785  0.29151081 0.31563842]
102 59.99178095735726 [0.29502355 0.28144964 0.30368878 0.31824831 0.28851466 0.29441136
 0.31696207 0.32662288 0.29177661 0.31554913]
103 56.63982244369345 [0.29451668 0.28135341 0.30364122 0.31850658 0.28864642 0.29426364
 0.31736761 0.32657994 0.29180989 0.31578667]
104 60.491736209864385 [0.2941261  0.28118867 0.30354344 0.31865571 0.28894061 0.294313
 0.31726953 0.32660305 0.29204678 0.3159145 ]
105 59.52803241222738 [0.29381935 0.28116724 0.30349462 0.31880535 0.28915001 0.29478092
 0.31711454 0.3263101  0.29223596 0.31605752]
106 59.52751522184787 [0.29345651 0.2812624  0.30354298 0.31892397 0.2890422  0.2952531
 0.31713612 0.32601992 0.2921975  0.31598225]
107 64.17491987933909 [0.29280542 0.28142113 0.30381381 0.31894198 0.28872611 0.29571475
 0.31721143 0.32588399 0.29198351 0.31576054]
108 60.08424572435819 [0.29228177 0.2818328  0.30401945 0.319242   0.28837689 0.29604635
 0.31737116 0.32583251 0.29159496 0.31585864]
109 60.270300977198076 [0.29197881 0.28221845 0.30424335 0.31945108 0.28822544 0.29631502
 0.31745831 0.32569455 0.29120148 0.31595656]
110 56.45380845337389 [0.29194364 0.28240072 0.30458565 0.31974251 0.28791535 0.29625438
 0.3174015  0.32556952 0.29111755 0.31574451]
111 57.58839256667922 [0.29167963 0.28225497 0.30466063 0.31992241 0.28781306 0.29624628
 0.31728315 0.32545517 0.29120976 0.31571348]
112 59.85822398978371 [0.29137406 0.2821417  0.3049471  0.31998213 0.28782644 0.29643172
 0.31707497 0.32523971 0.29118292 0.31578283]
113 60.261638794216154 [0.29114899 0.2820177  0.30508586 0.32015308 0.28752359 0.29636348
 0.31694332 0.32498442 0.29114388 0.31586558]
114 56.933857187508735 [0.29114614 0.28194767 0.3047858  0.32055319 0.28760157 0.29639644
 0.3169107  0.32542505 0.29071487 0.31599231]
115 57.82536052748152 [0.29120221 0.28205008 0.30474834 0.32076122 0.28752997 0.29631111
 0.31689615 0.32575016 0.2900182  0.3160841 ]
116 59.343191233297695 [0.29091    0.28180021 0.30440598 0.3207178  0.28742832 0.29568582
 0.31729704 0.3251877  0.28947977 0.31674275]
117 56.86544794746179 [0.2907774  0.28141646 0.30397849 0.32074918 0.28753057 0.29503319
 0.3172807  0.32485577 0.28915538 0.31709946]
118 52.95780828781107 [0.29039164 0.28091341 0.30338331 0.3208167  0.28770801 0.29434271
 0.31728325 0.32452903 0.28902822 0.31722544]
119 60.552112106034286 [0.28989621 0.28065461 0.30273592 0.32072029 0.28802817 0.29367956
 0.31735018 0.32449869 0.28882133 0.31740596]
120 58.95525815072904 [0.28938798 0.28055766 0.30190356 0.3210048  0.28831401 0.29354997
 0.31758184 0.32468906 0.28835393 0.31747082]
121 54.975163843346806 [0.28902945 0.28023068 0.30142871 0.32085581 0.28858519 0.29319417
 0.31821575 0.32486246 0.2880858  0.31780546]
122 60.03741383127217 [0.28867893 0.27982069 0.30115466 0.32089062 0.28890996 0.29278554
 0.31846134 0.32513488 0.28766162 0.31803052]
123 58.09730969263174 [0.2883297  0.27975856 0.30078749 0.32116876 0.28921191 0.29259209
 0.31868242 0.32560265 0.28736089 0.31821706]
124 57.45320271839032 [0.28803683 0.27968656 0.30088398 0.32145029 0.28933961 0.29237084
 0.31873187 0.3259718  0.28702159 0.31848596]
125 57.8475374400915 [0.28785079 0.27931076 0.30112876 0.32149485 0.28927733 0.29207996
 0.3190117  0.32656589 0.28684487 0.31859385]
126 55.47039413661135 [0.28777135 0.27928977 0.30127377 0.32150608 0.28943584 0.29194269
 0.31904754 0.32716741 0.28661104 0.31887147]
127 60.30105990661078 [0.28798151 0.27941845 0.30138164 0.3216336  0.28975081 0.29179075
 0.31919075 0.32765094 0.28656419 0.31902789]
128 58.352058221592486 [0.28813943 0.27947598 0.30152847 0.32204082 0.29016637 0.2917048
 0.31934292 0.32827369 0.28648431 0.31912568]
129 53.629446279144545 [0.28838688 0.27922072 0.30160298 0.32230878 0.29060932 0.29186056
 0.31960502 0.32883903 0.2863264  0.3192298 ]
130 56.71249621735193 [0.28883758 0.27911814 0.30176825 0.32255695 0.29095415 0.2920349
 0.32006579 0.32888613 0.28587901 0.31951913]
131 60.22260944415804 [0.2892107  0.27868075 0.30189687 0.32307355 0.29114372 0.29230451
 0.32036132 0.32862259 0.28556735 0.31964815]
132 53.112683108844394 [0.28967465 0.27817925 0.30170127 0.32360593 0.29096838 0.29255319
 0.32069195 0.32827908 0.28490829 0.31951263]
133 59.206067665409634 [0.29010499 0.27730406 0.30141321 0.32416211 0.29033453 0.29298558
 0.32093071 0.32785957 0.28435314 0.31896334]
134 58.3220653778287 [0.2904374  0.27640905 0.30120963 0.32454581 0.28978221 0.2936214
 0.32124007 0.32747376 0.28363105 0.31850266]
135 58.17720562105403 [0.29077013 0.27567863 0.30093049 0.32482318 0.28927348 0.29455326
 0.32153621 0.32725257 0.28333166 0.31772558]
136 53.056002246895474 [0.29096467 0.27483557 0.30050903 0.32542005 0.28884879 0.2957662
 0.32165198 0.32716808 0.28270821 0.31680048]
137 54.46900667972475 [0.29107507 0.27413326 0.30041329 0.32587154 0.28858185 0.29672124
 0.32133921 0.32694884 0.28214239 0.31579626]
138 58.15846549697268 [0.2911968  0.27340214 0.30044425 0.32631979 0.28832447 0.29758749
 0.32134036 0.32666041 0.28164537 0.31473428]
139 55.33466541086649 [0.29109715 0.27264295 0.30047839 0.32629288 0.28791368 0.29842667
 0.32121163 0.32664568 0.28138279 0.31398306]
140 52.578605171355434 [0.29112894 0.27188024 0.30061246 0.3260624  0.28744405 0.29918249
 0.32102436 0.32663979 0.28085426 0.31320038]
141 55.103888079530215 [0.29122322 0.27094508 0.30057726 0.32583492 0.28684763 0.29977198
 0.32066358 0.32656383 0.28017772 0.31242084]
142 56.93123070735352 [0.29129138 0.27003037 0.30021872 0.32554854 0.28627586 0.30040332
 0.32068092 0.32674785 0.27963487 0.31163724]
143 60.563160789846506 [0.29159228 0.26927154 0.29982131 0.32529498 0.28591148 0.30082322
 0.32077074 0.32687992 0.2788299  0.31108677]
144 60.06182407321598 [0.2917662  0.26854155 0.29933034 0.324817   0.28565239 0.30099134
 0.3209142  0.32734748 0.27804689 0.3106859 ]
145 57.850403319926 [0.29181459 0.26788918 0.2991297  0.32411148 0.28550281 0.30115214
 0.32107878 0.32779051 0.27733891 0.31042818]
146 50.728873411736295 [0.291636   0.26751862 0.29945271 0.32347338 0.28520384 0.30141249
 0.32120117 0.32816982 0.2767327  0.31016912]
147 54.36311673610257 [0.29137872 0.26736433 0.29949069 0.32297266 0.28503159 0.3014839
 0.32110448 0.3287156  0.27612148 0.31005107]
148 56.93079269935289 [0.29088972 0.26726579 0.2994708  0.32248187 0.2847147  0.30141418
 0.32099201 0.32904967 0.2756577  0.30997411]
149 53.33395530478539 [0.29043642 0.26733859 0.29931888 0.32202886 0.28482286 0.30144869
 0.32100495 0.32928091 0.27545008 0.30996517]
150 54.98601129437214 [0.28977096 0.26731587 0.29916156 0.32223144 0.28496487 0.30189828
 0.32099229 0.32910182 0.27523557 0.30999368]
151 50.451965975017856 [0.28934431 0.26719344 0.2990259  0.32256649 0.28478655 0.30236056
 0.3210331  0.32879791 0.2751279  0.30969462]
152 50.994428464052724 [0.28925414 0.26733048 0.29909426 0.32284985 0.28435475 0.30259465
 0.32086208 0.32873825 0.27506006 0.30953991]
153 57.06442791884989 [0.28945606 0.26749068 0.2991358  0.32334973 0.28416867 0.30283048
 0.32061538 0.32884321 0.27532119 0.3094187 ]
154 51.11928182566069 [0.28966496 0.26780748 0.2990869  0.32358957 0.28400068 0.30335103
 0.32051938 0.32904455 0.27578214 0.30901513]
155 57.38198951625859 [0.29008054 0.26818354 0.29918941 0.32418019 0.28388055 0.30349715
 0.32052469 0.32912256 0.2762901  0.30832412]
156 60.923854337625684 [0.29035372 0.26848046 0.29924878 0.32467229 0.28394555 0.30368675
 0.31998067 0.32924444 0.27680236 0.30780206]
157 53.92710713950076 [0.29045714 0.26852524 0.29907679 0.32519442 0.28400978 0.30394938
 0.31925545 0.32955505 0.27740582 0.30701259]
158 53.93763753255033 [0.29044378 0.26844091 0.29842711 0.32612712 0.28421893 0.30462145
 0.31875516 0.33034823 0.27806632 0.30618077]
159 54.05787604100453 [0.29051744 0.26850129 0.2978165  0.32658969 0.28436816 0.30516572
 0.31850475 0.33087051 0.2786853  0.30546122]
160 52.55354406880991 [0.29047863 0.2685594  0.29727738 0.32716115 0.28454917 0.30545921
 0.31815545 0.33135547 0.27936753 0.30478943]
161 58.82886799703091 [0.29033405 0.26864915 0.2971816  0.32765913 0.28462162 0.30575976
 0.31826355 0.33183816 0.28019416 0.30418191]
162 63.63810992451131 [0.28999326 0.26885171 0.29708378 0.32785389 0.28473195 0.30615607
 0.31819427 0.33227463 0.2808687  0.30354082]
163 55.64610351519875 [0.28978268 0.26904218 0.29692968 0.32798312 0.28456223 0.3063388
 0.31822586 0.33256697 0.28148027 0.30272962]
164 53.49181210967271 [0.28946807 0.26910886 0.29674491 0.32853517 0.28436891 0.30659925
 0.31816515 0.33294314 0.28201194 0.30201434]
165 57.0046984820743 [0.28912239 0.26927934 0.29651774 0.32892905 0.28445992 0.30639254
 0.31843386 0.33331615 0.28238843 0.3013859 ]
166 55.24278756105806 [0.28888445 0.26936042 0.29617291 0.32934288 0.28468428 0.3063479
 0.31840589 0.33361157 0.28262497 0.3005861 ]
167 55.13791076676475 [0.28859756 0.26952605 0.29589178 0.32933646 0.28482986 0.30627826
 0.3184066  0.33367829 0.28290018 0.30016746]
168 53.592310090359305 [0.28851029 0.26970163 0.29564637 0.32922698 0.28508501 0.30607873
 0.31862184 0.33378901 0.28359269 0.29986772]
169 58.65834352071853 [0.28824682 0.27006138 0.29543392 0.32856889 0.28548595 0.30576389
 0.3189179  0.33389921 0.28408262 0.29980044]
170 55.87946774692709 [0.28800504 0.27066316 0.29536877 0.32809065 0.28597771 0.30556149
 0.3192569  0.33410571 0.28470129 0.2998544 ]
171 53.328184930276734 [0.28776678 0.27111088 0.29522262 0.32790654 0.28651598 0.30526918
 0.31952902 0.33452298 0.28527916 0.2999458 ]
172 61.90132202748817 [0.28759519 0.27156645 0.29493285 0.32747685 0.28690778 0.30504452
 0.31985117 0.33506029 0.285522   0.29998045]
173 56.562666197768536 [0.28752655 0.27213119 0.29447232 0.32705161 0.28731955 0.30464063
 0.32006427 0.33551721 0.28574955 0.29995267]
174 53.04489236616331 [0.28712569 0.27263322 0.29385041 0.32634583 0.28741951 0.30440881
 0.31973086 0.33613253 0.28583004 0.29996078]
175 54.20203742175426 [0.28679231 0.27277058 0.29315741 0.32565869 0.28744804 0.30441933
 0.31932267 0.33666166 0.28588171 0.300232  ]
176 55.07624258069144 [0.28664223 0.27309621 0.29247854 0.32496172 0.28745371 0.30445418
 0.31868679 0.33693359 0.28591701 0.30058003]
177 57.61644447933065 [0.28641933 0.27335247 0.29175502 0.32447264 0.28735999 0.30473482
 0.31785388 0.33713531 0.28590543 0.30088801]
178 55.018441772025916 [0.28629943 0.27365658 0.29100536 0.32435011 0.2872526  0.30488537
 0.3176075  0.33693278 0.28624919 0.30125125]
179 56.01829077125193 [0.28604401 0.27387709 0.2902249  0.32444882 0.28703072 0.30536407
 0.3176113  0.33663365 0.28661284 0.30162174]
180 51.71825249611358 [0.28559609 0.27386608 0.28967426 0.32436566 0.28664256 0.3059177
 0.31724899 0.33656199 0.28684243 0.30213212]
181 53.671187442992306 [0.28535128 0.27363125 0.28904687 0.32436925 0.28655248 0.3067458
 0.3170314  0.33630977 0.28696108 0.30262655]
182 54.99349924542719 [0.28519185 0.27329146 0.28865746 0.32429402 0.28676085 0.30751345
 0.31701396 0.33598514 0.28736649 0.30255194]
183 53.07610637138451 [0.28521038 0.27297641 0.28830502 0.32417837 0.28688867 0.30867993
 0.31679096 0.33547059 0.28805741 0.30221386]
184 55.94869369561845 [0.2853159  0.27280862 0.28793973 0.32423406 0.28698917 0.30970949
 0.31653222 0.33518887 0.28853851 0.30206509]
185 54.59372677474221 [0.28561207 0.27246443 0.28748946 0.32442824 0.28656529 0.31035025
 0.3161481  0.33465704 0.28919363 0.30199126]
186 53.04353370209689 [0.28562057 0.27193819 0.28712049 0.32480937 0.28657469 0.31102207
 0.31626622 0.33406154 0.28978674 0.3021075 ]
187 55.58996705256369 [0.28604557 0.27123045 0.28679775 0.32465132 0.28669753 0.31190544
 0.31625111 0.33347684 0.29042069 0.30227311]
188 53.374196632122676 [0.28642485 0.27075585 0.28642694 0.32456803 0.2869232  0.31297471
 0.31633199 0.3327278  0.29138082 0.30242747]
189 54.90420411264959 [0.28681841 0.27030376 0.28580934 0.32470322 0.28693866 0.31412985
 0.31627851 0.33209695 0.29211254 0.30248625]
190 56.484349577266435 [0.28686366 0.27002499 0.28500352 0.32464931 0.2868067  0.31551298
 0.31670532 0.33148625 0.29244591 0.30223013]
191 54.29339280527233 [0.2869571  0.26985713 0.28408019 0.32462069 0.28669649 0.3168153
 0.31712555 0.3309163  0.29263459 0.30191795]
192 47.00897745110539 [0.28716675 0.26971779 0.28326422 0.32454015 0.28678066 0.31804453
 0.31748842 0.33033263 0.29293493 0.30175549]
193 50.97575338509098 [0.28743036 0.26994993 0.28278071 0.32460576 0.28702785 0.31906213
 0.31779376 0.329471   0.29336179 0.30154798]
194 57.72157018641168 [0.28769404 0.27021913 0.28250568 0.32506815 0.28727087 0.31985075
 0.31809571 0.32895653 0.29367381 0.30123889]
195 52.79964725086709 [0.28770922 0.27041524 0.28221028 0.32551132 0.2876466  0.32085504
 0.3183983  0.32837374 0.29403314 0.30093421]
196 54.447195706041256 [0.28760337 0.27040673 0.28184443 0.3258634  0.28812465 0.32186516
 0.31868433 0.32777602 0.29424649 0.30037856]
197 53.18968525440418 [0.28725117 0.27041697 0.28151436 0.32631694 0.28860301 0.32310381
 0.31878199 0.32759297 0.29422177 0.30011507]
198 52.157183221490776 [0.28692963 0.27072547 0.28100779 0.32659395 0.28905741 0.32418915
 0.31936874 0.32754904 0.29409579 0.30005302]
199 50.37098826972959 [0.28656589 0.27113849 0.28066679 0.32701685 0.28938769 0.32541974
 0.31963955 0.32724614 0.29377411 0.29988931]
200 54.47154250278028 [0.28615827 0.27150473 0.28046274 0.32749032 0.28963526 0.32658237
 0.31987839 0.32711586 0.29350139 0.29969361]
201 48.162807304704074 [0.28589646 0.27157567 0.2803199  0.32768043 0.28973646 0.32777848
 0.32005066 0.3268345  0.2931178  0.29967267]
202 51.527121100448625 [0.28560832 0.27156753 0.28016319 0.32761447 0.28957662 0.32882482
 0.3202295  0.32676566 0.29275425 0.29964375]
203 52.56338326425881 [0.28513887 0.27137465 0.28023202 0.32742164 0.28926635 0.32941969
 0.32063186 0.32666345 0.29271644 0.29964028]
204 52.38815954479176 [0.28465015 0.2710308  0.28016162 0.32743931 0.28898855 0.32996191
 0.32102496 0.32669195 0.29296465 0.29964824]
205 53.95646371282705 [0.28425957 0.27036079 0.28000389 0.3275297  0.28882957 0.3302
 0.32173325 0.32662985 0.29348542 0.29973056]
206 49.554893919373285 [0.28394623 0.26979488 0.27995139 0.32774299 0.28815673 0.33055527
 0.32263596 0.32618461 0.29428761 0.29966026]
207 52.673880247725876 [0.28359985 0.26933762 0.28012619 0.32803282 0.2873531  0.33104988
 0.32359413 0.32609613 0.29491303 0.29964308]
208 54.294644952627756 [0.28327271 0.26890146 0.2802752  0.32839551 0.2866308  0.3315468
 0.32447226 0.32591467 0.29555381 0.29961189]
209 49.64968501582808 [0.28283147 0.2682248  0.28051958 0.32852249 0.28592417 0.33235235
 0.32526428 0.32578877 0.29592196 0.29964637]
210 53.38226664941647 [0.2824742  0.26793569 0.28065992 0.32854573 0.28549807 0.33314743
 0.32595873 0.32588059 0.29648187 0.29950867]
211 54.58804983934465 [0.28211316 0.26774021 0.28096544 0.32823422 0.28505666 0.3335511
 0.32657688 0.32581073 0.29669835 0.29944712]
212 55.272546212792825 [0.28197063 0.26779061 0.2812473  0.32759238 0.28447631 0.33365355
 0.32701596 0.3258758  0.29694958 0.29939749]
213 54.615256518209975 [0.28170299 0.26782875 0.28142576 0.32735446 0.28392695 0.33372073
 0.32728112 0.32596161 0.2971688  0.2993451 ]
214 52.24755884989453 [0.28136806 0.26752706 0.28144651 0.32717638 0.28348632 0.33405935
 0.3274133  0.32632374 0.2973103  0.29933589]
215 53.6870151683686 [0.28123542 0.26736697 0.28170345 0.32668638 0.28327018 0.33435865
 0.32742655 0.32650477 0.29749851 0.2990826 ]
216 53.16706735230931 [0.28091479 0.26714738 0.28166171 0.32671731 0.28292172 0.33509731
 0.32749299 0.32678045 0.29754697 0.29896815]
217 54.594876691444256 [0.28070447 0.2671625  0.28179533 0.32680239 0.28255632 0.33579603
 0.32758222 0.3273061  0.29757117 0.29881056]
218 54.25558712542153 [0.2805399  0.26703219 0.28194331 0.32676426 0.28223552 0.33676415
 0.32791048 0.32784989 0.29759565 0.29884206]
219 49.51650295374034 [0.28070601 0.26658754 0.28215666 0.32659246 0.28187616 0.33758968
 0.32851996 0.32798147 0.29803713 0.29886643]
220 56.58736540501502 [0.28084004 0.26613474 0.28225779 0.32600721 0.28161441 0.33855285
 0.32903866 0.328345   0.29832054 0.29908306]
221 51.14209425099382 [0.28094057 0.26555386 0.28249584 0.32561579 0.28120263 0.33929967
 0.32963069 0.32874215 0.29880558 0.299567  ]
222 51.656123567004556 [0.28109466 0.2650215  0.28249339 0.3252776  0.28098763 0.34028848
 0.33009951 0.32941453 0.29937394 0.30020971]
223 50.08200134887424 [0.28121313 0.26440726 0.28261747 0.32517454 0.28078962 0.34125391
 0.33035642 0.32965995 0.29978933 0.30050255]
224 49.10269574001816 [0.28162713 0.26401584 0.28256433 0.32472486 0.28074417 0.3417967
 0.33060967 0.33013153 0.30016031 0.30060372]
225 51.631513439658086 [0.28173361 0.26352413 0.28254578 0.32425875 0.28099344 0.34215618
 0.33121173 0.33045381 0.30033173 0.30075727]
226 52.454588020522 [0.28183122 0.26297243 0.28232862 0.32416842 0.28112686 0.34199118
 0.33184875 0.33082766 0.30058071 0.30100859]
227 53.70257984757606 [0.28199847 0.26247281 0.28203446 0.32404842 0.28133899 0.34176476
 0.33247166 0.33129071 0.3007812  0.30130069]
228 53.34374710435783 [0.28225877 0.26201479 0.28156777 0.32438154 0.28144813 0.34168232
 0.33308999 0.33142568 0.30083635 0.30179019]
229 49.74443843696807 [0.28261645 0.26161848 0.28128327 0.3246781  0.28139986 0.34185679
 0.33351932 0.33155923 0.30100616 0.3025336 ]
230 54.778827890225585 [0.28291533 0.26125127 0.28114231 0.32495639 0.2813624  0.34205328
 0.33361297 0.33199839 0.30127671 0.30318836]
231 52.56096933515538 [0.28330154 0.26101247 0.28107826 0.32510292 0.28164689 0.34247282
 0.33358663 0.33200087 0.30156724 0.30361213]
232 54.60286874311555 [0.28376211 0.26077273 0.2809897  0.32519288 0.28230633 0.3427707
 0.33352421 0.33197827 0.30198516 0.30406897]
233 50.279663446096635 [0.28386594 0.26042323 0.28099176 0.32497394 0.28250835 0.34304874
 0.33380598 0.33220178 0.30231982 0.30467233]
234 50.29762391799456 [0.28414274 0.26019298 0.28115571 0.32471421 0.28249261 0.34382801
 0.33395736 0.33205428 0.30276919 0.30559379]
235 52.72795922437383 [0.28442674 0.26023802 0.28107616 0.32434176 0.28253457 0.34465722
 0.33442643 0.33184197 0.30352971 0.30690975]
236 49.782228853099355 [0.28445997 0.2603678  0.28096113 0.32413732 0.28260363 0.34557933
 0.33490192 0.33153412 0.30409361 0.30822749]
237 53.53149264628803 [0.28454821 0.26053114 0.28089577 0.32392711 0.28249171 0.34635482
 0.33534274 0.33105697 0.30460697 0.30936175]
238 51.799744170928136 [0.28420547 0.26063328 0.28090621 0.32393866 0.28237282 0.34713613
 0.33554708 0.33074423 0.30489336 0.31041992]
239 50.210636004932354 [0.28414168 0.2604837  0.28093548 0.32385883 0.28257288 0.34792736
 0.33561062 0.33046306 0.30497483 0.31128882]
240 48.890425082271236 [0.28396827 0.2602084  0.28095757 0.32385861 0.28254861 0.34891275
 0.33562494 0.33015039 0.30487889 0.31208196]
241 50.825170897346894 [0.28392397 0.25988034 0.28083334 0.32382186 0.28252593 0.34974508
 0.33554472 0.32994181 0.30466473 0.31275393]
242 54.68510063912544 [0.28364731 0.25987796 0.28060533 0.32384409 0.28289591 0.35049364
 0.33510405 0.33000463 0.30468045 0.3134585 ]
243 51.17920624019022 [0.28353441 0.25987367 0.28033937 0.32415175 0.28297374 0.35106715
 0.3344787  0.33021712 0.30451366 0.31451447]
244 51.280114801102236 [0.28348436 0.25970246 0.28000592 0.32430802 0.28324602 0.35170142
 0.33396852 0.33060404 0.30453132 0.31508987]
245 51.27213088828685 [0.28324448 0.25944942 0.2798594  0.32418379 0.28333574 0.35289623
 0.33352821 0.33111795 0.30440321 0.31559653]
246 54.55784168762776 [0.28292441 0.25918432 0.27973765 0.32411443 0.28337413 0.35397971
 0.33320893 0.33145783 0.30444862 0.31597605]
247 54.67181614500694 [0.28267231 0.2587368  0.27952754 0.32386546 0.28340053 0.3544541
 0.33282842 0.33182707 0.30452506 0.31630368]
248 56.28280212381566 [0.28226807 0.2582348  0.27942459 0.3237671  0.28333569 0.35488985
 0.33225136 0.3321852  0.3045542  0.31640103]
249 54.516355745824065 [0.28177426 0.25794136 0.27930019 0.32371875 0.2832435  0.35492592
 0.33158655 0.33242716 0.30452646 0.31668   ]
250 51.96239959312648 [0.28148448 0.25768379 0.27896    0.32381372 0.28325968 0.35507376
 0.33093304 0.33288333 0.30454269 0.31667267]
251 52.62843360561635 [0.28105326 0.25737595 0.27876547 0.32393935 0.28338384 0.35513044
 0.33021426 0.33322706 0.30434755 0.31679417]
252 55.22277843982393 [0.28047101 0.25698906 0.27876916 0.32408763 0.28329166 0.35511392
 0.32956681 0.33338842 0.30420616 0.31687367]
253 51.8955113765168 [0.27966464 0.25656488 0.27883811 0.32440572 0.2833364  0.35523465
 0.32886082 0.33338046 0.3039307  0.31706242]
254 54.303979925890815 [0.27879802 0.25626336 0.27892376 0.32483249 0.28341675 0.35533237
 0.32830462 0.33360366 0.30353254 0.31735193]
255 50.90549263553603 [0.27806028 0.25627136 0.27907702 0.3250287  0.28346757 0.35459649
 0.32766757 0.33406965 0.30337726 0.31774791]
256 53.05393014112935 [0.27727806 0.25601523 0.27922781 0.32510855 0.28342946 0.35388567
 0.32697195 0.33470372 0.3035526  0.31867543]
257 53.35312857959423 [0.27656883 0.25588488 0.27913187 0.32535989 0.28329152 0.35278963
 0.32578903 0.33510216 0.30382793 0.31955494]
258 53.80793338157636 [0.27605593 0.25566587 0.27917344 0.32534391 0.28323709 0.35134695
 0.32486903 0.33574738 0.30447935 0.32048089]
259 52.71318331048289 [0.27562392 0.2554585  0.27919381 0.32530245 0.28287762 0.34929633
 0.32419684 0.33663513 0.30513273 0.32134227]
260 54.62292177035134 [0.27514327 0.25524684 0.27929344 0.32513599 0.28263992 0.34757448
 0.32354971 0.33743972 0.30556209 0.32218084]
261 55.61338298647229 [0.2746145  0.25501253 0.27944076 0.32486503 0.28233862 0.34616805
 0.32301258 0.33811379 0.3059149  0.32273053]
262 55.652023297736136 [0.27433934 0.25492795 0.2794977  0.32465573 0.28195899 0.3449728
 0.32263529 0.33818133 0.30616265 0.32354644]
263 50.2673006669943 [0.27403578 0.25492661 0.27929156 0.32450298 0.28159209 0.34371231
 0.32178327 0.3388268  0.30644574 0.32421639]
264 50.03332038503973 [0.27394103 0.25496724 0.27912506 0.32439822 0.28124081 0.34249086
 0.32113868 0.33952345 0.30704575 0.32487606]
265 49.4147792323406 [0.27370231 0.25505176 0.27902567 0.32435837 0.2807537  0.34118804
 0.32059012 0.34010524 0.30783194 0.32534204]
266 49.24331238152434 [0.27349237 0.25495013 0.27890511 0.32453364 0.28039107 0.34028169
 0.31999537 0.34048509 0.30875452 0.32583502]
267 49.26484779386407 [0.27319015 0.25476443 0.27913135 0.32494797 0.27991493 0.33956137
 0.31960162 0.34122216 0.30970223 0.32657196]
268 52.99480888344257 [0.27285149 0.25442136 0.27907626 0.32504013 0.27940373 0.33882014
 0.31959465 0.34179138 0.31069894 0.32675779]
269 52.757671888681784 [0.27254734 0.25427411 0.27885463 0.32489398 0.27889892 0.33835211
 0.31964255 0.34224582 0.31170513 0.32654221]
270 57.407930296973916 [0.27236302 0.25407633 0.27877508 0.32474638 0.27847243 0.33774814
 0.31968001 0.34334819 0.31267031 0.32627557]
271 51.09419996376785 [0.27236037 0.25394204 0.27852261 0.32447898 0.27789628 0.33656705
 0.31967936 0.34406059 0.31354134 0.32562616]
272 55.810150864545285 [0.27237758 0.25386798 0.27818546 0.32418622 0.27732988 0.33539456
 0.31975624 0.34443587 0.31415368 0.32498293]
273 55.16627376802726 [0.27268684 0.25374652 0.27788776 0.32387669 0.27659145 0.33419986
 0.32009772 0.34462604 0.31463865 0.32428171]
274 49.33923505595518 [0.27291435 0.25364308 0.27747942 0.32358158 0.27591257 0.33340141
 0.32056034 0.34473714 0.31511707 0.32362864]
275 58.72720803515328 [0.27307433 0.2533821  0.27746038 0.32319196 0.27547607 0.33255015
 0.32130545 0.34490271 0.31551603 0.32269413]
276 50.73059438238357 [0.2731708  0.25302422 0.27733387 0.32250061 0.27501899 0.33199829
 0.32146219 0.34497983 0.31557105 0.32176768]
277 52.56296907769861 [0.27351128 0.25283253 0.2772743  0.32219457 0.27468025 0.33140391
 0.3214025  0.34505077 0.31578468 0.32092426]
278 48.73577707337293 [0.27390451 0.25262902 0.27712118 0.32199029 0.27429437 0.33077972
 0.32193595 0.34493385 0.31624316 0.32007177]
279 53.96089941469528 [0.27424709 0.25241016 0.27693219 0.32167057 0.2738999  0.33010668
 0.32236683 0.34472965 0.31656666 0.31914494]
280 52.12765460176722 [0.27454701 0.25224814 0.27672027 0.32137059 0.27355337 0.32934471
 0.32265121 0.34447171 0.31738785 0.31849636]
281 55.13613556379221 [0.27519567 0.25195748 0.27679149 0.32114049 0.27325824 0.32833256
 0.32275547 0.34382294 0.31813484 0.31797766]
282 52.884352588088646 [0.27570745 0.25182324 0.27686057 0.32107814 0.27306417 0.32737999
 0.32303768 0.34316365 0.31880029 0.31781057]
283 52.981799296569505 [0.27607502 0.25172037 0.27692205 0.32103805 0.27298512 0.3267135
 0.32327678 0.3425348  0.3195255  0.31796702]
284 52.99061676473059 [0.27641447 0.25162748 0.27696679 0.32069662 0.27296001 0.32624767
 0.32334588 0.34189317 0.32019184 0.31801579]
285 53.3870685873049 [0.27674402 0.25151504 0.27691056 0.32054521 0.27276179 0.32608884
 0.32339415 0.34141547 0.32091111 0.31793011]
286 54.949802968117766 [0.27708159 0.25136617 0.27663392 0.32046703 0.27236777 0.32545809
 0.32323303 0.3409646  0.32139607 0.3177523 ]
287 52.374931060428835 [0.27737824 0.25125978 0.27641934 0.32046493 0.27185097 0.32503638
 0.3230352  0.34065903 0.32171898 0.3175871 ]
288 53.048414403374174 [0.27768821 0.25110874 0.27602184 0.32044942 0.27126398 0.32451718
 0.3227519  0.34044327 0.32195769 0.31742891]
289 56.616887313995036 [0.27785639 0.25093193 0.27568796 0.32090743 0.2704915  0.32409868
 0.32251244 0.33992879 0.32229091 0.31707444]
290 53.878869479989504 [0.27803998 0.25063184 0.27525789 0.32142197 0.26972621 0.32397704
 0.32209737 0.33946146 0.32257792 0.31660921]
291 52.20657328550265 [0.27821453 0.25052027 0.27501613 0.32196603 0.2689292  0.32379304
 0.32131989 0.33932582 0.32257431 0.31616903]
292 53.969502947271 [0.27839402 0.25046606 0.27464473 0.3224791  0.26826571 0.32364565
 0.32072945 0.33926757 0.32268108 0.31568962]
293 55.66440357712163 [0.27855113 0.25001196 0.27434069 0.32346407 0.26749454 0.32388002
 0.32011655 0.33946004 0.32276422 0.31562722]
294 53.67317370085623 [0.27868949 0.24949719 0.274429   0.32474542 0.26691376 0.32381666
 0.31933827 0.33956951 0.3227413  0.31601577]
295 57.118645366164735 [0.27890527 0.24888174 0.27442255 0.32581298 0.26658797 0.32379347
 0.31898671 0.33942716 0.32280092 0.31633361]
296 51.99224880955087 [0.27918308 0.2482685  0.27439009 0.32667589 0.26624965 0.32342881
 0.31860277 0.33952816 0.32301546 0.316611  ]
297 57.51803321073726 [0.27941412 0.24779569 0.27428975 0.32740036 0.26605346 0.32318888
 0.31811141 0.33935479 0.32346911 0.31702442]
298 54.97710205888116 [0.27977131 0.24735184 0.27431747 0.32802567 0.26604713 0.32291427
 0.31779696 0.33921417 0.32362901 0.31767465]
299 50.902146032452094 [0.28012436 0.24680945 0.27418408 0.32849959 0.26609305 0.32285359
 0.31724847 0.33904872 0.32359011 0.31833253]
300 51.061805887726365 [0.28034379 0.24627366 0.27403689 0.32885468 0.26602219 0.32261724
 0.31694533 0.33876717 0.32353257 0.31903906]
301 54.67426527372169 [0.28052103 0.24572392 0.2738901  0.32917533 0.26584391 0.32268844
 0.31672315 0.3391655  0.32338747 0.31975009]
302 49.7187909281003 [0.28061078 0.24515894 0.2739886  0.3296354  0.26567317 0.32298773
 0.31625375 0.33941066 0.32347749 0.3201243 ]
303 51.11087324497892 [0.28100481 0.24467833 0.27445026 0.33037465 0.26560286 0.3233731
 0.31568228 0.33954242 0.32358453 0.32051991]
304 53.86374373023877 [0.28123924 0.24449277 0.27461038 0.33125359 0.26565316 0.32344754
 0.31537333 0.33958837 0.32402331 0.320802  ]
305 53.082150038641224 [0.28163506 0.24429115 0.27479328 0.33225602 0.26566069 0.32363701
 0.31515876 0.33953145 0.32463624 0.32084719]
306 54.30789364039971 [0.28202211 0.24421117 0.2749371  0.33291084 0.26569518 0.32386591
 0.31506398 0.33938882 0.32512393 0.32085596]
307 50.06658339987371 [0.28241956 0.24403943 0.2750547  0.33380857 0.26572581 0.32412697
 0.31537678 0.33956972 0.32576165 0.3210445 ]
308 54.59783095057925 [0.28278587 0.24397214 0.27541495 0.33447965 0.26564078 0.32377086
 0.31563522 0.33979261 0.32635752 0.32129501]
309 54.84397346950426 [0.28309551 0.24389175 0.27580092 0.33477747 0.26548796 0.32313788
 0.31579801 0.33995469 0.32697493 0.32187105]
310 49.05417125867517 [0.28343455 0.24377873 0.27573147 0.33537351 0.26549962 0.32273039
 0.31601274 0.3403046  0.32784023 0.32208064]
311 53.79921541726243 [0.28367857 0.24353217 0.27544833 0.33560731 0.2656367  0.32232101
 0.31612581 0.34049856 0.32914862 0.32277807]
312 54.17584330174738 [0.2839078  0.24344705 0.27493285 0.33560476 0.26573685 0.32158389
 0.31627234 0.34058925 0.33035145 0.32338859]
313 48.54848586505382 [0.28420831 0.24327906 0.27457063 0.33552887 0.26580388 0.32092067
 0.316398   0.34052741 0.33139274 0.32400409]
314 50.06631038568793 [0.28454951 0.24309512 0.2739992  0.33562581 0.2658095  0.32041363
 0.31655673 0.33998127 0.33232071 0.32468991]
315 53.02504635450966 [0.28469966 0.24305516 0.2736203  0.33564928 0.26572267 0.31979291
 0.31661297 0.3399664  0.33314907 0.32554478]
316 49.29210037852496 [0.28485265 0.24315083 0.27297882 0.33565803 0.26580556 0.31925634
 0.31656903 0.33955249 0.33418235 0.32613723]
317 47.7171579916661 [0.28520769 0.24332287 0.27255616 0.33521188 0.26602745 0.3189048
 0.31662622 0.33937212 0.33533436 0.32699281]
318 53.92782202382685 [0.28560008 0.24352603 0.27221558 0.33476672 0.26620862 0.31848074
 0.31658712 0.33918287 0.33651782 0.32787944]
319 53.896630332417104 [0.28599366 0.24378524 0.2717608  0.33439447 0.26641121 0.31804271
 0.31661015 0.33917814 0.33764604 0.32879299]
320 50.1519227537259 [0.28633178 0.24399365 0.27117882 0.33413992 0.26659046 0.31767873
 0.31647343 0.33921137 0.33889916 0.32944265]
321 50.62904801655191 [0.28654855 0.24418585 0.271209   0.33402586 0.26693002 0.31746026
 0.31626692 0.33937625 0.34006262 0.32992917]
322 50.05317425472296 [0.28679573 0.24454822 0.27146966 0.33389364 0.26717235 0.31703186
 0.31609637 0.33914859 0.34117811 0.33029337]
323 59.35088459628102 [0.28707356 0.2448347  0.27153298 0.33394067 0.26724552 0.31645944
 0.31574895 0.33893318 0.34196233 0.33091828]
324 52.52183139167688 [0.28720904 0.24507799 0.27163736 0.3341716  0.26737518 0.31598539
 0.31555203 0.33886927 0.34274333 0.33147787]
325 47.76214266928383 [0.28729092 0.2453369  0.27193696 0.3342713  0.26749728 0.31561482
 0.31527195 0.33884123 0.34366829 0.33203788]
326 52.35536786559798 [0.28752845 0.24553605 0.27218619 0.33442345 0.26764139 0.31533104
 0.31504514 0.33876258 0.34441105 0.33244361]
327 52.020563298220274 [0.28743298 0.24586863 0.27224126 0.3343907  0.26774005 0.3150929
 0.31488696 0.33872065 0.34538721 0.33272332]
328 49.876884513026 [0.28737927 0.24599119 0.27239525 0.33401009 0.2679096  0.31491561
 0.31498817 0.33880204 0.34618619 0.33301736]
329 49.708855124532064 [0.28725064 0.24583082 0.27263769 0.33363912 0.2682776  0.31481654
 0.31548062 0.33907787 0.34722486 0.33315228]
330 48.785414136144226 [0.2872486  0.24578878 0.2727306  0.3332758  0.26852897 0.31447153
 0.31609114 0.33967719 0.34785808 0.3333021 ]
331 48.86705601181338 [0.28725777 0.24584683 0.27336266 0.33290628 0.26834768 0.31424836
 0.3165778  0.34013354 0.34907268 0.33342382]
332 51.0934768952161 [0.28743163 0.24580555 0.27398595 0.33224292 0.26788966 0.31393553
 0.31688786 0.34043225 0.34976912 0.33363883]
333 49.000160826218874 [0.28759537 0.24579617 0.27438001 0.33172854 0.26728945 0.31371632
 0.31701851 0.34077605 0.35056113 0.33384355]
334 46.36377405186769 [0.28777713 0.24564551 0.27460064 0.33140278 0.26681829 0.31355059
 0.31690634 0.34071099 0.35148385 0.33389079]
335 50.58779843224776 [0.28801803 0.24560483 0.27485551 0.33095998 0.26626432 0.31360327
 0.31672519 0.34062615 0.3525215  0.33407141]
336 52.46982213085399 [0.28828784 0.24559579 0.27547052 0.33064256 0.26595721 0.31355933
 0.3167672  0.34038499 0.35301658 0.33350914]
337 51.69828168505815 [0.28856399 0.24554959 0.27605521 0.33026837 0.26562217 0.31305542
 0.31696219 0.34031917 0.35302188 0.33317455]
338 51.61865155211501 [0.28883417 0.24554112 0.276606   0.32978888 0.26532993 0.31275031
 0.31695036 0.34017338 0.35334059 0.33312893]
339 54.883365357598635 [0.28903956 0.24550848 0.27704218 0.32933069 0.26511835 0.31236526
 0.3169861  0.3403031  0.35349522 0.33333784]
340 50.000433800115836 [0.28901844 0.24530522 0.27723046 0.32886082 0.26483997 0.31196665
 0.31668874 0.34083085 0.35405154 0.33336536]
341 52.0579694685659 [0.28923196 0.24514142 0.27711841 0.3282763  0.26452611 0.31141326
 0.31655137 0.34148174 0.35368107 0.33353523]
342 52.03668822158557 [0.28944937 0.24494541 0.27696953 0.32766747 0.26406466 0.3109811
 0.31670376 0.34212417 0.35422878 0.33385816]
343 55.234369021182914 [0.28966144 0.24497504 0.27691299 0.32737429 0.26367041 0.3105739
 0.31672469 0.34273532 0.35463317 0.33419679]
344 49.88799775625083 [0.28973139 0.24510898 0.27672989 0.32707362 0.26340075 0.31017538
 0.31696761 0.34337503 0.35511463 0.33411485]
345 51.719665991685446 [0.28994828 0.24537884 0.27668299 0.32651697 0.2632488  0.31024888
 0.31730013 0.34396445 0.35552534 0.33439333]
346 48.576427693300914 [0.2900968  0.24558354 0.27657629 0.32614717 0.26309015 0.31034969
 0.31742803 0.34483899 0.35552085 0.33437764]
347 50.15295974134748 [0.29012137 0.24570435 0.2764365  0.32587815 0.26327845 0.31025683
 0.31771349 0.34589513 0.35563292 0.33438281]
348 53.79612307041598 [0.29012359 0.24580302 0.27632983 0.32583092 0.26332876 0.31045872
 0.3179113  0.34692137 0.35599065 0.33461405]
349 49.265957845536654 [0.29019236 0.24580154 0.27617362 0.32584777 0.26330887 0.31041369
 0.31804482 0.34799447 0.35641095 0.33471128]
350 49.67035638282334 [0.29031646 0.24556721 0.27595893 0.32576648 0.26327589 0.31044314
 0.31797152 0.34911869 0.35710737 0.33493122]
351 52.06568237440838 [0.29042603 0.24526278 0.2756946  0.32557067 0.26334704 0.31040917
 0.31771686 0.35025059 0.35729385 0.33498115]
352 53.6943346651125 [0.29067255 0.2449751  0.27564087 0.32557026 0.26330388 0.31084103
 0.31711466 0.3512172  0.35702694 0.33476147]
353 56.33835466742074 [0.29086034 0.2447082  0.27548861 0.32520895 0.26344017 0.31116272
 0.31673504 0.35190573 0.35681979 0.3346302 ]
354 53.933278255609814 [0.29073536 0.24436504 0.27540888 0.3246842  0.26356508 0.31119547
 0.31631776 0.3525637  0.35653036 0.33455541]
355 50.28115822735259 [0.29057384 0.24404426 0.27540627 0.32408371 0.26393298 0.31103486
 0.31629643 0.35298061 0.35606109 0.33485454]
356 50.66261545428622 [0.29046822 0.24379094 0.27533307 0.32344002 0.26408928 0.31086764
 0.3164529  0.35344239 0.35536252 0.33480083]
357 45.18174787681514 [0.29056618 0.24346961 0.27524519 0.32279504 0.26422558 0.31049039
 0.31645903 0.35357913 0.35481078 0.33466296]
358 51.87144049193722 [0.29059167 0.24326038 0.27533886 0.32219192 0.26435533 0.31003022
 0.31640921 0.35372351 0.35369021 0.33451889]
359 52.91821977483245 [0.29046468 0.24322209 0.27539839 0.32174426 0.2645029  0.30938879
 0.31632202 0.35396148 0.35270701 0.3344058 ]
360 50.71686025770781 [0.29013022 0.24325173 0.27529961 0.3214538  0.26448226 0.30888387
 0.31661963 0.35390238 0.35181638 0.33377262]
361 47.84153614379255 [0.28969325 0.24324857 0.27528939 0.32119819 0.26447505 0.30824853
 0.3169538  0.35439839 0.35093546 0.33313004]
362 52.04262273674337 [0.28941851 0.24304336 0.27533796 0.32107997 0.26445313 0.30754574
 0.31755959 0.35474391 0.3503242  0.33256251]
363 52.165780965463995 [0.289187   0.24281657 0.27538978 0.3209397  0.26466408 0.30700437
 0.31797988 0.35499663 0.34988099 0.3321819 ]
364 47.17728114409473 [0.28878701 0.24274391 0.27554088 0.32099804 0.26529971 0.30662176
 0.31835673 0.35538627 0.34996922 0.33150208]
365 49.124398945913 [0.28849565 0.24280777 0.27521959 0.32088141 0.26588802 0.3061902
 0.31884186 0.35583692 0.34984758 0.33088772]
366 49.943117405209534 [0.28816459 0.24301355 0.27477108 0.32126683 0.26655295 0.30563953
 0.31879233 0.35649588 0.34990534 0.33008107]
367 48.34833224103919 [0.28774774 0.24319975 0.27429777 0.32169694 0.26722317 0.30525393
 0.31865667 0.35692337 0.3498553  0.32919436]
368 49.655716317028364 [0.28739892 0.24334996 0.2739113  0.32219151 0.2679354  0.30502456
 0.31863073 0.35734415 0.34960029 0.3279532 ]
369 50.99298725139998 [0.28703048 0.2435953  0.27349764 0.32276437 0.26860618 0.30483354
 0.31875235 0.35785995 0.34942585 0.32674756]
370 52.26556696033016 [0.28664412 0.24400445 0.27345079 0.3230098  0.26933969 0.30476001
 0.31916608 0.35829379 0.34906913 0.32546498]
371 53.71931887918133 [0.28611521 0.2443588  0.27337909 0.32307305 0.26994893 0.30478535
 0.31954412 0.35833895 0.34878279 0.32442537]
372 48.73687460226577 [0.28559921 0.24470456 0.27350202 0.32295125 0.27022989 0.3049641
 0.3199764  0.35811374 0.34844447 0.32365847]
373 51.240971107870024 [0.28507683 0.24514349 0.27367219 0.32265483 0.27049897 0.30514377
 0.32026434 0.35779898 0.34812603 0.32276232]
374 55.00552664955638 [0.28456761 0.24572701 0.2738453  0.32239957 0.27071939 0.30527816
 0.32045039 0.35715701 0.34787624 0.32186523]
375 49.34770741396373 [0.28400239 0.24589497 0.27403621 0.322089   0.27100401 0.30535847
 0.32066056 0.35643546 0.34770324 0.32091457]
376 52.638297224142406 [0.28353596 0.24607862 0.27419884 0.32173176 0.27121477 0.30543723
 0.32055321 0.355678   0.34723434 0.31990477]
377 48.18179538812599 [0.2832642  0.24623724 0.27428115 0.32152554 0.27126768 0.30565624
 0.32050701 0.35508391 0.34682268 0.31879875]
378 51.715671564311876 [0.28310763 0.24646712 0.27443096 0.32146262 0.27141199 0.30587396
 0.32050222 0.35453636 0.34648552 0.31788075]
379 56.57152777618634 [0.28276746 0.24674704 0.27456009 0.32138148 0.271634   0.30612875
 0.32031298 0.35438001 0.34518783 0.31704708]
380 48.369034042078006 [0.28239314 0.24701675 0.27446368 0.32140429 0.27166499 0.30587588
 0.32009991 0.35433525 0.34381984 0.31618916]
381 52.9657690024584 [0.2820078  0.24727657 0.27457649 0.32153366 0.27173502 0.30558087
 0.31971007 0.35473121 0.34315454 0.31522743]
382 49.47765802930498 [0.28162508 0.24748999 0.27472793 0.3215502  0.27175922 0.30519624
 0.31939469 0.35490122 0.34279826 0.31428045]
383 51.19518397076742 [0.28126035 0.24749086 0.27513744 0.32143168 0.27168873 0.30477604
 0.31924857 0.35539929 0.3424393  0.31337658]
384 52.402471550677404 [0.2810653  0.24768612 0.27542495 0.32108013 0.27159804 0.30432075
 0.31977598 0.35556555 0.34210444 0.31245122]
385 51.13423689248616 [0.28099825 0.24786078 0.27586062 0.32068515 0.27148232 0.30408781
 0.32022389 0.35569324 0.34198737 0.31161462]
386 50.11203675823843 [0.28076131 0.24785853 0.27643743 0.32030459 0.27142533 0.30369289
 0.32042669 0.35598141 0.34186705 0.31093761]
387 48.60930009768991 [0.28060776 0.24795249 0.27707635 0.31996415 0.27165369 0.30330252
 0.32052452 0.35628943 0.34180707 0.31044824]
388 46.46764496201476 [0.28063553 0.24797364 0.2777674  0.31963085 0.27186738 0.30291391
 0.32061279 0.35677291 0.34248374 0.31015155]
389 47.97764818390645 [0.28059088 0.24790672 0.27817512 0.31925899 0.27215672 0.30277133
 0.32048967 0.35725619 0.34314911 0.30981005]
390 50.48784945587978 [0.28067389 0.24788308 0.27851627 0.31882824 0.27244182 0.30272661
 0.32015283 0.35762105 0.34346866 0.30929342]
391 47.80397374947508 [0.28089357 0.24803254 0.27880033 0.31841317 0.27271569 0.30282777
 0.31993867 0.35797565 0.34389995 0.30877406]
392 52.00044768352398 [0.28110303 0.24813888 0.27894282 0.31789438 0.27293688 0.30296726
 0.31964801 0.35818936 0.344364   0.3081236 ]
393 50.27473047900283 [0.28124243 0.24814891 0.27882534 0.31748894 0.2730695  0.30321182
 0.31922355 0.35811754 0.34527916 0.30731717]
394 52.487324507141565 [0.28137818 0.2482498  0.27860312 0.31735331 0.27316197 0.30358057
 0.31894543 0.35824505 0.34589805 0.30658445]
395 49.30232927580027 [0.28140736 0.2484566  0.27786728 0.31738121 0.27340582 0.30388492
 0.31875731 0.35840317 0.34690843 0.30604776]
396 50.899474489254445 [0.2813155  0.24873015 0.27722727 0.31790706 0.27369473 0.3039177
 0.31877005 0.35823193 0.34812436 0.30566588]
397 53.64277564210897 [0.28144865 0.24894477 0.27670019 0.31828638 0.27390883 0.3040986
 0.31866551 0.35821447 0.34950903 0.30521178]
398 54.844822644802164 [0.28161254 0.24917468 0.27611729 0.3185104  0.27417639 0.3042084
 0.31866355 0.35825902 0.35070978 0.30480329]
399 52.176249260085044 [0.2816005  0.24940421 0.27549868 0.31848597 0.27441462 0.304093
 0.31877018 0.35839556 0.35186303 0.30422333]
400 52.10119511620542 [0.2815962  0.24949885 0.27501602 0.31846685 0.27452059 0.30369543
 0.31911992 0.3584485  0.35294855 0.30363533]
401 50.39672975206493 [0.28138526 0.24955589 0.27445938 0.31859528 0.27449207 0.30323252
 0.31941488 0.35833703 0.35396077 0.3031747 ]
402 50.53323224444965 [0.2811124  0.24959738 0.27432654 0.31867125 0.27431455 0.3030333
 0.3199713  0.35814882 0.35467904 0.30278425]
403 53.988465408215006 [0.28076578 0.24960611 0.27399055 0.31881819 0.27420713 0.30280282
 0.32057988 0.35803175 0.35525825 0.30250667]
404 53.47179104614651 [0.28044414 0.24959304 0.27347714 0.31885247 0.27400032 0.30269778
 0.32106288 0.35805338 0.35602583 0.30233942]
405 54.55524197576508 [0.28018523 0.24949827 0.27310516 0.31883804 0.27373542 0.30241963
 0.32129627 0.35789364 0.35693332 0.30238247]
406 53.64473070969565 [0.27986418 0.2494408  0.27290518 0.31879352 0.27373802 0.30223151
 0.32145669 0.35771096 0.35810843 0.30242727]
407 54.66539287049047 [0.27960486 0.24953018 0.27282008 0.31878675 0.2737056  0.30208127
 0.3217168  0.35785974 0.35921724 0.30257509]
408 51.932231704826464 [0.27944368 0.24957374 0.27263207 0.31880323 0.27365988 0.30195399
 0.32211166 0.35814931 0.3602991  0.30274784]
409 55.67928876869569 [0.27933484 0.24955847 0.27252672 0.31891889 0.27315591 0.30181532
 0.322314   0.35822869 0.36146141 0.30283037]
410 55.53108619126684 [0.27918087 0.2494718  0.27257724 0.31904948 0.27263622 0.30192955
 0.32259751 0.35826912 0.36256841 0.30285885]
411 52.94035244962582 [0.27895426 0.24947356 0.27297111 0.31904657 0.27223078 0.30224297
 0.32276658 0.35841876 0.36346414 0.30312477]
412 51.37884890604286 [0.27883989 0.24951202 0.27294792 0.31925113 0.27196639 0.30238984
 0.32304722 0.35852623 0.36421111 0.3033082 ]
413 55.228013335636 [0.2786664  0.24963544 0.27280857 0.31962604 0.27172312 0.30242206
 0.32343803 0.3588907  0.36510715 0.30360278]
414 53.36663278121081 [0.27855595 0.24979356 0.27271468 0.3201504  0.2715079  0.30251822
 0.3240349  0.35951522 0.36613439 0.30403071]
415 50.28102328830179 [0.27836169 0.25014756 0.27273768 0.3206642  0.27148154 0.3027895
 0.32469002 0.36030854 0.36675701 0.30482912]
416 49.33385876927646 [0.27825217 0.25066134 0.27282848 0.32116052 0.27149415 0.30318984
 0.32506026 0.36108707 0.36751099 0.30544776]
417 56.67164109324084 [0.27814076 0.25118131 0.27286561 0.3213424  0.27166727 0.30346227
 0.32551747 0.36179328 0.36860827 0.30572498]
418 53.22975651134323 [0.27806634 0.25175127 0.27297199 0.32166673 0.27173188 0.30362767
 0.32568983 0.36279716 0.36968482 0.30586942]
419 47.50171599106531 [0.2780567  0.25230621 0.27298015 0.32206041 0.27181406 0.30363063
 0.32558492 0.36376244 0.37102971 0.30592429]
420 51.71825386009517 [0.27802661 0.25317143 0.27266323 0.32241296 0.27183192 0.30359363
 0.32548557 0.36489877 0.372313   0.30582676]
421 50.02882918694279 [0.27779914 0.25387805 0.27258391 0.32292045 0.27172956 0.30356238
 0.32527601 0.36553981 0.37334057 0.30582211]
422 48.315853916107216 [0.27740378 0.25465479 0.27253244 0.32360951 0.2717358  0.30356868
 0.32510481 0.36624479 0.37391973 0.30594272]
423 55.29682942452778 [0.27702816 0.25544999 0.27245666 0.32428413 0.27187715 0.30362497
 0.32502092 0.36667886 0.37445346 0.30616253]
424 50.22215552338717 [0.27696968 0.25592325 0.27246843 0.32483518 0.27204325 0.30372601
 0.32519234 0.36712643 0.37503507 0.30646148]
425 51.41104708669205 [0.27677972 0.25655527 0.2723436  0.32517032 0.27238258 0.30368857
 0.32536466 0.36774728 0.37558131 0.30657635]
426 55.566679651720754 [0.27662696 0.25731278 0.27208297 0.32529956 0.27267661 0.30364342
 0.3252345  0.36807935 0.37590245 0.30658768]
427 52.24545996022307 [0.27660304 0.25801149 0.27177116 0.32552868 0.2729906  0.30364364
 0.32534108 0.36834342 0.3758024  0.30653367]
428 50.04516831768362 [0.27664904 0.25860337 0.27125918 0.32566989 0.27328818 0.30361994
 0.32554922 0.36878058 0.37537374 0.30623629]
429 56.770554323191654 [0.27656692 0.259198   0.27085734 0.32611611 0.27344407 0.30333164
 0.3258288  0.36925381 0.37503023 0.30590244]
430 53.02432922311329 [0.27623512 0.25981947 0.27074258 0.32635573 0.27349275 0.30276222
 0.32608717 0.37052108 0.37468777 0.30571298]
431 48.01980678549452 [0.2761572  0.26045305 0.2701121  0.32662722 0.27356574 0.30237158
 0.32653319 0.37139586 0.37406501 0.30569641]
432 53.88414651265056 [0.27607195 0.26113362 0.26946577 0.32706775 0.27364986 0.30203374
 0.32714438 0.3723708  0.3733019  0.30570782]
433 52.093876298668334 [0.27613473 0.261594   0.26887616 0.32767727 0.27360345 0.30162016
 0.32785428 0.37294247 0.37268095 0.30545253]
434 48.07218139990697 [0.27632551 0.26201105 0.26846218 0.32823287 0.27364123 0.30131639
 0.32856365 0.37344418 0.37234342 0.30522294]
435 52.98035271235419 [0.27667963 0.26240712 0.26802092 0.32876188 0.27365311 0.30095743
 0.32925365 0.37382151 0.37261191 0.30479631]
436 52.73429539623133 [0.27711189 0.26280873 0.26780916 0.32905366 0.27368298 0.30060827
 0.32998171 0.37422156 0.37231246 0.30438384]
437 53.99623665510029 [0.27748072 0.263248   0.26782957 0.32910764 0.27379727 0.30041318
 0.33092372 0.37481353 0.37237402 0.30342287]
438 49.11540773949118 [0.27776705 0.26362164 0.26787696 0.32925987 0.27382223 0.3002826
 0.33161292 0.37534355 0.37237597 0.30253819]
439 51.89054432581043 [0.27796307 0.26386976 0.26802083 0.32903625 0.27398734 0.30037414
 0.33213304 0.37585127 0.37237641 0.30184308]
440 56.09598271449513 [0.27813016 0.26405048 0.26811018 0.32879747 0.2740515  0.30058487
 0.33235567 0.37625854 0.37292071 0.30131626]
441 54.405403566546624 [0.27849548 0.26436157 0.26806317 0.32858145 0.2740594  0.30082829
 0.33235774 0.37667736 0.37346356 0.30079723]
442 53.11871194049197 [0.2789276  0.26476832 0.26807349 0.32833916 0.27426125 0.3010894
 0.33233255 0.37693828 0.37413391 0.30031146]
443 50.46876095541165 [0.27925854 0.26512593 0.26808338 0.32834512 0.27442359 0.30119095
 0.3325298  0.3771593  0.37445507 0.29982107]
444 53.88770590295606 [0.27973703 0.26525014 0.26838378 0.32812556 0.27474133 0.30140757
 0.33337794 0.37665929 0.37451998 0.29943629]
445 55.64105975032492 [0.28016015 0.26557785 0.26868388 0.32776437 0.27493443 0.3015957
 0.33431031 0.37595229 0.37463938 0.29910822]
446 48.74815471249132 [0.28057018 0.26603014 0.26901286 0.32751127 0.27496455 0.30149478
 0.33528744 0.37492421 0.3752174  0.298918  ]
447 53.72145360546355 [0.28098513 0.2665072  0.26921196 0.32724571 0.27499836 0.30145872
 0.33654742 0.37357832 0.37565134 0.29854565]
448 53.28294246875604 [0.28142028 0.2668205  0.26922357 0.3269702  0.27510181 0.3013631
 0.33750425 0.3727212  0.3757525  0.29828343]
449 54.23061510092778 [0.28183917 0.26729127 0.26917634 0.32663639 0.275381   0.30126551
 0.33834733 0.37208008 0.37624748 0.29812714]
450 51.73587752871602 [0.28229168 0.26764917 0.26932733 0.32614598 0.27562891 0.3012935
 0.33922946 0.37109422 0.37686964 0.29799202]
451 53.787914739695914 [0.28295738 0.26800719 0.26958125 0.32565904 0.27583127 0.3013466
 0.34048742 0.36960321 0.37749418 0.29789135]
452 52.34516160499936 [0.28351313 0.26854037 0.26994963 0.32533252 0.27597399 0.3014123
 0.34129847 0.36786033 0.37859363 0.29788638]
453 46.746327644406136 [0.28403741 0.26899848 0.2703698  0.32505025 0.27618786 0.30152324
 0.34204054 0.36640608 0.37928186 0.29796588]
454 49.370952765377666 [0.28446262 0.26930719 0.2703959  0.32488482 0.27655642 0.30153417
 0.34266311 0.36472471 0.37985871 0.29788172]
455 45.10255536337295 [0.28475431 0.26960879 0.2702963  0.32463352 0.27697894 0.30162529
 0.34368623 0.36327165 0.38048233 0.29777127]
456 47.92487874836785 [0.28506112 0.26988449 0.27006638 0.32449723 0.2774152  0.30168661
 0.3446359  0.36200786 0.38144462 0.29760115]
457 51.01044283763625 [0.28514013 0.2701072  0.26948264 0.32428855 0.27777603 0.30180241
 0.34546672 0.36096063 0.38255664 0.29740164]
458 52.30816011551714 [0.28520491 0.27025575 0.26908473 0.32424218 0.27828677 0.3018398
 0.34629526 0.36005339 0.38346802 0.29700565]
459 52.46207358042272 [0.28519522 0.2702284  0.26858402 0.32433985 0.27836491 0.30186909
 0.34715257 0.35957487 0.38427756 0.29656218]
460 49.9176667132248 [0.2852183  0.27013861 0.26812221 0.32451206 0.27865008 0.30198264
 0.34821818 0.35913385 0.38505092 0.29611647]
461 49.669204525709446 [0.28514717 0.27000943 0.26762504 0.32471488 0.2788078  0.30207806
 0.34917385 0.35905018 0.38589576 0.29567727]
462 48.73742505645861 [0.28505887 0.27004326 0.2675515  0.32469666 0.27920597 0.30219945
 0.34996121 0.35895857 0.38736269 0.29527045]
463 48.35169390980853 [0.28496113 0.27026555 0.26733108 0.32474902 0.27939112 0.3022797
 0.35078222 0.35869846 0.388931   0.29485938]
464 49.85268196287218 [0.28502595 0.27048964 0.26701171 0.32485412 0.27937587 0.30226963
 0.35148469 0.357954   0.39057312 0.29456509]
465 53.250623416585384 [0.28508818 0.27075555 0.26633906 0.32503685 0.2791965  0.30212201
 0.35217706 0.35742205 0.39205859 0.2943831 ]
466 49.38669684729092 [0.28524173 0.27091478 0.2657822  0.32546634 0.27903855 0.3019766
 0.35273681 0.35687059 0.39372393 0.29435916]
467 51.777326579533415 [0.28531721 0.27100734 0.26535734 0.32580819 0.27893908 0.30188212
 0.35324907 0.35645224 0.395501   0.29438416]
468 53.420439312309824 [0.28553777 0.27109832 0.26503297 0.32600317 0.27893452 0.30175494
 0.35364875 0.35603581 0.3973602  0.2943861 ]
469 52.33662151189039 [0.2858901  0.27131891 0.26469665 0.32622748 0.27885041 0.3014663
 0.3538751  0.35583185 0.39937719 0.29447628]
470 47.409345165365295 [0.2862559  0.27158216 0.26427161 0.32625068 0.27884568 0.30126386
 0.35385654 0.35585771 0.40114276 0.29428735]
471 54.600642476264625 [0.28664694 0.27193016 0.26397991 0.32627243 0.27886364 0.30116384
 0.35389709 0.35602398 0.40291615 0.29423377]
472 50.24418456279989 [0.28738707 0.27210523 0.26363229 0.32616539 0.27894718 0.30122311
 0.35400409 0.35580654 0.40448064 0.2943004 ]
473 53.44200588862695 [0.28808149 0.27226787 0.26318003 0.3258311  0.27907212 0.30125229
 0.35405317 0.35564699 0.40600126 0.29433855]
474 49.46473233288349 [0.28871083 0.27244287 0.26297144 0.32599378 0.27890983 0.30117854
 0.35413432 0.35544392 0.40773715 0.29446695]
475 55.67991239195812 [0.28929149 0.27273638 0.26280077 0.32606491 0.27847288 0.30098941
 0.35448031 0.35534241 0.40886919 0.29471127]
476 49.40795967157949 [0.28982397 0.27275934 0.26277978 0.32597785 0.27762109 0.30073532
 0.35439688 0.35528408 0.41021579 0.29493737]
477 54.35620939970986 [0.29037467 0.27288635 0.2628371  0.32605563 0.2769071  0.30045266
 0.35416801 0.35519238 0.41132057 0.29520587]
478 52.31964965410825 [0.29103066 0.27296141 0.26264457 0.32590651 0.27609047 0.29997842
 0.35406547 0.35518575 0.412175   0.29545027]
479 54.56867453469722 [0.29170555 0.27289817 0.26220693 0.32574399 0.27534093 0.29946987
 0.35385795 0.3550241  0.41295149 0.29580031]
480 57.45210972994673 [0.29220225 0.27264205 0.26185997 0.32561203 0.27475176 0.29908268
 0.3537184  0.35490356 0.41409041 0.29610926]
481 52.13792549410568 [0.29278052 0.27243274 0.26145554 0.32557959 0.27432562 0.29876416
 0.35367722 0.35494541 0.41563967 0.29623356]
482 53.103915441565874 [0.29355736 0.27238287 0.26109405 0.32547151 0.27389913 0.29866553
 0.35378315 0.35509256 0.41717019 0.29640316]
483 47.48333405817091 [0.2942484  0.2722288  0.26082207 0.32564561 0.27356791 0.29856094
 0.35389379 0.35522362 0.41861113 0.29660556]
484 47.96392929117417 [0.29501866 0.27233667 0.26081881 0.32578135 0.27323269 0.29829866
 0.35420135 0.35510191 0.41988657 0.29649319]
485 52.33972630031775 [0.29579466 0.2724633  0.26074963 0.32591951 0.27274954 0.2982796
 0.35434124 0.35493069 0.42163209 0.29639849]
486 49.59692367046006 [0.29630455 0.2725552  0.26063217 0.32613433 0.2721837  0.2984584
 0.35417615 0.35482111 0.42300504 0.29651378]
487 51.44097933752727 [0.29692021 0.27267396 0.26038757 0.32648079 0.27165749 0.29860341
 0.35333531 0.35477748 0.42426646 0.29655083]
488 51.4312471139133 [0.29749386 0.27263995 0.26026327 0.3267572  0.27113932 0.29860114
 0.35263406 0.354709   0.42578584 0.29632433]
489 50.56122004894634 [0.29809982 0.27266852 0.26007762 0.32684676 0.27072328 0.29858255
 0.35214052 0.35485682 0.42728127 0.2961124 ]
490 52.30884629315634 [0.29873962 0.27282424 0.25995094 0.32706778 0.2701716  0.29859407
 0.35163416 0.3551345  0.42893558 0.29594932]
491 46.20710698590859 [0.29937184 0.27278529 0.25984335 0.32739076 0.26973805 0.29848194
 0.35148898 0.35553808 0.43035502 0.29592558]
492 53.019980433290826 [0.29989199 0.27266043 0.25974418 0.32791661 0.26938504 0.29826894
 0.35140465 0.35592673 0.43156904 0.29591844]
493 52.986117955429314 [0.30052424 0.27251172 0.25952697 0.32837571 0.26899664 0.29803761
 0.35101391 0.35644764 0.43270252 0.29597833]
494 47.41907183508871 [0.30124984 0.27242837 0.25920313 0.32888239 0.26856993 0.29785734
 0.35085756 0.35684699 0.43377245 0.29608434]
495 47.48449736154856 [0.3019322  0.27216307 0.25892975 0.32924371 0.26801776 0.29768201
 0.35074843 0.35738479 0.43468146 0.29623206]
496 61.69648649122786 [0.30260402 0.27187964 0.25861215 0.32966959 0.26760316 0.29754626
 0.35041432 0.35765445 0.43567683 0.2959861 ]
497 51.82649337834148 [0.30324568 0.27174652 0.25824511 0.33000467 0.26718348 0.29729762
 0.35035562 0.35795098 0.43722446 0.29577635]
498 50.042711023119 [0.30405304 0.2716075  0.25800458 0.33045953 0.26684146 0.29698216
 0.35026071 0.35818561 0.43846093 0.29568577]
499 51.29802776454126 [0.30502511 0.27150976 0.25758914 0.33108579 0.26661117 0.29678935
 0.35034261 0.35823685 0.43957676 0.29592028]
