0 141.8531541773773 [0.29446819 0.30103135 0.30196895 0.30009375 0.30103135 0.30196895
 0.30103135 0.30103136 0.30384414 0.30196894]
1 124.03728439793409 [0.2931033  0.30458398 0.30157085 0.2988611  0.30038351 0.3037512
 0.30246034 0.30161306 0.30512636 0.30438568]
2 142.65858915150295 [0.29204193 0.30570362 0.301709   0.29831773 0.30007322 0.30458708
 0.30335248 0.3029419  0.30566454 0.30624323]
3 144.30072234399827 [0.29078311 0.3057819  0.30275429 0.29828838 0.30144585 0.30482295
 0.30426642 0.30430339 0.30612701 0.30689447]
4 130.1028076302485 [0.28933541 0.30642596 0.30362833 0.29774569 0.30237023 0.3046584
 0.3046809  0.30521754 0.30589973 0.30615162]
5 136.21376769784325 [0.28846382 0.30667589 0.30378792 0.29754348 0.30320431 0.30425485
 0.30516384 0.30596542 0.30645414 0.30543818]
6 116.87962952506504 [0.28800225 0.30660181 0.30382373 0.29718006 0.30379311 0.30431336
 0.30613827 0.3067189  0.30652206 0.3048495 ]
7 102.27468047567018 [0.28788253 0.30658584 0.30395461 0.29720139 0.304351   0.30457092
 0.30704106 0.3075603  0.30620954 0.30446104]
8 92.50421431500294 [0.28764514 0.3067701  0.30359161 0.29697748 0.30509857 0.30507169
 0.30768841 0.30782663 0.3059002  0.30427864]
9 108.60866297577282 [0.28766507 0.30724618 0.30269778 0.29640199 0.30516118 0.3051136
 0.30835686 0.30776632 0.30532694 0.30420339]
10 96.7754223194959 [0.28777078 0.30701693 0.30160656 0.29579448 0.305406   0.30510015
 0.30835127 0.30812439 0.30431932 0.3037267 ]
11 90.39186788248394 [0.2882889  0.30716694 0.30086704 0.29551675 0.30546501 0.304541
 0.3083092  0.30869758 0.30342358 0.30312887]
12 84.76608058292891 [0.2883904  0.30718122 0.30004889 0.29545382 0.30508006 0.30422149
 0.30826495 0.30935834 0.30203557 0.30256724]
13 83.83357164366775 [0.2884766  0.30741584 0.29906953 0.29502859 0.30464181 0.30401118
 0.30826907 0.3098961  0.30116359 0.30164015]
14 104.11704690089613 [0.28862504 0.30759098 0.29847785 0.29458055 0.30449079 0.30388771
 0.30833424 0.31037885 0.3004671  0.30095712]
15 70.11165942565586 [0.28856333 0.30778977 0.29786405 0.29405174 0.30436454 0.3039081
 0.30809958 0.31094779 0.29992659 0.30030267]
16 74.9892006733906 [0.28837501 0.30773763 0.29768304 0.29335619 0.30425069 0.30350585
 0.30784622 0.31140275 0.29960757 0.29963025]
17 63.32217415302609 [0.28789849 0.30719849 0.29782618 0.2928888  0.30374678 0.30333252
 0.30761619 0.31134235 0.29918765 0.29875539]
18 63.88444787885545 [0.28755314 0.30638734 0.29815466 0.29280972 0.30303047 0.30358547
 0.30750927 0.31132663 0.29876606 0.29810594]
19 68.57943780889647 [0.28725165 0.30615273 0.29811796 0.29265537 0.30195594 0.30397559
 0.30721162 0.31149176 0.29862598 0.29773847]
20 69.8361095903759 [0.28670069 0.30591888 0.29771818 0.29244888 0.30090651 0.30437013
 0.30721044 0.31188369 0.29825029 0.29725054]
21 56.162724145431525 [0.28602396 0.30587686 0.29752338 0.29237437 0.29990848 0.30456794
 0.30705815 0.31232665 0.29772532 0.29714472]
22 55.1094947251968 [0.28513348 0.30596418 0.29682799 0.29211827 0.29939709 0.30480966
 0.30667981 0.31274569 0.29702407 0.29683179]
23 42.64359040867928 [0.2843138  0.30597224 0.29639923 0.29206825 0.29848748 0.30503215
 0.3059741  0.31297053 0.29635038 0.29665706]
24 48.06522303392818 [0.28321828 0.30559544 0.29628763 0.2919494  0.2977702  0.30508971
 0.30517674 0.31302167 0.29573687 0.29603957]
25 46.646041949802154 [0.28217443 0.30520505 0.29620906 0.29193885 0.29698485 0.30545776
 0.30427344 0.31332026 0.2949836  0.29536312]
26 45.39832875748175 [0.28082554 0.30500134 0.29621029 0.29178202 0.29604501 0.30602398
 0.30361104 0.31377143 0.29438064 0.29459192]
27 40.443310549867846 [0.27960676 0.30442262 0.29625171 0.29172047 0.29521433 0.30682328
 0.30285996 0.31419169 0.29383564 0.29392172]
28 59.92335461840271 [0.27873461 0.30372637 0.29608627 0.29145427 0.29451491 0.30750082
 0.30249392 0.31453977 0.2933283  0.29349732]
29 43.89552648337979 [0.27796086 0.30314796 0.29592964 0.29122803 0.29411327 0.30838177
 0.30194834 0.31450765 0.29278441 0.29309318]
30 48.25799872066642 [0.27734003 0.30288411 0.29583369 0.29097733 0.2938085  0.30896963
 0.30135903 0.31484253 0.29232632 0.29271962]
31 49.67577698111877 [0.27682701 0.30244991 0.29558848 0.29082318 0.29336493 0.30923369
 0.30120924 0.31506369 0.29217681 0.29244488]
32 54.9086335080804 [0.27602239 0.30204999 0.29533741 0.29042098 0.29287212 0.30943721
 0.30109438 0.31532437 0.29199283 0.29247279]
33 47.55503136677949 [0.27519905 0.30151057 0.29526367 0.29031902 0.29202981 0.30914815
 0.30062317 0.31540582 0.29173282 0.29248658]
34 52.115855312247916 [0.2745151  0.30105841 0.29481584 0.29001022 0.29115496 0.3089196
 0.30025974 0.31552759 0.29138129 0.29259623]
35 48.163008680534546 [0.27394844 0.30072722 0.29416913 0.28989757 0.29018315 0.30882271
 0.30008672 0.31572735 0.29122873 0.29248353]
36 48.9777619905385 [0.27338458 0.3000999  0.29332957 0.28984069 0.28889657 0.30872612
 0.30006329 0.31571972 0.29132783 0.2920921 ]
37 46.132901261821104 [0.27273228 0.29950326 0.29263045 0.29017008 0.28788155 0.30803187
 0.29994629 0.31571407 0.2915333  0.2914363 ]
38 54.12262614127259 [0.27207078 0.29920426 0.29177472 0.29041146 0.28707234 0.30745643
 0.30000611 0.31566847 0.29137682 0.29084898]
39 28.554987425431527 [0.27133384 0.29903123 0.2908438  0.29043392 0.28630449 0.30683067
 0.3005198  0.31538941 0.29118027 0.29041277]
40 27.37284672994773 [0.27073694 0.2989373  0.28990346 0.29030989 0.28594317 0.30593158
 0.30079346 0.31477558 0.29094492 0.29026906]
41 30.212947732781828 [0.26963058 0.29856397 0.28898317 0.28998172 0.2856823  0.30470215
 0.30071645 0.31472638 0.29100867 0.29013546]
42 24.15411532611483 [0.26839604 0.29816305 0.28808237 0.28920438 0.28532229 0.30352612
 0.30054067 0.3147373  0.29106081 0.29000982]
43 37.900188678546854 [0.26704289 0.29759355 0.28723583 0.28854895 0.28488851 0.30255405
 0.30052753 0.31473237 0.29081632 0.28997758]
44 31.540211771888867 [0.26565189 0.29712658 0.28656472 0.28797269 0.28448916 0.30162588
 0.30084173 0.31488136 0.29010355 0.28979529]
45 34.33533128444735 [0.26441866 0.29686846 0.2859036  0.28738212 0.28427357 0.30073012
 0.30128097 0.31464316 0.28956572 0.28958989]
46 29.409950231911786 [0.26342835 0.29683292 0.28501813 0.2867557  0.28416056 0.29991304
 0.30157466 0.3145329  0.28906836 0.28957227]
47 30.839035499441827 [0.26216534 0.29657415 0.28432797 0.28602697 0.28408403 0.29930791
 0.30216105 0.31452359 0.28853388 0.28940445]
48 24.04964461171219 [0.26084665 0.2958885  0.28402926 0.28549957 0.28385866 0.29882058
 0.30283523 0.31483498 0.28786144 0.28934817]
49 36.68997421830595 [0.25979781 0.29531884 0.28356823 0.28502455 0.28317654 0.29824342
 0.30361169 0.31512737 0.2871422  0.28923847]
50 31.341300834936845 [0.25866318 0.29468718 0.28335559 0.284744   0.28239003 0.29750607
 0.30410396 0.31542761 0.28620614 0.28905887]
51 32.083479836803946 [0.25757807 0.29414024 0.28313957 0.28431331 0.28186773 0.29676605
 0.3047064  0.31562678 0.28541461 0.28889773]
52 29.272676284765232 [0.25686815 0.29346074 0.28277622 0.28381917 0.28136914 0.29618779
 0.30511295 0.31587492 0.28487694 0.28896021]
53 28.232552941462906 [0.25607954 0.29279752 0.28251775 0.28344425 0.28089043 0.29600703
 0.30533755 0.3158829  0.28414987 0.2891528 ]
54 31.406324718658748 [0.25521229 0.29228473 0.28216747 0.28327051 0.28023704 0.29598805
 0.30568626 0.31543017 0.28315188 0.28938322]
55 31.913370001646616 [0.25444548 0.29201439 0.28191038 0.28295564 0.27967403 0.29619677
 0.30574075 0.31516638 0.28236401 0.28970823]
56 35.01598789614326 [0.25371387 0.29182284 0.28166682 0.28238092 0.27891119 0.29641896
 0.30608115 0.31531785 0.28159498 0.29003943]
57 28.612163450428532 [0.25305045 0.29172938 0.2817656  0.28183097 0.27812273 0.29640791
 0.30628794 0.31538763 0.28109781 0.29050941]
58 31.015415264057676 [0.25257055 0.29140634 0.28164802 0.28149836 0.27752627 0.2964427
 0.30636367 0.31554683 0.28070652 0.29078424]
59 36.75927327332313 [0.25227512 0.29110793 0.28131928 0.28119408 0.2769734  0.29649606
 0.30656708 0.31541752 0.28014948 0.29106241]
60 36.650465475568055 [0.25178835 0.29089    0.28084219 0.28067489 0.27645183 0.2964401
 0.30671783 0.31542261 0.27984054 0.2910965 ]
61 39.56095641683622 [0.25098079 0.29105002 0.28058766 0.28004655 0.27601092 0.29616969
 0.30668568 0.31503342 0.27951795 0.29112728]
62 19.10549028386811 [0.25019324 0.29141833 0.28057134 0.27946054 0.27559704 0.29597219
 0.30664976 0.31475432 0.27934664 0.2913741 ]
63 24.484763378199304 [0.24923243 0.2916823  0.28046449 0.27869638 0.27523763 0.29564722
 0.30680847 0.31459532 0.27891612 0.29171376]
64 27.30476910846567 [0.24825957 0.29171878 0.28017109 0.27793795 0.27513175 0.29550824
 0.30699117 0.31452474 0.27851128 0.29193277]
65 36.23568950759105 [0.24738843 0.29135609 0.28001258 0.27746626 0.27502928 0.29539271
 0.30739632 0.31462852 0.27821507 0.2925175 ]
66 15.649408923416207 [0.24647806 0.29115724 0.27973358 0.27699984 0.27485113 0.29518376
 0.30787058 0.31465859 0.27787953 0.29305044]
67 26.145248458758502 [0.24569839 0.2908787  0.27937005 0.27653534 0.27485251 0.2950878
 0.30866212 0.31455486 0.2775819  0.29371561]
68 19.411652449548846 [0.24516124 0.2906043  0.2789627  0.27605689 0.27473062 0.29485666
 0.30969331 0.31446048 0.27727195 0.29415386]
69 17.108925862651766 [0.24490187 0.29063983 0.27855461 0.27544806 0.2746505  0.29464154
 0.31042647 0.31449956 0.27693002 0.29450687]
70 22.509558100762703 [0.24452353 0.29080178 0.27797678 0.27495809 0.2748018  0.29444517
 0.31107647 0.31419279 0.27668533 0.29485082]
71 26.750514419117515 [0.2440932  0.29111055 0.27724695 0.27476442 0.27497    0.29430869
 0.31150895 0.31391492 0.27614133 0.29519824]
72 19.45954204764209 [0.24361904 0.29117375 0.27627419 0.27471207 0.27506411 0.29427466
 0.31196116 0.3138047  0.27575479 0.29568419]
73 17.704246881001968 [0.2434858  0.29107067 0.27504465 0.27468461 0.27541129 0.29414677
 0.3123431  0.31363682 0.27565621 0.29630457]
74 14.288603379389627 [0.24315299 0.29094285 0.27407215 0.27462254 0.27594722 0.29408895
 0.31252796 0.31340828 0.27554657 0.29698505]
75 18.696830620765816 [0.24280947 0.29091285 0.2730913  0.27447328 0.2764406  0.29394512
 0.31267147 0.31327017 0.27551791 0.29772864]
76 24.55428601970836 [0.24253325 0.29064355 0.27205251 0.27459554 0.27670417 0.29381923
 0.31279353 0.31339742 0.27560895 0.29825249]
77 24.762625067626175 [0.2422368  0.29036863 0.27106233 0.27446651 0.27691926 0.29362197
 0.31327287 0.31356356 0.2755066  0.29861054]
78 9.363555282969745 [0.24196017 0.29023108 0.26997556 0.2740979  0.27712517 0.29325893
 0.31380633 0.31353152 0.27544325 0.2990127 ]
79 14.95899726324567 [0.24183208 0.29003653 0.26882108 0.27397515 0.27740564 0.29296964
 0.31417113 0.31355785 0.27558336 0.2993348 ]
80 25.046473419119472 [0.24174519 0.28977299 0.26796879 0.27377886 0.27749137 0.29275614
 0.31453804 0.31342301 0.27561245 0.29970219]
81 20.582686528988322 [0.24193169 0.28964487 0.26713325 0.27353869 0.27734633 0.29256311
 0.31522952 0.313414   0.27581026 0.29984605]
82 15.21607897118119 [0.24200104 0.28971259 0.26636512 0.27315897 0.2771735  0.29262564
 0.3156533  0.31351906 0.27599231 0.30034135]
83 11.883738399416867 [0.24204866 0.28975423 0.26570999 0.27281972 0.27699349 0.29285448
 0.3156827  0.31335211 0.27612684 0.30081284]
84 16.396666352783644 [0.24208227 0.28997871 0.26501924 0.2727212  0.27677729 0.2931057
 0.31592348 0.31302536 0.27597135 0.30120714]
85 15.324561802683387 [0.2421392  0.29006857 0.2643516  0.27286529 0.27652083 0.2931118
 0.31590935 0.31250725 0.27591284 0.30147243]
86 14.813440033930505 [0.24219796 0.2898592  0.26364273 0.27311909 0.27653604 0.29311135
 0.31574322 0.31218138 0.27600629 0.30175025]
87 9.842339223115603 [0.24221379 0.28924303 0.26325139 0.2732932  0.27646448 0.29321507
 0.31570425 0.31196899 0.27633261 0.30187853]
88 23.25526926813115 [0.24233803 0.28876261 0.26299977 0.27352646 0.27661476 0.29325642
 0.31569923 0.3115988  0.27672418 0.30198671]
89 16.264654885447406 [0.24244332 0.28843237 0.26279886 0.2739733  0.27672917 0.29319343
 0.31588494 0.31120161 0.27717533 0.30227162]
90 20.32797914085331 [0.24256547 0.2877887  0.26250248 0.27436215 0.27701252 0.29319802
 0.31637788 0.31043548 0.27761757 0.30239176]
91 13.820651137267907 [0.24273124 0.2872996  0.26211153 0.27465579 0.27736684 0.29307813
 0.31646697 0.30973873 0.27806945 0.30219178]
92 21.307232472006994 [0.24281704 0.28660595 0.26174001 0.27497242 0.27773661 0.29306023
 0.31687683 0.30916857 0.27852199 0.30191096]
93 17.36755025023885 [0.24282431 0.28574146 0.26163885 0.27505518 0.27779619 0.29321222
 0.31713436 0.30861314 0.27899761 0.30170278]
94 13.734541985440565 [0.2429146  0.28505771 0.26151021 0.27490019 0.27774142 0.29319801
 0.3173405  0.30815031 0.27941086 0.30175663]
95 14.746515045864871 [0.24299836 0.2844811  0.26140575 0.27516909 0.27748649 0.29328485
 0.31739378 0.30769903 0.28012723 0.30182168]
96 17.538561046274506 [0.24317085 0.28367312 0.26143154 0.27540892 0.2771875  0.29327303
 0.31754445 0.30715814 0.28061655 0.30220839]
97 23.05646153188473 [0.24324806 0.28300863 0.2613342  0.27556646 0.27718792 0.29333245
 0.31792921 0.30675065 0.28114741 0.30244824]
98 23.35122665273181 [0.24337633 0.28174681 0.26104732 0.27570158 0.27730797 0.29363863
 0.31832646 0.30640962 0.28147492 0.3029416 ]
99 18.918585891358553 [0.24349167 0.28060527 0.26057597 0.27614232 0.27723833 0.29428777
 0.31876594 0.30629904 0.28202345 0.3033175 ]
100 17.3453868936323 [0.24333635 0.27975419 0.260043   0.27622924 0.27754652 0.29503084
 0.31914671 0.30628649 0.28218314 0.30397237]
101 13.522248457792243 [0.24331046 0.27921296 0.25945237 0.27640972 0.27810302 0.295747
 0.31926027 0.30607034 0.28222846 0.30443165]
102 16.738565184159622 [0.24335273 0.27860507 0.25894229 0.27676047 0.2785476  0.29644027
 0.31943725 0.30597762 0.28259115 0.30493351]
103 16.845777096982275 [0.24357024 0.27806429 0.25858932 0.27701357 0.27912281 0.2972428
 0.31935681 0.30578004 0.28292018 0.30539926]
104 17.759034315439067 [0.24386893 0.27757653 0.25814211 0.27704913 0.27980748 0.29802225
 0.31920911 0.30581616 0.28344816 0.3058741 ]
105 26.590197378602 [0.24411018 0.2769094  0.25776164 0.2770508  0.28035452 0.29889412
 0.31888503 0.30598168 0.2840482  0.30608578]
106 18.465628739220367 [0.24424909 0.27633979 0.25737724 0.27725816 0.2809884  0.29948634
 0.31828977 0.30638131 0.28476154 0.30619861]
107 25.713015483134438 [0.244492   0.27558118 0.25720318 0.27749722 0.28103378 0.29984979
 0.31765702 0.30665414 0.28583878 0.30599382]
108 12.009325321042827 [0.24459195 0.27469155 0.25665849 0.27763354 0.28103655 0.29970167
 0.31739217 0.30673731 0.28686137 0.30580589]
109 16.84080291082484 [0.24458606 0.27395558 0.25603873 0.27764719 0.28080747 0.29959211
 0.31741677 0.30670454 0.2876018  0.30575759]
110 23.518756535467958 [0.24433586 0.2731297  0.25544307 0.27776299 0.28076428 0.29918888
 0.31706726 0.3066865  0.28822897 0.30572575]
111 11.497718820562042 [0.24386975 0.27205262 0.25497354 0.27764524 0.28060453 0.29887296
 0.31603315 0.30594776 0.28868823 0.30585747]
112 15.677917209019093 [0.2432223  0.27116811 0.25466046 0.27763553 0.28041883 0.29861869
 0.31490554 0.30483813 0.28892312 0.3056547 ]
113 21.64285427156916 [0.24272208 0.27004491 0.25441474 0.27780099 0.2801178  0.29851421
 0.31412257 0.30368516 0.28868613 0.30482945]
114 14.37031108719374 [0.24240707 0.26904018 0.2541176  0.27811146 0.27994736 0.29839691
 0.31307905 0.30256153 0.28819047 0.30412804]
115 10.99110981268324 [0.24208149 0.26791011 0.25359502 0.27864126 0.27953287 0.29857823
 0.31224648 0.3017399  0.28774225 0.30371211]
116 16.794483179289294 [0.2420131  0.26679083 0.25319034 0.27917148 0.27919085 0.29864623
 0.31121681 0.30082186 0.28743852 0.30316861]
117 12.186109136250238 [0.24185437 0.26578687 0.25271413 0.27955516 0.27884161 0.29875381
 0.31012204 0.29998449 0.28725635 0.30294294]
118 16.04030338222512 [0.24182237 0.26500913 0.25209276 0.27961692 0.27857966 0.29899615
 0.30899846 0.29923192 0.28708049 0.30245054]
119 16.22450775061699 [0.24178572 0.26438433 0.25144557 0.27964586 0.27845242 0.29952417
 0.30790045 0.29852804 0.28701378 0.30207388]
120 18.831087834916033 [0.24166828 0.26392579 0.25072167 0.27982066 0.2786759  0.29977464
 0.30706277 0.29789116 0.28717462 0.30180535]
121 16.163963754117393 [0.24152168 0.26343149 0.24982301 0.28013379 0.27865041 0.29985603
 0.30645183 0.29735616 0.28730028 0.30169296]
122 17.27448707237684 [0.24119735 0.26276541 0.24918129 0.28048207 0.2786319  0.29964974
 0.30595191 0.29663732 0.2873181  0.301681  ]
123 17.430992973420523 [0.24087521 0.2621814  0.24863731 0.28071642 0.27874757 0.29951747
 0.30562436 0.29587906 0.28716611 0.3018693 ]
124 18.606026619530166 [0.24053435 0.26152204 0.24819572 0.28118746 0.27896815 0.29937537
 0.3053559  0.29532324 0.28694167 0.30212956]
125 17.481642239000564 [0.24035689 0.26106261 0.24768616 0.28147672 0.27908552 0.29932584
 0.30519021 0.29483418 0.28674398 0.30208874]
126 11.58412429438567 [0.24006822 0.26043999 0.24709097 0.28176435 0.27909683 0.29943654
 0.30482571 0.2943746  0.28641933 0.30219763]
127 20.03627003564463 [0.23974891 0.25983336 0.24650605 0.28193919 0.27907695 0.29973114
 0.30471611 0.29395924 0.28615313 0.30239257]
128 11.948695749735732 [0.23939794 0.25922941 0.24613769 0.28206198 0.2792183  0.29980096
 0.30478708 0.29364316 0.285679   0.30273162]
129 18.76472540041891 [0.23921051 0.25867541 0.24583383 0.28208937 0.27947607 0.29965397
 0.30492543 0.29335195 0.28508071 0.3030988 ]
130 20.596752218689492 [0.23919111 0.2582903  0.24544318 0.28212289 0.27953681 0.29930201
 0.30504339 0.29307181 0.28411893 0.3035449 ]
131 16.063282346866238 [0.2392188  0.25807661 0.24503698 0.28220884 0.27986205 0.29898716
 0.30520791 0.29276245 0.28346449 0.3040319 ]
132 17.736237840398886 [0.23923939 0.25782852 0.24455066 0.2822761  0.28016387 0.298798
 0.30542993 0.29241878 0.28279999 0.30463161]
133 15.530569315173135 [0.23920699 0.25755679 0.24413305 0.28223853 0.28039327 0.29861712
 0.30539163 0.2920508  0.2824052  0.30513163]
134 18.605167480604916 [0.23895327 0.25719111 0.24347735 0.28209901 0.28073324 0.29808978
 0.30565843 0.29177028 0.28194988 0.305558  ]
135 15.588475840257427 [0.2386524  0.25665787 0.24293825 0.28196014 0.28089824 0.29756392
 0.30598165 0.29186777 0.28159848 0.30580936]
136 21.466512325113563 [0.23844328 0.25609563 0.24273471 0.28177895 0.28090203 0.29692355
 0.30640299 0.29205971 0.28165919 0.30611175]
137 12.741565989548405 [0.23822868 0.25561379 0.24266713 0.28136321 0.28063426 0.29652646
 0.30698349 0.29233592 0.28141088 0.30628319]
138 16.96598417143786 [0.23803956 0.25508859 0.24253151 0.28094814 0.28033153 0.29622149
 0.30770047 0.29254609 0.281289   0.30649849]
139 26.96896578480123 [0.23763896 0.25470146 0.24220111 0.28051493 0.28024283 0.29571559
 0.30861461 0.29283815 0.28137598 0.30659685]
140 19.14833764140345 [0.23729838 0.25427887 0.2418847  0.2799818  0.27993125 0.29526946
 0.30924466 0.29322371 0.28171149 0.30633066]
141 18.492420874319006 [0.23714333 0.2537223  0.24167741 0.2796294  0.27984741 0.29454853
 0.31008348 0.29349004 0.28194681 0.30612021]
142 17.786385684684557 [0.23704323 0.25313928 0.24148063 0.27934485 0.27974035 0.2939338
 0.31077943 0.29372208 0.28206404 0.30595048]
143 17.033672376179716 [0.23685386 0.25287555 0.24125158 0.27872024 0.27948804 0.29362715
 0.3112416  0.2940346  0.28222288 0.30591924]
144 11.84458502469062 [0.23690675 0.25264809 0.24118331 0.27788598 0.27867776 0.29337986
 0.31123297 0.29382049 0.28238452 0.30612838]
145 16.230201832435622 [0.23700398 0.25241706 0.24105386 0.27703808 0.27794623 0.29324007
 0.3112804  0.29372503 0.28246868 0.306401  ]
146 14.048423854421738 [0.23704969 0.25226401 0.24072153 0.27600768 0.2773399  0.29319177
 0.31148999 0.29363417 0.28252958 0.30664916]
147 13.479962013422952 [0.23718524 0.25210095 0.24055292 0.2749303  0.27656533 0.29293518
 0.31162168 0.29377534 0.28230266 0.30667301]
148 18.02207060847259 [0.23743857 0.25207913 0.24054063 0.27386273 0.27588141 0.29279399
 0.31193037 0.29367559 0.28197792 0.3067062 ]
149 19.315434686526604 [0.23782016 0.25197373 0.24072968 0.27314551 0.2752239  0.29257388
 0.31166225 0.29363967 0.28202445 0.3071247 ]
150 13.140173034974932 [0.23840395 0.2518218  0.24123996 0.27246867 0.27458654 0.29238884
 0.31168347 0.29354526 0.28204345 0.30775809]
151 15.192712088684571 [0.23906162 0.25181361 0.24165674 0.27189015 0.27387285 0.29233999
 0.3115971  0.29348593 0.28238173 0.30814841]
152 17.550146811577797 [0.23955607 0.25176479 0.24209379 0.27148682 0.27321969 0.29206871
 0.31172032 0.29354668 0.28278442 0.30863711]
153 16.67865040313788 [0.24016276 0.25164414 0.24240828 0.2713004  0.27242762 0.29201445
 0.31197073 0.29358061 0.28328878 0.3090695 ]
154 15.737891276872462 [0.24084233 0.25154329 0.24276314 0.27099546 0.27147486 0.29194064
 0.31185895 0.2935881  0.28345673 0.30985623]
155 20.5415314072739 [0.24130433 0.25172706 0.24293801 0.27058654 0.27072632 0.29183562
 0.31166985 0.29361066 0.28375987 0.31073434]
156 16.088199505901102 [0.24179562 0.25192527 0.24301683 0.27016409 0.26984539 0.29170062
 0.31150794 0.29367669 0.28429329 0.31172982]
157 14.52155753382647 [0.24209169 0.25210334 0.24289744 0.26976004 0.2689102  0.29159468
 0.31133783 0.29364308 0.28476763 0.31247836]
158 14.700745107765538 [0.24225275 0.25191008 0.24275731 0.26926812 0.26801271 0.29137079
 0.31129305 0.29370828 0.2851076  0.3131732 ]
159 12.282358564660838 [0.24216852 0.25177594 0.24254636 0.26876249 0.26725431 0.29140331
 0.31124061 0.29351103 0.28544012 0.31382212]
160 17.46536383472184 [0.24203844 0.2516722  0.2423679  0.2684207  0.26635011 0.2914695
 0.31114685 0.29331542 0.28584691 0.31430475]
161 11.293150641970605 [0.24204159 0.25146521 0.24205961 0.26818035 0.26527529 0.2913277
 0.31106012 0.29309536 0.28612198 0.31452536]
162 17.156382949330304 [0.2421932  0.25145414 0.24147499 0.26799816 0.26429748 0.29118132
 0.31083641 0.29293437 0.28653707 0.31505288]
163 16.205616571516362 [0.24218265 0.2511503  0.2407992  0.26789044 0.26363903 0.29125728
 0.31030994 0.29297251 0.28670964 0.31556756]
164 17.08581066786537 [0.24202234 0.25074634 0.24029388 0.2676958  0.26288268 0.29112567
 0.30961247 0.29303011 0.28702922 0.31601184]
165 10.176532243952057 [0.2416905  0.25002647 0.23982481 0.26751758 0.26198592 0.29080813
 0.30906765 0.29324002 0.28742625 0.31627354]
166 13.722435244434479 [0.24123776 0.24949943 0.23933978 0.26760538 0.26120396 0.29063247
 0.3083289  0.29335622 0.28763467 0.31629822]
167 12.961854165217021 [0.24098884 0.24895631 0.23900446 0.26748672 0.26060107 0.29034593
 0.30724149 0.29351588 0.28742869 0.31628447]
168 16.199531949238036 [0.24097065 0.24806007 0.23864976 0.26739644 0.26005953 0.28997195
 0.30633128 0.29385747 0.28701917 0.31618126]
169 18.544026353495024 [0.24108404 0.24728414 0.2382791  0.26744586 0.25960672 0.28956928
 0.30523538 0.29431356 0.28669311 0.31582998]
170 14.256648684924574 [0.24117581 0.2465461  0.23767745 0.26752209 0.25894955 0.28911933
 0.30446598 0.29508378 0.28660156 0.31540474]
171 11.583066011535774 [0.2411964  0.24560864 0.23730937 0.26739764 0.25839849 0.28865006
 0.30383898 0.29585772 0.28654589 0.31501421]
172 19.054216424012356 [0.24112664 0.24499148 0.23702574 0.26718297 0.25794761 0.28836179
 0.30303165 0.29637774 0.28658724 0.31438116]
173 13.171134899555716 [0.2411016  0.24435822 0.23678239 0.26678393 0.25746385 0.28823079
 0.30235056 0.29687521 0.28677477 0.31384227]
174 18.873139094067092 [0.24100203 0.24384752 0.2364015  0.26624678 0.25699307 0.28807718
 0.30193253 0.29733787 0.28704496 0.3136284 ]
175 11.632682912661718 [0.24089657 0.24355597 0.23608455 0.26575433 0.25656148 0.28805992
 0.30143628 0.29786457 0.28741042 0.31333751]
176 16.541144675093935 [0.24083959 0.2433867  0.23562077 0.26530116 0.25620515 0.28796147
 0.30052751 0.29822267 0.28773393 0.31284783]
177 13.555753777056605 [0.24079101 0.24337013 0.23484513 0.26451475 0.2560662  0.28794039
 0.2996592  0.29857148 0.28810269 0.31254362]
178 15.249488792101886 [0.24064691 0.24345376 0.23422618 0.26358043 0.25586884 0.28787566
 0.29870225 0.29879226 0.28843978 0.31224659]
179 14.34854982486558 [0.24050935 0.24348685 0.23371733 0.26259836 0.25577199 0.28749684
 0.29816377 0.29893297 0.28863027 0.3121156 ]
180 10.956700801059371 [0.24028372 0.24341254 0.23309291 0.26153648 0.25569199 0.28681303
 0.29758372 0.29922442 0.28885676 0.31185937]
181 11.87394555601832 [0.23985899 0.2433528  0.23237635 0.26049688 0.2555647  0.28618444
 0.29677099 0.29957139 0.28929921 0.31170174]
182 8.875885813649742 [0.23965022 0.24335128 0.23153457 0.25952709 0.25497164 0.28572707
 0.29584105 0.30001989 0.2901402  0.31132522]
183 14.986535485565273 [0.23939038 0.24337717 0.23066095 0.25849862 0.25452394 0.28513861
 0.29487792 0.30046606 0.29077799 0.31078789]
184 13.992366053350729 [0.2391861  0.24348581 0.22996515 0.25742729 0.25405619 0.28456751
 0.29401973 0.30072114 0.2912301  0.3104313 ]
185 13.01032902900117 [0.2390209  0.24347765 0.2294222  0.25652581 0.25362222 0.28411966
 0.2931668  0.30080429 0.29161206 0.31002391]
186 13.269937675275276 [0.23889043 0.24339644 0.229011   0.25587734 0.25336734 0.28371553
 0.2923744  0.30083324 0.29194494 0.30968027]
187 13.050375261754585 [0.23855043 0.24331321 0.22868529 0.25546633 0.25310102 0.28304795
 0.29142691 0.3009568  0.29224964 0.30929704]
188 13.805756131421411 [0.23833917 0.24334701 0.22837074 0.2551754  0.25283351 0.28243229
 0.29057247 0.30113713 0.29246702 0.30907197]
189 12.09253896640353 [0.2379376  0.24318785 0.22805502 0.2547166  0.25252405 0.28189642
 0.28977775 0.30073218 0.29239681 0.30902635]
190 14.373889625336826 [0.23736867 0.24276839 0.22769649 0.25421091 0.25216856 0.28137584
 0.28892077 0.29972985 0.29227764 0.30870178]
191 14.847234591071858 [0.23680969 0.24247479 0.22743281 0.25388508 0.25168021 0.28094783
 0.28817497 0.29898962 0.2922752  0.30835781]
192 11.448270401989902 [0.23639628 0.24226759 0.22731714 0.25355671 0.25128339 0.28052252
 0.2874761  0.2982291  0.29244619 0.30773275]
193 11.469995042896851 [0.23601652 0.24217119 0.22728685 0.25329466 0.25091178 0.28033828
 0.28694878 0.29748351 0.29249876 0.3071371 ]
194 14.799788675010259 [0.23569166 0.2420534  0.22734372 0.25294214 0.25062585 0.28024777
 0.2865102  0.29682359 0.29245853 0.30657502]
195 11.496405499542046 [0.2354993  0.24214397 0.2274142  0.2527034  0.25026018 0.27996626
 0.28593347 0.29633872 0.29240908 0.30602071]
196 8.884566449481266 [0.23540409 0.24204067 0.22746556 0.25253479 0.24983105 0.27975928
 0.28516291 0.29578816 0.2923699  0.30546545]
197 19.232992306267214 [0.23537287 0.24184346 0.22747455 0.25241052 0.24952712 0.27915745
 0.28434138 0.29524539 0.29241416 0.30498686]
198 9.541255485683696 [0.23540734 0.24160938 0.22758497 0.25211514 0.24911809 0.27842218
 0.28350981 0.29481225 0.29252761 0.3048504 ]
199 10.2944294200887 [0.23523613 0.2414367  0.22768924 0.25194495 0.24880595 0.27750346
 0.28276164 0.29444132 0.2923977  0.30467495]
200 13.727945934410545 [0.23503263 0.24137789 0.2279209  0.25166637 0.24852923 0.27663313
 0.28204054 0.29394025 0.29216195 0.3047487 ]
201 12.396632673371311 [0.23486397 0.24124397 0.22803871 0.2514795  0.24832281 0.27579195
 0.28140827 0.29352038 0.29187581 0.30491285]
202 17.412422480197048 [0.23494405 0.24124373 0.22810698 0.25147032 0.24801065 0.27508614
 0.28080986 0.29320472 0.29176463 0.30523013]
203 7.850818446647284 [0.23511722 0.24113118 0.22814383 0.25138388 0.24773073 0.27425465
 0.2801263  0.29292569 0.29172906 0.30593591]
204 9.421470210608266 [0.2353349  0.24122996 0.2280048  0.25123475 0.24743265 0.27317668
 0.27965793 0.2926372  0.29152595 0.30664622]
205 12.670582869650499 [0.23580679 0.24144042 0.2278984  0.25116459 0.24692616 0.27252393
 0.27887043 0.29236508 0.29133109 0.30760702]
206 10.84588485692487 [0.23626228 0.2413585  0.22772159 0.25119135 0.2463725  0.27190317
 0.27819924 0.29183784 0.29146673 0.30850266]
207 11.79716889993078 [0.23673941 0.24128396 0.22755957 0.25118887 0.24579488 0.27132475
 0.277706   0.29137709 0.29147718 0.30946126]
208 9.6196373211907 [0.23730988 0.24110179 0.22750871 0.25146768 0.24501749 0.27076687
 0.27732799 0.29087912 0.29140716 0.31009593]
209 11.211304718231684 [0.23801354 0.2406404  0.22762885 0.25175656 0.2443663  0.2702528
 0.2770329  0.29061447 0.29142944 0.31109899]
210 13.654715130772157 [0.23852747 0.24030964 0.22754462 0.25232421 0.24375812 0.26990417
 0.27675101 0.29016396 0.29159762 0.31163716]
211 11.040985417426914 [0.23902539 0.2398025  0.22730798 0.25303206 0.24319904 0.26964581
 0.27638148 0.28982581 0.29174541 0.31203184]
212 20.53508814203111 [0.23933053 0.23934765 0.22716659 0.25350544 0.24258786 0.26942776
 0.27610703 0.289352   0.29187899 0.31241069]
213 10.344836995084236 [0.23974139 0.2388374  0.22687613 0.25379714 0.24211788 0.26931768
 0.27583311 0.28853902 0.29162117 0.31271071]
214 7.056087886255922 [0.24012841 0.23844042 0.22683192 0.25413161 0.24159702 0.26912651
 0.27577286 0.28818737 0.29153997 0.31233015]
215 7.459809921893784 [0.24054882 0.23795075 0.2266638  0.25444973 0.24113177 0.26889702
 0.27576411 0.28791358 0.29164503 0.3120184 ]
216 16.380981373715606 [0.24077346 0.23751521 0.22635711 0.25465801 0.24083227 0.26876198
 0.27562253 0.28762236 0.2918617  0.31195955]
217 8.706478407782393 [0.24080343 0.23711986 0.22601406 0.25505376 0.24041571 0.26857238
 0.27562632 0.28763473 0.29230519 0.31178206]
218 17.100037485299424 [0.24073203 0.23679507 0.22571407 0.25536147 0.24006161 0.26824512
 0.27590392 0.28766979 0.29256492 0.31173733]
219 12.774607688076834 [0.24045545 0.23651022 0.22523529 0.25559752 0.23958282 0.26818651
 0.27594346 0.28738567 0.2927429  0.31171481]
220 9.464321884330886 [0.24005602 0.23635385 0.22485099 0.2558708  0.23911021 0.26821601
 0.27596347 0.28720455 0.29289324 0.31168165]
221 10.55378461966345 [0.23970551 0.2361519  0.22452135 0.25602106 0.2386766  0.26831798
 0.27608267 0.28734891 0.29310307 0.31168942]
222 11.38812035986935 [0.23942172 0.23602601 0.22421074 0.25598291 0.23820388 0.2684595
 0.27622211 0.28752938 0.29339637 0.31186234]
223 10.361919629845719 [0.23905318 0.23601996 0.22383954 0.25589053 0.23756197 0.26849524
 0.27636256 0.28775672 0.2934563  0.31195651]
224 18.757722930983498 [0.23867943 0.23615626 0.22364731 0.25576225 0.23692216 0.26849433
 0.27655254 0.28793717 0.29347874 0.31190251]
225 9.796450287119551 [0.23831735 0.23630797 0.22361114 0.2558377  0.23621889 0.2683007
 0.27658747 0.28817299 0.2935285  0.31182833]
226 12.375006864995449 [0.23802193 0.23638417 0.22348984 0.25596846 0.23549345 0.26821406
 0.27645648 0.2883461  0.29328295 0.31229076]
227 9.155209931647303 [0.23772688 0.23659689 0.22344224 0.25603909 0.23482865 0.26823443
 0.27602615 0.28851787 0.29294801 0.31275769]
228 8.200356860998813 [0.23729675 0.23672564 0.22334189 0.25623904 0.23421067 0.26822298
 0.27568286 0.28865262 0.29255613 0.31333247]
229 13.440902873624891 [0.23692922 0.23685389 0.22308568 0.25672159 0.2335719  0.26795084
 0.27530658 0.28891732 0.29184699 0.31388689]
230 15.503765380288385 [0.23665622 0.23708125 0.22271559 0.25716402 0.23299003 0.26785333
 0.27489886 0.28909169 0.29108764 0.31446061]
231 12.76573689344509 [0.23626018 0.23732336 0.22222741 0.25770257 0.23256414 0.2676966
 0.27466085 0.28927637 0.29046872 0.3148406 ]
232 11.997021377858404 [0.23578946 0.23753588 0.22193133 0.25840031 0.23188727 0.2676404
 0.27413776 0.28976891 0.28974729 0.31478981]
233 17.32361250210788 [0.23522348 0.23782203 0.22160146 0.25882812 0.23136141 0.26755467
 0.27393619 0.29025656 0.28914477 0.31473239]
234 10.71848162435424 [0.23463554 0.23829642 0.22136625 0.25921114 0.23102987 0.2672917
 0.27365484 0.29094268 0.28850363 0.31476386]
235 10.970158815795132 [0.23421822 0.23874605 0.22112543 0.25964337 0.23060848 0.26725044
 0.273193   0.29165259 0.2881258  0.31477708]
236 14.32505610229205 [0.23363788 0.23909291 0.22075021 0.26030324 0.23015773 0.26698283
 0.27291318 0.29218246 0.28767818 0.31478594]
237 12.288126463757902 [0.23305722 0.2392516  0.22035682 0.26121062 0.22969197 0.26674693
 0.2725168  0.29225088 0.28726517 0.31483768]
238 11.785611546974408 [0.23254922 0.23937663 0.21995916 0.26180569 0.22910477 0.26647992
 0.27197691 0.29242023 0.2867272  0.31486989]
239 14.94756852339886 [0.23216632 0.23947597 0.21945846 0.2623395  0.22861924 0.26608733
 0.27149422 0.29243287 0.2862213  0.31478154]
240 14.999927054628936 [0.231708   0.23952553 0.21903853 0.26285055 0.22814258 0.26565259
 0.27099896 0.29248253 0.28542135 0.3147367 ]
241 9.29563187280394 [0.23120358 0.23970511 0.21873526 0.26350032 0.22746151 0.26523002
 0.27065815 0.29245405 0.2848857  0.31457796]
242 8.057940088611133 [0.23087223 0.23979109 0.21845255 0.26382163 0.22659205 0.26488286
 0.27051781 0.29240335 0.28456839 0.31408763]
243 11.143362017486908 [0.23058859 0.23994252 0.2183094  0.26400776 0.22583878 0.26451087
 0.27055293 0.29229088 0.28420495 0.31377459]
244 9.887277858265303 [0.23034099 0.24015765 0.21812829 0.26423165 0.22521994 0.26413303
 0.27056254 0.29205634 0.28364169 0.31350404]
245 13.95762471606391 [0.23016125 0.24059951 0.21798433 0.26435257 0.22466887 0.26376017
 0.27064498 0.29182803 0.2830312  0.31334877]
246 9.877305658638397 [0.23012504 0.24093355 0.21789189 0.26453734 0.22415862 0.26347407
 0.27074662 0.2916605  0.28239877 0.31349601]
247 7.292447252387005 [0.22998187 0.24110787 0.21778029 0.26474461 0.22378127 0.26315969
 0.27103683 0.29147847 0.28196929 0.31345445]
248 6.5406811086573935 [0.22979665 0.24110655 0.21762153 0.26480521 0.22331973 0.26289719
 0.27135112 0.29156478 0.28158328 0.31334617]
249 10.878110112531942 [0.22959148 0.24098284 0.21759631 0.26468579 0.22286225 0.26275836
 0.27141824 0.29167504 0.28131797 0.31289985]
250 10.08968048977318 [0.22933289 0.24077745 0.21757118 0.26446971 0.22243995 0.26253619
 0.27167148 0.29186728 0.2811162  0.31273451]
251 9.1726346950949 [0.22903732 0.24066061 0.21752741 0.26431539 0.22196779 0.26242543
 0.27205919 0.29224526 0.28082136 0.31252705]
252 7.199979095088611 [0.228872   0.24049358 0.21750675 0.26370342 0.22141203 0.26220024
 0.27261183 0.29299604 0.28051321 0.31251284]
253 12.57173004778904 [0.22860653 0.24041156 0.2175055  0.2631808  0.22073601 0.2619321
 0.27313435 0.29377909 0.2802298  0.31272015]
254 12.477787405434576 [0.22838492 0.24024956 0.21748988 0.26268417 0.22006849 0.26159732
 0.27357095 0.29432931 0.27991792 0.31280031]
255 9.329046114855156 [0.22807083 0.24025166 0.21749455 0.26221644 0.21951469 0.26126975
 0.27388414 0.29477534 0.27961962 0.31309391]
256 16.571565176588432 [0.22777349 0.24024409 0.21749193 0.26178752 0.21904999 0.26097584
 0.27392994 0.29518838 0.27946393 0.31350262]
257 13.031606860611477 [0.22742257 0.24024007 0.21743489 0.26115697 0.21863293 0.26065299
 0.27406964 0.29549385 0.27929547 0.31392382]
258 10.846885647763532 [0.22729223 0.2403971  0.21731056 0.26061832 0.21828561 0.26035311
 0.27405936 0.29602902 0.27923742 0.31444168]
259 12.691642656382173 [0.22734199 0.24030592 0.21731656 0.26015918 0.21806888 0.26024157
 0.27408418 0.29640893 0.27905896 0.31479901]
260 7.604163688741119 [0.22755493 0.24014787 0.21744839 0.25991109 0.21772618 0.26025238
 0.27411129 0.29669169 0.27900285 0.31517706]
261 12.714504141110087 [0.22766612 0.24007615 0.21755912 0.25956782 0.2174631  0.26005488
 0.27425183 0.29708916 0.27906874 0.31571003]
262 11.124518744722838 [0.22785931 0.24023097 0.21773596 0.25917378 0.21723034 0.25966718
 0.27425795 0.29709229 0.27928071 0.31661152]
263 10.065080525984566 [0.22810304 0.24042229 0.21798586 0.25889527 0.21697646 0.25948944
 0.27417645 0.29713281 0.27981037 0.31752698]
264 9.446697600043029 [0.2283128  0.24058447 0.2181164  0.25862901 0.21671022 0.25945185
 0.27425894 0.29707989 0.28010893 0.31850201]
265 13.565870690367866 [0.22830733 0.24087919 0.21815984 0.25859767 0.21658457 0.2594286
 0.27427872 0.29709632 0.28019636 0.31919075]
266 14.01767273644348 [0.22827509 0.24114275 0.21825306 0.25869566 0.216499   0.25919593
 0.2744682  0.29717806 0.28022329 0.31991492]
267 9.466546800556658 [0.22824079 0.2413164  0.21840952 0.25884749 0.21633183 0.25905952
 0.27424743 0.29712672 0.2803346  0.3206602 ]
268 13.369414853685601 [0.22827218 0.24150365 0.21859678 0.25900657 0.21616709 0.25913586
 0.27393074 0.29724263 0.28042031 0.32134367]
269 9.128807291002513 [0.22828626 0.24164797 0.21877561 0.25930655 0.21606424 0.25938394
 0.27369658 0.29727774 0.28052628 0.32209323]
270 12.300870812011297 [0.22828951 0.24175612 0.21903251 0.25960859 0.21594765 0.25964518
 0.27335954 0.29721238 0.28053306 0.322689  ]
271 9.128321936343276 [0.2281316  0.24167717 0.21916406 0.25997104 0.21578574 0.25991902
 0.27298285 0.29737754 0.28072735 0.3232568 ]
272 10.877626297428929 [0.22800007 0.24163513 0.21918583 0.26035598 0.21558575 0.26006435
 0.27260388 0.29759456 0.28084746 0.32375982]
273 12.567796425427204 [0.22790041 0.24159036 0.21905108 0.26081655 0.21528276 0.26027447
 0.27216076 0.29786784 0.28102878 0.32422392]
274 10.517545494983692 [0.22772828 0.24154667 0.21889689 0.2612754  0.21506298 0.26051011
 0.27182668 0.29798492 0.28118368 0.32486419]
275 10.09688999769956 [0.22762418 0.24150413 0.21875005 0.26143945 0.21486729 0.26074343
 0.27144489 0.29806884 0.28140562 0.32512039]
276 9.026620565169164 [0.22749575 0.24150336 0.21868609 0.26158276 0.21470173 0.26114646
 0.2708271  0.29804091 0.28167    0.3254804 ]
277 10.041132969553761 [0.22739193 0.24149643 0.21861533 0.26159868 0.21462747 0.26154632
 0.27021161 0.29789244 0.28193564 0.32587042]
278 9.177892480760208 [0.22728003 0.24164343 0.2186379  0.26162449 0.2143115  0.26206909
 0.26979387 0.29788593 0.28208813 0.32604639]
279 12.493845267074029 [0.22725637 0.24169908 0.21853553 0.26167374 0.21400029 0.26260193
 0.26955184 0.29787031 0.28217151 0.32624275]
280 7.6136027734313 [0.22743731 0.24176025 0.21844245 0.26166362 0.21365184 0.26322991
 0.26925076 0.29786137 0.28225499 0.32616686]
281 15.129100145369591 [0.22763334 0.24191287 0.21837604 0.2617321  0.2132178  0.26386572
 0.26905797 0.29776761 0.28220988 0.32596963]
282 10.116814849487318 [0.22787779 0.24200002 0.21822277 0.26193349 0.21287156 0.2640946
 0.26892665 0.29752763 0.28215432 0.32569446]
283 18.01266688178849 [0.22801474 0.24214879 0.21805769 0.26209147 0.21257001 0.26452891
 0.26877405 0.29750904 0.28218267 0.32540386]
284 10.418737482984255 [0.22825826 0.24206283 0.21790872 0.26222916 0.21220894 0.2649855
 0.2688276  0.29737366 0.28221207 0.32488931]
285 9.10967488578508 [0.22850156 0.24205111 0.21770554 0.26226763 0.21164861 0.26549049
 0.26888383 0.2972751  0.28231723 0.32475838]
286 8.930461770993274 [0.22891708 0.24212918 0.21747636 0.26234656 0.21116149 0.26596087
 0.26917248 0.29698924 0.28240243 0.32429726]
287 10.257106626257263 [0.22931705 0.24247194 0.21735042 0.26264805 0.21072012 0.26657711
 0.2692982  0.29658108 0.28252663 0.3241243 ]
288 11.821749074412054 [0.22961618 0.24263354 0.21735094 0.26306569 0.2104207  0.26701157
 0.26966607 0.29612087 0.2827044  0.32378109]
289 13.016651347210729 [0.22966328 0.24278599 0.21729027 0.26326208 0.21008492 0.26731585
 0.26987923 0.29560897 0.28288497 0.32345705]
290 15.543005029314568 [0.2296794  0.24278123 0.21722805 0.26341468 0.20982253 0.26770839
 0.2698316  0.2952285  0.28282707 0.32268995]
291 12.132604116581222 [0.2297494  0.24253044 0.21718691 0.26381784 0.20955164 0.26837706
 0.26971459 0.29481383 0.28281895 0.32216044]
292 17.05969468256012 [0.22966969 0.24259367 0.21716942 0.26403981 0.20933186 0.26888289
 0.26963633 0.29445849 0.28286922 0.3219661 ]
293 11.587894598626228 [0.22941451 0.24260403 0.21717659 0.26430303 0.20906027 0.26944116
 0.26963038 0.29419703 0.28293409 0.32176901]
294 11.667734711987979 [0.22893697 0.24265068 0.21716658 0.26451158 0.20871298 0.26970907
 0.26969648 0.29370862 0.28278879 0.32191928]
295 11.199587800665599 [0.22870755 0.24264346 0.21715204 0.26457108 0.208242   0.2701517
 0.26986759 0.29305877 0.28259159 0.32203331]
296 12.58665240543965 [0.22848517 0.24278068 0.21721326 0.26467499 0.20773983 0.27057708
 0.2699834  0.29231526 0.28252983 0.32219109]
297 10.618408046094707 [0.22823185 0.24285257 0.21722589 0.26479621 0.20732822 0.27092831
 0.27007363 0.29151416 0.28218916 0.32240574]
298 13.573173011182998 [0.22794101 0.24268314 0.21733936 0.26461841 0.20696321 0.27136321
 0.27045803 0.29074837 0.28182748 0.32294616]
299 24.86652192798099 [0.22759233 0.24264286 0.21756576 0.26454902 0.20656223 0.27175268
 0.27102352 0.29045076 0.28148946 0.32351696]
300 12.967114307050917 [0.22740165 0.24251978 0.21772183 0.26398206 0.20626763 0.27209226
 0.27151244 0.2900769  0.28112444 0.32443792]
301 9.25307599784906 [0.22707388 0.24241903 0.21791495 0.26328436 0.20609021 0.27227716
 0.27195789 0.28977746 0.28081405 0.32548821]
302 11.451772151030195 [0.2268871  0.24217187 0.21826549 0.26266316 0.20583152 0.27222677
 0.27225561 0.28945018 0.28058518 0.32627733]
303 15.304131805450186 [0.2267699  0.24190978 0.2184987  0.26187598 0.20553817 0.27189929
 0.27239164 0.28901408 0.28041649 0.32707997]
304 10.613237396738565 [0.22674706 0.24166415 0.21868081 0.2611439  0.20523832 0.27151252
 0.27255893 0.28864375 0.28040347 0.32795584]
305 17.071500644888616 [0.22660841 0.24151507 0.21867202 0.2605243  0.20497331 0.2714136
 0.27279856 0.28834449 0.28032185 0.32903248]
306 8.805068677142703 [0.22658678 0.24125054 0.21860917 0.25991633 0.20475219 0.27122405
 0.27311619 0.288018   0.28004473 0.3299472 ]
307 9.237062116101901 [0.2266319  0.24102734 0.2186297  0.25938869 0.20467386 0.27100054
 0.27341588 0.2876703  0.28006307 0.33103859]
308 9.551443032374262 [0.22650676 0.24094481 0.21850756 0.258759   0.20459597 0.27078434
 0.27364776 0.28736432 0.28022932 0.33202787]
309 9.646733868669724 [0.22640787 0.2408279  0.21845751 0.25807793 0.20445619 0.2706572
 0.27371498 0.2872752  0.28055051 0.33272759]
310 7.239515892302676 [0.22659002 0.24083299 0.21845851 0.2574492  0.20430294 0.27046489
 0.27375789 0.28721565 0.28091204 0.3337777 ]
311 10.864933502712038 [0.22661973 0.24096607 0.21860654 0.25684452 0.20419226 0.27039597
 0.27389143 0.28714003 0.28114985 0.33497693]
312 12.830012164920246 [0.22690877 0.24091976 0.21874253 0.25625387 0.20409666 0.27015324
 0.27420259 0.28714324 0.28127087 0.33588096]
313 6.910553048587634 [0.22703733 0.24065994 0.21878681 0.25588039 0.20387705 0.27016113
 0.27448638 0.28676537 0.28129511 0.33719882]
314 9.21481713542086 [0.22732945 0.24040067 0.21889936 0.25558814 0.2036833  0.26981525
 0.27490313 0.28636161 0.28132567 0.33842708]
315 9.226045308773 [0.22760077 0.24020542 0.21918495 0.25538318 0.20354527 0.26925187
 0.27536466 0.28559221 0.28131074 0.33983382]
316 9.572568892163769 [0.22805581 0.23998788 0.21941554 0.25526659 0.20337215 0.26882394
 0.27575998 0.28503438 0.28127103 0.34127717]
317 7.771704543021072 [0.22818801 0.23984529 0.21967448 0.25516882 0.20325692 0.26846645
 0.2763362  0.28443896 0.28111831 0.34262997]
318 12.292814308008637 [0.22843355 0.23955561 0.21992449 0.2551933  0.2030259  0.2681172
 0.2770306  0.28392526 0.2809071  0.34351754]
319 8.722288178537733 [0.22878011 0.23932157 0.22027826 0.25514777 0.20284366 0.26797224
 0.27795117 0.28343792 0.2807925  0.34519008]
320 11.664335330368578 [0.22903114 0.23901971 0.22061789 0.25522781 0.20261911 0.2679683
 0.27878725 0.28306067 0.28080251 0.34681371]
321 7.016753854379019 [0.22919278 0.2386251  0.22085425 0.25525215 0.20227105 0.26799856
 0.27932338 0.28279848 0.28088684 0.34836651]
322 14.39944675074724 [0.22939744 0.23855236 0.22112245 0.25540016 0.20201128 0.26816064
 0.27993196 0.28268132 0.28091578 0.35001961]
323 8.543803477108455 [0.2293841  0.23855279 0.2215123  0.25536041 0.20170586 0.26811473
 0.28059731 0.28247579 0.28095876 0.35137552]
324 8.519871113376857 [0.22946563 0.238598   0.22180797 0.25541549 0.20145887 0.26798621
 0.28111086 0.28219376 0.28122015 0.35257175]
325 9.288949470824418 [0.22952123 0.23879226 0.22211148 0.2555031  0.20120753 0.26790083
 0.28157    0.2819484  0.28146454 0.35370682]
326 8.156148734856503 [0.2294384  0.23904051 0.22234271 0.25564226 0.20097746 0.26779247
 0.28187107 0.28175963 0.28175631 0.35464918]
327 13.989812768887013 [0.22927423 0.23904849 0.22256832 0.25577252 0.20078358 0.26776332
 0.28217307 0.28149492 0.28199694 0.3555042 ]
328 12.662370271283063 [0.22910751 0.23897089 0.22260567 0.25556359 0.20065334 0.26748654
 0.28246501 0.28120909 0.28230368 0.35593496]
329 8.640519713042583 [0.22899244 0.23879026 0.22263833 0.25535693 0.20057803 0.26730125
 0.28261568 0.28080542 0.28271621 0.35627179]
330 7.377581053518165 [0.22896093 0.23882128 0.22260805 0.2551577  0.20058865 0.26709874
 0.28291376 0.28047122 0.28288831 0.35641889]
331 11.613178870390797 [0.22897977 0.23872781 0.22256284 0.25463828 0.20049904 0.2669514
 0.28346922 0.28005246 0.28313564 0.35708905]
332 12.062831051578971 [0.22891298 0.23838367 0.22261051 0.25420839 0.20041767 0.26669943
 0.28379372 0.27972982 0.28323557 0.35772703]
333 10.802146401020144 [0.22870939 0.23812562 0.22261903 0.2539167  0.20032975 0.26664757
 0.28388166 0.27954842 0.28317726 0.35849232]
334 7.208375219733208 [0.22839442 0.23792925 0.22268408 0.25364634 0.20024315 0.26665887
 0.28413508 0.27931376 0.28274954 0.35918367]
335 10.480139327917943 [0.22813361 0.23781935 0.22284652 0.25349908 0.20020518 0.26672809
 0.28437574 0.27923513 0.28248254 0.35982302]
336 9.753301470384576 [0.22772448 0.23772672 0.22295985 0.25347412 0.20018516 0.26639433
 0.28462083 0.279154   0.28221084 0.36040542]
337 7.413532708847993 [0.22745356 0.23774042 0.22294353 0.25337227 0.20019385 0.26612707
 0.28462467 0.27902669 0.28196993 0.36090407]
338 10.72963966199214 [0.22717726 0.23760247 0.22300552 0.25334623 0.20012508 0.26583796
 0.2846138  0.27888758 0.28179021 0.36158665]
339 7.847224538333643 [0.22696546 0.23732428 0.22308261 0.25344309 0.20019749 0.26561738
 0.28463251 0.27877786 0.28138127 0.36237027]
340 12.044945241832226 [0.22676406 0.23711484 0.22328453 0.25358126 0.20032588 0.26535531
 0.28455272 0.27875753 0.28102948 0.36218897]
341 7.053042017998299 [0.22662555 0.2368312  0.22367297 0.25367869 0.20043092 0.26509811
 0.28459554 0.27859414 0.28063902 0.36210715]
342 5.354602985713683 [0.22663747 0.23670729 0.22386305 0.25397441 0.20044276 0.26467571
 0.28477234 0.27866075 0.28026389 0.36204446]
343 8.33722718738743 [0.22650157 0.23666834 0.22405427 0.25425663 0.2004216  0.26451694
 0.284814   0.27845107 0.27998536 0.36154561]
344 11.117943380803315 [0.22634784 0.23672467 0.2242113  0.25447936 0.20038423 0.26428782
 0.28474488 0.2781845  0.27974    0.36086583]
345 12.536218185062454 [0.22624465 0.23659604 0.22442539 0.25466634 0.20028067 0.26404779
 0.28470616 0.2779272  0.27962531 0.3604722 ]
346 7.212038763958842 [0.2261626  0.23647826 0.22459854 0.25497183 0.20015824 0.2638834
 0.28450806 0.27761859 0.27949216 0.35977204]
347 13.472452015283164 [0.22629764 0.23637099 0.22488067 0.25514814 0.2000738  0.26390126
 0.28419016 0.27737813 0.27946136 0.35912459]
348 14.78566170004343 [0.22624044 0.23637346 0.22508967 0.25547629 0.19996629 0.26381376
 0.28397162 0.27725797 0.2794227  0.35856054]
349 9.057295695485957 [0.22628205 0.23636894 0.22534367 0.25573879 0.19983966 0.26387302
 0.28369129 0.27733084 0.27922664 0.35822234]
350 18.246547959009035 [0.22652629 0.23617054 0.22556144 0.25604163 0.19963566 0.26404675
 0.2832273  0.27726083 0.27901232 0.35807939]
351 8.069690805012652 [0.22673537 0.23607225 0.22565655 0.25630631 0.19945144 0.26425378
 0.28294162 0.27736375 0.2790162  0.35792256]
352 12.163055938944566 [0.2269089  0.23604707 0.22563214 0.25643601 0.1992512  0.26414868
 0.28251696 0.27757994 0.27882003 0.35805588]
353 11.655659335658388 [0.22715422 0.23602363 0.22546507 0.25653704 0.1990288  0.26406495
 0.28216412 0.27764702 0.27875984 0.3575871 ]
354 12.511503369866873 [0.22736499 0.23589759 0.22521203 0.25677173 0.19882836 0.26394162
 0.2819005  0.27747963 0.2787532  0.35737573]
355 10.077167210586975 [0.22751826 0.23588901 0.22510165 0.25708643 0.19867718 0.26382377
 0.28165668 0.2772823  0.2785216  0.35731211]
356 14.867301695956863 [0.22758567 0.23587225 0.22505598 0.25737879 0.19852898 0.26378938
 0.28154365 0.27723712 0.27822598 0.35731355]
357 11.240353747926264 [0.2277179  0.23569683 0.22506559 0.25776196 0.19843068 0.26393515
 0.28135888 0.2770209  0.278083   0.35718483]
358 20.955857013039996 [0.2279274  0.23541698 0.22512684 0.25809944 0.19829572 0.26411244
 0.28100352 0.27703214 0.27791838 0.35739234]
359 10.676616540376546 [0.22819985 0.23527493 0.22507758 0.25823463 0.19827174 0.26425141
 0.28079107 0.27697862 0.27756748 0.35746176]
360 11.71222671363931 [0.2284709  0.23518113 0.22495395 0.25837094 0.19824057 0.26447507
 0.2806133  0.27700278 0.2773846  0.35746556]
361 10.403128168086038 [0.22874692 0.23518138 0.22490437 0.25853472 0.19824336 0.26476094
 0.2803749  0.27696777 0.27737412 0.3577109 ]
362 12.1765718860084 [0.2290557  0.23522701 0.22471219 0.25863698 0.1982284  0.26502003
 0.2802137  0.27725194 0.27740843 0.35788827]
363 10.877701721791405 [0.22941186 0.23536929 0.22454798 0.25878768 0.19827993 0.26533304
 0.28013478 0.27745183 0.27748603 0.35797557]
364 15.461221979858092 [0.22971175 0.23555911 0.22443484 0.25891375 0.19833025 0.26544253
 0.28025498 0.27762907 0.27762054 0.35779634]
365 17.55907629252441 [0.2299907  0.23572383 0.2242627  0.25903887 0.19837927 0.26549106
 0.2806085  0.27786517 0.27782711 0.35768788]
366 12.334808500781433 [0.2301974  0.23600794 0.22412856 0.25933871 0.19851779 0.26540709
 0.28088279 0.27819213 0.27822315 0.35804026]
367 9.859502200948674 [0.23054306 0.23634536 0.22390318 0.25954424 0.19866863 0.26539021
 0.28109675 0.27847621 0.27841945 0.35829384]
368 8.73135726050799 [0.23087883 0.23672343 0.22365652 0.25973082 0.19875258 0.26524538
 0.28121179 0.27898273 0.27851553 0.35856631]
369 14.748452922733108 [0.2311827  0.23690507 0.22339464 0.26000885 0.19876871 0.26507492
 0.28142137 0.27954519 0.27854617 0.35900145]
370 11.392922302654846 [0.23135977 0.23715952 0.22319042 0.26050937 0.19876622 0.2650023
 0.28159856 0.28021249 0.27852535 0.3594782 ]
371 8.444529095365905 [0.23151982 0.2373904  0.2231786  0.26105813 0.19883461 0.26473494
 0.28168207 0.28091106 0.27864976 0.35975876]
372 8.366006958768887 [0.23162102 0.23736324 0.22309839 0.26158983 0.19882573 0.26460861
 0.28159542 0.2813678  0.27887836 0.35989712]
373 12.14167293289754 [0.23153688 0.23735756 0.22299527 0.26204479 0.19880003 0.26431788
 0.28150021 0.28189737 0.27892834 0.36023911]
374 11.614888449791415 [0.23130908 0.23734655 0.22276086 0.26238238 0.19880098 0.26421832
 0.28129611 0.28237967 0.27899473 0.36076813]
375 9.970642290228557 [0.23107348 0.23744269 0.2225091  0.26261718 0.19870019 0.26395355
 0.28115372 0.28263131 0.27900905 0.36101759]
376 14.891063236125087 [0.23095481 0.23748353 0.22240044 0.26268037 0.19852539 0.26363065
 0.28101663 0.28301797 0.278971   0.36131868]
377 12.258719909131232 [0.23072476 0.23756646 0.22240736 0.26274807 0.19833634 0.26323332
 0.2810753  0.2835203  0.27901426 0.36186948]
378 12.77708219986743 [0.23067958 0.2377055  0.22254999 0.26283954 0.19814747 0.26268573
 0.28109651 0.28410343 0.27907203 0.36239118]
379 15.132425972194708 [0.23064809 0.23794806 0.22273717 0.26274917 0.19806805 0.26222901
 0.2812161  0.28481681 0.2789335  0.36275389]
380 6.913367135961604 [0.23079619 0.23824182 0.22281924 0.26271572 0.19796926 0.26171546
 0.28144162 0.28559796 0.27879389 0.36283352]
381 12.135195298296704 [0.23083365 0.23850609 0.22282046 0.26256985 0.19785806 0.26130396
 0.28181001 0.28644781 0.27848981 0.36310769]
382 11.388925117245748 [0.23078076 0.23869984 0.22271551 0.26218736 0.19780027 0.26100429
 0.2820182  0.28737787 0.27837758 0.36317296]
383 8.407602120529914 [0.23074851 0.23888105 0.22253458 0.26172813 0.19772261 0.26067068
 0.2822351  0.2883457  0.27828136 0.3632495 ]
384 10.832331961527156 [0.23076424 0.23918421 0.22230826 0.2613615  0.19772505 0.2604377
 0.28262869 0.28913713 0.2782473  0.3631537 ]
385 12.277368933296877 [0.23085081 0.23964191 0.22204519 0.26105257 0.19764648 0.26026457
 0.28283835 0.28998244 0.27815574 0.36310285]
386 45.13644221974787 [0.23059244 0.24008934 0.2214854  0.2606642  0.19754294 0.26013512
 0.28315837 0.29047871 0.27797663 0.36289172]
387 9.211699537026998 [0.23050847 0.24038245 0.22105756 0.26073454 0.19738225 0.25981046
 0.28339386 0.29093137 0.27781471 0.3625676 ]
388 10.160986813762495 [0.23040241 0.24050001 0.22066516 0.26074608 0.19738503 0.25950513
 0.2830277  0.29113901 0.27758145 0.361778  ]
389 10.103136785299107 [0.23021593 0.24046159 0.22033269 0.26083912 0.19741394 0.25934769
 0.28266165 0.29124243 0.27721441 0.3613559 ]
390 6.428743594733011 [0.23005303 0.24053995 0.21989796 0.26086001 0.19740482 0.25921761
 0.28248127 0.29124525 0.27693944 0.36082079]
391 10.60820399390078 [0.22986501 0.24062404 0.21963751 0.2609756  0.19736306 0.25920213
 0.28222793 0.29126975 0.27672527 0.36015455]
392 7.420165789553607 [0.229787   0.24083569 0.21946668 0.26123801 0.19734216 0.25921594
 0.2824198  0.29153251 0.27652611 0.35975401]
393 13.549592785116545 [0.22980441 0.24091521 0.21941543 0.26162219 0.19730824 0.25914387
 0.28231729 0.29191646 0.27627902 0.35953197]
394 10.156933501656539 [0.22984923 0.24098503 0.219275   0.26185083 0.1972562  0.25922888
 0.28204658 0.29251239 0.27605664 0.35926971]
395 8.565931564951079 [0.23000253 0.241006   0.21913671 0.26217245 0.19721272 0.25925224
 0.28206775 0.29298102 0.27596805 0.35919748]
396 11.583124968917794 [0.22996991 0.24086626 0.21903868 0.2625698  0.19716857 0.25940395
 0.28201323 0.29335825 0.2758901  0.35909949]
397 15.205098405368389 [0.23004124 0.24065224 0.21884346 0.26304684 0.19711892 0.25940365
 0.28179966 0.29360858 0.27583662 0.35907571]
398 14.735494852980903 [0.23025888 0.24045996 0.21865972 0.26343632 0.19710485 0.25957069
 0.28167874 0.29399209 0.27569272 0.3589408 ]
399 7.715326414872981 [0.23045762 0.24008074 0.21847232 0.26375654 0.1970958  0.25958547
 0.28141343 0.29438428 0.27545808 0.35888295]
400 15.882433477503977 [0.2306047  0.23977712 0.21841461 0.26424751 0.19705121 0.25929063
 0.28115093 0.29473496 0.27537983 0.35891178]
401 10.03524056593275 [0.23069304 0.23954837 0.21823834 0.26455166 0.19704472 0.2591255
 0.28078051 0.29497002 0.27519806 0.35915727]
402 6.058299206333966 [0.23072113 0.23953504 0.21819291 0.26478701 0.19710927 0.25893462
 0.28059609 0.29514804 0.2751499  0.35950587]
403 12.626446386553898 [0.23083999 0.23965786 0.21785938 0.2651602  0.19721509 0.25906333
 0.28049371 0.29507721 0.27515227 0.36003607]
404 8.382874990469162 [0.23091701 0.23969037 0.21771361 0.26535288 0.19733776 0.25909751
 0.28044967 0.29513574 0.27504541 0.36041264]
405 9.922161945489368 [0.23066042 0.23965387 0.21750074 0.26526628 0.19737727 0.25924139
 0.28049528 0.29515007 0.27487229 0.36058841]
406 8.24028102510831 [0.23056808 0.23958579 0.21727782 0.26532581 0.19733214 0.25939181
 0.28073222 0.29503702 0.27459302 0.36061637]
407 9.762392132914565 [0.23038218 0.23957737 0.21718021 0.26541854 0.1973395  0.25937615
 0.28098359 0.29498077 0.27461523 0.36093375]
408 9.958779597436623 [0.23004449 0.23974125 0.2170134  0.265188   0.19724557 0.2595437
 0.28106065 0.29508227 0.27488929 0.361386  ]
409 6.625963524351439 [0.22967884 0.23981459 0.21700275 0.26471617 0.19712086 0.25953326
 0.28120436 0.29513221 0.27491207 0.36135004]
410 9.358188471023354 [0.22939879 0.23991051 0.21694192 0.26429786 0.19705219 0.25942919
 0.28138458 0.29520832 0.27482922 0.36095163]
411 11.193731540840389 [0.22942088 0.23987187 0.21701123 0.26412373 0.19705423 0.25954736
 0.28136693 0.29538755 0.27479917 0.36098413]
412 14.384838525124675 [0.22953075 0.23970233 0.21695168 0.26419193 0.19714811 0.25941777
 0.28132855 0.29593048 0.27490537 0.36086505]
413 11.561432717890114 [0.22941482 0.23949997 0.21692959 0.26439286 0.19708825 0.25903637
 0.28125891 0.29659481 0.27497825 0.36085811]
414 7.118145137511529 [0.22933652 0.23922504 0.21685225 0.26484989 0.19697252 0.25869405
 0.28106871 0.29742336 0.27495664 0.36091685]
415 12.018676501754706 [0.22909988 0.23903426 0.21679823 0.26535851 0.19692472 0.25832055
 0.28098349 0.29811234 0.27487159 0.36105624]
416 11.210218873231554 [0.22890537 0.23884932 0.21668472 0.26572796 0.19694135 0.25802942
 0.28092845 0.29871003 0.27479241 0.36102308]
417 7.20936868759115 [0.22869009 0.23871445 0.21638702 0.26610451 0.19696557 0.25771802
 0.2809437  0.29927384 0.27459826 0.36080786]
418 10.496581878893387 [0.22851756 0.23856495 0.21612457 0.26650638 0.19692614 0.25725822
 0.28089089 0.29979904 0.27433225 0.36065796]
419 14.521222103160218 [0.22843911 0.23829532 0.21597681 0.26688886 0.19680201 0.25669777
 0.28099685 0.300454   0.27407805 0.36062039]
420 7.073588806541103 [0.22817473 0.23821576 0.21577102 0.26749632 0.19665459 0.2562426
 0.28112633 0.30109585 0.27389354 0.36064614]
421 12.91414692525315 [0.22790737 0.23824854 0.21566488 0.26801921 0.19648679 0.25602186
 0.2810402  0.30186276 0.27354604 0.36068022]
422 13.350180964389473 [0.22777902 0.23828675 0.21570761 0.26840585 0.19628486 0.255946
 0.280946   0.30242838 0.27338048 0.36061575]
423 11.300824194030136 [0.22769965 0.23815086 0.21565546 0.26867992 0.19614352 0.25573328
 0.28085692 0.30314995 0.27319373 0.36047993]
424 9.122492634987333 [0.2275794  0.23804427 0.21562837 0.26889892 0.19596584 0.2555024
 0.28082693 0.30381014 0.27296186 0.3604406 ]
425 9.718978518854602 [0.22739806 0.23803293 0.21567737 0.26915803 0.19578955 0.25506985
 0.28073874 0.30420704 0.27269355 0.36033274]
426 9.967546274684121 [0.22739287 0.23798048 0.21565007 0.2696676  0.19568496 0.25475234
 0.28064684 0.30492338 0.27252022 0.36039205]
427 7.162396427717194 [0.22747813 0.23797168 0.21561156 0.27004367 0.19553598 0.25436755
 0.28043507 0.30568891 0.27250103 0.35972818]
428 6.423845027623552 [0.22762476 0.23801797 0.21564588 0.27036811 0.19537059 0.25411471
 0.2803098  0.30649495 0.27229544 0.35927332]
429 12.432445396476894 [0.22761221 0.23799861 0.21569939 0.27080088 0.19535763 0.2538528
 0.28030015 0.30712662 0.2720093  0.35920926]
430 6.473894184368003 [0.22765881 0.23810561 0.21583038 0.27127522 0.19541566 0.25363499
 0.28020675 0.30736932 0.2716033  0.35916468]
431 11.237475463744058 [0.22784238 0.23811062 0.21593502 0.27166938 0.19550385 0.25330753
 0.27998203 0.30782094 0.27129748 0.35894689]
432 13.158157404673428 [0.22800793 0.23797236 0.21590518 0.27192062 0.19557882 0.25309519
 0.27971888 0.30822866 0.27105376 0.35885828]
433 7.495907498934995 [0.22824683 0.23785225 0.21578268 0.27208276 0.19543615 0.25291365
 0.2792897  0.30863723 0.27075829 0.35883523]
434 14.588077797555533 [0.22852333 0.2376978  0.21563773 0.27235173 0.19525846 0.25280974
 0.27906654 0.30907838 0.27038978 0.35894016]
435 5.568953028505989 [0.2288218  0.23750121 0.21566033 0.27257708 0.19501787 0.25287645
 0.27875621 0.30944044 0.27020055 0.35903395]
436 9.467643071255605 [0.22913173 0.23736259 0.21559495 0.27298222 0.19475983 0.25301144
 0.27848476 0.30968959 0.27006307 0.35931223]
437 9.897466179279245 [0.22913227 0.23725227 0.21563767 0.27359396 0.19456139 0.2533098
 0.27849132 0.30994284 0.2700657  0.35923454]
438 9.978651246228488 [0.22920836 0.23718763 0.21575866 0.27405836 0.19435854 0.25359787
 0.27846562 0.31012145 0.27000929 0.35896381]
439 11.220911408089853 [0.22923049 0.23705798 0.21558652 0.27436075 0.19418964 0.25376316
 0.27831484 0.31023943 0.26992335 0.35878101]
440 7.437521116407332 [0.22950521 0.23687712 0.21541425 0.2746386  0.19407557 0.25395705
 0.27815794 0.31001881 0.26984563 0.35846464]
441 8.87823414950967 [0.22966176 0.23668163 0.21520469 0.274905   0.19395335 0.25424603
 0.2781566  0.30994909 0.26975506 0.35808873]
442 7.984059315556039 [0.22969945 0.23654702 0.21502527 0.27529719 0.19385321 0.25413248
 0.27821947 0.30997593 0.26987357 0.35759553]
443 7.279630282533219 [0.22968601 0.23646078 0.21492752 0.27557476 0.19389669 0.25400357
 0.27847177 0.31023513 0.26989846 0.3571861 ]
444 9.751326238025182 [0.22963869 0.23632917 0.21483206 0.27571971 0.19397168 0.2539795
 0.27861488 0.31055015 0.26994858 0.35700556]
445 12.215799938370036 [0.22947975 0.23614998 0.21475134 0.27584201 0.19395933 0.25387645
 0.27868051 0.3106274  0.27002866 0.3568833 ]
446 13.056875633236267 [0.22946262 0.23599571 0.21439598 0.27587563 0.19388706 0.25388364
 0.27883937 0.31052266 0.27031625 0.35688758]
447 14.619966222462486 [0.22928425 0.23588699 0.21408826 0.27591757 0.19389074 0.25402176
 0.27919599 0.3105851  0.27044095 0.35681469]
448 11.319587193902802 [0.22912224 0.23580632 0.21374085 0.27597633 0.1938866  0.25413943
 0.2794648  0.31056242 0.27053763 0.35700111]
449 7.382920163241687 [0.22914079 0.23575722 0.21333269 0.27601199 0.19384051 0.25421986
 0.27975139 0.31044783 0.27053985 0.35703402]
450 11.534070288943335 [0.22910926 0.2356946  0.21281147 0.27620078 0.19380979 0.25443163
 0.27997895 0.31012738 0.27027559 0.35703661]
451 14.850132587097894 [0.2291481  0.23549846 0.2121808  0.27648116 0.19374157 0.25481033
 0.28000852 0.30966231 0.27004233 0.35695147]
452 15.086216504620257 [0.22923215 0.23534523 0.21124318 0.27664882 0.19350665 0.25523383
 0.2799817  0.3087549  0.26984684 0.35691425]
453 12.670764191158916 [0.22926128 0.23501857 0.21034752 0.27663234 0.19319697 0.25567946
 0.27988108 0.30792283 0.26983323 0.35710049]
454 130.93923212584352 [0.22933305 0.23474013 0.20953149 0.27657596 0.19292985 0.25602856
 0.27974837 0.30728844 0.26980784 0.35753573]
455 10.689236517947911 [0.22940218 0.2346908  0.2087851  0.27658703 0.19263883 0.25634932
 0.27959674 0.30679247 0.26977101 0.35818985]
456 11.499721266796382 [0.22942745 0.23466221 0.20809646 0.27671111 0.19238988 0.25653076
 0.27929257 0.30643245 0.26979582 0.35831786]
457 10.74752069369756 [0.22933701 0.23449733 0.20736861 0.2769402  0.19209791 0.25668947
 0.2789662  0.3060912  0.26975825 0.35835094]
458 14.167315476669938 [0.22922015 0.2343915  0.20665869 0.27711624 0.19195061 0.25679627
 0.27861618 0.30578064 0.26968021 0.35832246]
459 67.76098441605897 [0.22898892 0.23427169 0.20598133 0.27744187 0.19196401 0.2568029
 0.27809262 0.30558584 0.26945471 0.35803196]
460 8.669144494986762 [0.22872486 0.23402425 0.20532902 0.27790337 0.19201351 0.25659367
 0.27755971 0.3052173  0.26924705 0.35778664]
461 9.339792533462866 [0.22837164 0.23381441 0.20473811 0.27834656 0.19208495 0.2562287
 0.27693907 0.30502268 0.26920285 0.35763259]
462 8.67021984915425 [0.228094   0.23361857 0.20416851 0.27876331 0.19215365 0.25603876
 0.27630963 0.30474559 0.26918345 0.35722037]
463 13.492415076110369 [0.22787829 0.23354482 0.20369443 0.2792971  0.19221253 0.25593639
 0.27575166 0.30441877 0.26915894 0.35697997]
464 12.74503491999277 [0.22779041 0.23338724 0.20325822 0.27955328 0.19221702 0.25579212
 0.27519207 0.30397611 0.26888305 0.35686309]
465 9.563931448836605 [0.22793549 0.2333788  0.20288734 0.27981262 0.19221723 0.25557823
 0.27466132 0.30346883 0.2686355  0.35656193]
466 13.174260404001256 [0.22790565 0.23326851 0.20257451 0.28021758 0.19219332 0.2553852
 0.27441735 0.30309151 0.26837565 0.35627049]
467 9.684968485373226 [0.2279442  0.23317615 0.20231983 0.2807381  0.19214115 0.25490262
 0.2744401  0.30288731 0.26807996 0.356434  ]
468 16.602181778420945 [0.22793319 0.23329553 0.20212809 0.28126531 0.19203023 0.25431857
 0.27437771 0.30254214 0.26795231 0.35661508]
469 9.205515424620712 [0.22772767 0.23307323 0.20181531 0.28186167 0.19203543 0.25379201
 0.27429738 0.30230737 0.26798973 0.35657823]
470 9.178051936643659 [0.22752785 0.23300427 0.20156767 0.28235082 0.19205373 0.25335317
 0.27436019 0.3021887  0.26812621 0.35650141]
471 7.288021667329879 [0.2273235  0.23294056 0.20130794 0.28293125 0.19211072 0.2530142
 0.27435355 0.30223029 0.26841472 0.35656204]
472 9.737551988077495 [0.22717573 0.23291972 0.20111313 0.28349378 0.19205168 0.25258936
 0.27431167 0.3022576  0.26882732 0.35665778]
473 10.278560473210817 [0.22685062 0.23267573 0.20087305 0.28401843 0.19206922 0.25219583
 0.27405919 0.30230748 0.26908777 0.35672338]
474 9.305197434885011 [0.22652448 0.23248959 0.20057122 0.28458835 0.19213368 0.25194564
 0.2737733  0.30217526 0.26939095 0.3571412 ]
475 12.47483845393814 [0.22630171 0.23236461 0.20039368 0.28487165 0.1921802  0.2517935
 0.27369881 0.30224369 0.26960727 0.3572812 ]
476 8.445481858964824 [0.22594868 0.23223538 0.20037173 0.2852053  0.1922679  0.25153411
 0.2736071  0.30235746 0.26995327 0.35759916]
477 9.130597053990524 [0.22555798 0.23213178 0.2003002  0.28541123 0.19240379 0.25142644
 0.27348698 0.30236865 0.27019278 0.35817628]
478 14.284781582757534 [0.22513793 0.23211323 0.20040105 0.2850321  0.19269849 0.25125319
 0.27334976 0.30222749 0.2704579  0.35860751]
479 10.214853157574678 [0.2248394  0.2321196  0.20040347 0.28438535 0.19296646 0.25097441
 0.27320696 0.30244358 0.27081161 0.3590085 ]
480 10.37055707029794 [0.22446246 0.23201954 0.20031895 0.28331918 0.19325229 0.25058369
 0.27326187 0.30249281 0.271059   0.35932974]
481 7.950881692194718 [0.22415075 0.23202025 0.20019911 0.28205306 0.19354533 0.2501756
 0.27343226 0.30241211 0.27111763 0.35956385]
482 16.74953988198027 [0.22402208 0.2318964  0.20010348 0.28067968 0.1937992  0.24970851
 0.27365448 0.3025603  0.27123752 0.35979415]
483 7.581591484394922 [0.22374997 0.23188128 0.19991609 0.2793872  0.19404226 0.24940657
 0.27363896 0.30269876 0.27146141 0.35993411]
484 11.306230348565471 [0.22339374 0.2320125  0.19983119 0.27809815 0.19411873 0.24916344
 0.27369131 0.30266228 0.27155729 0.36006406]
485 9.853357220287325 [0.22312338 0.23228494 0.19979891 0.27710436 0.1941824  0.24870535
 0.27384422 0.30276029 0.27163229 0.36053492]
486 8.833648848850459 [0.22276701 0.23243088 0.19968212 0.27622794 0.19422453 0.24854605
 0.27390762 0.30289689 0.27158312 0.36076138]
487 7.2396813123604495 [0.22249151 0.23264302 0.19946732 0.27545082 0.1944026  0.24849537
 0.27384501 0.30316567 0.27149572 0.3611471 ]
488 10.118142633818504 [0.22222994 0.23288471 0.1994116  0.27470961 0.19454055 0.24818842
 0.27362417 0.30358457 0.27161658 0.3615794 ]
489 11.31965620137317 [0.2219984  0.2331083  0.19939023 0.27411657 0.19470973 0.24794328
 0.27353863 0.30403077 0.27160691 0.36170726]
490 7.288146763973057 [0.22179125 0.23333135 0.19936351 0.27373502 0.1948317  0.24771072
 0.27335048 0.30445429 0.27161081 0.36173486]
491 5.572549627532411 [0.22152744 0.23356688 0.19929813 0.27334397 0.19503973 0.24738019
 0.27302296 0.30421509 0.27174415 0.36185301]
492 9.591848043093348 [0.22106261 0.23382472 0.19936595 0.27315252 0.19535317 0.24699808
 0.27263008 0.30386599 0.27189685 0.36172642]
493 8.316247938740869 [0.2206957  0.23405233 0.19944872 0.27287242 0.19561064 0.24674484
 0.27208313 0.30366817 0.27210657 0.36172556]
494 10.358300120435134 [0.22039984 0.23437356 0.19951564 0.27243971 0.19588383 0.24652034
 0.27162242 0.30322161 0.2722646  0.36160902]
495 12.978555841320802 [0.22014224 0.23443099 0.19953505 0.27204687 0.19593773 0.24631406
 0.2711604  0.3028977  0.27242199 0.36170357]
496 14.982815333793457 [0.21993938 0.23439389 0.19943424 0.2717273  0.19601207 0.24610268
 0.27079986 0.30260951 0.27265013 0.36175401]
497 11.169925670659058 [0.21970629 0.23420745 0.19934159 0.27141961 0.19605955 0.24587729
 0.27046868 0.3022844  0.2729246  0.36185373]
498 12.191156917713101 [0.21967748 0.23405408 0.19939735 0.27106856 0.1961463  0.24569284
 0.27018192 0.30208013 0.27308457 0.36156814]
499 13.59811636174759 [0.21976133 0.23388037 0.19945229 0.27084352 0.1962455  0.24549021
 0.26972844 0.30187751 0.27336137 0.36152166]
