0 404.0232220292311 [0.30103136 0.30009376 0.30103134 0.30290654 0.29728096 0.29634336
 0.30103135 0.29915616 0.29915616 0.30196895]
1 379.48249283598057 [0.30189191 0.30204926 0.30255902 0.30377854 0.29559588 0.2942332
 0.2992806  0.29846455 0.29710332 0.3024558 ]
2 349.7286973473614 [0.30177271 0.30269239 0.30317059 0.30332127 0.29471076 0.29318624
 0.29864293 0.29706849 0.29557385 0.30188744]
3 362.1458159498993 [0.30154448 0.30185212 0.30300371 0.30314116 0.29542196 0.29217845
 0.29927031 0.29521097 0.2950656  0.30115623]
4 356.43853897462293 [0.30219585 0.29979162 0.30268655 0.30256249 0.29639737 0.29104119
 0.29940597 0.29382247 0.29459551 0.30066404]
5 333.40469046355884 [0.30279396 0.29849041 0.30303053 0.30166597 0.29702509 0.2904556
 0.29929853 0.29416109 0.29410011 0.30082128]
6 324.46066351821327 [0.30353295 0.29729236 0.30297663 0.30009662 0.29719347 0.28967249
 0.29897154 0.29440679 0.29328981 0.30040076]
7 378.5270906744388 [0.30447553 0.29637481 0.30305105 0.29943202 0.29743134 0.28908276
 0.29870415 0.29479027 0.29235994 0.29995882]
8 343.11017666246346 [0.30485114 0.29578632 0.30356115 0.29899157 0.2975017  0.28882233
 0.29855805 0.29498499 0.29135374 0.29938862]
9 301.41354971565784 [0.30542195 0.29578558 0.30389105 0.29861036 0.2978019  0.28797737
 0.29853819 0.29481556 0.29041478 0.29925431]
10 274.02264503308857 [0.30600127 0.29535915 0.30346495 0.29812697 0.29808804 0.28730387
 0.29821858 0.29426616 0.28949756 0.29899404]
11 257.9699365850127 [0.30615348 0.29492409 0.30325025 0.29837598 0.2986109  0.2865389
 0.29801289 0.2932986  0.28898854 0.29888444]
12 250.53288338674255 [0.30660499 0.29463033 0.30304497 0.29871006 0.29922219 0.28619815
 0.29761811 0.29268477 0.28858586 0.29894659]
13 304.09898448626427 [0.30630398 0.29453216 0.3028811  0.29933399 0.29965915 0.28573635
 0.29743753 0.29213772 0.28832978 0.29848448]
14 255.4116330961909 [0.30589388 0.29467336 0.30281948 0.30002554 0.30002704 0.28553172
 0.29707786 0.2918019  0.28816558 0.29795083]
15 245.33015466589472 [0.30525748 0.29462671 0.30282924 0.30069115 0.30029934 0.28474739
 0.29723199 0.29150992 0.28828947 0.29704981]
16 232.66912654315448 [0.30459442 0.2945355  0.30270313 0.30096633 0.30046835 0.28425505
 0.29696313 0.29166006 0.28830524 0.29589335]
17 243.57258699655824 [0.30411708 0.29433396 0.30238333 0.30125325 0.30049057 0.28385769
 0.29676263 0.29195427 0.2885436  0.29495019]
18 250.20307185353482 [0.30374103 0.29428169 0.30218943 0.30153011 0.30047172 0.28337711
 0.29630906 0.29218113 0.28862978 0.29415673]
19 226.74992184043447 [0.30368733 0.29409244 0.30223191 0.30212286 0.30040962 0.28278055
 0.29587968 0.29252424 0.28850898 0.29349321]
20 203.98273034442664 [0.30362381 0.29378947 0.3022618  0.30251455 0.30032796 0.2822303
 0.29571314 0.29281147 0.28846187 0.29265249]
21 196.62717415896827 [0.30361939 0.29406813 0.30238011 0.30300658 0.29971067 0.28158344
 0.29565568 0.29334172 0.28825747 0.29170441]
22 194.3971438359661 [0.30358677 0.29445679 0.30283297 0.30284457 0.29908308 0.28145802
 0.29560021 0.29403654 0.28832677 0.29103218]
23 147.68552865950957 [0.30353097 0.2946657  0.30342997 0.30286915 0.29844906 0.28153505
 0.2955429  0.29454606 0.28853281 0.29043285]
24 186.49113014950174 [0.30326265 0.29456131 0.30416222 0.30262161 0.29844433 0.2817484
 0.29548863 0.29481041 0.28859934 0.29000032]
25 185.6322634656836 [0.3030279  0.29471074 0.30508661 0.30233799 0.29841703 0.28190802
 0.29536263 0.29476357 0.28830984 0.2897881 ]
26 183.6537267524082 [0.30280469 0.29501053 0.30580283 0.30210086 0.29831338 0.28197983
 0.29536225 0.29458925 0.2881662  0.28941258]
27 198.12783760237141 [0.30245925 0.29533965 0.30637744 0.30172554 0.29847659 0.28226182
 0.29548123 0.29466532 0.28766194 0.2888301 ]
28 154.67640625580688 [0.30207873 0.29544513 0.30662653 0.3014403  0.29805281 0.28259483
 0.29566551 0.29492501 0.28727266 0.28817654]
29 137.37062459619517 [0.30162294 0.29592716 0.30620906 0.30113239 0.29794386 0.28266453
 0.29631834 0.29481813 0.28708496 0.287902  ]
30 160.97907085540712 [0.30128349 0.29607745 0.30553321 0.3009404  0.29760649 0.28272734
 0.29676365 0.29455056 0.28717074 0.2877371 ]
31 164.6470185045512 [0.30049162 0.29617709 0.30512405 0.30088333 0.29749281 0.28287754
 0.29725457 0.29423322 0.28723608 0.28787733]
32 181.41205440136076 [0.29982497 0.2964916  0.3045303  0.3011197  0.29736128 0.28321237
 0.29782175 0.29377564 0.28739724 0.28783132]
33 135.68667835805186 [0.29891292 0.29653975 0.30374179 0.30147278 0.29689201 0.28373192
 0.2986723  0.29328989 0.28746719 0.28736691]
34 152.47818068180624 [0.29791349 0.29677776 0.30307012 0.30192337 0.29635665 0.28425107
 0.29945423 0.29275749 0.28762505 0.28687183]
35 147.64314475304542 [0.29677385 0.29654788 0.30279298 0.30233985 0.2959883  0.28478991
 0.29962507 0.29234342 0.28794478 0.28672219]
36 158.45016559492927 [0.29610146 0.29631547 0.30222592 0.3024492  0.29573154 0.28549372
 0.29957143 0.29203123 0.28836444 0.28657309]
37 166.49242228240848 [0.29572568 0.29577803 0.30180415 0.30250551 0.29567681 0.28631032
 0.29958779 0.29172439 0.28858671 0.28661909]
38 191.57700386175833 [0.2952979  0.2953912  0.30134026 0.30245906 0.29535951 0.28748789
 0.29948646 0.29138651 0.28942758 0.28652984]
39 159.87573407891674 [0.29479191 0.29510697 0.30114265 0.30251692 0.29485614 0.28864687
 0.2996113  0.29119924 0.29036394 0.28658211]
40 160.3847975575856 [0.29425414 0.29485657 0.30116678 0.30255622 0.29441958 0.29005667
 0.29988734 0.29111033 0.29127387 0.28647728]
41 143.99462020863155 [0.2936188  0.29460774 0.30111996 0.30243512 0.29397818 0.29129997
 0.3000386  0.29087677 0.29243157 0.28657176]
42 184.72215599744084 [0.29296075 0.29443595 0.30092212 0.30254183 0.29350912 0.29235349
 0.30042477 0.29049996 0.29315708 0.28698939]
43 169.22835408041016 [0.29227315 0.2940842  0.3004688  0.3025505  0.29287282 0.29337286
 0.30058232 0.29013274 0.29360982 0.28749438]
44 164.12719940152397 [0.29180125 0.29369356 0.2998413  0.30253774 0.2921724  0.29427024
 0.30052949 0.28986284 0.29386907 0.28790256]
45 143.32308366336713 [0.29115781 0.29305423 0.29918022 0.30260012 0.29133927 0.29475077
 0.30034108 0.28964186 0.29396875 0.28792281]
46 121.31310768965358 [0.29067619 0.29249133 0.29878884 0.30253797 0.29049987 0.29508471
 0.30043206 0.28938214 0.29427925 0.2879662 ]
47 129.97928230723358 [0.29013721 0.29187342 0.29841214 0.30247769 0.28956132 0.29543485
 0.30048805 0.28890633 0.2947271  0.2880083 ]
48 147.8058798891293 [0.28958793 0.29108216 0.29828977 0.30256219 0.28876091 0.2959088
 0.30062352 0.28819975 0.2953509  0.28802504]
49 117.42550569631082 [0.28921901 0.29034166 0.29773724 0.30231717 0.28820227 0.29660278
 0.30088105 0.28764046 0.29605612 0.28775917]
50 114.42513956797505 [0.28891338 0.2895183  0.29756283 0.30217189 0.28762933 0.29723328
 0.3011546  0.28703947 0.29700891 0.2874882 ]
51 123.56897461995 [0.2888852  0.28894941 0.29720144 0.30230485 0.28727076 0.29796708
 0.30133731 0.28664718 0.29792176 0.28716858]
52 141.88273181657559 [0.28895163 0.28855406 0.29660765 0.30286549 0.28691049 0.29829492
 0.30148869 0.28658166 0.29910353 0.28689241]
53 153.29348249591388 [0.28918879 0.28812285 0.29588295 0.30372458 0.28646685 0.29804434
 0.30182134 0.28650308 0.30032102 0.28702115]
54 98.30617906489654 [0.28945918 0.2877128  0.29532357 0.30422986 0.28600246 0.29813809
 0.30206368 0.28636278 0.30124846 0.28679615]
55 127.87141402677199 [0.28968806 0.28731403 0.29488295 0.30484153 0.28558783 0.29824623
 0.30221616 0.28602086 0.30225554 0.28641224]
56 129.9639597566358 [0.28986099 0.28699166 0.29409971 0.30538966 0.28524981 0.2983841
 0.30232041 0.28590946 0.30330347 0.28579961]
57 129.0410908011794 [0.2900527  0.28685478 0.29345077 0.30629613 0.28516763 0.29839025
 0.30221369 0.28588183 0.30420452 0.28539266]
58 105.80454153279749 [0.29030774 0.28656921 0.29283473 0.30732332 0.2853165  0.29860088
 0.30221573 0.28572937 0.30486492 0.2850281 ]
59 147.5146253624616 [0.29065    0.28656512 0.29216447 0.30832744 0.28513489 0.29890066
 0.30199893 0.28598118 0.30529336 0.28497625]
60 113.58636899815258 [0.29107653 0.28621154 0.29151249 0.30920395 0.28492405 0.29887497
 0.30166043 0.28621278 0.3054071  0.28494404]
61 129.0001935361138 [0.29147483 0.2857222  0.29083908 0.31042894 0.28471772 0.29928387
 0.3013329  0.28647176 0.30604302 0.28506134]
62 114.91138261416316 [0.29170427 0.28523643 0.29025907 0.31184802 0.28443752 0.2998669
 0.30108941 0.28662187 0.30659629 0.28524439]
63 127.16214826682895 [0.29176821 0.2848054  0.28978634 0.3126735  0.28428015 0.30045735
 0.30069628 0.28634965 0.30699906 0.28541608]
64 131.90414791885877 [0.29169812 0.28451352 0.28940708 0.31325549 0.28419276 0.30096153
 0.30052759 0.28599277 0.30720313 0.28560538]
65 147.45694940154206 [0.29168172 0.28445352 0.28905254 0.31404987 0.28427722 0.30182947
 0.30023144 0.28569035 0.30722881 0.28584374]
66 103.4763196898841 [0.29135982 0.28438542 0.28867515 0.31476211 0.28438154 0.30242525
 0.30002382 0.28558905 0.30734712 0.28613634]
67 139.03577947617538 [0.29103484 0.28429471 0.28840298 0.3158427  0.28428363 0.30266539
 0.29982483 0.28529981 0.30739433 0.2862813 ]
68 145.07455994462904 [0.29083444 0.28379935 0.2879261  0.31645134 0.28420177 0.30326685
 0.29970071 0.28500227 0.30762183 0.28652513]
69 128.45357358411073 [0.29050335 0.28336142 0.28772595 0.31676221 0.28395757 0.30339705
 0.29972037 0.28497491 0.30821048 0.28644192]
70 116.99689940577872 [0.29017731 0.28312058 0.28753197 0.31712411 0.28380242 0.30332461
 0.29988976 0.28479788 0.30866746 0.28632334]
71 117.7551567863432 [0.28996493 0.28295714 0.28689753 0.31707106 0.28388012 0.30334417
 0.29987622 0.28432811 0.30873055 0.2863854 ]
72 141.6063960530468 [0.28937775 0.28254121 0.28627953 0.31729312 0.2837408  0.3033357
 0.29978567 0.28379563 0.30841019 0.28644251]
73 112.71123288739062 [0.28906268 0.28212135 0.28577189 0.31768371 0.28389118 0.30322324
 0.29990059 0.28322996 0.30823076 0.28638407]
74 142.6788259848551 [0.28865451 0.28171947 0.28530279 0.31780597 0.28428578 0.30332922
 0.29986643 0.2829626  0.30769071 0.28585693]
75 138.8858674620398 [0.28830922 0.28125085 0.2847992  0.31793239 0.28464854 0.30343638
 0.29986162 0.28293587 0.30706609 0.285203  ]
76 146.12503275694294 [0.28825103 0.28112932 0.28465103 0.31795502 0.28508862 0.30364923
 0.2998551  0.28214711 0.306105   0.28457497]
77 120.05595425218257 [0.28827595 0.28102129 0.28463459 0.31801    0.28570182 0.30369083
 0.29988698 0.28158436 0.30548745 0.28401967]
78 113.66980059319417 [0.28830118 0.28092134 0.28445943 0.31827535 0.28642503 0.30382006
 0.30017037 0.28115309 0.30484784 0.28337659]
79 111.94671537300881 [0.28791284 0.28103619 0.28408344 0.31871767 0.28682424 0.30393906
 0.30051493 0.28033644 0.30427251 0.28286034]
80 128.99307688486488 [0.2878709  0.28075325 0.28377653 0.31939513 0.28732931 0.30407993
 0.30124893 0.27977372 0.3037459  0.28233112]
81 109.14963075049693 [0.2878299  0.28045189 0.28349353 0.31987301 0.28768189 0.3042685
 0.30183586 0.27931578 0.30372311 0.28160459]
82 116.12835012998701 [0.28788818 0.28011959 0.28331979 0.32036342 0.28787303 0.30462713
 0.30212494 0.27871972 0.30373674 0.28109704]
83 147.26973798778224 [0.28786646 0.27980827 0.2830921  0.32077925 0.28811297 0.30481198
 0.30244215 0.27809955 0.30356467 0.28058452]
84 144.64219804077635 [0.28772249 0.27958471 0.28262887 0.32104967 0.28865329 0.30527079
 0.30281907 0.27753909 0.30308659 0.28007246]
85 123.71727666232081 [0.28746087 0.2792445  0.28192486 0.32137455 0.2890675  0.30560461
 0.30300267 0.27699498 0.30249906 0.27977915]
86 150.39970653355238 [0.28743027 0.27880425 0.28119898 0.3219247  0.28941852 0.30608496
 0.30281902 0.27645939 0.30213109 0.27951348]
87 135.85932951633413 [0.28745941 0.27826965 0.28042701 0.32170615 0.28934551 0.30648566
 0.30243462 0.27605542 0.30186572 0.27915466]
88 104.24028447279922 [0.28726572 0.27783802 0.27967162 0.3212609  0.28923252 0.30699482
 0.30215091 0.27574268 0.30181085 0.27873057]
89 170.2032751013037 [0.28699392 0.27770698 0.27927898 0.32066885 0.28901311 0.30747729
 0.30225074 0.27550684 0.30145089 0.27809231]
90 119.32155452420805 [0.28680441 0.27733348 0.27916117 0.32009517 0.28859892 0.30838744
 0.30252979 0.27531492 0.30116887 0.2778826 ]
91 119.65898559263528 [0.28620254 0.2769721  0.27898153 0.31917664 0.28840684 0.30906236
 0.30293134 0.27527531 0.3008704  0.27758302]
92 145.8491481290254 [0.28564112 0.27673469 0.27894331 0.31862388 0.28823175 0.30977232
 0.30344743 0.2753718  0.30060117 0.27740161]
93 140.1517193835291 [0.28522816 0.2765889  0.27906767 0.31805728 0.28813321 0.31054307
 0.30398916 0.27558751 0.30049518 0.27734222]
94 114.0439618726156 [0.28455492 0.27632273 0.27853767 0.31764415 0.28827075 0.31119714
 0.30435616 0.27570708 0.30022397 0.27743433]
95 125.02434735569639 [0.28372056 0.27618597 0.27814285 0.31722487 0.28830769 0.31182848
 0.3045009  0.27572205 0.30015185 0.27774175]
96 110.3527473218148 [0.28307902 0.27600015 0.27791964 0.31667251 0.28825513 0.31235702
 0.30478433 0.27552709 0.30000544 0.27807414]
97 117.65288567543226 [0.28270832 0.27564362 0.27766818 0.31624685 0.28796644 0.31292305
 0.30507681 0.27548545 0.29984318 0.27852003]
98 111.8977742257106 [0.28248014 0.27545045 0.27779168 0.31540257 0.28737084 0.313433
 0.3053145  0.27556177 0.29977957 0.27877411]
99 160.69937832351647 [0.28221183 0.27515664 0.27770761 0.31469046 0.28718002 0.31319391
 0.30552156 0.27573048 0.29985791 0.27910011]
100 111.89276177145993 [0.28191837 0.27492812 0.27771549 0.31448604 0.28694629 0.31322744
 0.30572067 0.27594833 0.30011363 0.27950799]
101 98.94195781660709 [0.28170801 0.27476135 0.27799844 0.31398958 0.28684253 0.31283661
 0.30600943 0.27622523 0.29987546 0.28018457]
102 102.39431442968652 [0.28148477 0.27427628 0.27846971 0.31343232 0.28676904 0.31219132
 0.30648318 0.27651187 0.29934439 0.28083048]
103 110.89101545135135 [0.28124941 0.27393059 0.27895222 0.31252034 0.28655853 0.31135236
 0.30683246 0.27682076 0.29902389 0.28138127]
104 150.6619711513227 [0.2808711  0.27370719 0.27940966 0.3121277  0.28637248 0.31053404
 0.30725678 0.27734814 0.2987242  0.28185884]
105 122.71360254005268 [0.28026502 0.27327588 0.27974584 0.31181651 0.2861468  0.30950567
 0.30761718 0.27747885 0.29853823 0.28250938]
106 141.6602701216226 [0.27968873 0.27282108 0.28042088 0.31149722 0.28592103 0.30831382
 0.30779991 0.27753825 0.29814662 0.28327135]
107 111.95224358353171 [0.27915845 0.27224307 0.28121013 0.3113559  0.28564119 0.30732693
 0.30787642 0.27742978 0.29789595 0.28382589]
108 118.45162458011144 [0.27864827 0.27132497 0.2820286  0.31060592 0.28545649 0.30631634
 0.308089   0.27713699 0.29762174 0.28426512]
109 137.668805874364 [0.27817285 0.27065243 0.28291825 0.31005282 0.28510667 0.30508261
 0.30873448 0.27678041 0.2974431  0.28438974]
110 133.54547705332595 [0.27772605 0.26997386 0.28371944 0.30959047 0.28463005 0.30359808
 0.30917663 0.27627831 0.29750399 0.28449612]
111 130.1960515808244 [0.27756097 0.26962521 0.2845821  0.30920821 0.2846849  0.30225221
 0.30970552 0.27574254 0.29751564 0.2845443 ]
112 114.94029934556924 [0.27740856 0.2692787  0.28539857 0.30889263 0.28487425 0.30131132
 0.3100529  0.2751441  0.29768054 0.28467542]
113 96.83180105363793 [0.27717206 0.26894184 0.28596015 0.30857468 0.28477955 0.30053884
 0.31068184 0.27474371 0.29777424 0.28457655]
114 96.75586074737949 [0.27676599 0.26864463 0.28646787 0.30836717 0.28466432 0.29970384
 0.31124489 0.27428943 0.29784521 0.28454158]
115 94.14183046582042 [0.27637272 0.26827466 0.28692283 0.30818217 0.28452234 0.29897573
 0.31181277 0.27386427 0.29782824 0.28451268]
116 124.72855348495351 [0.27605247 0.26788956 0.28758777 0.30807039 0.2840249  0.29827978
 0.31196482 0.27332075 0.29767177 0.28464008]
117 134.20191820568286 [0.27561429 0.26761095 0.28821186 0.30820563 0.28381758 0.2976574
 0.31202087 0.27264991 0.29759176 0.28470317]
118 95.19367027046074 [0.27528549 0.26765986 0.2886753  0.30825886 0.28379592 0.29723631
 0.31215936 0.27220133 0.29749223 0.28478938]
119 110.19440776878831 [0.2750845  0.26785143 0.28911337 0.30835055 0.28378646 0.29700665
 0.31206037 0.27213612 0.2977304  0.28449523]
120 90.24352463102568 [0.27493106 0.26806617 0.2895069  0.30863961 0.28354245 0.29662554
 0.31229383 0.27200114 0.29808606 0.28453824]
121 114.50419642027451 [0.27470076 0.26815069 0.28980466 0.30881099 0.28322275 0.29639036
 0.31222322 0.27186722 0.29836771 0.28486048]
122 99.79508310618883 [0.27457678 0.26825623 0.2899701  0.3088382  0.28291316 0.29596866
 0.312409   0.27170371 0.29883089 0.28527099]
123 100.37438502583615 [0.27451274 0.26846676 0.28997943 0.30854097 0.2830522  0.29564594
 0.31234361 0.27128454 0.29926787 0.28567657]
124 84.4925621599717 [0.27455164 0.26890289 0.28982872 0.30819413 0.28329583 0.29554816
 0.31218207 0.27103074 0.29953481 0.28595181]
125 84.62524293267491 [0.27449694 0.26923551 0.28950789 0.30813276 0.28333157 0.29549322
 0.3119839  0.27085174 0.29964441 0.28620617]
126 97.41423378853953 [0.27455972 0.26977832 0.28914735 0.30776874 0.28322894 0.29529041
 0.31176307 0.27058002 0.29974831 0.2864746 ]
127 75.3221708441304 [0.27451007 0.27020922 0.28880658 0.30737734 0.28316512 0.29495879
 0.31160371 0.27030259 0.30002056 0.28704549]
128 109.26138293183789 [0.27424548 0.2702625  0.28842771 0.30707427 0.28301245 0.29446512
 0.31102549 0.27007627 0.30048523 0.28713131]
129 78.11871531596998 [0.27406299 0.27027706 0.28798521 0.30657068 0.28264063 0.29414521
 0.31045135 0.27017986 0.30070208 0.28718576]
130 101.69761343481358 [0.27391727 0.2701718  0.28752123 0.30600925 0.28252453 0.29373169
 0.30992154 0.27023405 0.30092979 0.28724723]
131 82.10251146381079 [0.27360001 0.27020803 0.28695077 0.30552737 0.28240191 0.2935399
 0.30952729 0.27024827 0.30107343 0.28738752]
132 92.96169185682265 [0.27323976 0.27004686 0.28637289 0.30501341 0.28207817 0.29334745
 0.30886733 0.27013094 0.30110342 0.2874503 ]
133 102.35472570862919 [0.27293147 0.26963762 0.2860331  0.30454825 0.28193706 0.29311592
 0.30806452 0.26998248 0.30106421 0.28735184]
134 92.7199332853964 [0.27265375 0.26936567 0.28588736 0.30398264 0.28208126 0.29330189
 0.30755925 0.27028801 0.30132807 0.28748157]
135 85.25755669356855 [0.27223704 0.26890063 0.28591598 0.30330941 0.2821967  0.29352872
 0.30712133 0.27043369 0.3016658  0.28789712]
136 106.61623762090137 [0.27207834 0.26819106 0.28618696 0.3027102  0.28239905 0.29372388
 0.30678643 0.27072854 0.30193073 0.28839207]
137 95.63086445010465 [0.27200378 0.26762383 0.28652531 0.30210781 0.28243742 0.29363105
 0.30637925 0.27119845 0.30244453 0.28901411]
138 101.69261822623096 [0.2719479  0.26678547 0.28658035 0.30155886 0.28242476 0.29360511
 0.3058683  0.27143221 0.30311719 0.28974907]
139 114.67335650786724 [0.2718957  0.26584109 0.28648305 0.30099794 0.28267409 0.29350273
 0.30559252 0.27170278 0.30366919 0.29012472]
140 81.44795382600462 [0.27187651 0.26485601 0.2861622  0.30033268 0.2827636  0.29310956
 0.30505235 0.27209526 0.30418901 0.29073263]
141 108.2886185499371 [0.27202931 0.26405471 0.28594241 0.30003334 0.28289413 0.29305242
 0.30468281 0.27237764 0.30484248 0.29136642]
142 89.92013559186341 [0.27229325 0.26329421 0.28554745 0.29964791 0.28320635 0.2929588
 0.30431255 0.27276429 0.3053302  0.29197051]
143 66.92105127990354 [0.27240041 0.2625923  0.28519649 0.29932395 0.28363891 0.29269327
 0.30414919 0.27299161 0.30594847 0.2925841 ]
144 141.63027232470935 [0.27214965 0.26172222 0.2849033  0.29931056 0.2839314  0.29252936
 0.30407344 0.2731549  0.30644997 0.29317968]
145 89.00585281497627 [0.27202083 0.26098521 0.28468554 0.29945834 0.28425948 0.29216079
 0.30422012 0.27324661 0.30692552 0.2939171 ]
146 88.52939196775957 [0.27213777 0.26047663 0.28463456 0.29944131 0.28467809 0.29197981
 0.30479529 0.27335077 0.30725699 0.29416673]
147 121.78353497720639 [0.27215813 0.25988866 0.28443261 0.29887797 0.28510055 0.29188809
 0.30535557 0.27324404 0.3075305  0.29436957]
148 87.09302554366869 [0.27216316 0.25915125 0.28398914 0.29813059 0.2851102  0.29198391
 0.30540157 0.27313514 0.30770276 0.29447135]
149 117.34464217086563 [0.27219347 0.25853696 0.28358467 0.29767956 0.28515562 0.29172014
 0.3055767  0.27298345 0.30784066 0.2946164 ]
150 88.05588682735403 [0.27227391 0.25777534 0.28316244 0.29663506 0.28505311 0.29155366
 0.30563179 0.27277725 0.30805592 0.29458993]
151 103.049832202965 [0.27213458 0.25698493 0.2826402  0.2956568  0.28528537 0.29160857
 0.30536411 0.27275421 0.30843248 0.29472506]
152 95.73959660841876 [0.27209594 0.25643475 0.28223254 0.29462616 0.2856276  0.29173561
 0.30501385 0.27278713 0.30883438 0.29490487]
153 112.44114037325409 [0.27202638 0.25599579 0.28182883 0.29389528 0.28619937 0.29174921
 0.30490471 0.27271355 0.30918087 0.29507872]
154 98.4065749057736 [0.2717074  0.25560497 0.28113456 0.29331733 0.2870667  0.29189449
 0.30467741 0.27237251 0.30951574 0.29522415]
155 99.05501487022266 [0.27141505 0.25519715 0.280474   0.29289094 0.28771296 0.29202065
 0.30470709 0.27210321 0.3100096  0.29531964]
156 91.65994236295265 [0.27108568 0.25486678 0.27949318 0.29273736 0.28819964 0.29233016
 0.30470725 0.27198749 0.31040292 0.2953451 ]
157 96.67894651604564 [0.27096728 0.25450986 0.27882699 0.29243484 0.28860422 0.29295748
 0.30488161 0.27195184 0.31078863 0.29546017]
158 111.51457242806043 [0.2707042  0.25407518 0.27816589 0.29225838 0.28871084 0.29359678
 0.30508151 0.27195842 0.3109829  0.29554276]
159 110.01524239652649 [0.27056773 0.25362882 0.27757555 0.29209737 0.28878124 0.29389529
 0.30522222 0.2720424  0.31136097 0.29579829]
160 104.25284100321323 [0.27024281 0.25318737 0.27698087 0.29190441 0.28892699 0.29441061
 0.30520572 0.27240644 0.31197779 0.29588991]
161 88.01043753253492 [0.26980829 0.25278937 0.27632968 0.29181629 0.28895607 0.29486187
 0.30541233 0.27276112 0.31263057 0.29604684]
162 115.9288700375 [0.26964434 0.25241845 0.27578424 0.29146963 0.28900287 0.2951292
 0.30566175 0.2729813  0.3133579  0.29629747]
163 106.86337914257139 [0.26930997 0.25202538 0.27524962 0.29086572 0.28922    0.29551148
 0.30565457 0.27309243 0.31408106 0.29667222]
164 109.94200088952869 [0.26917205 0.25143692 0.27487468 0.29045301 0.28920046 0.29561329
 0.30543204 0.27330668 0.3148523  0.29743797]
165 95.94306464206113 [0.26900882 0.25097774 0.27476551 0.28999899 0.28922572 0.29572579
 0.30503024 0.27336951 0.3154699  0.29813694]
166 109.12085340588666 [0.26900567 0.25057338 0.2745346  0.28967528 0.2893208  0.29599012
 0.30494462 0.2732765  0.31626909 0.29866561]
167 109.90346243737072 [0.26874862 0.25016783 0.27422145 0.28961191 0.2891738  0.29565835
 0.30466928 0.27330468 0.31672056 0.29912471]
168 95.87960781010106 [0.26836657 0.24983114 0.27396022 0.28959377 0.2887669  0.29545652
 0.30446618 0.27347004 0.31708245 0.2995511 ]
169 116.25409596214675 [0.26796488 0.24971272 0.27361686 0.28948569 0.28835346 0.29511552
 0.30423244 0.27350486 0.31748727 0.2999093 ]
170 106.95647169567889 [0.26764958 0.24980396 0.2735095  0.28930611 0.28775432 0.29479966
 0.30388502 0.27347515 0.31805824 0.30059168]
171 85.64451141255745 [0.26712729 0.24974776 0.27327773 0.28930409 0.28734064 0.29450638
 0.3037342  0.27378855 0.31851843 0.30097817]
172 80.62172520893449 [0.26665366 0.24986149 0.27288974 0.28927044 0.2868482  0.2940965
 0.30359566 0.27394407 0.31833158 0.30120991]
173 78.76704689570266 [0.26634168 0.25006126 0.27255665 0.2889935  0.28647994 0.29354618
 0.30358725 0.27422469 0.31811274 0.30108965]
174 84.60224864199716 [0.26606064 0.25015818 0.27243287 0.28888267 0.28608238 0.29332776
 0.30364752 0.27428321 0.31791922 0.30124117]
175 105.7202688346708 [0.26581402 0.25031913 0.27237725 0.28874734 0.28544209 0.29334024
 0.30341886 0.27443836 0.31761161 0.30089523]
176 236.10337443785198 [0.26535466 0.25048089 0.27224593 0.28858297 0.28490229 0.29340771
 0.30328859 0.27453513 0.31723469 0.30061632]
177 87.7870918559902 [0.26493775 0.25061885 0.2722633  0.28836604 0.28453385 0.2932901
 0.30319943 0.27439747 0.31705846 0.30063731]
178 102.24804980264605 [0.26464999 0.25074685 0.27232154 0.28807565 0.28421312 0.29323099
 0.30306748 0.27439646 0.31683603 0.30069736]
179 106.65000526387226 [0.26438085 0.25070969 0.27217819 0.28754022 0.28366535 0.29348405
 0.30265973 0.27418887 0.31660992 0.30021395]
180 91.79320705665864 [0.26413008 0.2508891  0.2720085  0.28710355 0.2832795  0.29402173
 0.30232137 0.27414492 0.3165512  0.29982549]
181 112.73355612611101 [0.26389675 0.25105084 0.27170988 0.28664497 0.28304354 0.29450601
 0.30174454 0.27430622 0.31661641 0.29921322]
182 103.5277482315646 [0.26347218 0.25130205 0.2715391  0.28619873 0.28291042 0.29503996
 0.30155055 0.27436657 0.31688335 0.29859715]
183 116.65518630728636 [0.26301937 0.25156718 0.27122465 0.28582957 0.28292037 0.29542345
 0.30130694 0.27440852 0.31708115 0.29793385]
184 118.32217886306948 [0.26255967 0.25167942 0.27123254 0.28525308 0.28288061 0.29583485
 0.30104266 0.27433153 0.31762091 0.29732107]
185 116.6972790274134 [0.26203828 0.25173516 0.2710315  0.28458649 0.28285377 0.29577519
 0.3009435  0.27440141 0.31795673 0.29662757]
186 100.10586009468034 [0.26156995 0.25181687 0.27072908 0.28379281 0.28266507 0.2958782
 0.30106252 0.27471993 0.31808793 0.29608946]
187 94.04432428180164 [0.26099538 0.25203001 0.27045594 0.28309474 0.28260854 0.29557257
 0.30142131 0.27523911 0.31815051 0.29550572]
188 90.40054822458448 [0.26063219 0.25188194 0.27023088 0.28250879 0.28248058 0.29519157
 0.30185267 0.27605433 0.31832994 0.29467018]
189 96.45707067844808 [0.26016064 0.25163048 0.27003881 0.28212536 0.28238294 0.29481532
 0.3023427  0.27652876 0.31879283 0.29379757]
190 95.85619813269096 [0.25955098 0.25156163 0.27001202 0.28165029 0.28209061 0.2946178
 0.30276526 0.27711812 0.31934829 0.29297877]
191 86.24601462181852 [0.25899227 0.25147439 0.26998296 0.28101661 0.281875   0.29446537
 0.30317884 0.27776837 0.31984857 0.29223493]
192 92.93926261594419 [0.25820914 0.25160115 0.27000526 0.28041601 0.28160741 0.29426909
 0.30362292 0.27840963 0.32025748 0.29156652]
193 90.5092277694269 [0.25757053 0.25165919 0.270165   0.27978945 0.28142863 0.29420988
 0.30424002 0.27924975 0.32096991 0.29080141]
194 83.51257650049689 [0.25702749 0.25150356 0.27036641 0.27920243 0.28106364 0.29426748
 0.30477874 0.28006164 0.32197029 0.29005488]
195 85.05149068197986 [0.25663155 0.25134396 0.27052813 0.2785702  0.28070399 0.29414715
 0.30517386 0.28085239 0.32313532 0.28938955]
196 112.30304404686338 [0.25627995 0.2510761  0.27066184 0.27806896 0.28031635 0.29429925
 0.30538826 0.28141019 0.3240325  0.28892021]
197 104.74994842411408 [0.25583432 0.25091445 0.27072297 0.2775994  0.27997151 0.2945019
 0.30575724 0.28206113 0.32475412 0.28851499]
198 87.65535917585856 [0.25549171 0.25096012 0.27071802 0.27716312 0.27967694 0.29484436
 0.30617759 0.28242515 0.32574861 0.28821919]
199 95.86348681364046 [0.25504454 0.2510681  0.27055059 0.2767103  0.27958488 0.29509438
 0.30641329 0.28231566 0.32652444 0.28803759]
200 102.56257621143124 [0.25467185 0.25116346 0.27068294 0.27635375 0.27943702 0.29532216
 0.30649006 0.28215072 0.32737829 0.28806035]
201 95.5004028512147 [0.25443643 0.25108979 0.2710031  0.27592258 0.27957428 0.29498286
 0.30651236 0.28211337 0.32783612 0.28805203]
202 90.2783755772484 [0.25407784 0.25085003 0.27129968 0.27545843 0.27980461 0.29493842
 0.30640856 0.28161364 0.32822196 0.28838916]
203 87.50210979619627 [0.25352546 0.25067062 0.27160048 0.27502467 0.27988624 0.29497974
 0.30606989 0.28127998 0.32870806 0.28848345]
204 70.90711889737051 [0.25289215 0.25037793 0.27163553 0.27418058 0.27954264 0.29535724
 0.30567136 0.2812426  0.32937522 0.28854751]
205 79.1629877752577 [0.25225714 0.25022872 0.27173941 0.27344172 0.27917431 0.29561334
 0.30552753 0.28151437 0.3300968  0.28853629]
206 82.9384157977818 [0.25177128 0.2500318  0.27170101 0.2729386  0.27880944 0.29579256
 0.30532323 0.28174845 0.3305441  0.28870238]
207 84.89671850166508 [0.25133487 0.24979786 0.27170327 0.27238187 0.27840697 0.29600143
 0.30530055 0.28194194 0.33101158 0.28899432]
208 102.86426200179045 [0.25104713 0.24972639 0.27165933 0.27203217 0.27806317 0.29613353
 0.30522772 0.2822428  0.33149132 0.28927088]
209 74.95277563709041 [0.25089571 0.24952485 0.27155606 0.27158791 0.27774267 0.29638931
 0.30462627 0.28256078 0.33214212 0.28969396]
210 85.09889864699858 [0.25084023 0.24926897 0.27165732 0.27101166 0.27702955 0.2967861
 0.3042043  0.28281961 0.33298703 0.29022638]
211 88.70702615174048 [0.25079459 0.24894189 0.27186243 0.2703996  0.27658947 0.29702368
 0.30410508 0.28305757 0.33369009 0.2908643 ]
212 81.29776118747823 [0.25070454 0.24845599 0.27228453 0.26990081 0.27610673 0.29690427
 0.30392592 0.28353787 0.3344337  0.29112735]
213 88.0529272323873 [0.25053889 0.24790888 0.2726628  0.26941758 0.27592527 0.29669495
 0.30393399 0.28396798 0.33514038 0.29125715]
214 77.80726987602227 [0.25031369 0.24741101 0.27278193 0.26917196 0.27569773 0.29642589
 0.30399707 0.28442504 0.3356591  0.29163301]
215 101.26538928998862 [0.2502602  0.2471461  0.27289783 0.2690066  0.27512571 0.29637452
 0.30402828 0.28473984 0.33574786 0.29194799]
216 84.06809847166004 [0.25024656 0.24696493 0.27292806 0.26871431 0.27457093 0.29629541
 0.30399012 0.28487956 0.33620156 0.29233817]
217 74.17663216453707 [0.25037549 0.24688948 0.27305719 0.26839778 0.27407491 0.29607427
 0.3040275  0.28494281 0.33645661 0.29279384]
218 109.32685100818465 [0.25045649 0.24675462 0.2729873  0.26826608 0.27360854 0.29605549
 0.30389303 0.28501245 0.33623023 0.29330833]
219 90.49591673873881 [0.25034639 0.24676274 0.27267547 0.26833198 0.27330142 0.29620984
 0.30391953 0.28522759 0.33583635 0.29365286]
220 83.41538739963761 [0.25019025 0.24689841 0.27242917 0.26847925 0.27289447 0.29637772
 0.30391684 0.28558801 0.33566055 0.29405591]
221 101.02324383003065 [0.2499857  0.2468037  0.27213474 0.26859163 0.27245519 0.29669962
 0.30405309 0.28587964 0.33573786 0.29440363]
222 95.37050666332264 [0.25004792 0.24659907 0.27198296 0.26860812 0.27201612 0.29700402
 0.30413105 0.28625042 0.33579106 0.29486613]
223 79.65009280993291 [0.25005235 0.24642356 0.27176913 0.268623   0.2711678  0.29690228
 0.3045728  0.28621834 0.33617459 0.29524845]
224 98.74002086260987 [0.25009441 0.24621821 0.27145798 0.26870185 0.27010241 0.29692594
 0.30492491 0.28626766 0.33646949 0.29565671]
225 85.48403775953344 [0.25014052 0.24598731 0.27114912 0.26872855 0.26932322 0.29687326
 0.30523496 0.28647277 0.33669681 0.29568987]
226 113.28546865661933 [0.25028408 0.24583127 0.2707155  0.26877431 0.26851871 0.29638243
 0.305577   0.28637684 0.33691093 0.29559689]
227 94.63996426948856 [0.25044307 0.24591561 0.27033873 0.26872766 0.26770513 0.29604227
 0.30558368 0.28643988 0.33688427 0.29547691]
228 110.12028828133163 [0.25052487 0.24598884 0.26977135 0.26875817 0.26703616 0.29564917
 0.30563482 0.28651798 0.33679609 0.29519698]
229 105.79545699794993 [0.25069622 0.24599288 0.26906088 0.26866598 0.26652815 0.29545194
 0.3057271  0.28654256 0.33631312 0.2950535 ]
230 92.83036895664827 [0.25092066 0.24599353 0.26849825 0.26868584 0.26611705 0.29520977
 0.30581082 0.28657695 0.33557684 0.29481933]
231 108.98142634498589 [0.25112123 0.24587839 0.2677878  0.26887362 0.26580172 0.29463192
 0.30608002 0.28669291 0.33506076 0.29505357]
232 104.53545829636113 [0.25140592 0.2457011  0.26719221 0.26905038 0.26562066 0.29392375
 0.30603627 0.28709364 0.33463458 0.29559727]
233 104.92553510185525 [0.25152687 0.24554478 0.26661822 0.26895839 0.26521831 0.29338795
 0.30590753 0.28795803 0.33433044 0.29585669]
234 457.18127632735917 [0.25139054 0.24550048 0.26604398 0.26895595 0.26460405 0.29267199
 0.30590806 0.2880403  0.33385711 0.2961764 ]
235 92.58150163324692 [0.25109514 0.24544324 0.26556342 0.26878098 0.26403993 0.29191923
 0.30579993 0.28806675 0.33318424 0.29632985]
236 109.82245634367641 [0.25089368 0.24543618 0.26502842 0.26861294 0.26342219 0.2911907
 0.30578511 0.28813847 0.33260758 0.29664421]
237 109.42134389373395 [0.2507228  0.24537208 0.26448594 0.26841875 0.26269251 0.29050214
 0.30558334 0.28799459 0.33193923 0.29671898]
238 91.29968365773192 [0.25052675 0.24526857 0.26396643 0.26804866 0.26199604 0.28987688
 0.30528891 0.28778843 0.33111912 0.29661029]
239 95.08459390633652 [0.25029882 0.24526367 0.26352953 0.26774875 0.26133121 0.28955671
 0.30484116 0.2872688  0.33024995 0.2964072 ]
240 106.57871969631992 [0.2501909  0.24524581 0.26300385 0.26757639 0.2607069  0.28934576
 0.30416723 0.28698708 0.32977261 0.29605362]
241 122.89255892948917 [0.25004267 0.2451827  0.26247428 0.267271   0.26019362 0.28908095
 0.30357164 0.28688185 0.32973576 0.29547866]
242 92.10353671992644 [0.25002906 0.24510722 0.2620095  0.26721845 0.25979737 0.28896212
 0.30324411 0.28677051 0.32979584 0.29516117]
243 89.56525991053965 [0.24969881 0.24507587 0.26152226 0.26723593 0.25943119 0.28869903
 0.30295715 0.28696563 0.33000667 0.29480198]
244 113.20596640380145 [0.24923646 0.24501543 0.26096787 0.26714361 0.25898651 0.28877772
 0.302831   0.28730068 0.33006121 0.2943021 ]
245 89.18597375800981 [0.24862118 0.24487073 0.26040684 0.26684531 0.25833955 0.28869849
 0.30257978 0.28770441 0.32981781 0.29386145]
246 101.32302160944678 [0.24804008 0.24483008 0.25996946 0.26670305 0.25792183 0.28832921
 0.30266387 0.28792066 0.32968975 0.29333526]
247 100.8667395327044 [0.24751916 0.24486865 0.2598507  0.26654475 0.25746436 0.28772843
 0.30284329 0.2880025  0.32892829 0.29260917]
248 99.89507986146401 [0.24706489 0.24497503 0.25966303 0.26632053 0.25696395 0.28698778
 0.30289035 0.28810817 0.32799499 0.2916637 ]
249 76.11373688308973 [0.24690835 0.24498142 0.25944706 0.26606835 0.25633246 0.28640339
 0.30294192 0.2881088  0.32705229 0.29098083]
250 91.40413625046548 [0.2467461  0.24502841 0.25929293 0.26575258 0.25573784 0.28586884
 0.30313421 0.28837561 0.3261043  0.29018816]
251 93.27699676529794 [0.24650483 0.24495037 0.25946178 0.26555823 0.25531614 0.28553761
 0.30300456 0.28879325 0.32540654 0.28932313]
252 77.9269939042322 [0.24619756 0.24501971 0.25922703 0.26545256 0.25509656 0.28476196
 0.30263967 0.28924723 0.32494997 0.28894873]
253 119.46672240626756 [0.24598785 0.24497899 0.25891022 0.26532271 0.25482307 0.2842044
 0.30217802 0.28976333 0.32412148 0.28868946]
254 100.56828886514597 [0.24573117 0.24493067 0.2585483  0.26506354 0.25467472 0.28367394
 0.30175748 0.29028368 0.32343176 0.28835841]
255 88.19288496810118 [0.24555089 0.24473679 0.25822957 0.26472006 0.25422117 0.28314398
 0.30146269 0.29105139 0.32294715 0.28769555]
256 73.04741701296584 [0.24527332 0.24453321 0.2580116  0.26440443 0.25384614 0.28267906
 0.3012351  0.29177543 0.32278237 0.28696205]
257 90.00802242382491 [0.24503922 0.24429612 0.2580287  0.26386572 0.25328773 0.28230608
 0.30125806 0.29258423 0.32247456 0.28602156]
258 90.52711933083977 [0.24476987 0.24403038 0.25802603 0.26338637 0.25271429 0.28207426
 0.30124412 0.29310319 0.32208013 0.28513926]
259 103.19351459291767 [0.24463677 0.24389225 0.25816379 0.26292879 0.25214945 0.28203542
 0.30125834 0.29345742 0.32184026 0.28432737]
260 128.09827268601097 [0.24449258 0.24380396 0.25826711 0.26256575 0.25166214 0.28201807
 0.30137954 0.29346629 0.32135683 0.28371448]
261 442.01280686709504 [0.24437116 0.24367034 0.25844046 0.26214931 0.25118525 0.28196889
 0.30150272 0.2929073  0.32085217 0.28303681]
262 94.62410770151513 [0.24421028 0.24349138 0.25858883 0.26180053 0.25090473 0.28156892
 0.30175635 0.29240979 0.32042298 0.2824598 ]
263 93.43169521542865 [0.2440741  0.24354927 0.25851306 0.26154342 0.25050861 0.28105406
 0.30161262 0.2920266  0.31979131 0.28224584]
264 95.9093504817912 [0.24379676 0.2434702  0.25846486 0.26128893 0.25015183 0.28069449
 0.30138176 0.29165303 0.3192764  0.28214814]
265 69.32624566927595 [0.2436152  0.24350812 0.25815098 0.26115003 0.24966338 0.28025511
 0.30135272 0.29167502 0.31854122 0.28216776]
266 64.97564217379048 [0.24334321 0.24356534 0.2578171  0.26114687 0.24927365 0.27992619
 0.30146923 0.29131218 0.31793597 0.28231247]
267 101.6159242186748 [0.24293346 0.24367638 0.25747395 0.26114945 0.24904591 0.27963722
 0.30143267 0.29080934 0.31713924 0.2825782 ]
268 100.23049364521307 [0.24282302 0.24390991 0.25723164 0.26126032 0.24893569 0.27939176
 0.30079065 0.29002868 0.31678459 0.28276109]
269 122.52326359172068 [0.24272578 0.2440945  0.25690371 0.26137617 0.24896586 0.27897437
 0.30018683 0.28906365 0.31635586 0.2826851 ]
270 108.50522528742528 [0.24267238 0.24412815 0.25669502 0.26150877 0.24881165 0.27860779
 0.29928271 0.28814021 0.31619306 0.28228125]
271 90.05501949388713 [0.24255641 0.24410852 0.25662039 0.26166354 0.24871614 0.27820915
 0.29854198 0.2870503  0.3161739  0.28175736]
272 95.5693062792759 [0.24237967 0.24396723 0.25655542 0.2616127  0.24858482 0.27811392
 0.29772243 0.28581784 0.31566889 0.2811995 ]
273 88.51685893277764 [0.24229842 0.2439331  0.25641425 0.26177503 0.24856198 0.27784922
 0.29686729 0.28479647 0.3151338  0.28063113]
274 92.89837339094177 [0.24233931 0.24382495 0.25615505 0.26197384 0.24861154 0.27761035
 0.29612485 0.28386154 0.31472843 0.28005042]
275 85.57797945264194 [0.24230607 0.24361183 0.25583768 0.26218283 0.24868888 0.27750943
 0.29535263 0.28300551 0.31440896 0.2796793 ]
276 118.05724892248472 [0.24234655 0.24321164 0.25546512 0.26249161 0.24869463 0.27736285
 0.29466029 0.28206979 0.3143249  0.27940529]
277 76.5593201971082 [0.24220964 0.24300113 0.25476297 0.26275136 0.24856743 0.27703794
 0.29407914 0.28118481 0.31399871 0.27892347]
278 78.36925087752455 [0.24212402 0.24290619 0.25396641 0.26282852 0.24851279 0.27684743
 0.29334847 0.28040536 0.31352397 0.27845065]
279 92.74607280632995 [0.24203474 0.24290408 0.25321893 0.26293068 0.2484787  0.2766724
 0.29297491 0.27973552 0.31296513 0.27795278]
280 76.82891466768052 [0.24192514 0.24308277 0.25248802 0.26308597 0.24829943 0.27650314
 0.29271552 0.27920668 0.3126284  0.27752566]
281 62.60586871942109 [0.24179027 0.24316545 0.25186552 0.26312538 0.24794813 0.27627032
 0.29232567 0.27862591 0.31196051 0.27716242]
282 107.15628741573903 [0.24162188 0.24323714 0.25133745 0.26332736 0.24779412 0.27609825
 0.29210015 0.27815065 0.31170945 0.27685782]
283 77.68147263451675 [0.2413874  0.24353364 0.25084089 0.2636843  0.24759139 0.27589257
 0.29182322 0.27775566 0.31175439 0.27650365]
284 94.02094871126455 [0.24125802 0.2437216  0.25023149 0.26391467 0.24730423 0.27576209
 0.29164502 0.27750782 0.31192579 0.27610581]
285 76.86666471065597 [0.24112922 0.24391912 0.249698   0.26398002 0.24680953 0.27569292
 0.29156583 0.27711247 0.31169142 0.27588278]
286 81.77615173264957 [0.2409817  0.24418409 0.24921558 0.26398634 0.24638918 0.27574631
 0.29171489 0.27677722 0.3113731  0.27580031]
287 91.4696516527093 [0.24076247 0.24451606 0.24863081 0.26422787 0.24601859 0.27590652
 0.29182443 0.27655853 0.31104681 0.27581788]
288 89.79970003549354 [0.24067604 0.24492514 0.24807591 0.26465611 0.2456968  0.27614479
 0.29193443 0.27638988 0.31048047 0.27576739]
289 85.40771040917102 [0.24075955 0.24527686 0.24747309 0.26484241 0.24539804 0.27657155
 0.29159545 0.27653446 0.31005302 0.27589199]
290 72.88236586606068 [0.24092056 0.24565626 0.24691181 0.26503065 0.24524086 0.27692129
 0.29143591 0.27670334 0.30994293 0.27628056]
291 76.75694476982684 [0.24101633 0.24614344 0.24639819 0.26529348 0.24503592 0.2772108
 0.29125878 0.27686504 0.30983578 0.27661881]
292 77.41892707251213 [0.24113545 0.24643203 0.24586055 0.26560274 0.24480126 0.27736779
 0.29085666 0.27704982 0.30953512 0.27696182]
293 98.78822987689142 [0.24120481 0.24677587 0.24527408 0.26585886 0.24449688 0.27760143
 0.29062742 0.27715846 0.30934974 0.27738949]
294 77.56721334408695 [0.2412844  0.24675632 0.24480391 0.26605578 0.24415391 0.27795469
 0.29041143 0.27722663 0.30925219 0.27793588]
295 81.23928933353474 [0.24119129 0.24637206 0.24422577 0.26604911 0.24382066 0.27845237
 0.29041934 0.27737345 0.30913867 0.27844577]
296 67.03632644039837 [0.24114672 0.24596078 0.24380469 0.26598938 0.24348544 0.27888764
 0.29009505 0.27740361 0.30900968 0.27873062]
297 106.83861509989165 [0.24113015 0.24544914 0.24362854 0.26592511 0.24317605 0.27941194
 0.29019531 0.27740174 0.30882201 0.27890242]
298 74.17926712382214 [0.24098902 0.2451579  0.24340406 0.26592597 0.24284986 0.27998803
 0.29009066 0.27738635 0.30867522 0.27907779]
299 94.47336254205396 [0.24098849 0.24498117 0.24326222 0.26581574 0.24252707 0.28061442
 0.2900777  0.27736654 0.30877392 0.27930506]
300 142.85140511982598 [0.24093477 0.24493251 0.24303457 0.26566347 0.24218104 0.28123449
 0.29042112 0.27738573 0.30892104 0.27956462]
301 88.41517122046804 [0.24074377 0.24467907 0.24292746 0.26554458 0.24182649 0.28163403
 0.29065057 0.27715357 0.3089862  0.27974992]
302 69.1710594930311 [0.24057917 0.24450769 0.24293018 0.26558823 0.24140818 0.28209423
 0.29084742 0.27686546 0.30925194 0.2799948 ]
303 76.09133360482895 [0.24039963 0.24437503 0.24303155 0.26551666 0.24099528 0.28285869
 0.29088557 0.27688349 0.30955641 0.27995695]
304 87.72692278970185 [0.24029863 0.24410927 0.24316655 0.26549812 0.24059473 0.28350554
 0.29085412 0.27692026 0.30987641 0.27996952]
305 94.37229542938499 [0.24016737 0.24392302 0.24335566 0.26539003 0.24030504 0.28418956
 0.29102643 0.27693648 0.31026996 0.2800842 ]
306 74.74491045617691 [0.24020104 0.24385533 0.24341779 0.26515039 0.24003423 0.28477856
 0.2908976  0.27692497 0.31079567 0.27994474]
307 69.16517306872916 [0.24026566 0.24382537 0.24347351 0.2650184  0.23950787 0.28484874
 0.29070986 0.27693988 0.31147222 0.27988921]
308 92.16249915981578 [0.24027789 0.24381627 0.24359396 0.26478298 0.23895881 0.28480303
 0.29043142 0.2767973  0.3120073  0.27968683]
309 87.712354500591 [0.24033213 0.24369793 0.24376384 0.26456174 0.23843408 0.28483469
 0.29023789 0.2766704  0.31253151 0.27930722]
310 64.04041079305279 [0.24043725 0.24341824 0.24378785 0.26435748 0.23787209 0.28489108
 0.28999487 0.27662969 0.31303622 0.27911992]
311 71.54071823444343 [0.24058692 0.24340115 0.24388189 0.26406098 0.2373165  0.28494377
 0.28991479 0.27644    0.31335102 0.27889158]
312 95.52154250969801 [0.24085306 0.24351561 0.24383132 0.26377228 0.23656262 0.2851594
 0.28983223 0.27634286 0.31365472 0.2786551 ]
313 88.62687582615595 [0.24138504 0.24379313 0.24391345 0.26336808 0.23589738 0.28530975
 0.28984975 0.27641553 0.31389303 0.27833391]
314 75.46448900894694 [0.24187446 0.24397816 0.24408277 0.26304946 0.23526538 0.28544247
 0.28958266 0.27633676 0.31413646 0.27789343]
315 70.74037173670251 [0.24242624 0.24423441 0.24394081 0.26294691 0.23484289 0.28564365
 0.2893972  0.27593406 0.31421515 0.27756479]
316 77.2764233201836 [0.24303181 0.2443466  0.24392711 0.2627887  0.23449989 0.28585824
 0.28916211 0.27567833 0.31437488 0.27731047]
317 65.88135755576809 [0.24349583 0.24458093 0.24379524 0.26271833 0.23411333 0.28583187
 0.28871048 0.27519099 0.31445356 0.27721452]
318 61.60116875346728 [0.24399494 0.24472515 0.24387285 0.2624876  0.23382181 0.28573348
 0.28828618 0.27507208 0.31438193 0.27674682]
319 89.40082741053362 [0.24446602 0.24502109 0.243833   0.26220688 0.23358194 0.28568517
 0.28816176 0.27464687 0.3140558  0.27616533]
320 60.96702170648824 [0.24489099 0.24500755 0.24395175 0.26200985 0.23323939 0.2857304
 0.2880132  0.27439409 0.31366035 0.27546369]
321 57.398047848397226 [0.24534535 0.24504656 0.24395724 0.26169599 0.23306317 0.28563071
 0.28770635 0.27405574 0.31340307 0.27489372]
322 62.48556622048463 [0.24572451 0.24506081 0.24411259 0.26165051 0.23290309 0.28566574
 0.28721927 0.27374854 0.31331323 0.27441301]
323 69.0542782744314 [0.24606798 0.24502269 0.24424158 0.26153009 0.23276986 0.2856672
 0.28655245 0.27341915 0.31318138 0.27388551]
324 63.581569763985385 [0.24622406 0.24497645 0.24436558 0.26129113 0.23241761 0.28581828
 0.28621132 0.27305163 0.31303368 0.27327385]
325 68.2780195953325 [0.24620843 0.24494719 0.24454878 0.26083487 0.23222225 0.2859698
 0.2859808  0.27276022 0.31265456 0.27289647]
326 66.8794568573386 [0.24607947 0.24474062 0.24468006 0.26038772 0.2322625  0.28608606
 0.28602692 0.27248739 0.31236278 0.27256354]
327 73.93399399826825 [0.24618146 0.24447952 0.24455046 0.25988548 0.23232141 0.28641318
 0.28604455 0.27198407 0.31203796 0.27222076]
328 66.51179965410823 [0.24635363 0.24417576 0.244518   0.25944252 0.23218193 0.28655596
 0.28598025 0.27162402 0.31179871 0.27189084]
329 76.30239340830687 [0.2464042  0.24369806 0.24430505 0.258697   0.23218567 0.28681894
 0.28571976 0.27131094 0.3116611  0.27176694]
330 65.87030236751619 [0.24645368 0.24322334 0.24411777 0.25803098 0.23227301 0.28681287
 0.28532484 0.27098916 0.31133253 0.27152056]
331 60.27078893751768 [0.24666088 0.24301578 0.24403507 0.25722879 0.23238374 0.28681154
 0.28477406 0.27077557 0.31134309 0.27130064]
332 66.75593456038857 [0.24685847 0.24276169 0.24384411 0.25664497 0.23240013 0.28666855
 0.28441672 0.27025602 0.31117577 0.27099015]
333 63.06130299122967 [0.24694331 0.24246273 0.24379298 0.25604993 0.23244307 0.28666004
 0.28424298 0.26985291 0.31092103 0.27050815]
334 56.84889855841765 [0.24705222 0.24221025 0.24375471 0.25571023 0.23229275 0.28674228
 0.2842847  0.26959398 0.31070654 0.27006756]
335 78.06330862532289 [0.2472641  0.24200686 0.24345956 0.25528119 0.23204229 0.2868915
 0.28396968 0.26947019 0.31049653 0.26950296]
336 83.38613154260673 [0.24742238 0.24192321 0.2433079  0.25487557 0.23183263 0.28694458
 0.28367916 0.26933526 0.3102899  0.26894313]
337 68.81961550597052 [0.24747355 0.24189258 0.24293482 0.25443396 0.23154622 0.28672727
 0.28319113 0.26902914 0.30941961 0.26855857]
338 64.61889026569023 [0.24745832 0.24207636 0.24278262 0.25400575 0.2312994  0.2864614
 0.28272436 0.26880216 0.30845046 0.26823827]
339 62.21062718976777 [0.24749692 0.24228172 0.24280711 0.25366377 0.2309334  0.28639625
 0.28212335 0.26847018 0.30745872 0.26795851]
340 60.737778067903804 [0.24764458 0.24241333 0.2428215  0.25340594 0.23065549 0.28620485
 0.28154004 0.26817337 0.30652336 0.26764969]
341 59.8009575612995 [0.24777768 0.2425113  0.24274854 0.25306479 0.23017739 0.28611114
 0.28116788 0.26787175 0.30558131 0.26750916]
342 60.811400031976234 [0.24784205 0.24271909 0.24268051 0.25311702 0.22961353 0.28616395
 0.28086981 0.26771918 0.30460063 0.26741238]
343 70.47435187539854 [0.24795789 0.24274872 0.24260262 0.25299505 0.22911083 0.28633089
 0.28054934 0.26748868 0.30336287 0.26741355]
344 83.59946463443075 [0.24799728 0.2427106  0.24257494 0.2530542  0.22877333 0.2865117
 0.28013586 0.26756014 0.30215337 0.26717398]
345 69.1470773815975 [0.24784891 0.2426737  0.24254636 0.2532253  0.22847282 0.28663702
 0.27964223 0.26750506 0.30097502 0.26687192]
346 67.48284575002964 [0.24775093 0.24255645 0.24266301 0.25353705 0.22808317 0.28705196
 0.27927931 0.26750505 0.29995629 0.26674602]
347 58.78428154240312 [0.24759072 0.24240008 0.24298947 0.25380801 0.2277573  0.28738653
 0.27897896 0.26733423 0.29879146 0.26664212]
348 69.51359312125396 [0.247465   0.24215845 0.24323641 0.25417793 0.22745742 0.28755328
 0.27872627 0.26725136 0.29752192 0.26645381]
349 78.87398217849807 [0.24766342 0.24198515 0.24354894 0.25464012 0.22703148 0.28772293
 0.27862496 0.26707823 0.29654084 0.26611759]
350 61.14613405633301 [0.24782948 0.24178821 0.2438785  0.2549821  0.22658236 0.28773731
 0.27847912 0.26695314 0.29577083 0.2660356 ]
351 72.23725398497643 [0.24787651 0.2418013  0.24434642 0.25539455 0.22629537 0.28763749
 0.2780676  0.26691834 0.29513331 0.26630356]
352 62.34620506125769 [0.24794812 0.2419233  0.24474566 0.25565094 0.22602223 0.2876579
 0.27786567 0.26669026 0.29465144 0.26667477]
353 57.08424243344561 [0.24804145 0.24175332 0.24495674 0.25610479 0.22572228 0.28787212
 0.27754401 0.26653508 0.29420357 0.26672234]
354 60.57668447483447 [0.24806541 0.24145117 0.24535132 0.25641491 0.22553204 0.28820753
 0.2773124  0.26635255 0.29379252 0.26660395]
355 63.254490104926816 [0.24827951 0.24144101 0.24587347 0.25665121 0.22537124 0.28856597
 0.27723893 0.26592671 0.29371565 0.26654126]
356 64.1318775125782 [0.24861084 0.24122317 0.24626046 0.25715377 0.22517601 0.2891212
 0.27699553 0.26545819 0.29356206 0.26668412]
357 70.4648558582344 [0.24883965 0.24112045 0.24654561 0.25762144 0.22513753 0.28964712
 0.27683719 0.26508515 0.29330569 0.26689483]
358 62.66220470543628 [0.24909275 0.24109642 0.24670219 0.25808654 0.22514238 0.29014514
 0.27665545 0.264726   0.29307721 0.26709055]
359 72.7729751338411 [0.2493638  0.24086985 0.24686733 0.25852994 0.22518207 0.29084985
 0.27656622 0.26443094 0.29293792 0.26713756]
360 71.6119477869455 [0.24948542 0.24074475 0.24700423 0.25896142 0.2252075  0.29104922
 0.27650956 0.26397605 0.29277633 0.26713279]
361 77.37561590285506 [0.24966479 0.24073459 0.24705717 0.25931093 0.22510988 0.29134821
 0.27664882 0.26351381 0.29245156 0.26732239]
362 69.69209900763605 [0.24978146 0.24086027 0.2470621  0.25966465 0.22508616 0.2918353
 0.27673528 0.26307114 0.29211713 0.26747601]
363 64.39448047731833 [0.24988837 0.24078994 0.24708857 0.26007444 0.22513991 0.29248117
 0.27669489 0.26276087 0.29173867 0.26762271]
364 65.8347476404507 [0.24998361 0.24069237 0.24696603 0.26058826 0.22532066 0.29264759
 0.27663794 0.26253968 0.29123447 0.26785693]
365 50.287382438782785 [0.25024823 0.24066047 0.2467678  0.26096275 0.22536722 0.29284279
 0.27667831 0.26240765 0.29092119 0.26816013]
366 59.10243004971731 [0.25058762 0.24074876 0.24662458 0.26112325 0.22534567 0.29314347
 0.27650289 0.26233039 0.29079175 0.26854683]
367 67.88541837049803 [0.25102009 0.24100394 0.24657629 0.26138789 0.22541129 0.29337126
 0.27639112 0.26227561 0.29063514 0.26892683]
368 72.77997758481692 [0.25129394 0.24119491 0.24650662 0.26172668 0.22548482 0.2934381
 0.27638607 0.26228475 0.2906114  0.26929564]
369 50.880315112327864 [0.25147729 0.24140662 0.24652383 0.26215932 0.22553927 0.29352601
 0.2764417  0.26239783 0.29044263 0.26975134]
370 84.96472398080658 [0.25176254 0.24162071 0.24649234 0.26255063 0.22571397 0.29374767
 0.27640353 0.2625508  0.29036186 0.27020243]
371 67.48303434853297 [0.25210415 0.24193857 0.24633279 0.26293969 0.22598466 0.29393058
 0.27640142 0.26281414 0.29029551 0.27068488]
372 79.32613477408412 [0.25252704 0.24225515 0.246254   0.26336882 0.22624946 0.2939332
 0.27643884 0.26305561 0.29019232 0.2710858 ]
373 71.49604724146218 [0.25288179 0.24252962 0.24615643 0.26366029 0.22649761 0.29382348
 0.2766363  0.26355815 0.29001316 0.27144676]
374 57.09543992990832 [0.25309374 0.2427401  0.24592623 0.26397769 0.22668546 0.29377943
 0.27683188 0.26403353 0.28988173 0.27167256]
375 62.64813792954857 [0.25338446 0.24300575 0.24562771 0.26418632 0.22688149 0.29369526
 0.27716821 0.26432721 0.28982499 0.27187789]
376 80.09477819691746 [0.2536918  0.24314809 0.24546778 0.26422905 0.22709705 0.29380274
 0.27763711 0.26459808 0.28966428 0.27218166]
377 62.91585153039897 [0.253902   0.24320968 0.24543078 0.26426003 0.22727546 0.29393358
 0.27811489 0.2648837  0.28957141 0.27229036]
378 67.36362288382854 [0.25415616 0.24322682 0.24528475 0.26400138 0.22743396 0.29398388
 0.27866921 0.26524362 0.28953246 0.27244294]
379 72.95226848399818 [0.25447618 0.24334624 0.24514279 0.26382438 0.22753796 0.29375852
 0.27926014 0.26560209 0.28978082 0.27213769]
380 74.25116322529698 [0.25483479 0.24344504 0.24497156 0.2633161  0.22762929 0.2933267
 0.27981903 0.26591336 0.28997992 0.27174601]
381 64.24449447768171 [0.25510977 0.24373947 0.24459702 0.26288111 0.2276506  0.29289257
 0.28024523 0.26629365 0.2902695  0.2712782 ]
382 65.73271845512339 [0.25534533 0.24388071 0.24428548 0.26231204 0.22782002 0.29256681
 0.28062501 0.26646217 0.29030225 0.27078241]
383 68.15842744838321 [0.25565357 0.24395583 0.24388639 0.26165366 0.22793425 0.29241207
 0.28079925 0.26666445 0.29019703 0.27023545]
384 81.1317431756718 [0.25579318 0.24388015 0.24357839 0.26100992 0.22794528 0.2923274
 0.28086373 0.26671807 0.29007406 0.26970904]
385 65.21837849338482 [0.25590617 0.2437122  0.24319407 0.26071308 0.2278772  0.29234708
 0.2811544  0.26677457 0.28979675 0.26918834]
386 64.41664933194016 [0.25609082 0.24363093 0.24283845 0.26046427 0.22787324 0.29205246
 0.28143611 0.26680201 0.28954604 0.26874574]
387 84.00356631057922 [0.25622434 0.2434152  0.2423509  0.26018134 0.22779376 0.29179857
 0.28165927 0.26698553 0.28917381 0.26817684]
388 68.45683463960371 [0.25640523 0.24328422 0.24187294 0.2601101  0.22754302 0.29163203
 0.28209851 0.26717247 0.28857142 0.26782537]
389 74.08935444445162 [0.25658988 0.24306614 0.24138857 0.2599441  0.227332   0.29182095
 0.28243231 0.26731162 0.28806349 0.26751808]
390 71.95627273710183 [0.25675713 0.2429793  0.24101121 0.25990659 0.22710262 0.29210077
 0.2828201  0.26748863 0.28771025 0.26720715]
391 49.17436979305228 [0.25676623 0.24290867 0.24078858 0.25976034 0.22689451 0.29243458
 0.28318442 0.26757562 0.28734059 0.26692646]
392 78.03507382375722 [0.25659783 0.24265309 0.24069985 0.25950501 0.22669693 0.29268545
 0.28367165 0.267481   0.28707664 0.26653693]
393 61.193265823635855 [0.2564701  0.24242393 0.24033938 0.25910138 0.22636898 0.29299024
 0.2840766  0.26714524 0.28725717 0.26585597]
394 69.22452384238971 [0.25638929 0.24229217 0.24015662 0.25866626 0.22618932 0.29337461
 0.28455909 0.2670292  0.28729883 0.26547406]
395 69.57299985339685 [0.25647539 0.24231061 0.23994745 0.25838475 0.22593817 0.29387401
 0.28500228 0.2669469  0.28741081 0.26520523]
396 75.29481484518743 [0.25671376 0.24231859 0.23973546 0.25829039 0.22567193 0.29414539
 0.28543827 0.26684147 0.2874759  0.26499449]
397 74.84952414029958 [0.25688651 0.2422518  0.23954997 0.2581693  0.22542547 0.29444894
 0.28593718 0.26678432 0.28744736 0.26479796]
398 59.95889032448926 [0.25718457 0.24214398 0.23938255 0.25805617 0.22527365 0.2948781
 0.28634107 0.26681433 0.28747208 0.26473431]
399 70.535666530715 [0.25759915 0.24219359 0.23933185 0.25776983 0.22517463 0.29524696
 0.28671404 0.266897   0.28727203 0.26474866]
400 66.47207740415726 [0.2576976  0.24225263 0.23929796 0.25738855 0.22527799 0.29571428
 0.28721911 0.2670049  0.28698043 0.26469829]
401 80.3447954938269 [0.25770663 0.24240413 0.23913734 0.25700783 0.22542153 0.29615895
 0.28749604 0.26720619 0.28683116 0.26472138]
402 57.976748802516326 [0.2576561  0.24251849 0.2391134  0.25670031 0.22555364 0.29657313
 0.28761708 0.26737044 0.2867898  0.26481814]
403 63.103180080005274 [0.25767093 0.24253726 0.23914247 0.2563623  0.22570052 0.29694888
 0.28766114 0.26751809 0.28674324 0.2649137 ]
404 81.8395972309039 [0.2576896  0.24251638 0.2391052  0.25608119 0.22573104 0.29727609
 0.28761909 0.26753505 0.28654758 0.26500783]
405 63.3679913783891 [0.2576525  0.24249557 0.23923413 0.25577617 0.2258288  0.29745827
 0.28738171 0.26758007 0.28623783 0.26510796]
406 66.02705367921378 [0.25775074 0.24219144 0.23936434 0.25537491 0.22585914 0.29763272
 0.28705352 0.26764651 0.28598235 0.26500913]
407 80.63245572685223 [0.25793604 0.24180552 0.23958386 0.255008   0.22590757 0.29762886
 0.28679953 0.2675668  0.28597533 0.26515554]
408 77.27004730193498 [0.25811835 0.24141603 0.23972036 0.25451317 0.22601383 0.29755312
 0.28657927 0.26749273 0.28588974 0.26535315]
409 72.87160396012816 [0.25833121 0.24110549 0.23991164 0.25402295 0.22610792 0.29765696
 0.28650158 0.26732402 0.28588449 0.2656489 ]
410 47.85084240889951 [0.25843697 0.24081662 0.24011376 0.25357916 0.22617926 0.29793388
 0.28633397 0.26709193 0.2858593  0.26587046]
411 67.5959869605901 [0.25851172 0.24056695 0.24025619 0.25319808 0.22606343 0.29799121
 0.28605424 0.26682683 0.28569489 0.26611389]
412 79.38954214033436 [0.25820628 0.24034568 0.24039729 0.25284005 0.22600787 0.29795229
 0.28561806 0.26677385 0.285516   0.26630849]
413 88.15918439904908 [0.25780909 0.2400412  0.24039662 0.25258469 0.2258902  0.29767216
 0.28517664 0.26687566 0.28521571 0.26632934]
414 85.24681307875005 [0.25736761 0.23983174 0.2403502  0.25225269 0.22569963 0.29741298
 0.28477522 0.26696885 0.28507426 0.26612583]
415 85.84668679021154 [0.25676635 0.23966786 0.24034744 0.25198001 0.22554988 0.29702887
 0.28432169 0.26711971 0.28500481 0.26591165]
416 71.05427829648383 [0.25621713 0.23957707 0.240385   0.25155256 0.22548742 0.29646454
 0.28405322 0.2674756  0.28499967 0.26571691]
417 67.49544653691939 [0.25545383 0.23970435 0.2404025  0.25110557 0.22536818 0.29638177
 0.28375291 0.26783966 0.2852409  0.26554444]
418 76.06122546855116 [0.25471502 0.23984369 0.24055545 0.25091892 0.22529137 0.29622059
 0.28343305 0.26801314 0.28555333 0.26531777]
419 66.90445805792388 [0.25419142 0.24008743 0.24042145 0.25083734 0.22526548 0.29590272
 0.2832078  0.26830538 0.28585267 0.26525975]
420 77.0260370217962 [0.25357982 0.24037384 0.24037591 0.25072952 0.22524762 0.29567174
 0.28298939 0.26842709 0.28636012 0.26536856]
421 87.77457547281327 [0.25317646 0.24075853 0.24021487 0.2505633  0.22525522 0.2953618
 0.28285259 0.26858019 0.28692445 0.26548428]
422 76.95663385461839 [0.25283198 0.24109391 0.23955239 0.25066083 0.2253167  0.29511377
 0.28269744 0.26896739 0.28727602 0.26578833]
423 78.80757026493103 [0.25238691 0.24155088 0.23892113 0.25075657 0.22544725 0.29492998
 0.28265821 0.26917759 0.28790173 0.26593808]
424 95.12330003760187 [0.2518851  0.24188185 0.23833442 0.25091232 0.22555076 0.29472687
 0.28279781 0.26946539 0.28850801 0.2661987 ]
425 82.3484687717656 [0.25140929 0.24190052 0.23786921 0.25069611 0.22546848 0.29478668
 0.28297672 0.26975965 0.28892616 0.26618454]
426 82.8017143919613 [0.251048   0.24184291 0.23744879 0.25052272 0.22547841 0.29483019
 0.28322226 0.27001962 0.28925064 0.26606741]
427 78.10127186494441 [0.25070281 0.24161722 0.23687656 0.25015233 0.22561803 0.29469238
 0.28346154 0.27023151 0.2895155  0.26603231]
428 78.64273612989375 [0.25040024 0.2414442  0.23638877 0.25006595 0.22571376 0.29468185
 0.28357789 0.27060063 0.29026691 0.26578201]
429 73.16924262635462 [0.25022793 0.24123385 0.23599451 0.24990601 0.22579395 0.29467579
 0.28371842 0.27099663 0.29111927 0.26550544]
430 87.8140350337477 [0.25005482 0.24101834 0.23552493 0.24974598 0.22586823 0.2947152
 0.28388749 0.27136122 0.29188652 0.26526046]
431 78.65748096223652 [0.24994564 0.24071566 0.23496033 0.24949084 0.22584181 0.29476768
 0.28399928 0.27162887 0.29251045 0.26510096]
432 76.15080838562277 [0.24971213 0.24037716 0.23438647 0.24911885 0.22581097 0.29486315
 0.2841053  0.27190735 0.29293984 0.26499664]
433 97.00033832559674 [0.24947246 0.23993636 0.23394327 0.24881798 0.22580167 0.29478077
 0.28435962 0.27210621 0.29351757 0.2649627 ]
434 96.0119923423305 [0.24933638 0.23974443 0.2335121  0.24859522 0.22583758 0.29456649
 0.28467038 0.27195419 0.29370332 0.26509115]
435 426.0751626924584 [0.2492925  0.23939162 0.23300881 0.24824272 0.22592367 0.29433056
 0.28471318 0.27183623 0.29391052 0.26503502]
436 61.5501834834003 [0.24912065 0.2389787  0.23256764 0.2479411  0.22596869 0.29420306
 0.28477468 0.27169164 0.29398415 0.26480691]
437 63.80841453048668 [0.24893667 0.23871967 0.23227937 0.24782777 0.22592536 0.29431213
 0.28512601 0.27155142 0.29419947 0.26458977]
438 78.23595859341954 [0.24858511 0.23853188 0.23202138 0.24764696 0.22597893 0.29444491
 0.28563423 0.27145536 0.29439455 0.26458488]
439 784.678724384112 [0.24805003 0.23821718 0.2317789  0.24750166 0.22597614 0.29438979
 0.28616114 0.27132613 0.2947108  0.26450904]
440 73.30598372497545 [0.24748664 0.23799233 0.2312558  0.24674736 0.22601459 0.294197
 0.28664092 0.27112844 0.29506369 0.26449201]
441 86.84897691207834 [0.2468668  0.23782532 0.23085337 0.24611684 0.2260311  0.29434238
 0.28699338 0.27091083 0.29539993 0.26457675]
442 71.17089168241566 [0.2464402  0.23764711 0.23025052 0.24559972 0.22591599 0.29441889
 0.28724146 0.27070268 0.29573673 0.26456318]
443 68.17385809671968 [0.24614812 0.23755371 0.22967261 0.24511154 0.2257463  0.2944662
 0.28744086 0.27058271 0.29588162 0.26454048]
444 60.3754860981873 [0.24593754 0.23746102 0.22922525 0.24476532 0.22559624 0.29446825
 0.287548   0.27061546 0.29614292 0.26445082]
445 83.381711545515 [0.24587269 0.23738272 0.22891084 0.24449321 0.22546612 0.29439666
 0.28746555 0.27073849 0.29629043 0.26437939]
446 78.85552201530308 [0.24564204 0.23722652 0.22874571 0.24439305 0.22534285 0.29411505
 0.28734889 0.27065124 0.29600674 0.26425985]
447 783.7623745061243 [0.24548196 0.23715589 0.22871248 0.24440369 0.22530628 0.29401062
 0.28703505 0.27051574 0.29597295 0.26428748]
448 80.01669978992864 [0.24546684 0.23698262 0.2288081  0.24433316 0.2252832  0.29421695
 0.28668318 0.27036009 0.29588908 0.26422297]
449 62.25322821164439 [0.24547181 0.23698502 0.2288684  0.24424931 0.22521961 0.29437212
 0.28628073 0.27025497 0.29579868 0.26410765]
450 83.23745119704743 [0.24547003 0.23697084 0.22885212 0.24420304 0.22522637 0.29452938
 0.28580721 0.27010957 0.29560369 0.26404139]
451 92.21923385280374 [0.24560586 0.236883   0.22893757 0.24402364 0.22526597 0.29462503
 0.285493   0.26999642 0.29529122 0.26388931]
452 99.76403250517603 [0.24580347 0.23639469 0.22916225 0.24382807 0.22520781 0.29437969
 0.28519847 0.27004444 0.29517175 0.26379306]
453 78.81557326348255 [0.24607271 0.23601761 0.22937468 0.24366004 0.22518324 0.29421546
 0.28482219 0.27020742 0.2951141  0.26353922]
454 80.40050855273148 [0.24638419 0.23582463 0.22961664 0.24343602 0.22511655 0.29391277
 0.28468469 0.2704046  0.29506895 0.26318192]
455 68.38504628951054 [0.24659435 0.23592668 0.22971599 0.24334958 0.22494051 0.29376489
 0.28454956 0.27065786 0.29508972 0.26297176]
456 79.59865700302862 [0.24678391 0.23597894 0.22977345 0.24318631 0.22484122 0.29378465
 0.28453856 0.27090762 0.29508341 0.26279548]
457 72.6192513615651 [0.24690466 0.23599731 0.22976909 0.24295924 0.22483758 0.29372233
 0.28458295 0.2710794  0.29502407 0.26261919]
458 64.98449320689423 [0.24702208 0.23602612 0.22974863 0.24271519 0.22491212 0.29373529
 0.28463695 0.27117763 0.29495873 0.2624568 ]
459 78.81753103256777 [0.24696322 0.23581429 0.22968513 0.24266667 0.22499371 0.29387901
 0.28443316 0.27142824 0.29487629 0.2622209 ]
460 70.41974526453174 [0.24689771 0.23552784 0.22955661 0.24262204 0.22499931 0.29410104
 0.28429201 0.27154931 0.29485055 0.26205459]
461 82.89469320721003 [0.24682587 0.23528015 0.22933583 0.24272041 0.22519707 0.29431362
 0.28406689 0.27155797 0.29495088 0.26200646]
462 69.12149519436889 [0.24674405 0.23501645 0.2291632  0.24284871 0.22544012 0.2943366
 0.28394785 0.27142701 0.29496927 0.26200148]
463 77.19520150929372 [0.24677576 0.23482898 0.22903394 0.24278102 0.225576   0.2941637
 0.28385329 0.27155013 0.29508062 0.26211872]
464 82.05063740287638 [0.24675865 0.23474271 0.22895668 0.24276416 0.22556776 0.2940513
 0.28374409 0.27161496 0.29511759 0.26232052]
465 69.25642035347147 [0.24674064 0.23463096 0.2288329  0.24280963 0.22542411 0.29410038
 0.28352281 0.27166535 0.29525899 0.26262744]
466 92.35818953622945 [0.246779   0.23456407 0.22865333 0.24286301 0.22535159 0.29440651
 0.28318598 0.27177885 0.29517073 0.26275451]
467 81.56998313820174 [0.24676889 0.23448957 0.22853448 0.24315632 0.22529774 0.29472733
 0.28288872 0.27193138 0.29522675 0.2629614 ]
468 64.43509665915823 [0.24668922 0.23436475 0.22830549 0.24344253 0.22527699 0.29481989
 0.28268619 0.27219966 0.29530408 0.26323725]
469 63.26814732048829 [0.24671021 0.23408092 0.22821548 0.24363626 0.22528553 0.29482187
 0.28244862 0.27228555 0.2953545  0.26352544]
470 85.20334158956652 [0.24652547 0.23367205 0.2280897  0.24374287 0.22536664 0.29474046
 0.28241552 0.27236991 0.29507467 0.26391154]
471 88.68340521689063 [0.24628255 0.2333529  0.22799808 0.2439735  0.22546327 0.29462692
 0.28244157 0.2725136  0.29475648 0.26439454]
472 80.45026547460385 [0.24610595 0.23304989 0.22772741 0.24422816 0.22549709 0.29431444
 0.28249222 0.2725829  0.29480955 0.26488771]
473 91.81258310360496 [0.2460403  0.23281221 0.22739715 0.24426003 0.22553075 0.29422018
 0.28254952 0.27264848 0.29471193 0.2653782 ]
474 60.099971392265694 [0.24610396 0.23247126 0.22703758 0.24412026 0.22544557 0.29378946
 0.28251158 0.27253903 0.2944473  0.26570698]
475 79.95679345757877 [0.24619142 0.23223246 0.22667019 0.244122   0.22538869 0.29338655
 0.2822902  0.27258384 0.2939913  0.26605409]
476 68.96573862086309 [0.24618158 0.23191703 0.2263608  0.2440328  0.22544498 0.29313506
 0.28218503 0.27248298 0.2934596  0.26643359]
477 85.96175499371857 [0.24604835 0.23174691 0.22613503 0.24401182 0.22564359 0.29287992
 0.28214242 0.27226189 0.29306707 0.26675461]
478 66.13248266151226 [0.24606217 0.23180751 0.22593061 0.24398031 0.22566561 0.2925056
 0.28235008 0.27200351 0.29251858 0.26712708]
479 64.99898949666498 [0.24601855 0.23183921 0.22567736 0.24405133 0.22575003 0.29224848
 0.28238294 0.27166799 0.29198279 0.2674486 ]
480 67.44730681677953 [0.24579256 0.23204945 0.22539692 0.24408912 0.22588627 0.29195462
 0.28246369 0.27133312 0.29154465 0.2677996 ]
481 67.36219568951839 [0.24546891 0.23229088 0.22506662 0.2442809  0.22583726 0.29164327
 0.28242158 0.27114493 0.29109327 0.26806212]
482 56.0655436945908 [0.24523596 0.23263116 0.22472711 0.24456223 0.22564248 0.29129323
 0.28225088 0.27073563 0.29075985 0.26812789]
483 64.52267364554012 [0.24502882 0.23291184 0.22448255 0.24486008 0.22549939 0.29089303
 0.28205995 0.2706159  0.29051243 0.26822251]
484 67.24264103663768 [0.24493709 0.23322277 0.22424965 0.24527226 0.22532791 0.29049861
 0.28187174 0.2707249  0.29021414 0.26831335]
485 68.23970448133757 [0.24502569 0.23349486 0.22369225 0.2456849  0.22527358 0.29018975
 0.28152742 0.27052418 0.29008846 0.2683402 ]
486 47.62453899687965 [0.24519801 0.23376962 0.22319133 0.24589302 0.22521836 0.29005212
 0.28133979 0.27030817 0.28997734 0.26856542]
487 72.25925048587084 [0.24522084 0.23390773 0.22274129 0.2460496  0.22528549 0.29007271
 0.28095645 0.27016652 0.28961838 0.26887654]
488 79.40883504022926 [0.24524806 0.23421515 0.22248499 0.24610244 0.22533001 0.28983697
 0.28043431 0.27002929 0.2894767  0.26923722]
489 68.62396270763429 [0.24537093 0.23430345 0.22214854 0.24619224 0.22538611 0.28951187
 0.28012871 0.26956291 0.28944483 0.26969707]
490 64.91423649830172 [0.24556249 0.23442708 0.22184003 0.24619915 0.22541623 0.28927674
 0.27988312 0.26921053 0.28918353 0.27003446]
491 74.68472482747055 [0.24561441 0.23466488 0.22153444 0.24631386 0.22529161 0.28916292
 0.27969155 0.26896435 0.28887335 0.27045152]
492 53.2421886393724 [0.24559226 0.23491709 0.22124627 0.24650492 0.22507499 0.28908086
 0.27955491 0.26889694 0.28843024 0.27092365]
493 70.37628062257677 [0.24545328 0.23507857 0.22089873 0.24662344 0.22488435 0.289036
 0.27941569 0.26910738 0.28803389 0.27154361]
494 63.006068414437635 [0.24529199 0.23512981 0.2204089  0.24676346 0.22474281 0.28917387
 0.27922465 0.26934237 0.28769049 0.27229776]
495 70.41378672385177 [0.24512668 0.23502513 0.22002977 0.24697831 0.22459678 0.28921828
 0.2788358  0.26966871 0.2873686  0.27272436]
496 56.78607606619939 [0.24484417 0.23488335 0.21957527 0.24709965 0.22438863 0.28913667
 0.27834009 0.26980327 0.28704292 0.27310597]
497 54.92096593041251 [0.24457131 0.23478261 0.21911741 0.24710308 0.22418141 0.28892758
 0.27773609 0.26992304 0.28665698 0.27341905]
498 59.83107090246769 [0.24420696 0.2345316  0.2187093  0.24717203 0.22411758 0.2884365
 0.27714189 0.26997107 0.28636558 0.27366016]
499 51.776284234796876 [0.24393191 0.23426779 0.21840757 0.24718656 0.22405641 0.28786884
 0.27660414 0.27007123 0.28622265 0.27378025]
