0 140.9915362859682 [0.30478174 0.30196895 0.30290652 0.29821857 0.30384414 0.29821856
 0.29915622 0.30009376 0.30103135 0.30009375 0.29915616 0.30009376]
1 140.27579329022421 [0.30654093 0.3017447  0.30407544 0.29741973 0.30397677 0.29826497
 0.29922118 0.30088874 0.30124058 0.29865184 0.29814147 0.29946976]
2 127.06805032281916 [0.30671133 0.30160535 0.30413233 0.2971119  0.30446865 0.29793979
 0.29967034 0.30193202 0.3013466  0.2982799  0.2964333  0.29822617]
3 149.54430437532653 [0.30602551 0.30140173 0.30431757 0.29615515 0.30459151 0.29721579
 0.2991962  0.30282746 0.29998674 0.29875112 0.29579524 0.29730675]
4 148.76589234896633 [0.30597554 0.30081431 0.30426905 0.29562598 0.30493088 0.297045
 0.29850136 0.30360317 0.29893514 0.29985462 0.29521166 0.29625699]
5 165.40010952989726 [0.30609788 0.30112969 0.30421323 0.29542755 0.30564902 0.29775545
 0.29781188 0.30505606 0.29836897 0.30125975 0.29460579 0.29585326]
6 137.6240179679084 [0.30518245 0.30194159 0.30430701 0.2950342  0.30541015 0.2983082
 0.29699783 0.30659937 0.29815283 0.30257349 0.29438922 0.29555413]
7 150.61786892908873 [0.3048618  0.30267418 0.30458612 0.29479413 0.30527673 0.29859198
 0.29639826 0.30782625 0.29820836 0.30354396 0.29414906 0.29566952]
8 150.36196212696186 [0.30428793 0.30328552 0.30493751 0.29468461 0.30463914 0.29865269
 0.29622811 0.30951055 0.29841225 0.30447779 0.29419606 0.29616459]
9 146.16735610475962 [0.30346822 0.30425751 0.30514714 0.2946943  0.30390929 0.2984665
 0.29595006 0.31101972 0.29849067 0.30545264 0.29453203 0.29645983]
10 162.2629366507876 [0.30290551 0.30511701 0.30490445 0.29445108 0.30329166 0.29857956
 0.29601451 0.31238078 0.29874065 0.30619035 0.2954524  0.29667752]
11 171.6401482975274 [0.30248792 0.30543412 0.30460191 0.29442519 0.30301855 0.29857332
 0.29581925 0.31337349 0.29910315 0.3071418  0.2959158  0.2968482 ]
12 148.54977299982124 [0.30228079 0.30587675 0.30409321 0.29438825 0.3026881  0.29903175
 0.29573917 0.31455131 0.29971674 0.30815021 0.2963873  0.29715143]
13 146.27873429436787 [0.3022793  0.30619193 0.30334651 0.29410851 0.30243911 0.29926791
 0.29533079 0.31559596 0.30021306 0.30890379 0.29651284 0.29761674]
14 137.10638087223393 [0.30224561 0.3062986  0.30301802 0.29391273 0.30207183 0.29944244
 0.29502736 0.31658126 0.30055305 0.30932292 0.29643355 0.29778587]
15 126.56669895969019 [0.30246541 0.30630015 0.30270532 0.29342917 0.30171148 0.29921072
 0.2949133  0.31728587 0.30085037 0.30946251 0.29617549 0.29755117]
16 162.57664052445267 [0.30247814 0.30623862 0.30273785 0.29298284 0.30127032 0.29899937
 0.29473408 0.31781471 0.30118145 0.30970328 0.29608909 0.29729602]
17 155.44579605958054 [0.30266836 0.30596358 0.30293836 0.29253589 0.30096223 0.2989358
 0.29473543 0.31892086 0.3012991  0.31007931 0.29606448 0.29718631]
18 159.61227005346666 [0.3025707  0.30570466 0.30304971 0.29189071 0.30068846 0.29872155
 0.29443214 0.32011077 0.30142482 0.31029384 0.29593494 0.29727696]
19 151.42040657442044 [0.30226507 0.30496041 0.30275668 0.29166465 0.30029447 0.29866599
 0.2939083  0.32104785 0.30178475 0.31030789 0.29584657 0.29750878]
20 144.7991680800846 [0.30210696 0.30420945 0.30205935 0.29145127 0.299687   0.2989761
 0.29367164 0.32227025 0.30210928 0.3103811  0.29594174 0.29769273]
21 154.15602785490182 [0.30228805 0.30362706 0.30144603 0.29122179 0.29902527 0.29929631
 0.29336858 0.32329481 0.30247288 0.31087358 0.29575461 0.29743598]
22 150.85262541695218 [0.30234763 0.30301318 0.3006554  0.29118477 0.29828432 0.29957096
 0.29341665 0.32407675 0.30273181 0.31125775 0.29539333 0.29687261]
23 153.91013183831114 [0.30239153 0.30226198 0.29970465 0.29113147 0.29754491 0.29979482
 0.29311707 0.32431229 0.30307641 0.31156444 0.29525481 0.2963288 ]
24 153.3385023339922 [0.30282118 0.30171603 0.29912184 0.29101005 0.29693066 0.30009185
 0.29236047 0.32433322 0.30309286 0.31190397 0.29531658 0.29583185]
25 139.231544062185 [0.30334023 0.30105249 0.29878479 0.29089003 0.2961093  0.30029541
 0.29158302 0.32450294 0.3031391  0.3121622  0.29526281 0.2957617 ]
26 147.55753572249807 [0.30356836 0.30057623 0.29884966 0.29074805 0.2953249  0.30039605
 0.2907498  0.3244806  0.30330464 0.31249703 0.29519037 0.29570514]
27 143.79789395495368 [0.30381397 0.30026224 0.29884052 0.2907577  0.29472733 0.30068568
 0.28982717 0.32419417 0.30315841 0.31282879 0.29529135 0.29575136]
28 129.13999200712934 [0.30421238 0.30012906 0.29872516 0.29084072 0.29405854 0.30103334
 0.28896455 0.32372197 0.30312953 0.31330039 0.29518191 0.2958312 ]
29 131.45248577060735 [0.30459678 0.29994013 0.29875981 0.29079232 0.29320069 0.30129266
 0.28807121 0.32318666 0.30325289 0.31361816 0.2948743  0.29616477]
30 142.48601204830715 [0.30471174 0.29990381 0.29863935 0.29076661 0.29224315 0.30129539
 0.28730689 0.32265933 0.30335792 0.31410508 0.29463841 0.29634448]
31 151.32918581470074 [0.30479659 0.29988417 0.2985705  0.29066836 0.29117129 0.30113813
 0.28662395 0.32202103 0.30351142 0.31474148 0.29440612 0.29653878]
32 135.43205603521227 [0.30495728 0.29969937 0.29850571 0.2908439  0.29028106 0.30082126
 0.28611266 0.32113274 0.30361074 0.31524214 0.29428468 0.296797  ]
33 133.20388674339952 [0.30502899 0.29948879 0.29862047 0.29096486 0.28923759 0.30029791
 0.28577406 0.32066529 0.30376993 0.31568764 0.29413163 0.29707306]
34 144.2428209315908 [0.30505156 0.29935818 0.29888681 0.29097048 0.28829785 0.30000752
 0.28557168 0.32026473 0.30386723 0.3164523  0.29413377 0.29743306]
35 129.5531376050011 [0.30506671 0.2991008  0.29912941 0.29091185 0.2875768  0.29981943
 0.28545766 0.31977711 0.30384065 0.31706617 0.29416131 0.29775325]
36 118.232337239068 [0.3051572  0.29885583 0.29913276 0.29112579 0.28702395 0.29955422
 0.28525141 0.31929294 0.30407868 0.31765444 0.29415781 0.29825043]
37 123.05238366644059 [0.30505348 0.29865152 0.29896316 0.29119573 0.28648788 0.2996576
 0.28520166 0.3187504  0.30420012 0.31830336 0.2941289  0.29871975]
38 131.69077905130348 [0.30490216 0.29852424 0.29888992 0.2914221  0.28602019 0.29980915
 0.28519021 0.31815176 0.30430527 0.31895782 0.29410124 0.29899268]
39 121.75609045970972 [0.30499393 0.29852205 0.29867016 0.29148856 0.28562822 0.3001201
 0.28498727 0.31773433 0.30428126 0.3193478  0.29409361 0.29929797]
40 124.01266450470285 [0.3050271  0.29850859 0.29838534 0.29164465 0.28529667 0.3006727
 0.2845781  0.31716782 0.3041906  0.31963202 0.29413958 0.29972596]
41 121.5401247720845 [0.30513047 0.29857056 0.29814102 0.29185364 0.28494966 0.30104949
 0.28396546 0.31659272 0.30420911 0.31966102 0.29416421 0.30023848]
42 134.1598774296946 [0.30511801 0.29823604 0.29791418 0.29223796 0.28475077 0.30125412
 0.28329341 0.31598406 0.30400558 0.31967595 0.29437666 0.30045828]
43 125.45867298928371 [0.30517393 0.29806963 0.29786616 0.29259761 0.28465143 0.30147181
 0.2827239  0.31539261 0.30376837 0.31965061 0.29459487 0.30091269]
44 125.62309233421684 [0.30514372 0.2978139  0.29761138 0.29283967 0.28455932 0.3017816
 0.28204423 0.31477293 0.30363117 0.31946753 0.29493882 0.30127207]
45 126.58074526441658 [0.30515194 0.29759488 0.29723779 0.29314565 0.28448086 0.30203965
 0.2813675  0.31419224 0.30316002 0.3193642  0.29519313 0.30174034]
46 135.75719984810405 [0.30507503 0.29738725 0.29678305 0.29359843 0.28425009 0.30197679
 0.28105509 0.31362039 0.30270027 0.31924423 0.29555892 0.30220088]
47 137.64498624404612 [0.30494932 0.29725488 0.29640034 0.29388775 0.28406275 0.30191512
 0.28078705 0.31303977 0.30221789 0.31921256 0.29590573 0.30261965]
48 112.34096708756914 [0.30478208 0.29694621 0.29599271 0.29421129 0.28392057 0.30203481
 0.28058513 0.3123648  0.3016619  0.31875801 0.29625427 0.30298779]
49 120.1099995446711 [0.30440767 0.29660111 0.29553611 0.29476308 0.2835743  0.30214067
 0.28045616 0.31176589 0.30131249 0.31819454 0.29673016 0.30324944]
50 133.04450743740813 [0.30418081 0.29623918 0.29480843 0.29530124 0.28315084 0.30195828
 0.28034655 0.31100261 0.30103954 0.31751733 0.29725547 0.3033048 ]
51 129.3694300813713 [0.3037513  0.29602691 0.29401292 0.29567013 0.28282724 0.30181811
 0.2801436  0.31016857 0.30064336 0.31687911 0.29767046 0.3033407 ]
52 112.81958984329643 [0.3033438  0.29585616 0.29320302 0.29590818 0.28241585 0.3017444
 0.28002886 0.30945064 0.30040986 0.31618781 0.29794745 0.30339309]
53 120.36889507681356 [0.30295933 0.29580745 0.2926388  0.29616327 0.28202859 0.30163599
 0.27994113 0.30874848 0.30021253 0.31561289 0.29814649 0.30354689]
54 105.25398847494296 [0.30263681 0.29596663 0.29210902 0.2963807  0.28175288 0.3015967
 0.27979032 0.30826267 0.30007979 0.31510562 0.29816481 0.30376743]
55 110.96099421814766 [0.30231587 0.29627649 0.29155967 0.29656423 0.28163026 0.3015107
 0.27960171 0.30791721 0.30009399 0.31439668 0.2982671  0.30397043]
56 140.7731072444524 [0.30187508 0.2964229  0.29107522 0.29674527 0.28147825 0.30156445
 0.27951302 0.30757547 0.30006478 0.31381221 0.29833843 0.30406748]
57 124.42922760219797 [0.30144072 0.296431   0.29086458 0.2967252  0.28145858 0.30155656
 0.27935666 0.30717816 0.29999157 0.3131457  0.29848073 0.30416397]
58 114.09717617147531 [0.30113428 0.29640566 0.29050668 0.29673764 0.28124733 0.30147871
 0.27910911 0.30682834 0.30008391 0.31255745 0.29853595 0.30436667]
59 119.17171093863139 [0.30084896 0.29643226 0.29026598 0.29658492 0.28104116 0.30133783
 0.27884256 0.30663044 0.30036858 0.31201741 0.29854448 0.30459627]
60 124.80024545055463 [0.30073934 0.29632067 0.28983877 0.29649841 0.28077576 0.30102145
 0.27844914 0.30653048 0.30069505 0.31153386 0.29850844 0.30462761]
61 118.68133388665453 [0.30058963 0.29614945 0.28952401 0.29641938 0.28057228 0.30086703
 0.27810991 0.3063644  0.30092171 0.31120751 0.29840517 0.30492042]
62 120.28717529155551 [0.30052615 0.29603151 0.28927486 0.2961893  0.28032543 0.30079146
 0.27770353 0.30611435 0.30094382 0.31094044 0.2982386  0.3053805 ]
63 109.03013563615141 [0.30042196 0.29573639 0.28900907 0.29586582 0.28009728 0.30041506
 0.27737361 0.30582844 0.30097082 0.31066431 0.29796399 0.30579381]
64 125.74128481523908 [0.3001341  0.29550911 0.28867341 0.29543699 0.27986992 0.30002932
 0.27707551 0.30538458 0.30112073 0.31053719 0.29772118 0.30615348]
65 116.9392313541531 [0.29973216 0.29517128 0.28836232 0.29504642 0.2796846  0.29956963
 0.27672726 0.30512591 0.30119537 0.31054001 0.2975759  0.30659978]
66 111.15300776358009 [0.29915663 0.29494674 0.28818452 0.29455736 0.27953045 0.2991621
 0.27638559 0.30502138 0.30116291 0.31048533 0.29737655 0.30659745]
67 111.33827378562052 [0.29866883 0.29472383 0.28812706 0.29418602 0.27949658 0.29879383
 0.27618782 0.30489946 0.3011923  0.31029688 0.29728859 0.30651602]
68 108.40864117691703 [0.29821638 0.29466015 0.28815958 0.29387558 0.27946767 0.29848746
 0.27600763 0.30479461 0.30097542 0.31024754 0.29704709 0.30641445]
69 113.94554767408579 [0.29777758 0.29454654 0.28819101 0.29351818 0.2793794  0.29815523
 0.27589317 0.30461492 0.30103697 0.31019879 0.29689221 0.30643462]
70 126.40031910345937 [0.29720694 0.29439204 0.28820034 0.29325604 0.27934041 0.2977181
 0.27573371 0.30422635 0.30115711 0.31025464 0.29665936 0.30653028]
71 106.82877676009784 [0.29671728 0.29423371 0.28829992 0.29312097 0.27929447 0.29731532
 0.27569342 0.30385798 0.30136403 0.31025422 0.29645076 0.30668212]
72 119.35642852209529 [0.29629761 0.29392757 0.2883611  0.2929791  0.27912385 0.29706785
 0.27562873 0.30350523 0.30141031 0.31017854 0.29613916 0.30694294]
73 120.48074767891603 [0.29604204 0.29365129 0.28829378 0.29281606 0.27896023 0.29670283
 0.27553228 0.30304513 0.30156241 0.31018416 0.29582366 0.30709426]
74 117.76914880409934 [0.29579039 0.29344282 0.28822793 0.29263931 0.27878168 0.29654313
 0.2754825  0.30267003 0.30175111 0.31039919 0.29549613 0.30711912]
75 109.02209895265307 [0.29565755 0.29333681 0.28828167 0.2924207  0.27855925 0.296453
 0.27531421 0.30229531 0.30191658 0.31058687 0.29514377 0.30718637]
76 111.4223181981184 [0.2955672  0.29319453 0.28833919 0.29226729 0.27827891 0.29628231
 0.27513913 0.30204912 0.30203001 0.31068722 0.29494575 0.30720521]
77 87.19557843653931 [0.29555946 0.29309698 0.28843305 0.29220594 0.27817985 0.29590297
 0.27520739 0.30184103 0.30208566 0.31085639 0.29461899 0.30724087]
78 117.23128022079051 [0.29543357 0.29291147 0.28845988 0.29198775 0.27810447 0.29550064
 0.27530682 0.30165463 0.30213636 0.31103907 0.29442223 0.30745253]
79 99.16984534386643 [0.29527575 0.29266835 0.28841576 0.29166073 0.27804172 0.29512966
 0.27545318 0.30149358 0.30216639 0.31112944 0.29411691 0.30756773]
80 87.72202897067106 [0.29521053 0.29249705 0.28844954 0.29144041 0.27802757 0.2948165
 0.2755899  0.30134137 0.3021587  0.31105707 0.29371699 0.30769173]
81 111.17875509480325 [0.29528995 0.29236033 0.28853731 0.29113628 0.27792172 0.2945641
 0.27571051 0.30094202 0.30207566 0.31100149 0.2932704  0.30790788]
82 113.36261893166484 [0.29524271 0.29230922 0.28863461 0.29075387 0.27790025 0.29433056
 0.27582265 0.30058064 0.30198385 0.31092066 0.29295934 0.30806819]
83 123.99502489736935 [0.29512288 0.29210238 0.28861982 0.29043949 0.27783783 0.29406671
 0.27609775 0.30010645 0.3018824  0.31086174 0.29255807 0.30829039]
84 127.82232915092834 [0.29511374 0.29188357 0.28848656 0.2902219  0.27779436 0.29387431
 0.27630991 0.29963627 0.3017313  0.31081613 0.29221858 0.30837691]
85 119.70856460519497 [0.29507625 0.29156268 0.28824786 0.29004803 0.27766043 0.29364158
 0.27648985 0.29907878 0.30144935 0.31084977 0.29190786 0.30851087]
86 130.48064951982593 [0.29483341 0.29140319 0.28822925 0.28991935 0.27752106 0.29337893
 0.27655846 0.29870326 0.30117282 0.31080647 0.29169511 0.3087392 ]
87 124.53887054481488 [0.2946848  0.29131171 0.28828411 0.28997178 0.2774119  0.29305795
 0.27656028 0.29828998 0.3009016  0.31082394 0.29146463 0.30879016]
88 125.43884108624272 [0.29449713 0.2912894  0.28816264 0.29011331 0.27733846 0.29267502
 0.27666892 0.29793074 0.30076437 0.31086966 0.29128876 0.30883743]
89 108.17202798926076 [0.2943064  0.29123655 0.28813054 0.29019387 0.27727833 0.29244567
 0.27670966 0.29763539 0.30064545 0.31090699 0.29119032 0.30901203]
90 98.7259084006235 [0.29412895 0.29117554 0.28798989 0.29034108 0.27724365 0.29228719
 0.27663776 0.29724544 0.30046587 0.31100267 0.29094311 0.30927019]
91 106.83515703909384 [0.29385693 0.29115007 0.2878604  0.29038125 0.27725033 0.29213399
 0.27660808 0.29693855 0.30025914 0.31109698 0.29064634 0.30949857]
92 102.34828322283495 [0.29351273 0.29113126 0.28775569 0.29036898 0.27733061 0.29193987
 0.27651118 0.29659697 0.30007884 0.31120618 0.29032643 0.30962461]
93 103.77874433739179 [0.29320353 0.29102762 0.28766384 0.29042425 0.2774129  0.29174209
 0.27645989 0.296353   0.29997874 0.31129548 0.29003014 0.30962324]
94 119.73383198344999 [0.29299519 0.29095052 0.28761735 0.29050282 0.27747011 0.29158304
 0.27647399 0.29614518 0.29987955 0.31141645 0.28978306 0.30948271]
95 113.52235024995484 [0.29280363 0.2909787  0.28749323 0.29061307 0.27750846 0.29132065
 0.27649652 0.29611011 0.29977497 0.31159046 0.28950327 0.30946069]
96 121.04289145904707 [0.292653   0.29101454 0.28731447 0.29081087 0.27759926 0.29115179
 0.27657412 0.29606028 0.29951999 0.31166052 0.28926598 0.30941251]
97 96.01730999942826 [0.29246915 0.29110029 0.28706976 0.29107777 0.27763401 0.29098387
 0.27658137 0.29610069 0.29932935 0.31178699 0.28886516 0.30912804]
98 122.12585373760871 [0.29230947 0.29115854 0.28682915 0.29129252 0.27766742 0.29077486
 0.27660834 0.29604598 0.29913732 0.31196399 0.28864836 0.30913707]
99 121.06505082304345 [0.29211763 0.29111189 0.28650601 0.29139685 0.27766113 0.29050544
 0.27661861 0.29612336 0.2989391  0.31215573 0.28851474 0.30924969]
100 123.12884104250384 [0.29185992 0.29127881 0.28631057 0.29157097 0.27768059 0.29020569
 0.27655133 0.29626254 0.29872815 0.31239305 0.28833162 0.3094399 ]
101 101.15569651513275 [0.29162495 0.29141762 0.28609822 0.29167984 0.27778846 0.28991491
 0.27655401 0.29638608 0.29846531 0.31266666 0.28810278 0.30970075]
102 95.20293709893056 [0.29145594 0.29154097 0.28596737 0.29168283 0.27795414 0.28984374
 0.27652779 0.29642224 0.29828487 0.31286649 0.28791437 0.31004086]
103 126.20077944980144 [0.29138812 0.291628   0.28590683 0.29170822 0.27812053 0.28976665
 0.27646687 0.29643087 0.29805628 0.31308526 0.28773851 0.31035069]
104 126.70129527991745 [0.29123357 0.29176117 0.2858625  0.29165564 0.27827439 0.28967439
 0.2763854  0.29651353 0.29787787 0.31324992 0.28763808 0.31062303]
105 107.60181469140883 [0.29106446 0.2918245  0.28574618 0.29164926 0.27840406 0.28967821
 0.27629403 0.29655875 0.2977467  0.31340668 0.28740742 0.31080519]
106 105.05146000224269 [0.29100834 0.29179138 0.28561864 0.29166759 0.27836643 0.28975225
 0.27624272 0.29653068 0.29763004 0.31349656 0.28720663 0.31085766]
107 103.80165669463109 [0.2908765  0.29173028 0.28551547 0.29167595 0.2783903  0.28975236
 0.27618352 0.29648576 0.2975325  0.31362465 0.28708587 0.31086181]
108 114.5133822760551 [0.29076895 0.29158087 0.28536212 0.29164929 0.2783513  0.28979383
 0.2761499  0.29643645 0.29747489 0.3137348  0.28702064 0.31083644]
109 117.35234464808337 [0.29052751 0.29136983 0.2852315  0.29168356 0.27827171 0.28982291
 0.27608712 0.29632859 0.29739742 0.31379715 0.28697264 0.31073145]
110 97.04228836253512 [0.29021075 0.29119273 0.28497042 0.29166798 0.27821746 0.28980561
 0.27603385 0.29619574 0.297352   0.31384895 0.28696055 0.31058318]
111 98.56943363052088 [0.2899831  0.29107594 0.28467516 0.29169527 0.2781808  0.28982979
 0.27593684 0.29601107 0.29725204 0.31392187 0.2869693  0.31059176]
112 113.3367603512465 [0.28981767 0.29087799 0.28445532 0.29183858 0.27822152 0.28991405
 0.27582539 0.29577075 0.2971743  0.31394049 0.28696799 0.31059578]
113 111.94680114534017 [0.28969054 0.29071202 0.28425191 0.29205517 0.27818037 0.28996547
 0.27573616 0.29545936 0.29704185 0.31393506 0.28695863 0.31061709]
114 99.63732250163947 [0.2896411  0.29044124 0.28413342 0.29228841 0.27805007 0.29007015
 0.27558882 0.29516133 0.29682863 0.31405409 0.28685132 0.310676  ]
115 124.47621594248773 [0.28958875 0.29028054 0.28404927 0.29246917 0.27785195 0.29010389
 0.27543541 0.29490412 0.29671741 0.31414972 0.28681609 0.31071436]
116 101.33203925421735 [0.28958896 0.2901714  0.28393292 0.29258073 0.2776429  0.29015668
 0.27530461 0.29469637 0.29662971 0.31424253 0.28679781 0.31079998]
117 117.50921798058347 [0.28957493 0.29009375 0.28390623 0.29274446 0.2774455  0.29025872
 0.27511437 0.29467738 0.29650398 0.31423992 0.28686149 0.31086612]
118 112.77265160225335 [0.2896192  0.28993728 0.2838258  0.29290126 0.27715444 0.29042984
 0.27491584 0.29478845 0.29655697 0.31433052 0.28696531 0.31099615]
119 119.69180812970433 [0.28958062 0.2897312  0.28374442 0.29306326 0.27688016 0.29064084
 0.27464598 0.2948065  0.29654524 0.31448146 0.28703238 0.3110513 ]
120 96.89335133301896 [0.28942815 0.28962476 0.28365505 0.29313252 0.27664158 0.29077026
 0.27435512 0.29483592 0.29661793 0.31455493 0.28711446 0.311037  ]
121 110.24796595559488 [0.28913254 0.28952475 0.28348661 0.29317739 0.27646241 0.29075467
 0.27410932 0.29482821 0.29674278 0.31463349 0.28714043 0.31114495]
122 94.31777186838701 [0.28878102 0.28949424 0.28333781 0.29329694 0.27628122 0.29069016
 0.27379107 0.29489289 0.29681266 0.31468762 0.28711464 0.31112036]
123 112.16660895179115 [0.28854414 0.28943312 0.28320172 0.29340849 0.27611456 0.29063444
 0.2734907  0.29492997 0.29691235 0.31477024 0.28713746 0.31104309]
124 124.90726914453273 [0.28822475 0.2893102  0.28308437 0.29351805 0.27590269 0.29050544
 0.27326825 0.29492749 0.29688564 0.31479535 0.28714302 0.31096666]
125 101.56083968448739 [0.28792538 0.28920402 0.28304029 0.29350461 0.27575862 0.29036256
 0.27307238 0.29492889 0.29688429 0.3147747  0.28714515 0.31097171]
126 91.08656099472222 [0.28766348 0.28908651 0.28301637 0.29350078 0.27564936 0.29018594
 0.27285448 0.29503105 0.29692    0.31480768 0.2871468  0.31114015]
127 92.59878948720278 [0.28735645 0.28900915 0.28300203 0.29349926 0.27548461 0.29000096
 0.27261788 0.29511411 0.29685656 0.31486998 0.2872019  0.31131506]
128 115.46491849564691 [0.28708357 0.28896173 0.28304697 0.29352042 0.27538682 0.28985853
 0.27239714 0.29518149 0.29683497 0.31482123 0.28722846 0.31137771]
129 99.42549632817469 [0.28685565 0.28904269 0.28306217 0.29362074 0.27534452 0.28975254
 0.27221774 0.2952844  0.29680353 0.31464644 0.28733786 0.31150256]
130 116.2908717381855 [0.28664276 0.28910424 0.28306741 0.29371736 0.27522498 0.28960392
 0.27203151 0.29540507 0.29676254 0.31453847 0.28755374 0.31159919]
131 95.90432682915588 [0.28645282 0.28920447 0.28302823 0.29381059 0.27509291 0.28947874
 0.27177441 0.29550544 0.29677717 0.314504   0.28774646 0.31168242]
132 96.41371926589832 [0.28632884 0.28930312 0.28299307 0.293867   0.27496504 0.28930668
 0.2715378  0.29559224 0.29684648 0.31439599 0.28794426 0.31178786]
133 104.02630376752566 [0.28622322 0.28938179 0.28287597 0.29392314 0.27474698 0.28918113
 0.2713806  0.29569874 0.29694003 0.3143265  0.28812456 0.31188353]
134 96.46193775966287 [0.28610424 0.2894633  0.2827316  0.29396347 0.27451026 0.28912663
 0.27130176 0.29582005 0.29698041 0.31426698 0.28834259 0.31197836]
135 99.72673354667398 [0.28600137 0.28942919 0.28266058 0.29398278 0.27428786 0.28897429
 0.27115244 0.29594964 0.29701924 0.31419133 0.28850119 0.31207302]
136 101.81062037410518 [0.28591278 0.28936573 0.2826286  0.29400742 0.27418907 0.28880713
 0.27102632 0.29607219 0.29698928 0.3141313  0.28859431 0.31218444]
137 104.54290984015387 [0.28586517 0.28938303 0.28261952 0.29404158 0.27407829 0.28870409
 0.27095403 0.29623169 0.29690852 0.3141059  0.28865684 0.31218105]
138 104.40122164324563 [0.2858523  0.28937567 0.28266329 0.29417842 0.27400075 0.28852503
 0.27088577 0.29642079 0.29685877 0.31399298 0.28874339 0.31217769]
139 110.45262281744509 [0.28574079 0.28936276 0.28273129 0.29431158 0.27387768 0.28835232
 0.27085697 0.29659945 0.29687789 0.31393691 0.28882895 0.31229865]
140 120.70717618410356 [0.28563884 0.28931554 0.2828263  0.29448512 0.27377614 0.28824903
 0.27085604 0.29668534 0.29690452 0.31379434 0.28890745 0.31244499]
141 97.62725591662424 [0.28551069 0.28927191 0.28296751 0.29462463 0.2736471  0.28815283
 0.27085791 0.29673947 0.29687578 0.31368157 0.28886831 0.31256029]
142 104.67080084013938 [0.28543839 0.28922649 0.28312525 0.29469267 0.27354912 0.28811078
 0.27083895 0.29678699 0.29685546 0.31356933 0.28885328 0.31260436]
143 109.40566306348563 [0.28531394 0.28919149 0.28327053 0.29473765 0.27351813 0.28811201
 0.27079545 0.29681982 0.29689576 0.31345661 0.28881447 0.31264586]
144 112.64115296071355 [0.28521064 0.28918695 0.2833812  0.29477492 0.27344531 0.28801503
 0.27066069 0.29686447 0.29695219 0.31328871 0.28881283 0.31268035]
145 99.18139024948769 [0.28504149 0.2891745  0.2834528  0.29479387 0.27331414 0.28792507
 0.2705766  0.29687127 0.29708492 0.31312742 0.28880515 0.31279229]
146 101.70692079442443 [0.28488449 0.289148   0.2835614  0.29478992 0.27321681 0.28785341
 0.2704963  0.29687815 0.29721875 0.31301817 0.28877447 0.31293689]
147 105.1838460192088 [0.28481646 0.28908889 0.28364221 0.29476366 0.27314711 0.28777444
 0.27041761 0.29690658 0.29731495 0.31292582 0.28876208 0.31313236]
148 105.90353422805441 [0.28475846 0.28902209 0.28370845 0.29479636 0.27303741 0.28764459
 0.27038003 0.29687125 0.29743623 0.31290432 0.28871713 0.31318213]
149 95.89469323675576 [0.28471914 0.28897121 0.28372995 0.29487521 0.27296061 0.28751876
 0.27035748 0.29688074 0.29754094 0.31290293 0.28865528 0.31315437]
150 115.8945310327882 [0.2846517  0.28899918 0.28367176 0.29491367 0.27289685 0.28741631
 0.27036359 0.29689515 0.29766121 0.31297106 0.28861935 0.31316175]
151 120.73980318373886 [0.28463038 0.28902342 0.28359111 0.29503083 0.27279756 0.2873363
 0.27037249 0.29693417 0.29778179 0.31302425 0.28863736 0.31321395]
152 122.05768840675798 [0.28457298 0.28906739 0.28354027 0.295141   0.27271538 0.28725277
 0.27038737 0.29693359 0.29787845 0.31312488 0.28865326 0.31320707]
153 103.55761581100052 [0.28448514 0.289101   0.2835437  0.29529683 0.27260241 0.28726078
 0.2703856  0.29694019 0.29801563 0.31327883 0.28869214 0.31323477]
154 111.31769639331722 [0.28438223 0.28910861 0.28352058 0.29552917 0.27248008 0.28721386
 0.27040755 0.29692531 0.29817265 0.31330676 0.28875139 0.31323954]
155 108.75552432168558 [0.28436719 0.28915054 0.28353235 0.29572616 0.27235886 0.28712601
 0.27043468 0.29692234 0.29830986 0.31341984 0.28879225 0.31321685]
156 116.69096309238793 [0.28436128 0.28921459 0.28353613 0.29587719 0.27225954 0.2870918
 0.27049948 0.29694109 0.29846205 0.31353583 0.28878295 0.31316469]
157 99.2848894969246 [0.2843257  0.28925768 0.28355267 0.29600226 0.27218512 0.28705126
 0.27056593 0.29691796 0.29857424 0.31351287 0.28887991 0.31312485]
158 107.92957119594362 [0.28428559 0.28935834 0.28359214 0.2961612  0.27214195 0.28704022
 0.27061201 0.29686012 0.29865959 0.31351899 0.28890574 0.31309822]
159 104.04842809366502 [0.28429548 0.2894221  0.28362893 0.29627251 0.27209843 0.28701267
 0.27065908 0.29677659 0.2987019  0.31355308 0.2888589  0.31299504]
160 120.11562511805366 [0.28430923 0.2894392  0.28363584 0.29633664 0.27203301 0.28696098
 0.27071391 0.29668082 0.2987138  0.31358691 0.28878046 0.31290935]
161 91.41194593855869 [0.28424173 0.28948139 0.28365047 0.29636314 0.27199731 0.2869179
 0.27078981 0.29659258 0.29874647 0.31359941 0.28873893 0.31280355]
162 104.11608932147901 [0.28418162 0.28956029 0.28367343 0.29637383 0.2719646  0.28689464
 0.27086211 0.29653483 0.29878282 0.31360185 0.28881486 0.31270302]
163 101.20052025752986 [0.28405092 0.28962313 0.28365677 0.29639315 0.27189457 0.28692363
 0.2709496  0.29649982 0.29881688 0.31359433 0.28893758 0.31257811]
164 105.53320124938682 [0.28392502 0.28970805 0.28370205 0.29639971 0.2718105  0.28697753
 0.27101357 0.29644394 0.29884662 0.31361887 0.2889886  0.31238736]
165 134.19431843501846 [0.28387101 0.28974003 0.28371143 0.29634059 0.27170567 0.28704239
 0.27104089 0.2964174  0.29892607 0.31363834 0.28904956 0.31219448]
166 81.50600590486792 [0.28380771 0.28977369 0.28370169 0.29626602 0.27157967 0.28712361
 0.27105546 0.29639515 0.29899671 0.3136595  0.28912029 0.31202843]
167 85.32749239640418 [0.28378774 0.28977486 0.28367519 0.29621851 0.27148283 0.28716004
 0.27107304 0.29629214 0.2990581  0.31369902 0.28912915 0.31179396]
168 110.26516628510439 [0.28371825 0.28976198 0.28364716 0.29610659 0.27138268 0.28718851
 0.27106405 0.29625872 0.29906805 0.31373884 0.2890929  0.31161661]
169 113.83813619963507 [0.28370345 0.28974657 0.28357763 0.29608207 0.2712944  0.28720249
 0.27108136 0.29621889 0.29908861 0.31373827 0.28904265 0.31145784]
170 99.43987258586087 [0.28364646 0.28972452 0.28349652 0.29606047 0.27119638 0.28720646
 0.27104977 0.29620213 0.29908529 0.31372121 0.28902421 0.3112695 ]
171 106.30079234523834 [0.28358636 0.28972957 0.28340368 0.2960729  0.27111665 0.28723797
 0.27105525 0.29616034 0.29905712 0.31369397 0.28898156 0.31114155]
172 104.20560050338767 [0.28357528 0.28976142 0.28334294 0.29613284 0.27104426 0.28726008
 0.27101949 0.29610936 0.2990352  0.31368377 0.28887313 0.31101324]
173 110.71715662754967 [0.28354646 0.28979735 0.28328971 0.29617776 0.27097109 0.28728328
 0.27096526 0.296037   0.298984   0.3137457  0.28878432 0.3108364 ]
174 102.6996390480362 [0.28353117 0.28980743 0.28327373 0.29621872 0.2709133  0.28730503
 0.27091751 0.2959587  0.29895858 0.31379896 0.28873026 0.3106545 ]
175 108.6768716963602 [0.28350347 0.28986769 0.28329833 0.29621128 0.27088093 0.28727717
 0.27087325 0.29590575 0.29891368 0.31382784 0.28869586 0.31053425]
176 101.77648816226993 [0.28351049 0.2898604  0.28335635 0.2962078  0.27082401 0.28718954
 0.27080021 0.29588025 0.29885571 0.31394531 0.28861918 0.31038743]
177 95.27666102820626 [0.28352483 0.28993714 0.28335387 0.29614226 0.27078101 0.28708688
 0.27072334 0.29580142 0.29875879 0.31409076 0.28853692 0.31027747]
178 116.25385114745123 [0.2835276  0.29004242 0.28337868 0.29613568 0.27070858 0.28696391
 0.27061308 0.2957511  0.29867111 0.31418193 0.28841722 0.31018213]
179 110.72635497441163 [0.28354456 0.2901959  0.28338054 0.29611945 0.27062344 0.2868444
 0.27049377 0.29569754 0.29860619 0.31421636 0.28833142 0.31008215]
180 110.55642166684973 [0.28357366 0.29037671 0.28337853 0.2961194  0.27056179 0.28674701
 0.27042851 0.29567876 0.298558   0.31423861 0.28828699 0.3099821 ]
181 109.19193472565735 [0.28360202 0.29057541 0.28336883 0.29606287 0.27049249 0.28669411
 0.27032292 0.29562382 0.29849729 0.31427057 0.28829813 0.30993352]
182 109.12167949464285 [0.28365904 0.29077368 0.28336263 0.29602682 0.27045046 0.28668868
 0.27020795 0.2955809  0.2984215  0.31432574 0.2883456  0.30983673]
183 108.68154474316464 [0.28369217 0.29095318 0.283334   0.29597899 0.27038278 0.28667479
 0.27011682 0.29549825 0.29841174 0.31432585 0.2883709  0.30978572]
184 104.49479973075621 [0.28374183 0.29112599 0.2833027  0.29595246 0.27034044 0.28669118
 0.27001187 0.29541353 0.29840693 0.31438499 0.28836531 0.30974184]
185 112.16122100706377 [0.28379692 0.29127852 0.28326088 0.29592686 0.27028881 0.28667664
 0.26993054 0.29535898 0.29842561 0.31447158 0.28836382 0.30967625]
186 98.17885545929627 [0.28385251 0.29139631 0.28323513 0.29593739 0.27021494 0.28672158
 0.26994212 0.29530276 0.29840323 0.31454113 0.288394   0.30958805]
187 96.26614923864817 [0.28387644 0.29148336 0.28323266 0.29599367 0.27013673 0.28675262
 0.26994356 0.29522112 0.29836725 0.31459847 0.28839061 0.30951704]
188 106.49574390937138 [0.28390473 0.29156612 0.28317886 0.29604767 0.27006324 0.28682384
 0.26994571 0.29512196 0.29827429 0.31464035 0.28839976 0.30945696]
189 100.80753356457444 [0.28396669 0.29163023 0.28313942 0.29606792 0.26998881 0.28690731
 0.26989632 0.29501864 0.29823061 0.3146656  0.28840669 0.3094163 ]
190 104.05672503448716 [0.28402344 0.29170458 0.28309113 0.29605621 0.26990402 0.28698522
 0.26983241 0.29492233 0.29815852 0.3147205  0.28841897 0.30934847]
191 96.13932845609962 [0.28407742 0.29178997 0.28302709 0.29607301 0.26982308 0.28704939
 0.26978458 0.294855   0.2981103  0.31480605 0.2884588  0.30926638]
192 97.14219921775566 [0.2841593  0.29189358 0.28297158 0.29608749 0.26975613 0.28712675
 0.26973604 0.29477349 0.29804005 0.31489766 0.28851777 0.30917398]
193 111.33225722877307 [0.28421466 0.29199286 0.28291708 0.29615537 0.26966854 0.28722334
 0.26971278 0.29467646 0.29795652 0.31498584 0.28857062 0.30910727]
194 99.68527026688858 [0.28422218 0.29207334 0.28284052 0.29625881 0.26959876 0.28734234
 0.26969221 0.29457344 0.29786438 0.31504164 0.28858972 0.30902207]
195 120.36433517944205 [0.28423359 0.29217801 0.28276306 0.29636272 0.26953285 0.28740763
 0.26967252 0.29449705 0.29777424 0.31511235 0.2886429  0.30892903]
196 100.43620794761438 [0.28422783 0.29229814 0.28266528 0.29649277 0.26948489 0.28741929
 0.26965259 0.29440021 0.29767779 0.31518215 0.28866032 0.30890268]
197 125.97814550600921 [0.28418188 0.29239504 0.28259723 0.29664175 0.26940163 0.28735776
 0.26963593 0.29433227 0.29762829 0.31526138 0.28870989 0.30885781]
198 98.17527978101714 [0.28411077 0.2924819  0.2825636  0.29681729 0.26935315 0.28732687
 0.26961998 0.29425667 0.29759107 0.31533577 0.28878317 0.30887893]
199 97.26259203570822 [0.28405262 0.29254225 0.28256673 0.29702425 0.26930572 0.28729449
 0.26960868 0.29418466 0.29755119 0.31544941 0.28881213 0.30886786]
200 99.23868022376648 [0.28399582 0.29258742 0.28257025 0.29720134 0.26925623 0.28726232
 0.26953892 0.29415142 0.29746328 0.31551754 0.28882141 0.30884094]
201 96.49282770379737 [0.28390145 0.2926553  0.28259911 0.29734412 0.26919699 0.28718052
 0.26948578 0.29407165 0.29737342 0.31557766 0.28880708 0.30883307]
202 107.35460533204618 [0.28377852 0.29276986 0.28267898 0.2974895  0.26914647 0.28709188
 0.26944945 0.29399628 0.29729743 0.31561385 0.28877106 0.30884172]
203 103.15785836627227 [0.28367053 0.29282512 0.28279802 0.29758612 0.26910469 0.28701278
 0.26939416 0.29393848 0.29725595 0.3156501  0.28875025 0.30886943]
204 96.29886145616406 [0.28358923 0.29285752 0.28285763 0.2976453  0.26902876 0.28696134
 0.26935156 0.29392614 0.29718639 0.3157063  0.28872146 0.30892424]
205 105.71587788017635 [0.28347906 0.29287442 0.28289017 0.29775038 0.26892957 0.28690898
 0.26929707 0.29392993 0.29712958 0.31574253 0.28869118 0.30895504]
206 104.2487849516744 [0.28336673 0.29291349 0.28291154 0.29787536 0.26884016 0.2868784
 0.26922465 0.29393065 0.29707363 0.31579268 0.28866798 0.30896585]
207 89.53181989730935 [0.28325969 0.29290921 0.28295633 0.2979738  0.26877292 0.28684164
 0.2691522  0.2938982  0.29700266 0.31583553 0.28863297 0.30895713]
208 114.17608060394483 [0.28319687 0.29294425 0.28299355 0.29803972 0.26869798 0.2867958
 0.26905893 0.2938622  0.29698434 0.3158529  0.28859114 0.3089603 ]
209 102.58784610300003 [0.28313873 0.29300503 0.28301394 0.29812196 0.2686147  0.28676592
 0.2689678  0.29379389 0.2969392  0.31589219 0.28853412 0.30897175]
210 110.57608423249802 [0.28307794 0.29303919 0.2830543  0.29820192 0.26853281 0.28673838
 0.26887121 0.29372044 0.29691763 0.31591706 0.28847245 0.30895675]
211 97.66815257647968 [0.28305362 0.29306371 0.28311235 0.29827878 0.2684464  0.2867284
 0.2687879  0.29366618 0.29693329 0.31596549 0.28844578 0.30894361]
212 119.8258107918439 [0.28302835 0.29307985 0.28315717 0.29830882 0.26835648 0.28672767
 0.26872346 0.293614   0.29695406 0.31602461 0.28843435 0.30891314]
213 95.75252213600285 [0.28300512 0.29308031 0.28317521 0.29835896 0.26828299 0.2866991
 0.26867393 0.29354081 0.2969671  0.31608959 0.28844548 0.30885887]
214 102.60751867937032 [0.28299524 0.29307697 0.28316001 0.2983559  0.26822938 0.28668292
 0.2686547  0.29347371 0.29698395 0.31618862 0.28845396 0.30880396]
215 107.79363857563266 [0.28302374 0.29308625 0.28311826 0.29838131 0.26818677 0.28667588
 0.26865021 0.29343103 0.2969955  0.31625059 0.28847229 0.30872296]
216 89.66590809456311 [0.2830584  0.29311134 0.28305579 0.29835418 0.26817284 0.28666419
 0.26864274 0.29343177 0.29696563 0.31631501 0.28852482 0.30861809]
217 96.77761248818172 [0.28311172 0.29313391 0.28300992 0.29831524 0.26814189 0.2866596
 0.26863068 0.293433   0.2969413  0.31633891 0.28854651 0.30855712]
218 95.95011822582403 [0.28314467 0.2931624  0.28294814 0.29827393 0.26810831 0.28665345
 0.26863714 0.29342001 0.29690224 0.31632914 0.28859526 0.30846693]
219 93.17341225848938 [0.28318982 0.29317125 0.28288869 0.2982416  0.26803722 0.28666024
 0.26865961 0.29339957 0.29686217 0.31629851 0.28863915 0.30840805]
220 115.93887185532766 [0.28326129 0.29316219 0.28287741 0.29816101 0.26799869 0.28664307
 0.26865676 0.29342301 0.29682211 0.31627393 0.28868027 0.30839504]
221 92.98475935929594 [0.28335123 0.29316267 0.28287371 0.29808806 0.26794703 0.28665307
 0.26865595 0.29344718 0.29679749 0.31621293 0.28867787 0.30839341]
222 86.28029504944632 [0.28340108 0.29316242 0.28286873 0.29802445 0.26789859 0.28666447
 0.26866027 0.29347108 0.29676527 0.31614062 0.28867992 0.30840251]
223 110.83537153692222 [0.28345904 0.29315678 0.28285019 0.29798607 0.26784596 0.28666223
 0.26867301 0.29349087 0.29671385 0.31609173 0.28867572 0.30837921]
224 98.93156897545302 [0.283505   0.29313853 0.28282165 0.29794957 0.2677777  0.2866505
 0.26869841 0.2935026  0.29669485 0.31602655 0.28867551 0.30836579]
225 97.69990424037476 [0.28353474 0.29309622 0.28279767 0.29786677 0.26768839 0.2866406
 0.26871234 0.29352611 0.29664945 0.31597323 0.28866116 0.30834177]
226 100.81189430719597 [0.28356309 0.29303989 0.28277867 0.2977905  0.26762093 0.28663495
 0.2687642  0.29354888 0.29657012 0.31594361 0.2886455  0.30831076]
227 107.48185169895348 [0.28358953 0.29297051 0.28275268 0.29770232 0.267581   0.28661101
 0.26881205 0.29357331 0.29649993 0.31592433 0.28866096 0.30829674]
228 89.946691200084 [0.2836258  0.29286909 0.28275823 0.29759151 0.26756779 0.28653378
 0.26883976 0.29360321 0.29646402 0.31589849 0.28870483 0.30827973]
229 92.56555042350593 [0.28364638 0.29281093 0.28275614 0.29749409 0.26752558 0.28645913
 0.2688631  0.29360796 0.29643958 0.31585758 0.28872553 0.30828184]
230 93.27339034441465 [0.28367715 0.29275886 0.2827674  0.29738467 0.26746857 0.28638649
 0.268895   0.29361582 0.2964258  0.3158534  0.28874068 0.30829057]
231 103.06506054864248 [0.28371364 0.29269356 0.28274227 0.29725647 0.26738803 0.28629592
 0.26891799 0.29359311 0.29641647 0.31584943 0.28874623 0.30831675]
232 94.95204532784831 [0.28372848 0.29264935 0.282738   0.29710595 0.26732477 0.28623531
 0.2689309  0.293548   0.29640256 0.31583901 0.28873618 0.30834206]
233 110.83199181374403 [0.28373567 0.29260214 0.28274651 0.2969739  0.26724627 0.28619421
 0.26893937 0.2935163  0.29638849 0.31583159 0.28871439 0.30838142]
234 103.3029206054508 [0.2837324  0.29254388 0.28275907 0.29686251 0.26719304 0.28615522
 0.26894559 0.29351692 0.29636897 0.31583524 0.28869519 0.30843446]
235 108.3341369722483 [0.28373608 0.29247037 0.28274662 0.29677266 0.26713739 0.28614188
 0.26893497 0.293514   0.29636753 0.31583763 0.28869393 0.30850964]
236 115.07213921484441 [0.28374395 0.29239088 0.28271239 0.29667566 0.2670916  0.28612321
 0.26893156 0.29348954 0.2963614  0.31585793 0.28869739 0.30858801]
237 114.7289006557711 [0.28375387 0.29231988 0.28269185 0.2965996  0.26703015 0.28607795
 0.26892667 0.29347206 0.29638104 0.31590685 0.28870859 0.3086526 ]
238 98.19277800398822 [0.28378635 0.292236   0.28265884 0.29652035 0.26696976 0.28603971
 0.26893239 0.29344792 0.29642607 0.31594392 0.28871045 0.30871986]
239 101.22710187645066 [0.28383111 0.29217936 0.28264315 0.29644476 0.26691522 0.28601755
 0.26894691 0.2934258  0.29644492 0.31596928 0.28873305 0.30877275]
240 99.61537047339408 [0.28387778 0.29211447 0.28262663 0.29637902 0.26687496 0.28598452
 0.26899771 0.2933942  0.29643632 0.31598723 0.28877687 0.30883489]
241 105.37530836424054 [0.28392124 0.29204396 0.28261265 0.29631455 0.26683838 0.28591837
 0.26901927 0.29341718 0.29643242 0.31597045 0.28879557 0.30889512]
242 91.19169234971852 [0.28396507 0.29196745 0.28258857 0.29625932 0.26680317 0.28585436
 0.26904795 0.29344702 0.29642205 0.31595676 0.28880889 0.30894237]
243 100.73117189557242 [0.28398023 0.29186277 0.2825598  0.29621027 0.26676551 0.28579483
 0.26908225 0.29346424 0.29642011 0.31593771 0.28882164 0.30897042]
244 83.58435024525508 [0.2839887  0.29174521 0.28252836 0.29614838 0.26674056 0.28576622
 0.26909721 0.29346599 0.29643292 0.31592569 0.28881131 0.3090008 ]
245 88.51286322159274 [0.28398506 0.2916495  0.28252578 0.29604863 0.26670022 0.28569328
 0.26908396 0.29348147 0.29643541 0.31592066 0.28880951 0.30904892]
246 111.78339918464897 [0.28397553 0.29155821 0.28252967 0.29592511 0.26667015 0.28562553
 0.26905835 0.29350168 0.29645424 0.31592263 0.28878204 0.30909692]
247 88.68775154466897 [0.28397148 0.29149237 0.28252591 0.29582056 0.26663434 0.28554598
 0.26903722 0.29350244 0.29643692 0.3158879  0.28875572 0.30913484]
248 102.1507763863539 [0.28396523 0.29142604 0.282537   0.29572348 0.26660151 0.28547374
 0.26901582 0.29349855 0.29644241 0.31587    0.28872265 0.30918111]
249 110.60619687817774 [0.2839679  0.29136488 0.28252788 0.29562589 0.26655853 0.28543114
 0.26900754 0.29350406 0.29643366 0.31585847 0.28870735 0.30919999]
250 102.73217588000517 [0.28396121 0.29133474 0.28252453 0.29553015 0.26649733 0.28539563
 0.26901117 0.29349578 0.29643901 0.31582404 0.28869396 0.3091811 ]
251 95.91720312155512 [0.28395477 0.29133445 0.28250574 0.29546658 0.26642602 0.28536043
 0.26902119 0.29349473 0.29644179 0.31578913 0.28867963 0.30915857]
252 98.6675767424356 [0.28394318 0.29133601 0.28250775 0.29540685 0.2663823  0.28534726
 0.26902485 0.29348316 0.29644159 0.31575268 0.28864328 0.30915711]
253 89.9224720022525 [0.28391546 0.2913526  0.28251868 0.29533264 0.26631295 0.28532738
 0.2690415  0.29349201 0.2964556  0.31573697 0.2886276  0.30917838]
254 102.61770027998904 [0.28387054 0.29137368 0.28252554 0.29527276 0.26625601 0.28530315
 0.26907019 0.29351078 0.29644968 0.3157383  0.28862854 0.30921531]
255 106.15470716190853 [0.28381953 0.29139027 0.28254236 0.29521408 0.26619666 0.2852904
 0.26910859 0.29349968 0.29644041 0.3157671  0.28863423 0.30924663]
256 95.9434157541656 [0.2837801  0.29141539 0.28257808 0.29520661 0.26615307 0.2852812
 0.26913018 0.29348465 0.2964318  0.31581092 0.28863784 0.30927576]
257 86.00576582077912 [0.28376607 0.29141515 0.28262872 0.29522486 0.26611861 0.28527253
 0.26915149 0.29346898 0.2964288  0.31587199 0.28865021 0.30933412]
258 106.8158597826934 [0.28375584 0.29140553 0.28268189 0.2952549  0.26610704 0.2852483
 0.26916806 0.29347684 0.29641939 0.31592906 0.28866728 0.30936833]
259 103.10796084316107 [0.28375492 0.29140587 0.282726   0.29528654 0.26610477 0.28520843
 0.26917586 0.29344646 0.29642985 0.31597244 0.28870409 0.30941055]
260 102.35941329759584 [0.28374644 0.29139102 0.28277349 0.2953002  0.26608601 0.28517752
 0.26918701 0.29342565 0.29641938 0.31600992 0.28872553 0.30945214]
261 117.96151336825221 [0.28373076 0.29136754 0.28280323 0.29530253 0.26606372 0.28514206
 0.26920988 0.29340838 0.2964174  0.31605611 0.28874469 0.309483  ]
262 108.50207252059226 [0.28371607 0.29133918 0.28283341 0.2953159  0.26602704 0.28509568
 0.26922771 0.29339632 0.29643321 0.31609642 0.28877337 0.30951002]
263 116.08443754477537 [0.28371309 0.29129788 0.28285654 0.29532509 0.26598903 0.2850619
 0.26925185 0.2934143  0.29645326 0.31614478 0.28879476 0.30954123]
264 87.55146941288139 [0.28372738 0.29126641 0.28287256 0.29533453 0.26596341 0.28501986
 0.26929677 0.29340745 0.29647111 0.31616763 0.28881814 0.3095721 ]
265 92.01987298069294 [0.28371145 0.29125759 0.28289534 0.29533833 0.26591702 0.28498543
 0.26932336 0.29339567 0.29650099 0.31619944 0.28883589 0.30960615]
266 94.02256117526166 [0.28369492 0.29125572 0.28292557 0.29532793 0.26587911 0.28494952
 0.26935224 0.29338628 0.29651304 0.31621196 0.28886402 0.30955644]
267 112.43109365821444 [0.28365616 0.29124961 0.28296002 0.29531147 0.26583696 0.28494471
 0.26938274 0.29338022 0.29655083 0.31621904 0.28888182 0.30951615]
268 100.92370833646102 [0.28364539 0.29125747 0.28299904 0.29529294 0.26580015 0.2849345
 0.2694228  0.29336777 0.29657349 0.31623228 0.28888638 0.30946337]
269 93.08839824527647 [0.28362223 0.29128001 0.2830041  0.29529951 0.26574438 0.28493466
 0.26946297 0.29337343 0.29658245 0.31625246 0.28888586 0.30942739]
270 100.68809196620946 [0.28360543 0.29129751 0.28300421 0.2952788  0.26569038 0.28492893
 0.26948759 0.29338629 0.29658377 0.31628202 0.28888718 0.30940375]
271 93.07126423167165 [0.28358922 0.29131014 0.28298956 0.295244   0.26565118 0.28492549
 0.26948904 0.29338496 0.29656828 0.31631374 0.28889796 0.30936893]
272 85.05995426677924 [0.28359473 0.29132513 0.28298258 0.2951917  0.26561028 0.28491622
 0.26949242 0.29337826 0.29657616 0.31632884 0.28892262 0.30934673]
273 113.45582498053687 [0.28359418 0.29133982 0.28297754 0.29514963 0.26557315 0.28491123
 0.26950477 0.29338401 0.29658371 0.31634127 0.2889407  0.30933092]
274 116.8624067893465 [0.28360014 0.29131819 0.28297997 0.29509754 0.26555217 0.28490795
 0.2695188  0.2933931  0.29657746 0.31633496 0.28894843 0.30928854]
275 104.55940510305078 [0.28360582 0.29128782 0.28297212 0.29508064 0.26552902 0.28490626
 0.26952936 0.29339326 0.29659663 0.31634491 0.28895173 0.30926643]
276 100.96849049132788 [0.28359264 0.29127086 0.2829715  0.29505617 0.26549364 0.28491292
 0.26952689 0.29340338 0.29660839 0.31634855 0.28894827 0.30925198]
277 106.58335214995847 [0.28358529 0.29124871 0.2829812  0.29502459 0.26547923 0.28491997
 0.26951572 0.2934122  0.29661659 0.31635376 0.28893919 0.30924379]
278 89.29072611505536 [0.28356647 0.29122976 0.28297499 0.29501181 0.26546026 0.28492383
 0.26951401 0.29341491 0.29663619 0.31635406 0.28892749 0.30922572]
279 107.28018004080103 [0.28353658 0.29121754 0.28298304 0.29501016 0.26544154 0.28491445
 0.2695057  0.29340852 0.29665346 0.31635828 0.28891865 0.30920693]
280 93.6454815445066 [0.28351333 0.2912176  0.28299117 0.29498952 0.26543409 0.28489136
 0.26949683 0.29342375 0.29666055 0.31636618 0.28890395 0.30917854]
281 108.87602968021048 [0.28350775 0.29122039 0.28300422 0.29494468 0.26541874 0.28487059
 0.26948556 0.29344899 0.29667628 0.31638134 0.28888967 0.30917946]
282 101.44073526811323 [0.2835072  0.29121964 0.28301605 0.29490986 0.26541796 0.28485459
 0.26949155 0.29346525 0.29668082 0.31639871 0.2888664  0.30917523]
283 99.61773020069747 [0.28351332 0.29122272 0.28302517 0.2948767  0.26540224 0.2848298
 0.26949662 0.29347785 0.29668687 0.31642559 0.28883745 0.30916855]
284 99.20589106386547 [0.2835185  0.29121895 0.28303847 0.29485049 0.26539898 0.28482123
 0.26950008 0.29350998 0.29667625 0.31644835 0.28881071 0.30916226]
285 97.86872813151761 [0.28351833 0.29121959 0.28307285 0.29483515 0.26539505 0.28479316
 0.26949794 0.29353262 0.29668619 0.31647405 0.2887501  0.30915828]
286 122.72100060032044 [0.28352026 0.29123786 0.28307608 0.29480944 0.26539008 0.28476354
 0.26948318 0.29355134 0.29670137 0.3165021  0.28869298 0.30913421]
287 100.4145673394008 [0.2835171  0.29126532 0.2830987  0.29480506 0.26536639 0.28474309
 0.26947    0.29357217 0.29673355 0.31652939 0.28863771 0.30910867]
288 93.4821301219338 [0.28350829 0.29128635 0.28309617 0.29482236 0.2653472  0.28472442
 0.26945926 0.29357673 0.2967748  0.31655846 0.28858772 0.30905036]
289 98.2657227159091 [0.2834928  0.29129646 0.28310205 0.2948363  0.26534432 0.28471378
 0.26944996 0.29358894 0.29681434 0.31658954 0.28854997 0.30900688]
290 83.40468438039701 [0.28347983 0.29127995 0.28309153 0.29484773 0.26534055 0.28471046
 0.26944522 0.29360805 0.29681161 0.31661328 0.28851608 0.30898496]
291 101.49834858523764 [0.28343296 0.29127632 0.28308903 0.29485401 0.26534074 0.28471128
 0.26944706 0.29361566 0.29678362 0.31664792 0.28849683 0.30896011]
292 118.48215655916691 [0.28339061 0.29126936 0.28309134 0.29487442 0.26534008 0.28471878
 0.2694443  0.2936226  0.29675992 0.31667626 0.28848226 0.30894085]
293 109.60986114907834 [0.283342   0.2912816  0.28309621 0.29488386 0.26534344 0.28472399
 0.26943567 0.29361596 0.29675243 0.31672248 0.28847289 0.30893458]
294 90.19559766962514 [0.28330075 0.29129068 0.28309643 0.29488626 0.26534609 0.28474815
 0.26942636 0.29360672 0.29674921 0.3167587  0.2884816  0.30891033]
295 88.24539124304876 [0.28327939 0.29130038 0.28308572 0.29489575 0.26535783 0.28477385
 0.26939879 0.29361036 0.29674275 0.31675894 0.28848588 0.30889233]
296 107.39697864469525 [0.28326137 0.29131106 0.28307174 0.29491418 0.26537376 0.28480195
 0.26937254 0.2936143  0.29673131 0.31675579 0.28849605 0.30886102]
297 96.45433720654812 [0.28324881 0.29130832 0.28306268 0.29492529 0.26539347 0.28482054
 0.26934278 0.29361771 0.29672271 0.3167541  0.2885079  0.30886201]
298 89.63246092254505 [0.28323862 0.29130272 0.28304898 0.29491483 0.26540168 0.28483025
 0.26930358 0.2936317  0.29670547 0.31675709 0.28850898 0.308851  ]
299 95.82637716301198 [0.28322223 0.29130428 0.28303866 0.29491627 0.26540868 0.2848508
 0.26927999 0.29363821 0.29669438 0.31676088 0.28850711 0.30883952]
300 83.05415730098807 [0.28321768 0.29130512 0.28303018 0.29491724 0.26541295 0.28486244
 0.26925302 0.29364911 0.29668907 0.31676575 0.28852211 0.30882769]
301 96.88149756489214 [0.28321292 0.29130398 0.28303053 0.29491584 0.26541051 0.28487202
 0.26923531 0.29367444 0.29667495 0.31677621 0.28853602 0.30882836]
302 106.24865408735496 [0.28321502 0.29132573 0.28303495 0.29489882 0.26539942 0.2849015
 0.26921678 0.29368769 0.29666828 0.31676534 0.28854335 0.30881364]
303 88.29890587404276 [0.28323129 0.29133317 0.28303055 0.29490409 0.26537864 0.28491994
 0.26920717 0.29369168 0.29665457 0.31674514 0.28854292 0.30879089]
304 100.817854321341 [0.28325704 0.29135276 0.2830354  0.29490732 0.26537474 0.28494448
 0.26920457 0.29370766 0.29664316 0.31671243 0.28852305 0.3087378 ]
305 96.63607102449424 [0.28328746 0.29136176 0.28303227 0.29491561 0.2653783  0.28497766
 0.26920503 0.29371901 0.29663872 0.31667263 0.28850037 0.30869184]
306 91.21453237169735 [0.28332161 0.29136715 0.28302539 0.29491681 0.26537971 0.28500645
 0.26919518 0.29372813 0.29664183 0.31663973 0.28846548 0.30864787]
307 93.69173516389046 [0.28334797 0.29136499 0.28300803 0.294904   0.26537784 0.28504354
 0.2691777  0.29373773 0.29663493 0.31661434 0.28843147 0.30861388]
308 108.6429324302658 [0.28336643 0.29137358 0.28299191 0.29488197 0.26537741 0.28506887
 0.26915826 0.29372544 0.29662338 0.31659445 0.28839724 0.30857498]
309 97.93497414763992 [0.28339432 0.29137511 0.282971   0.2948529  0.26538125 0.28508567
 0.26913436 0.29372471 0.29662043 0.31657658 0.28836331 0.30854185]
310 98.61627934030123 [0.28342945 0.29136839 0.28295606 0.29481601 0.26539348 0.28510004
 0.26912137 0.29373031 0.29661324 0.31656869 0.28833917 0.30852211]
311 94.23128143772493 [0.28346134 0.29138663 0.28293022 0.29476813 0.26537341 0.28511325
 0.26911028 0.2937216  0.29660741 0.31655714 0.28831839 0.30850799]
312 101.51359807875048 [0.28348529 0.29140491 0.28290001 0.29472894 0.26535257 0.2851291
 0.26910605 0.29371661 0.29660492 0.31654814 0.28831516 0.30849255]
313 89.76268060465094 [0.28350429 0.29143186 0.28287318 0.2947011  0.26534265 0.28515069
 0.26909834 0.29370627 0.29660261 0.31654478 0.28831796 0.30847854]
314 90.17826276798988 [0.2835249  0.29146596 0.28284623 0.29467434 0.26532859 0.28516285
 0.26909364 0.29369265 0.29657827 0.3165419  0.28832851 0.30847241]
315 90.23003704218402 [0.28354194 0.29149728 0.28283549 0.29465009 0.26532313 0.28517152
 0.26909064 0.29367206 0.2965428  0.31655009 0.28833099 0.30846426]
316 93.7232421070899 [0.28354393 0.29153879 0.2828346  0.29463312 0.26532738 0.28517988
 0.2690863  0.29364894 0.29650894 0.3165647  0.28832398 0.30846859]
317 96.7443874042476 [0.2835443  0.29158119 0.28283317 0.2946199  0.26533765 0.28518177
 0.26907312 0.29362147 0.2964781  0.31658094 0.28832408 0.30845096]
318 94.43975221447337 [0.28354261 0.29162601 0.28283425 0.29460464 0.26535587 0.28518545
 0.26906512 0.29360206 0.2964647  0.31659318 0.2883295  0.30843724]
319 106.57701625657648 [0.28355225 0.29165705 0.28284338 0.29459354 0.26536353 0.28517721
 0.26905693 0.29356524 0.29645357 0.31658967 0.28833573 0.30842792]
320 109.65387945467853 [0.28356967 0.29169756 0.28283702 0.29457243 0.26536704 0.28517789
 0.26905228 0.29352762 0.29643251 0.3165917  0.28836383 0.30843746]
321 116.64298361945009 [0.28358473 0.29173351 0.28283502 0.2945451  0.26537745 0.28518498
 0.26905193 0.29349734 0.29641955 0.31659243 0.28837867 0.30843783]
322 104.09680251882753 [0.28358396 0.29175604 0.2828346  0.29451994 0.26538422 0.28519027
 0.2690483  0.29347942 0.29641042 0.31659129 0.28840397 0.30843902]
323 91.13449164126651 [0.28357954 0.29177467 0.28282875 0.29450394 0.26539426 0.28518792
 0.26903905 0.29345146 0.29640804 0.31659695 0.28842722 0.30844321]
324 91.27736146180939 [0.28355769 0.29179675 0.28281644 0.29450342 0.26540261 0.28519102
 0.26904115 0.29341748 0.29641358 0.31659863 0.28844726 0.30846054]
325 107.3949585533937 [0.28353531 0.29181929 0.2828056  0.29450331 0.26540615 0.28519429
 0.26903369 0.29338063 0.29641904 0.31659665 0.28847161 0.30847366]
326 108.95685544315477 [0.28352329 0.29184347 0.28279064 0.29449884 0.2654132  0.28519824
 0.26902469 0.2933547  0.296443   0.31657744 0.28849332 0.30847313]
327 108.32263066424923 [0.28350282 0.29185899 0.28278095 0.29449946 0.26541435 0.28518993
 0.26902251 0.29335036 0.29647739 0.3165634  0.28851848 0.30848175]
328 95.09449331290543 [0.28348818 0.29186879 0.28277289 0.2945018  0.26541893 0.28519106
 0.26900893 0.29334744 0.29650134 0.31654828 0.28854282 0.30849175]
329 90.15896771402242 [0.28347715 0.29187591 0.28275712 0.29451595 0.26542737 0.28518843
 0.26899763 0.29335252 0.29651731 0.31653925 0.28856747 0.30849184]
330 114.13193045975163 [0.28345485 0.29187744 0.28274837 0.29452743 0.26542276 0.28518342
 0.2689845  0.29334569 0.2965339  0.31655191 0.28858329 0.30851035]
331 95.6472573567026 [0.2834227  0.29188748 0.2827413  0.29454001 0.26541649 0.28518077
 0.26896917 0.29333802 0.29653819 0.31656802 0.2885964  0.30853094]
332 98.77037081524301 [0.28338748 0.29189915 0.28274471 0.29456564 0.26540695 0.28518
 0.26895315 0.29332843 0.29652126 0.31659094 0.28861747 0.30855602]
333 97.84815519381439 [0.2833551  0.29190867 0.28274477 0.29459718 0.26539644 0.28517375
 0.26893424 0.29332633 0.29651732 0.31661174 0.28863444 0.30856853]
334 88.74288972182333 [0.28333982 0.29192024 0.28274186 0.29462016 0.26537391 0.28517274
 0.26890295 0.29332508 0.29651033 0.31663915 0.28863951 0.30857458]
335 106.95564552569029 [0.28333512 0.29193066 0.28274673 0.29463271 0.26534985 0.28517407
 0.26888094 0.29332303 0.2965018  0.31666767 0.28864287 0.30858391]
336 100.50821496346416 [0.28332155 0.29195606 0.28275042 0.29464466 0.26532842 0.28517203
 0.26886345 0.29331227 0.29649833 0.31668756 0.28865017 0.30859046]
337 85.33926155454586 [0.28330186 0.29197883 0.2827455  0.29465931 0.26530656 0.28516894
 0.26884881 0.29330559 0.29650118 0.31670103 0.28866414 0.30859399]
338 79.33624098541003 [0.28328679 0.29200536 0.28274153 0.29468059 0.26528556 0.28516523
 0.26884272 0.29330341 0.29650712 0.3167233  0.28867495 0.30859797]
339 90.36905393512063 [0.28328032 0.29203506 0.28273681 0.29470162 0.26527186 0.28516277
 0.26883321 0.29330513 0.29650999 0.31674677 0.28868308 0.30860694]
340 106.19362365327726 [0.28327163 0.29205716 0.28273557 0.29471301 0.26525414 0.2851572
 0.2688066  0.2933075  0.29651031 0.31677226 0.28868625 0.30862042]
341 84.88421754271695 [0.2832588  0.29207234 0.28273734 0.2947176  0.26523926 0.28515568
 0.26877711 0.2933074  0.29650659 0.31679822 0.28869084 0.30863717]
342 102.76514459574415 [0.28325187 0.29208471 0.2827296  0.29472807 0.26522304 0.28515015
 0.26875058 0.29330338 0.29649937 0.31682641 0.28870235 0.30864476]
343 99.37111556679397 [0.2832379  0.29209139 0.28271852 0.29473855 0.26521575 0.28514703
 0.2687294  0.2933078  0.29648226 0.31684312 0.28871948 0.30865131]
344 83.75485432328189 [0.28322572 0.29210069 0.28270208 0.29474402 0.26521052 0.28514489
 0.2687119  0.29331546 0.29647264 0.31687364 0.28873263 0.30865674]
345 98.32031304493287 [0.28321468 0.29210554 0.2826883  0.29474551 0.2651966  0.28514872
 0.26869828 0.29331874 0.2964671  0.31690583 0.28874718 0.30864959]
346 98.97052880875611 [0.28319963 0.29210742 0.28268136 0.29473445 0.26517947 0.28514583
 0.26868917 0.29332007 0.29646403 0.31693302 0.2887675  0.30863767]
347 104.04964854847344 [0.28318494 0.29211738 0.28267371 0.29472667 0.26516399 0.28514019
 0.2686799  0.2933155  0.29645644 0.31695932 0.28877676 0.30862307]
348 92.30018450260121 [0.28316954 0.29213009 0.28266367 0.29472434 0.26515026 0.28514264
 0.26867884 0.29330892 0.29644922 0.31697941 0.2887933  0.30861702]
349 77.81948606152557 [0.28316138 0.29214763 0.28265418 0.29471398 0.26513992 0.2851473
 0.26867358 0.29329445 0.29643682 0.31699991 0.28881124 0.30861194]
350 88.07423648121089 [0.28316171 0.29217317 0.28264607 0.29470482 0.26513346 0.28514681
 0.26866933 0.29327246 0.29642412 0.31701062 0.28882961 0.30861382]
351 86.59990209812399 [0.28315963 0.29218944 0.28263631 0.29469614 0.26512756 0.28514141
 0.26866846 0.29326019 0.29642103 0.31702619 0.28885409 0.30861174]
352 107.09031369750141 [0.28316657 0.29219217 0.28263458 0.29469332 0.26512137 0.28514764
 0.2686653  0.2932503  0.29640978 0.31703644 0.28888071 0.30861242]
353 74.8779243435034 [0.28317341 0.29220502 0.28262833 0.29469178 0.26511776 0.28515153
 0.26866253 0.29324061 0.29639859 0.31704431 0.28889665 0.30861629]
354 107.4581731926522 [0.28318195 0.29221744 0.28262508 0.29469605 0.26511348 0.2851523
 0.26865822 0.29323736 0.2963904  0.31704969 0.28890663 0.30861498]
355 94.84045886491512 [0.28319566 0.29222971 0.28261947 0.29470057 0.26511537 0.28514816
 0.26865465 0.29323225 0.29638469 0.31705729 0.28892005 0.30861141]
356 110.42189429786663 [0.28320485 0.29223671 0.28261277 0.29470461 0.26511392 0.28514187
 0.2686515  0.29322145 0.29638485 0.31705315 0.28893583 0.30861361]
357 93.88326903937528 [0.28321106 0.29224301 0.28260263 0.29470414 0.26511174 0.28513482
 0.26865513 0.29321384 0.29638152 0.31705277 0.28895014 0.30860707]
358 82.69620196165391 [0.28322048 0.29225191 0.28259452 0.29470697 0.26510842 0.28512508
 0.2686541  0.29320752 0.29638061 0.31704801 0.28895897 0.3086039 ]
359 113.4764437064363 [0.28323845 0.29225367 0.2825843  0.29471196 0.26510432 0.28512004
 0.26864767 0.29319947 0.29637529 0.31702438 0.28897441 0.30860735]
360 99.95842146760302 [0.28325692 0.29226395 0.28257295 0.29471908 0.26509929 0.28510869
 0.2686397  0.29318372 0.29636122 0.31700293 0.28898821 0.30860676]
361 103.98870801730924 [0.28326955 0.29227869 0.2825598  0.29473426 0.26508876 0.28510026
 0.2686252  0.29317844 0.29634743 0.3169911  0.28900206 0.30859608]
362 94.04526195967185 [0.28327928 0.29229168 0.28255295 0.29474884 0.26508248 0.28508897
 0.26861638 0.29316711 0.29634218 0.31698134 0.28901583 0.30858527]
363 85.16042582611765 [0.28328638 0.29230159 0.28253976 0.29475268 0.2650777  0.28507583
 0.26860661 0.29315176 0.29633707 0.31698454 0.28902602 0.30857137]
364 86.79404320156071 [0.28328948 0.29229795 0.28252733 0.29475223 0.26506739 0.28506869
 0.26859817 0.29313441 0.29633595 0.31699544 0.28902947 0.30854718]
365 98.61047376562865 [0.28329395 0.29229254 0.2825185  0.29474918 0.26506211 0.28506499
 0.26859423 0.29312269 0.2963334  0.31700538 0.28903859 0.30853246]
366 105.74273225251497 [0.28329702 0.29228904 0.28251713 0.29475028 0.26505529 0.28506801
 0.26858627 0.293121   0.2963196  0.31701409 0.28904368 0.30851574]
367 88.37461661788998 [0.28329436 0.29227885 0.28251243 0.29475221 0.26504946 0.28507445
 0.26857316 0.29311972 0.29630365 0.31702283 0.28904544 0.3085075 ]
368 92.09531798392086 [0.28329255 0.29227521 0.28250974 0.29475726 0.26502913 0.28508351
 0.26856205 0.29311965 0.29628771 0.31702868 0.28904461 0.30849826]
369 101.59057474078548 [0.28329434 0.29227972 0.28249663 0.29476081 0.26501322 0.2850875
 0.26855044 0.29311087 0.29627237 0.31702996 0.28904272 0.30849617]
370 89.84491855885476 [0.28329644 0.2922901  0.28248335 0.29476135 0.26500126 0.2850875
 0.26854447 0.29309957 0.2962607  0.31702465 0.28903916 0.30849423]
371 93.1898760961403 [0.28329762 0.29229733 0.28247169 0.29477025 0.26498475 0.28509089
 0.26853997 0.29309197 0.29624562 0.31701666 0.2890295  0.30848691]
372 88.39137284392993 [0.28328981 0.29229632 0.28245985 0.29478584 0.26496581 0.28509176
 0.2685361  0.29308967 0.29623225 0.31701544 0.28902456 0.30847869]
373 100.73525019077779 [0.28328133 0.29228738 0.28244573 0.2948036  0.264945   0.28509763
 0.26853793 0.29308241 0.29621046 0.31702072 0.28902441 0.30846824]
374 97.18562992598658 [0.28327728 0.29227278 0.28244005 0.29482336 0.26492499 0.28510326
 0.26855224 0.29307204 0.29619354 0.31702226 0.28902393 0.30845094]
375 92.18608603453136 [0.28327271 0.29225374 0.28243732 0.29484131 0.26490512 0.28510983
 0.26856385 0.2930644  0.29618174 0.31702185 0.28902178 0.30843857]
376 93.0424630409336 [0.28327778 0.29223452 0.2824345  0.29484853 0.26488526 0.28510969
 0.26857381 0.29306027 0.29617721 0.3170242  0.28901715 0.3084241 ]
377 86.85665623255963 [0.28327935 0.29222057 0.28242956 0.29485595 0.26486529 0.28511307
 0.26858143 0.29306256 0.29617466 0.31702422 0.28901278 0.30841219]
378 112.2492043774671 [0.28327594 0.29220203 0.28243108 0.29486201 0.26484768 0.28511996
 0.26859159 0.29305964 0.29617209 0.31702744 0.28901425 0.30840108]
379 98.77361119383033 [0.28327396 0.29219615 0.28243117 0.29486305 0.26483244 0.28513125
 0.2686001  0.29305987 0.29616849 0.31703358 0.28901413 0.30839117]
380 96.42848019751443 [0.28327777 0.29218969 0.28243019 0.29485911 0.26481894 0.28514577
 0.26860763 0.29306133 0.29617016 0.31703496 0.28901328 0.30838238]
381 88.9518329808502 [0.28328438 0.29218371 0.28242993 0.29485153 0.26480344 0.28515618
 0.2686124  0.29305769 0.29617056 0.31704208 0.28901097 0.30837857]
382 109.45324266822992 [0.28329246 0.29218408 0.28243291 0.29484985 0.26479359 0.28516394
 0.26862211 0.29305614 0.29616789 0.31703378 0.28900392 0.30837389]
383 102.3189723799129 [0.2833021  0.29218098 0.28244045 0.29484847 0.26478075 0.285172
 0.26863324 0.29305214 0.29616497 0.3170268  0.28899745 0.30837368]
384 85.85457566488364 [0.28331131 0.29217575 0.28244753 0.29485287 0.26476902 0.28518053
 0.26863979 0.29304976 0.29616246 0.31702346 0.28899403 0.30837227]
385 107.6693680729733 [0.28332462 0.29217545 0.2824523  0.29486125 0.2647574  0.28519102
 0.26864075 0.29304389 0.29616326 0.31702609 0.28898923 0.30836993]
386 96.37460022080735 [0.28333143 0.29217491 0.28246168 0.29487217 0.26473597 0.2852033
 0.26863916 0.29304378 0.29615966 0.31702952 0.28898498 0.30836937]
387 101.95874731485148 [0.28333982 0.29217191 0.28246763 0.29488321 0.2647153  0.28521218
 0.26863549 0.29303632 0.29615554 0.31703673 0.28897638 0.30836359]
388 100.27603465267404 [0.28334704 0.29216857 0.282472   0.29489198 0.264699   0.28522132
 0.2686329  0.29302806 0.29614656 0.31704559 0.28896611 0.30836138]
389 98.5823264442816 [0.28334592 0.29217146 0.28247616 0.29490163 0.26468844 0.2852332
 0.26862603 0.29301682 0.29613769 0.31705206 0.28896164 0.3083606 ]
390 110.77925384222775 [0.28334592 0.2921776  0.2824743  0.29491344 0.26467656 0.28525182
 0.26861941 0.29300344 0.29612745 0.31706159 0.28895734 0.30835631]
391 117.73289561080094 [0.28334687 0.2921787  0.28247076 0.29492023 0.26466199 0.28527584
 0.26860836 0.29299594 0.29611583 0.31707621 0.28896128 0.30835752]
392 90.78017037366251 [0.28334563 0.29218272 0.28247154 0.29492434 0.2646449  0.28529345
 0.26859583 0.29298888 0.29610503 0.31709371 0.28896505 0.30834625]
393 105.47768939895943 [0.28333961 0.29218416 0.28247589 0.29492738 0.26462868 0.28531289
 0.26858032 0.29298558 0.29609839 0.31710409 0.28896631 0.30832866]
394 99.96572171216837 [0.28333392 0.2921874  0.28247857 0.29493148 0.26461592 0.2853295
 0.26856553 0.29298191 0.29609003 0.31712112 0.2889702  0.30831179]
395 96.47330700481876 [0.28332957 0.29219053 0.28248716 0.29493859 0.26459803 0.28534761
 0.26855392 0.29297259 0.29608987 0.31714194 0.28897599 0.30830025]
396 107.88324593326413 [0.28332517 0.29219423 0.28249802 0.29494417 0.26458552 0.28536425
 0.2685448  0.29296348 0.29608783 0.3171594  0.28898083 0.30828711]
397 86.30137055232748 [0.28332001 0.29220435 0.28251104 0.29495207 0.26457358 0.28537683
 0.26853191 0.29295273 0.2960805  0.31716944 0.28898175 0.30827341]
398 91.53101641205737 [0.28331056 0.29220959 0.28252281 0.29495497 0.26456512 0.28538306
 0.26852251 0.29293882 0.2960747  0.31718106 0.28898307 0.30825531]
399 109.5494036177448 [0.2832892  0.29221634 0.28253132 0.29496521 0.26455427 0.28539461
 0.26851742 0.29293288 0.29607421 0.31719187 0.28898439 0.30823896]
400 107.86393468796308 [0.2832735  0.29222474 0.28253133 0.29497224 0.264545   0.28540645
 0.26851473 0.29293061 0.29607531 0.31719738 0.28898353 0.30822494]
401 104.34100413090414 [0.28326437 0.29223082 0.28252947 0.29498172 0.2645342  0.28541632
 0.26851468 0.29293091 0.29607776 0.31720564 0.28898456 0.30820717]
402 96.97226214401127 [0.28325998 0.29223696 0.28252715 0.29499143 0.26452289 0.28542503
 0.26851512 0.29293326 0.29608115 0.31721109 0.28898904 0.30818898]
403 97.10881127770949 [0.28325199 0.29224088 0.28252338 0.29500159 0.26450976 0.28543223
 0.26852039 0.2929331  0.29608685 0.31721418 0.28899347 0.30817533]
404 92.78968810424367 [0.28324518 0.29224316 0.28251973 0.29500951 0.26450015 0.28543927
 0.26852197 0.29293726 0.29609111 0.31721642 0.28899665 0.30816195]
405 86.69633925670169 [0.28323754 0.29224498 0.28251936 0.29501735 0.26448712 0.28544529
 0.26852163 0.29293853 0.29609675 0.31722134 0.28899281 0.30815633]
406 94.6057166951906 [0.28323175 0.29224688 0.28251889 0.29502717 0.26447759 0.28545098
 0.26852059 0.29293942 0.29610119 0.31722636 0.28898822 0.30814848]
407 92.78975978918832 [0.28322229 0.29224435 0.28251586 0.29503468 0.26446467 0.28545492
 0.26852483 0.29293903 0.29610087 0.31722812 0.28898187 0.30813785]
408 98.169889509672 [0.28321498 0.29224387 0.28251456 0.29504031 0.26445127 0.28545419
 0.26852696 0.29294449 0.29610331 0.31723114 0.28897613 0.30813077]
409 107.12513059787392 [0.28321184 0.29224139 0.28251305 0.2950415  0.26444735 0.28544934
 0.26853083 0.29294826 0.29611168 0.31723551 0.28896914 0.30812492]
410 117.24216638218194 [0.2832053  0.29224245 0.28251191 0.29503865 0.26444355 0.28544364
 0.26853565 0.2929512  0.29612265 0.3172376  0.28896506 0.30812283]
411 99.83623990314436 [0.28320037 0.29224239 0.28251196 0.29503585 0.26444178 0.28543845
 0.26854322 0.29295358 0.29613341 0.31723801 0.28895944 0.30811919]
412 81.97787038728856 [0.28319884 0.29224786 0.28250977 0.29503492 0.26443794 0.28543201
 0.26855297 0.29295608 0.29614109 0.3172407  0.28894933 0.30812076]
413 111.58220250590747 [0.28319618 0.29225351 0.28250971 0.29503683 0.26443767 0.28542972
 0.26855905 0.29295898 0.29614973 0.31724135 0.28894332 0.30812579]
414 86.69892364487123 [0.28319074 0.29225598 0.2825084  0.29503819 0.26443732 0.28543121
 0.26856599 0.29296026 0.29615676 0.31724294 0.28893691 0.30813464]
415 93.43519760354573 [0.28318574 0.29226065 0.28250098 0.29503651 0.26443412 0.28543221
 0.26856786 0.29295826 0.29616187 0.31724474 0.28892549 0.30814326]
416 85.77652397692245 [0.28318142 0.29225983 0.28249467 0.29503595 0.26442903 0.28543196
 0.2685705  0.29295587 0.29616868 0.31725147 0.28891294 0.30815027]
417 105.71508076247619 [0.28317722 0.29226247 0.28248823 0.29503398 0.2644197  0.28543249
 0.26857604 0.29295704 0.29617466 0.31725974 0.28889987 0.30815784]
418 87.64666290696516 [0.28317467 0.29226367 0.2824819  0.29503072 0.26441135 0.28543435
 0.26857869 0.29295685 0.2961799  0.31727076 0.28888729 0.30816284]
419 97.2989064008665 [0.28316972 0.29226267 0.28247531 0.29502527 0.2644051  0.28543849
 0.26858275 0.29295368 0.29617835 0.3172817  0.2888758  0.30817148]
420 108.57223275076211 [0.2831652  0.29226077 0.2824689  0.29502011 0.26440005 0.28544327
 0.268585   0.29294871 0.29617446 0.31729471 0.28886514 0.30817997]
421 95.11274174014827 [0.28316211 0.29226063 0.28246633 0.29501138 0.26439768 0.28544932
 0.26858739 0.29294656 0.29617232 0.31730299 0.2888569  0.30818915]
422 96.98862113273114 [0.28315935 0.29226018 0.2824635  0.2950034  0.26439537 0.2854543
 0.26858558 0.29294841 0.29616576 0.31731183 0.28884478 0.30819783]
423 94.3941867419031 [0.28315735 0.29225867 0.28246154 0.29500138 0.2643935  0.28545702
 0.26858355 0.29295382 0.29616325 0.31732113 0.28883831 0.30820778]
424 116.93006738741074 [0.28315338 0.29225448 0.28245296 0.2950073  0.26439284 0.28546161
 0.26858243 0.29295489 0.2961615  0.31732836 0.28883355 0.30821589]
425 101.01859623557843 [0.28315014 0.29224652 0.2824468  0.29501381 0.26439028 0.28546264
 0.26858069 0.29295253 0.29616238 0.31733591 0.28882771 0.30822096]
426 108.19142055015725 [0.28314531 0.29223635 0.28244356 0.29501872 0.26438789 0.28546471
 0.26858183 0.29295383 0.29616022 0.31734634 0.28882646 0.30822722]
427 98.73542809451074 [0.28314064 0.29222803 0.2824398  0.29502303 0.26438826 0.28546781
 0.26858146 0.2929559  0.29616153 0.31735887 0.28882111 0.30823025]
428 93.41230416498848 [0.2831341  0.29222187 0.28243418 0.29502419 0.26438717 0.28547397
 0.26858296 0.29296032 0.29616435 0.31736692 0.2888174  0.30823469]
429 80.58256037949114 [0.28312368 0.29221582 0.28243244 0.29502025 0.26438547 0.28547986
 0.26858023 0.29296292 0.29616902 0.31737061 0.28881508 0.30823895]
430 88.31091265448822 [0.28312255 0.29221048 0.28243059 0.29502345 0.26438507 0.2854847
 0.26857758 0.29296865 0.29617092 0.31737047 0.28881406 0.30824116]
431 101.25942666775029 [0.2831205  0.29220521 0.28242786 0.29502642 0.26438482 0.28549127
 0.26857413 0.29297467 0.29617226 0.31736784 0.28881696 0.30824128]
432 79.54199928873955 [0.28311902 0.29219827 0.2824253  0.29502502 0.26438266 0.28548985
 0.268573   0.29298179 0.29617221 0.31736629 0.28881868 0.30824431]
433 91.13978466387367 [0.28311655 0.29219132 0.28241934 0.29502769 0.26437921 0.28548445
 0.26857141 0.29298834 0.29617051 0.31736631 0.28881885 0.30824673]
434 107.54746840816566 [0.28311524 0.29218461 0.28240911 0.29503283 0.26437843 0.28548097
 0.26856939 0.29299293 0.29617001 0.31735991 0.28882119 0.308245  ]
435 102.94088616522927 [0.28311359 0.29217809 0.28240467 0.29503566 0.26437773 0.28547871
 0.2685666  0.29299852 0.29616954 0.31735481 0.28882193 0.30824197]
436 93.81719161019643 [0.28311028 0.29217359 0.28239972 0.29504257 0.26437743 0.2854784
 0.26856378 0.2930032  0.29617608 0.31734646 0.28882312 0.30824358]
437 121.1034833771383 [0.28310747 0.29217264 0.28239672 0.29504501 0.26437688 0.28547813
 0.26855902 0.29300685 0.29617993 0.31734018 0.28881975 0.30824556]
438 98.65907273087714 [0.28310449 0.29217065 0.28239416 0.29504838 0.2643759  0.28547862
 0.2685505  0.29300676 0.29617887 0.31733472 0.28881672 0.30824216]
439 93.6523758953751 [0.28310205 0.29216962 0.28239146 0.29505112 0.26437414 0.28547792
 0.26854395 0.29300435 0.29617758 0.31733144 0.28881574 0.30823738]
440 90.31121855988518 [0.28310243 0.2921717  0.28238839 0.29505335 0.26436978 0.28548175
 0.2685403  0.29300393 0.29617684 0.31733381 0.2888148  0.30823341]
441 105.85463790952002 [0.28310001 0.2921728  0.28238788 0.295054   0.2643676  0.28548497
 0.26853871 0.29300366 0.29617574 0.31733623 0.28881586 0.30822911]
442 81.17755012524331 [0.28309729 0.29217267 0.28238345 0.29505409 0.26436627 0.2854907
 0.26853615 0.2930027  0.29617829 0.31733685 0.28881727 0.30822748]
443 113.3401304685022 [0.28309145 0.29217444 0.282383   0.29505398 0.26436357 0.28549397
 0.26853533 0.29299918 0.29618616 0.31733533 0.28881764 0.30822837]
444 74.2605744050931 [0.2830897  0.29217772 0.28238302 0.29505089 0.26436021 0.28550066
 0.26853736 0.29299575 0.29619534 0.31733188 0.28881723 0.30822975]
445 92.26590016443808 [0.28308837 0.2921799  0.28238662 0.29504558 0.26435565 0.28550701
 0.26854167 0.29299354 0.29620208 0.31732729 0.28881681 0.30823317]
446 98.03625395230975 [0.28307979 0.29218333 0.28239077 0.29503518 0.26435032 0.28550859
 0.26854485 0.29299221 0.29621184 0.31732578 0.2888164  0.30823639]
447 97.24764690778547 [0.28307269 0.2921862  0.2823929  0.29501947 0.26434855 0.28551179
 0.26854387 0.29299108 0.29622002 0.3173213  0.28881587 0.30823977]
448 100.99961828727268 [0.28306509 0.29218788 0.28239265 0.2950064  0.2643463  0.28551324
 0.26854327 0.29299157 0.29622488 0.31731281 0.2888129  0.30824468]
449 83.06627476005104 [0.28305839 0.29218825 0.28239322 0.29499486 0.26434497 0.28551518
 0.26854557 0.29298968 0.29622827 0.31730741 0.28881487 0.3082492 ]
450 110.1762603985326 [0.28305086 0.29219032 0.28239462 0.29498506 0.26434342 0.28551569
 0.26854944 0.29298772 0.29623177 0.31730199 0.28881664 0.30825354]
451 104.84724847143244 [0.28304052 0.29219081 0.28239824 0.29497639 0.26434469 0.28551652
 0.26855578 0.29298412 0.2962374  0.31729376 0.28881777 0.3082557 ]
452 92.11566965046345 [0.28303163 0.29219132 0.28240313 0.29497066 0.26434687 0.28551806
 0.26856129 0.29298033 0.29624329 0.31728658 0.28882322 0.30825481]
453 89.85566898028704 [0.28301976 0.29218938 0.28240852 0.29496401 0.26434921 0.28552039
 0.26856571 0.29297566 0.29624976 0.31728173 0.28882536 0.3082564 ]
454 90.51822074774465 [0.28301075 0.29218915 0.282412   0.2949601  0.26435109 0.28552768
 0.26856971 0.29297076 0.29625396 0.31727874 0.28882743 0.30825515]
455 87.15978076578 [0.28300643 0.29219043 0.28241587 0.29495821 0.2643516  0.28552588
 0.26857186 0.29296694 0.29625983 0.31727468 0.28883453 0.30825099]
456 107.74604648784695 [0.28300722 0.29219213 0.28241741 0.29495576 0.26435626 0.28552117
 0.26857197 0.29296397 0.2962674  0.31726782 0.28883762 0.30824527]
457 104.35221898108341 [0.2830106  0.2921939  0.28242002 0.29495388 0.26435875 0.28551828
 0.26857052 0.29296231 0.29627537 0.31726109 0.28883957 0.30823971]
458 107.94519112856713 [0.28301387 0.29219564 0.28242492 0.29495123 0.26436322 0.28551369
 0.2685672  0.29295831 0.29628161 0.31725324 0.28884156 0.30823731]
459 103.41906328745648 [0.28301482 0.29219607 0.2824281  0.29494815 0.26437011 0.28550637
 0.26856524 0.2929569  0.29628925 0.31724465 0.2888453  0.30823713]
460 105.39236759448946 [0.28301598 0.29219833 0.28243013 0.29494529 0.26437439 0.2854989
 0.26856003 0.29295537 0.29629959 0.3172363  0.28884814 0.30823322]
461 105.8180202604841 [0.28301648 0.29220189 0.28243195 0.29494248 0.26437757 0.28549277
 0.26855208 0.29295481 0.29630993 0.31723033 0.28885122 0.30823078]
462 84.67503590923093 [0.28301278 0.2922004  0.28243148 0.29493778 0.26437606 0.28548608
 0.2685485  0.29295464 0.29631578 0.3172296  0.28885377 0.30822876]
463 99.20779630306843 [0.28301312 0.29219662 0.2824271  0.29493527 0.26437238 0.28547597
 0.26854599 0.29295344 0.29632396 0.31722718 0.28885371 0.30822513]
464 87.35813957047387 [0.28301246 0.29219174 0.28242416 0.29493163 0.26437029 0.28546644
 0.26854441 0.29295198 0.29633167 0.31722371 0.2888532  0.30822071]
465 82.86500075837323 [0.28300866 0.29218582 0.28242179 0.29492779 0.26436843 0.28545623
 0.26854325 0.29294759 0.29634247 0.31722105 0.28885378 0.30822074]
466 109.813472606358 [0.28300518 0.29218143 0.28241777 0.29492283 0.26436623 0.28544817
 0.26854032 0.29294599 0.29635234 0.31721632 0.28885317 0.30821886]
467 108.04725147383748 [0.28300264 0.29217772 0.28241549 0.29491798 0.26436372 0.2854399
 0.26853811 0.29294317 0.29636273 0.31721112 0.28885289 0.3082169 ]
468 83.18221828815669 [0.2829994  0.29217606 0.28241157 0.29491299 0.26436002 0.28543093
 0.26853651 0.29294046 0.29637229 0.31720746 0.28885284 0.30821483]
469 83.09778318746537 [0.28299595 0.292178   0.28240805 0.29490648 0.26435427 0.28542259
 0.26853553 0.29293881 0.29637918 0.31720606 0.28885219 0.30820889]
470 101.54488873940366 [0.28299273 0.2921783  0.28240645 0.29490051 0.26434925 0.28541497
 0.26853795 0.2929355  0.29638481 0.31720788 0.28885532 0.30820652]
471 117.91977850462692 [0.28298861 0.29217893 0.28240592 0.29489505 0.26434549 0.28540748
 0.26854021 0.29293199 0.29638831 0.31720853 0.28885756 0.30820414]
472 112.55670243988118 [0.28298383 0.29218181 0.28240773 0.29488907 0.26434007 0.2854017
 0.26854095 0.29292759 0.29639045 0.31721197 0.2888573  0.30820194]
473 108.46254746361238 [0.28298033 0.29218515 0.28240981 0.29488477 0.26433577 0.28539564
 0.26854173 0.29292453 0.2963923  0.31721501 0.28885936 0.30820162]
474 99.92054842323209 [0.28297804 0.29219052 0.28241264 0.29487957 0.26432983 0.28538956
 0.26854047 0.29292237 0.29639416 0.31721704 0.28886033 0.30820096]
475 105.18755560612064 [0.28297255 0.2921953  0.28241259 0.2948748  0.26432378 0.28538581
 0.26854066 0.29292133 0.29639675 0.31721749 0.2888587  0.30820246]
476 102.36681490670988 [0.28296627 0.29219671 0.28241529 0.29486729 0.26431941 0.28538022
 0.26853815 0.29291856 0.29639564 0.31721911 0.28885818 0.30820305]
477 96.74500478264025 [0.28296192 0.29219908 0.2824166  0.29486165 0.26431682 0.28537753
 0.26853603 0.29291407 0.29639551 0.31722076 0.28885923 0.30820407]
478 99.9133779763913 [0.28295823 0.29220057 0.28241859 0.29485752 0.26431372 0.285377
 0.26853299 0.29290881 0.29639578 0.31721934 0.28886069 0.30820547]
479 89.43348822533557 [0.28295466 0.29219738 0.28242011 0.29485472 0.26431022 0.28537604
 0.26852886 0.29290382 0.29639635 0.31721657 0.28886246 0.30820881]
480 106.34719963383085 [0.2829511  0.29219386 0.28242401 0.2948526  0.26430733 0.28537573
 0.26852375 0.2929014  0.29639613 0.31721503 0.28886357 0.30821137]
481 109.7664622973155 [0.2829493  0.29218949 0.2824245  0.29485216 0.26430314 0.28537412
 0.26851857 0.29290027 0.29639474 0.31721232 0.28886256 0.30821444]
482 106.92870526857226 [0.28294611 0.29218382 0.28242434 0.29485107 0.26429842 0.285373
 0.26851429 0.29289964 0.29639203 0.31721177 0.28886217 0.3082188 ]
483 96.47924617372021 [0.28294203 0.292178   0.28242364 0.2948481  0.26429296 0.28537175
 0.26851144 0.29289766 0.29639087 0.31721162 0.28886355 0.3082233 ]
484 101.14432468906841 [0.28294006 0.29217208 0.28242287 0.29484579 0.26428814 0.28537286
 0.26850792 0.29289436 0.29639183 0.31721214 0.28886508 0.30822657]
485 103.398510044381 [0.28293843 0.29216647 0.28242136 0.29484324 0.2642846  0.28537383
 0.26850294 0.29289384 0.29639067 0.31721052 0.2888665  0.30822784]
486 91.19634983408145 [0.28293686 0.29216193 0.28241902 0.29484207 0.26428039 0.28537159
 0.2685     0.29289261 0.29638903 0.31721142 0.28886833 0.30822957]
487 96.4781689759033 [0.28293603 0.29215755 0.28241525 0.29483937 0.26427791 0.28537027
 0.26849702 0.29289269 0.29638897 0.31721185 0.28886909 0.3082301 ]
488 100.97400396596572 [0.28293654 0.29215158 0.28241251 0.29483819 0.26427644 0.28536936
 0.26849385 0.29289098 0.29638788 0.31721192 0.28886868 0.30823104]
489 83.26915808183963 [0.28293707 0.29214459 0.28240696 0.29483971 0.26427527 0.28536891
 0.26849017 0.29288985 0.2963847  0.31721165 0.28886529 0.30823221]
490 104.22322914864893 [0.28293573 0.29213887 0.28240362 0.29483966 0.26427419 0.28536711
 0.26848648 0.29288817 0.29638266 0.31721261 0.28886101 0.3082323 ]
491 86.85268797415175 [0.28293537 0.29213346 0.2823982  0.29483691 0.26427409 0.28536354
 0.26848505 0.29288565 0.29638138 0.31721438 0.28885629 0.30823317]
492 105.85280666145444 [0.28293425 0.29212686 0.28239322 0.29483342 0.26427321 0.28536092
 0.26848155 0.29288192 0.29637782 0.31721613 0.28885227 0.30823356]
493 105.52314983705035 [0.28293279 0.29212078 0.28238895 0.29483138 0.26427135 0.28535877
 0.26847747 0.29287708 0.29637416 0.31722006 0.28884759 0.30823318]
494 86.23064873464872 [0.28293254 0.29211605 0.28238219 0.29482786 0.26427075 0.2853569
 0.26847439 0.29287033 0.29636913 0.31722054 0.28884511 0.3082333 ]
495 83.60570654316514 [0.28293058 0.2921136  0.28237566 0.29482353 0.26427307 0.28535588
 0.26846984 0.29286548 0.29636671 0.3172225  0.28884229 0.30823296]
496 90.69887983477366 [0.28293165 0.29211173 0.28237164 0.29481777 0.26427469 0.28535412
 0.26846552 0.29286088 0.29636352 0.31722395 0.28884163 0.30823397]
497 97.29441390651712 [0.28292937 0.29210907 0.28236799 0.29481493 0.26427624 0.28535174
 0.26846258 0.29285751 0.29635528 0.31722472 0.28884193 0.30823504]
498 88.4971646503844 [0.28292712 0.29210668 0.28236295 0.29481325 0.2642792  0.28534943
 0.26846068 0.29285413 0.29634663 0.31722514 0.28884254 0.30823665]
499 96.51079623413322 [0.282924   0.29210284 0.28235692 0.29481125 0.26428104 0.2853441
 0.26846225 0.29285036 0.29633725 0.3172242  0.28884476 0.30823845]
