0 4000.0 [0.292593   0.29259301 0.292593   0.292593   0.29259304 0.2925931
 0.29259411 0.29259302 1.         0.29259301 0.29259298 0.29259299
 0.29259298 0.29259298 0.29259307 1.         0.29259303 0.29259298
 0.29259336 1.         0.29259298 0.29259331 0.29259299 0.29259307
 1.        ]
1 4000.0 [0.28679906 0.28667173 0.28662565 0.28651601 0.28660901 0.2863818
 0.28656034 0.28660417 1.         0.28646095 0.28653399 0.28661751
 0.28652699 0.28668644 0.28642874 1.         0.28650416 0.28664171
 0.28661876 1.         0.28655554 0.2865227  0.28641081 0.28667043
 1.        ]
2 4000.0 [0.28138794 0.28137349 0.28109485 0.28107769 0.28138004 0.28106403
 0.28091185 0.28111656 1.         0.28114453 0.28104673 0.28128795
 0.28099723 0.28129906 0.28085594 1.         0.28107423 0.28132128
 0.28117692 1.         0.28106078 0.28122667 0.28103195 0.28136081
 1.        ]
3 4000.0 [0.27643025 0.27652601 0.27609277 0.27594459 0.27639158 0.27601706
 0.27576411 0.27617721 1.         0.27624305 0.27592539 0.2762361
 0.27576672 0.27623878 0.27582422 1.         0.27621503 0.27622463
 0.27603819 1.         0.27595166 0.27619398 0.27597584 0.2762697
 1.        ]
4 4000.0 [0.27179871 0.2719771  0.27133255 0.2710464  0.27155252 0.27140774
 0.27096089 0.2713866  1.         0.27170166 0.2710483  0.27142259
 0.27087963 0.2715327  0.27098053 1.         0.27146209 0.27141392
 0.27115657 1.         0.27105861 0.2714245  0.27116391 0.27122046
 1.        ]
5 4000.0 [0.26742228 0.2675325  0.26691421 0.26641929 0.26687188 0.26708845
 0.2663824  0.26674188 1.         0.26731928 0.26635908 0.26687656
 0.26608749 0.26709781 0.26641561 1.         0.2669748  0.26688417
 0.26645434 1.         0.26633869 0.26680366 0.26647007 0.26646621
 1.        ]
6 4000.0 [0.26318865 0.26315661 0.26264684 0.26198746 0.26238131 0.26269167
 0.26205236 0.26224654 1.         0.26305594 0.26187077 0.26229429
 0.26153591 0.26286486 0.26204208 1.         0.26264146 0.26254428
 0.26195844 1.         0.26177831 0.26242216 0.26198182 0.26187648
 1.        ]
7 4000.0 [0.25916312 0.25889038 0.25849455 0.2576775  0.25807832 0.25842103
 0.25784735 0.25782681 1.         0.25891884 0.2575104  0.25780765
 0.25713404 0.25867344 0.25778728 1.         0.25850769 0.25828719
 0.25764702 1.         0.25742362 0.25816049 0.25764183 0.25733204
 1.        ]
8 4000.0 [0.25523469 0.25467795 0.25439449 0.25357432 0.25397121 0.25429625
 0.25378719 0.25353581 1.         0.25485012 0.25335863 0.25342035
 0.25295719 0.25460258 0.25364175 1.         0.25443622 0.25421883
 0.25341939 1.         0.25315565 0.25398373 0.25348126 0.25296237
 1.        ]
9 4000.0 [0.25137909 0.25058433 0.2505319  0.24960317 0.25003112 0.25025104
 0.24985124 0.24941991 1.         0.25088888 0.249429   0.24928274
 0.24889292 0.25060405 0.24964774 1.         0.25042956 0.25027309
 0.24924301 1.         0.24901198 0.25009248 0.24949746 0.2487157
 1.        ]
