0 102.44873257841078 [0.29634337 0.30384414 0.30196895 0.30009375 0.30103135 1.
 0.29634337 1.         0.30196895 0.29634337 0.29915616 1.        ]
1 889.960223819177 [0.29454586 0.30383929 0.2999471  0.29888502 0.30135138 1.
 0.29432607 1.         0.30205906 0.2969356  0.29875658 1.        ]
2 536.7172054215429 [0.29244387 0.30453351 0.29880009 0.2980532  0.30146707 1.
 0.29394467 1.         0.3027509  0.29771307 0.29819351 1.        ]
3 122.16866691569868 [0.29120927 0.30429673 0.29752968 0.29788801 0.30100422 1.
 0.29392103 1.         0.30405437 0.2979596  0.29782046 1.        ]
4 100.2014039284617 [0.28981912 0.30389217 0.29632886 0.29858792 0.29986555 1.
 0.29391709 1.         0.30531568 0.29835941 0.29748604 1.        ]
5 106.7260766692527 [0.28842899 0.30363162 0.29495948 0.29929184 0.29921746 1.
 0.29350897 1.         0.30634531 0.29922117 0.29672733 1.        ]
