0 13436.272599591519 [0.3023766  0.29715867 0.30041987 0.29781091 0.30107212 0.3023766
 0.51245646 0.30041988 0.78731118 0.29911539 0.29911539 0.51571767
 0.51245646]
1 14985.684099210008 [0.30489948 0.29489567 0.30047937 0.29584311 0.30106023 0.3050424
 0.51106327 0.30069728 0.78735078 0.29879201 0.29909219 0.51621861
 0.51272631]
2 15330.563508634054 [0.30688794 0.29315548 0.30119003 0.29492004 0.30002316 0.30637153
 0.51044181 0.30093139 0.78746938 0.29709484 0.2984436  0.51570258
 0.5124603 ]
3 14055.324772493357 [0.30698812 0.29192779 0.30219561 0.29408201 0.29918845 0.30716431
 0.51055542 0.30056601 0.78757652 0.29693927 0.29835952 0.51520923
 0.51232435]
4 13734.900596685648 [0.30694102 0.29076184 0.30289654 0.29422134 0.29821768 0.30796318
 0.51047277 0.30014353 0.78780905 0.29665946 0.29837525 0.51560872
 0.51210607]
5 15002.303490779894 [0.30700332 0.28970165 0.30348994 0.29423021 0.29760913 0.30852094
 0.5103261  0.29981261 0.78819598 0.29546941 0.2984898  0.51574137
 0.51207098]
6 14072.915544380596 [0.30725044 0.28891625 0.30419959 0.29436041 0.29703719 0.30871158
 0.51003596 0.29953427 0.78877549 0.29410786 0.298286   0.51594866
 0.51178588]
7 13170.855680157183 [0.30756469 0.28839389 0.30430892 0.29441569 0.29670808 0.30955563
 0.50983397 0.29913738 0.78939012 0.29261554 0.2979488  0.51594819
 0.51170344]
8 13108.944347094508 [0.30829411 0.28763619 0.30499598 0.29466702 0.29651267 0.3101732
 0.51008969 0.29910141 0.78995334 0.29153733 0.29803392 0.51620336
 0.51163366]
9 13455.316096237704 [0.30828206 0.28712188 0.30537183 0.2953415  0.29599769 0.31065799
 0.5098779  0.2991578  0.79011535 0.29068352 0.29777863 0.51648211
 0.51171484]
10 12166.836059790798 [0.30842067 0.28636288 0.30566719 0.29581848 0.29557524 0.31107977
 0.50976183 0.29937866 0.79028744 0.28963713 0.29760494 0.51662086
 0.51200593]
