0 75.41967619138516 [0.29821856 0.30196895 0.30009375 0.30103135 0.30009377 0.30009376
 0.30103135 1.         0.29915616 0.29915616 0.30196895 1.        ]
1 79.83840142564611 [0.29795977 0.30312177 0.29845297 0.30047944 0.30280475 0.30032354
 0.30168698 1.         0.30092313 0.29909853 0.30400246 1.        ]
2 61.0719095666751 [0.29689083 0.30401971 0.29841762 0.29867842 0.30419576 0.30002442
 0.30193311 1.         0.30279038 0.29864152 0.30442794 1.        ]
3 78.84210196861147 [0.29665135 0.30522419 0.29701408 0.29730483 0.3048063  0.29972597
 0.30259185 1.         0.3049789  0.29850411 0.30441867 1.        ]
4 89.22402041387085 [0.29612317 0.30620061 0.29527793 0.29577069 0.30544484 0.29937932
 0.30335672 1.         0.30644988 0.29860345 0.30450421 1.        ]
5 64.07326722510342 [0.29561186 0.30677886 0.29357515 0.29396823 0.30562809 0.29937301
 0.3047805  1.         0.3087483  0.29878693 0.30352883 1.        ]
6 67.67804863272295 [0.29449322 0.3073557  0.29200533 0.29219839 0.30519994 0.29935328
 0.30605609 1.         0.31075597 0.29903457 0.30306675 1.        ]
7 77.15856185267828 [0.29340168 0.30827924 0.29027467 0.29060502 0.30445192 0.29968856
 0.30721716 1.         0.31271821 0.29922477 0.30216002 1.        ]
8 63.14325168626769 [0.29237265 0.30948344 0.28903198 0.28917023 0.30359437 0.30001928
 0.30835553 1.         0.3139057  0.29947614 0.30093374 1.        ]
9 67.64351248959008 [0.29151781 0.31006509 0.28790428 0.28758344 0.30230306 0.30054273
 0.30937943 1.         0.31478029 0.30012047 0.30037318 1.        ]
10 57.36051964832179 [0.2912617  0.31051676 0.28674104 0.28613967 0.3005065  0.30124581
 0.3106227  1.         0.3153704  0.30064858 0.29960775 1.        ]
11 57.75578002219019 [0.29072657 0.31097265 0.28502549 0.28502686 0.29896963 0.30187835
 0.311435   1.         0.3159838  0.30146141 0.29894361 1.        ]
12 48.85676257673855 [0.29030833 0.31155191 0.28351517 0.28395715 0.2977496  0.30233809
 0.31199408 1.         0.31641454 0.3022732  0.29857996 1.        ]
13 63.24398919455037 [0.28987359 0.31201505 0.28203985 0.28285688 0.29663152 0.30242722
 0.3125687  1.         0.31674749 0.30301043 0.29826648 1.        ]
14 53.0397226614516 [0.28949628 0.31291342 0.28095423 0.2818614  0.2952492  0.30278827
 0.31301327 1.         0.3174467  0.30312139 0.29767922 1.        ]
15 39.136387053931514 [0.28942224 0.31337803 0.2800361  0.2810014  0.29405052 0.30331032
 0.31316961 1.         0.31800134 0.30319339 0.29742135 1.        ]
16 44.95638612205528 [0.28938833 0.31391681 0.27933102 0.28008576 0.29284406 0.30388452
 0.31327135 1.         0.3187624  0.30355332 0.29714664 1.        ]
17 46.33345454183625 [0.28933965 0.31399493 0.27854612 0.27953569 0.29166114 0.30442824
 0.3131984  1.         0.31940859 0.30406182 0.2972518  1.        ]
18 34.997957370356524 [0.28947554 0.3141146  0.27775405 0.27920983 0.29049261 0.30494606
 0.31305094 1.         0.32032497 0.30445185 0.29705068 1.        ]
19 46.56242625271368 [0.29005814 0.31409023 0.27692065 0.27873286 0.28948729 0.30521455
 0.31322405 1.         0.32112217 0.30459766 0.29667694 1.        ]
20 33.356333716325906 [0.29038486 0.31389495 0.27590187 0.27789624 0.28847921 0.30551632
 0.31334011 1.         0.32190749 0.30440614 0.29656331 1.        ]
21 32.74363975705974 [0.29046415 0.31331701 0.27498724 0.27711615 0.2878161  0.30606616
 0.31374713 1.         0.32225876 0.30433711 0.29618018 1.        ]
22 29.54704289742972 [0.29044755 0.31260367 0.27388954 0.27657795 0.28698933 0.30620255
 0.31413447 1.         0.32257486 0.30382812 0.29579244 1.        ]
23 41.644043005603706 [0.29034103 0.31181327 0.27263843 0.27598029 0.2864736  0.3060524
 0.31484425 1.         0.32252408 0.30326001 0.29526811 1.        ]
24 44.93418323662688 [0.28996751 0.31083311 0.27113418 0.27532351 0.28611543 0.30537985
 0.31570557 1.         0.32260519 0.3027149  0.29477453 1.        ]
25 460.0882528963382 [0.28985604 0.31004518 0.26966641 0.27478303 0.28591381 0.30482542
 0.31628889 1.         0.32233965 0.30189237 0.29448452 1.        ]
26 37.41217746257392 [0.28966992 0.30934316 0.26839129 0.27420811 0.28572445 0.3040886
 0.31665096 1.         0.32211065 0.30111237 0.29423112 1.        ]
27 29.07227890632182 [0.28933179 0.30876742 0.26718389 0.27368496 0.28525874 0.30328157
 0.3173639  1.         0.32191523 0.30081514 0.2943056  1.        ]
28 28.429215441556025 [0.28919304 0.30818639 0.26617053 0.27316161 0.2847708  0.30207108
 0.31847496 1.         0.32139032 0.30077426 0.2940671  1.        ]
29 32.81169070623829 [0.28880385 0.30733721 0.26511222 0.27278412 0.28448669 0.3010783
 0.31964598 1.         0.32108981 0.30062816 0.29403485 1.        ]
30 26.02908274389017 [0.28808946 0.30651211 0.26364089 0.27257261 0.28425265 0.30003911
 0.32103607 1.         0.32065022 0.30040104 0.29396595 1.        ]
31 20.46215330661407 [0.2875736  0.30548323 0.26232893 0.27214058 0.28366566 0.29925147
 0.32228921 1.         0.32045372 0.30038659 0.29382581 1.        ]
32 446.9230723089861 [0.28668448 0.30443003 0.26118561 0.27171439 0.28321694 0.29850163
 0.32344949 1.         0.32015391 0.30032843 0.29378951 1.        ]
33 20.091672692660467 [0.28606401 0.30332223 0.26006639 0.27135673 0.28280582 0.29798452
 0.32476412 1.         0.31967783 0.30024891 0.29380945 1.        ]
34 21.302459633876282 [0.28549056 0.30239989 0.25884591 0.27116878 0.28249836 0.29774486
 0.32613073 1.         0.31947374 0.30001596 0.29393056 1.        ]
35 20.700707995863237 [0.28529145 0.30135462 0.25762633 0.27095205 0.28225174 0.29749341
 0.32764125 1.         0.31913751 0.29963012 0.29406834 1.        ]
36 28.715821929635176 [0.2850844  0.30078231 0.25662059 0.27073336 0.28170374 0.29727679
 0.32893299 1.         0.31892866 0.29950541 0.29401021 1.        ]
37 22.597095900585835 [0.28502542 0.30041491 0.25577732 0.27020208 0.28125443 0.29700726
 0.33006671 1.         0.31848526 0.29960747 0.29385133 1.        ]
38 22.841794578591475 [0.2849499  0.29979313 0.25505514 0.26961757 0.28070985 0.29670617
 0.33100024 1.         0.31804501 0.29976339 0.29354568 1.        ]
39 19.090543100409224 [0.28489148 0.29902871 0.25442096 0.26917781 0.28014831 0.29660822
 0.33179533 1.         0.3175358  0.29981326 0.29310904 1.        ]
40 15.520885875139278 [0.28496818 0.29845174 0.25391751 0.26890037 0.2794604  0.29644837
 0.33271383 1.         0.31705115 0.29978705 0.29287037 1.        ]
41 14.609114062511992 [0.28516282 0.29801767 0.25355244 0.26888113 0.27869279 0.29629068
 0.33381809 1.         0.31675726 0.29957244 0.29240598 1.        ]
42 17.10606703560906 [0.28535438 0.29749401 0.25317573 0.268969   0.2777166  0.29612105
 0.33491728 1.         0.31657464 0.29943623 0.29185355 1.        ]
43 13.615258825251237 [0.28562396 0.29697495 0.2525577  0.26879136 0.27671387 0.29590974
 0.33586017 1.         0.31671069 0.29942035 0.29133959 1.        ]
44 13.930306199021157 [0.28593848 0.29628796 0.25174896 0.26849719 0.27580968 0.2957863
 0.3368319  1.         0.31682061 0.29981746 0.29102523 1.        ]
45 15.40619436315616 [0.28597471 0.29576732 0.25114442 0.26833071 0.27541955 0.29582902
 0.33767678 1.         0.31668909 0.29993289 0.29094496 1.        ]
46 19.54668441052945 [0.2855572  0.29545689 0.25046739 0.268358   0.27500318 0.29622921
 0.33863317 1.         0.31679856 0.29991744 0.29070669 1.        ]
47 20.95199809109063 [0.28502503 0.29510467 0.24973475 0.26850277 0.27441716 0.29653883
 0.33967932 1.         0.31684688 0.29992955 0.29013766 1.        ]
48 15.548355175900586 [0.2843624  0.2947951  0.24923795 0.26864466 0.27396246 0.29684309
 0.34057737 1.         0.31692735 0.30007272 0.28964095 1.        ]
49 12.45094674561361 [0.28367514 0.29458909 0.2487169  0.26883283 0.27385497 0.29732177
 0.3416921  1.         0.31677623 0.30068609 0.28962676 1.        ]
50 18.00842711254681 [0.28310644 0.29405474 0.24838785 0.26910209 0.2736668  0.29727494
 0.34232899 1.         0.31662331 0.30123111 0.2893169  1.        ]
51 19.119604413640943 [0.28241784 0.29358543 0.24826755 0.26943494 0.2734448  0.2974637
 0.34285667 1.         0.31643235 0.30187128 0.28902682 1.        ]
52 15.866946677904814 [0.28153239 0.29318471 0.24824781 0.26972879 0.2732287  0.2977102
 0.34345795 1.         0.31590477 0.3025617  0.28891206 1.        ]
53 15.138749499996631 [0.28099899 0.29258362 0.24793942 0.27008571 0.27293324 0.29796302
 0.34413104 1.         0.31570472 0.30323782 0.2889419  1.        ]
54 14.893558020250321 [0.28054749 0.29197857 0.24761113 0.27029428 0.27249504 0.29838751
 0.34476164 1.         0.31540683 0.30388306 0.28898203 1.        ]
55 16.225329022828543 [0.27984953 0.29125634 0.24714964 0.27043822 0.27211278 0.298516
 0.34496782 1.         0.31513869 0.30470194 0.28911811 1.        ]
56 14.743190431826527 [0.27870986 0.29072575 0.24671826 0.27060363 0.27174319 0.29862664
 0.34445474 1.         0.31508828 0.30549096 0.28900834 1.        ]
57 19.56117817139102 [0.27743687 0.29018328 0.245921   0.27072294 0.27126519 0.29892954
 0.34437928 1.         0.31508391 0.30644226 0.28920091 1.        ]
58 13.328880355835924 [0.27635466 0.28964179 0.24501724 0.27088291 0.27082747 0.29926393
 0.34451998 1.         0.31507578 0.30725796 0.28932081 1.        ]
59 15.050461592623325 [0.27521727 0.28916947 0.24419281 0.27087183 0.27018424 0.29918629
 0.34465095 1.         0.31507652 0.30816421 0.2894149  1.        ]
60 12.822366806143098 [0.27435562 0.28888873 0.2433498  0.27087084 0.26968552 0.29881146
 0.34497635 1.         0.31510987 0.30861439 0.28947829 1.        ]
61 15.828967315351292 [0.27330333 0.28911271 0.24243514 0.27076263 0.26896873 0.29842771
 0.34557473 1.         0.31540311 0.30879446 0.28933255 1.        ]
62 11.08216827236615 [0.27226164 0.28939797 0.24153114 0.27096781 0.26824897 0.2979015
 0.34631848 1.         0.31569967 0.3087391  0.28911552 1.        ]
63 9.61788432445092 [0.27145328 0.28945735 0.2405381  0.27137785 0.26740965 0.29741367
 0.34660683 1.         0.31628817 0.30849362 0.28894981 1.        ]
64 12.77801425609296 [0.27051928 0.2900161  0.23972316 0.27190606 0.26662097 0.29711924
 0.34732837 1.         0.31661317 0.30826403 0.2890121  1.        ]
65 12.10812763265114 [0.26983258 0.2903533  0.23894228 0.27249386 0.26605808 0.29681939
 0.34823461 1.         0.31713068 0.30799615 0.28902247 1.        ]
66 10.853582784909252 [0.26924208 0.29058376 0.23826915 0.2729517  0.26532954 0.29661911
 0.34905094 1.         0.31772072 0.30799922 0.28873061 1.        ]
67 12.857673324721619 [0.26847323 0.29078551 0.23776261 0.27332974 0.26465006 0.29647613
 0.34964333 1.         0.31779398 0.30821365 0.28831771 1.        ]
68 16.208613304004487 [0.26785925 0.2907753  0.23727075 0.27355813 0.26378572 0.29600561
 0.35003562 1.         0.31793758 0.30815148 0.28787458 1.        ]
69 14.210143054415697 [0.26714132 0.29110101 0.23696187 0.2736512  0.26289869 0.29513161
 0.35037375 1.         0.31797713 0.30807155 0.28787818 1.        ]
70 9.596173510694125 [0.2665517  0.29144308 0.23670558 0.27407967 0.26206239 0.29447796
 0.35073523 1.         0.31812499 0.30776756 0.28790002 1.        ]
71 8.274207491897075 [0.26569736 0.29170021 0.23621307 0.27437035 0.26132018 0.29406879
 0.35112905 1.         0.31839716 0.30716657 0.28784258 1.        ]
72 5.304466955799015 [0.26477904 0.29194422 0.23545824 0.2748244  0.26059482 0.2935861
 0.35140866 1.         0.31843232 0.30687176 0.28756235 1.        ]
73 9.528445208953304 [0.26384737 0.29221348 0.23453874 0.27553576 0.26019932 0.29320844
 0.35193582 1.         0.31871777 0.30655447 0.28741884 1.        ]
74 8.099029371285415 [0.26276012 0.29236411 0.23367665 0.27613201 0.25982198 0.29293659
 0.35247106 1.         0.318882   0.30633514 0.28742124 1.        ]
75 9.336309927301647 [0.26216341 0.29210265 0.23272092 0.27658204 0.25931655 0.29263663
 0.35308414 1.         0.31854728 0.30583766 0.28756507 1.        ]
76 8.568005458670454 [0.26121168 0.29182398 0.23165265 0.27683693 0.25887877 0.2922982
 0.35355531 1.         0.31807233 0.30517267 0.28782467 1.        ]
77 9.772159499977185 [0.25992157 0.29143572 0.23069497 0.2768564  0.2585677  0.29184391
 0.35406647 1.         0.31738977 0.30470477 0.28772883 1.        ]
78 9.795836527825355 [0.25868142 0.29116669 0.22974203 0.2765847  0.25817335 0.29133986
 0.35447669 1.         0.31683247 0.30401141 0.28764532 1.        ]
79 9.032319451563279 [0.25789369 0.29087406 0.22882921 0.2764611  0.25749338 0.29060467
 0.35515973 1.         0.31635551 0.3038025  0.28743658 1.        ]
80 8.482311392125766 [0.25715449 0.29054556 0.22789163 0.27602547 0.25678061 0.29004028
 0.35577497 1.         0.31577676 0.30358587 0.28728905 1.        ]
81 9.999894956664956 [0.25641252 0.29009973 0.22697307 0.27539058 0.25615849 0.28952748
 0.35657284 1.         0.31528071 0.3034683  0.28732288 1.        ]
82 10.016121748737618 [0.25579695 0.28950409 0.22605876 0.27496718 0.25554348 0.28881535
 0.35702061 1.         0.31482482 0.30347011 0.28733582 1.        ]
83 8.21563104937941 [0.2550544  0.28898994 0.22504486 0.27444966 0.25494563 0.28815556
 0.3572661  1.         0.31432518 0.30357319 0.28734267 1.        ]
84 8.192963704951632 [0.25445879 0.28852794 0.22398268 0.27370401 0.25437425 0.28786422
 0.3578166  1.         0.3140555  0.30347919 0.28728659 1.        ]
85 9.679487188016834 [0.25351498 0.28829367 0.22296766 0.27294776 0.25370412 0.28740273
 0.35776186 1.         0.31379191 0.30318644 0.2869408  1.        ]
86 6.21136170176459 [0.25280639 0.28806406 0.22204266 0.27198454 0.2532948  0.2867237
 0.35758693 1.         0.31352418 0.30267134 0.28678446 1.        ]
87 6.409291867985964 [0.25193879 0.28761972 0.22112628 0.27099694 0.25310816 0.28606166
 0.35751758 1.         0.31318528 0.30226734 0.28661391 1.        ]
88 8.278951930733035 [0.25081863 0.28723521 0.22028214 0.27026628 0.25295938 0.28504503
 0.35702842 1.         0.3130868  0.30200812 0.28659166 1.        ]
89 6.8012638896779 [0.25001587 0.28705323 0.21953432 0.26916701 0.2528362  0.28403543
 0.35649044 1.         0.31300133 0.30174039 0.28657027 1.        ]
90 6.105771295073223 [0.24936489 0.28675471 0.21870977 0.26816005 0.25279807 0.28350202
 0.35619737 1.         0.31303334 0.30144697 0.28667248 1.        ]
91 6.482705597989465 [0.24887022 0.28644286 0.21790663 0.26720899 0.25289339 0.2831361
 0.3561949  1.         0.31278381 0.30111672 0.28673896 1.        ]
92 9.306849407599724 [0.24844611 0.28618959 0.21709509 0.2662196  0.25313122 0.28280926
 0.35651865 1.         0.3126047  0.30058973 0.28665686 1.        ]
93 7.3993397395109906 [0.24818679 0.28626209 0.21616968 0.26555027 0.25340921 0.28234901
 0.35688409 1.         0.31293611 0.30020391 0.28650154 1.        ]
94 6.276059945676753 [0.24785919 0.28620872 0.21525658 0.26497554 0.25356289 0.28206096
 0.35745169 1.         0.31303459 0.29983243 0.28633268 1.        ]
95 5.502170283058458 [0.24767399 0.2860152  0.21435258 0.26436272 0.25377008 0.28189997
 0.35791756 1.         0.3133031  0.29978879 0.28587095 1.        ]
96 5.287317561104148 [0.24766557 0.28563141 0.21366905 0.26387536 0.25379912 0.28176204
 0.35850372 1.         0.31341858 0.29959908 0.28546122 1.        ]
97 5.829726716437055 [0.24739819 0.28530793 0.21304988 0.26340236 0.25383051 0.28152175
 0.35880038 1.         0.31356268 0.29947507 0.28506064 1.        ]
98 4.5481580239319435 [0.24714645 0.28498876 0.2125325  0.26296548 0.25380632 0.28130945
 0.35930529 1.         0.31376994 0.29905414 0.2846761  1.        ]
99 6.389860667480501 [0.24707943 0.28448012 0.21212686 0.26262704 0.25396498 0.28120792
 0.35954008 1.         0.31369697 0.29865775 0.28431275 1.        ]
100 5.540710155779677 [0.24701414 0.28375847 0.21166309 0.26253576 0.25414733 0.28092284
 0.36005988 1.         0.3137205  0.29818492 0.284432   1.        ]
101 6.509081950439834 [0.24690468 0.28327611 0.21117158 0.26249959 0.25430532 0.28047036
 0.36073352 1.         0.31369698 0.29751452 0.28449182 1.        ]
102 4.758842393625128 [0.24684135 0.2826526  0.21067955 0.26210663 0.25453619 0.28000141
 0.36096606 1.         0.3136549  0.29677318 0.28457687 1.        ]
103 5.191976807240202 [0.24678977 0.28210287 0.21025995 0.26170857 0.25479636 0.27922448
 0.361438   1.         0.31345419 0.29629701 0.28460029 1.        ]
104 6.817731403900874 [0.24678943 0.28166185 0.20986737 0.26120985 0.2547952  0.27849586
 0.36227069 1.         0.31329598 0.29613846 0.28463318 1.        ]
105 5.412113839900169 [0.24673939 0.28111532 0.20940008 0.26101043 0.25481671 0.27777368
 0.36295093 1.         0.31305554 0.29586767 0.2845237  1.        ]
106 5.271976107226369 [0.24680868 0.28054512 0.20910225 0.26088886 0.2549816  0.27695583
 0.36391509 1.         0.31260805 0.29568926 0.28434891 1.        ]
107 4.284541493294808 [0.24675031 0.28006825 0.20882297 0.26085659 0.25527904 0.27627065
 0.36495926 1.         0.31214463 0.29524612 0.28446809 1.        ]
108 3.736596786873955 [0.24672305 0.27957599 0.20863152 0.26082514 0.25570689 0.27581026
 0.36584692 1.         0.31187037 0.29494153 0.28461855 1.        ]
109 4.864307651379219 [0.24634514 0.27911688 0.20834756 0.26092604 0.2558998  0.27535223
 0.36674769 1.         0.31170922 0.29443919 0.28467667 1.        ]
110 5.1463897682235995 [0.24576935 0.27890261 0.20817046 0.26085191 0.25589144 0.2747653
 0.36783233 1.         0.31175537 0.29422986 0.28490225 1.        ]
111 5.469442173615651 [0.24517969 0.27886163 0.20779402 0.26077184 0.25574124 0.27440462
 0.36916876 1.         0.31176384 0.29427255 0.28489532 1.        ]
112 5.22531708855259 [0.24484426 0.27856608 0.2073445  0.26075179 0.25560833 0.27422351
 0.37013051 1.         0.31182165 0.2945304  0.2850875  1.        ]
113 3.884927171393847 [0.24451532 0.27854279 0.20698364 0.26108443 0.25547103 0.27387161
 0.37149317 1.         0.31151638 0.2950293  0.28546139 1.        ]
114 3.4591368166889715 [0.24425947 0.27874241 0.20658166 0.26147265 0.25526772 0.27352296
 0.37239448 1.         0.31117447 0.29525283 0.28583585 1.        ]
115 3.8998149142158893 [0.24415234 0.27890742 0.20609297 0.26191206 0.255146   0.27311291
 0.37331408 1.         0.31085343 0.29547905 0.28618515 1.        ]
116 4.715000653858046 [0.24423287 0.27918961 0.20576604 0.26221364 0.25493032 0.27260471
 0.37420493 1.         0.31056216 0.29584223 0.28661485 1.        ]
117 3.7360578034488463 [0.24410524 0.27951663 0.20531012 0.26266303 0.25487484 0.27211732
 0.37523731 1.         0.30976195 0.29602608 0.28692026 1.        ]
118 3.5895813341477174 [0.24359234 0.27987791 0.20491119 0.26299698 0.25490513 0.27170385
 0.37614936 1.         0.30916156 0.29595557 0.28746557 1.        ]
119 3.381770098599675 [0.24288923 0.28024354 0.20458447 0.26333273 0.25491823 0.27143223
 0.37708655 1.         0.30856777 0.29605876 0.2879961  1.        ]
120 4.537620912828157 [0.24213683 0.28063619 0.20417288 0.26327128 0.25499387 0.27117321
 0.37776666 1.         0.30808169 0.29622317 0.28829616 1.        ]
121 3.5770492775517253 [0.24142395 0.28111135 0.20387092 0.26299999 0.25509613 0.27100574
 0.37809973 1.         0.30781726 0.29661104 0.28877802 1.        ]
122 3.648221567384061 [0.24080631 0.28145321 0.20359161 0.26257011 0.25512622 0.27105881
 0.37871423 1.         0.30748629 0.29675594 0.28944062 1.        ]
123 4.530217319864267 [0.23975241 0.28173327 0.20353747 0.26187807 0.25526099 0.27117919
 0.37998506 1.         0.30773316 0.29702325 0.29010845 1.        ]
124 4.635668577650376 [0.23863679 0.28194522 0.20359442 0.26143504 0.25513982 0.27100397
 0.38115409 1.         0.30783261 0.29745865 0.2908599  1.        ]
125 3.8103658102804845 [0.23755486 0.28196252 0.20350022 0.26095152 0.25483933 0.27077431
 0.38209724 1.         0.30784514 0.29804403 0.29131392 1.        ]
126 4.415926852095709 [0.2364078  0.28174906 0.20341582 0.26041626 0.25456188 0.27053428
 0.38286151 1.         0.30777222 0.29861845 0.29161937 1.        ]
127 3.8266315971479656 [0.23549222 0.28169499 0.20331018 0.25989056 0.2545399  0.27039071
 0.3835681  1.         0.30778948 0.29917506 0.29192312 1.        ]
128 5.511540774866923 [0.2345021  0.2816161  0.20317415 0.2595858  0.25466084 0.26982017
 0.38468609 1.         0.30778809 0.2998205  0.29218064 1.        ]
129 4.590426861323336 [0.2336473  0.28166943 0.20296761 0.2594571  0.25476458 0.269333
 0.38579049 1.         0.30798371 0.30042213 0.29265459 1.        ]
130 3.668116408458774 [0.23287127 0.28168487 0.20277591 0.25919263 0.25509918 0.26890647
 0.38715556 1.         0.30834057 0.30101903 0.29314228 1.        ]
131 5.871943839754785 [0.23219739 0.28151915 0.20256072 0.25869915 0.25505743 0.2686016
 0.38858369 1.         0.30853025 0.30145266 0.29345651 1.        ]
132 5.116586296862371 [0.23160124 0.28139432 0.20230123 0.25809447 0.25497056 0.26826354
 0.38986427 1.         0.30835324 0.30200872 0.29379824 1.        ]
133 5.277025543799375 [0.23092634 0.28111509 0.20212058 0.25740778 0.2549434  0.26799431
 0.39116688 1.         0.30838755 0.30230363 0.2942227  1.        ]
134 5.924759871439336 [0.23015285 0.28065754 0.20194043 0.25686535 0.2548527  0.2678462
 0.39234761 1.         0.308593   0.30223148 0.29468647 1.        ]
135 3.0180547910697646 [0.22941624 0.28025818 0.20193187 0.25640125 0.25465437 0.26760071
 0.39353046 1.         0.3087218  0.30212438 0.29509831 1.        ]
136 4.481708339990324 [0.22859316 0.27992772 0.20202031 0.25606143 0.25460748 0.26745589
 0.39417724 1.         0.30870389 0.30197713 0.29566087 1.        ]
137 3.445540400105622 [0.22794078 0.27961588 0.20196025 0.25564329 0.25430559 0.26724837
 0.39465295 1.         0.30874739 0.30158096 0.29630585 1.        ]
138 5.270692312419985 [0.22739578 0.27922378 0.20174973 0.25511383 0.25403643 0.26716621
 0.39510506 1.         0.30890176 0.30121975 0.29688707 1.        ]
139 4.119067574770179 [0.22682413 0.27873922 0.20155574 0.25455105 0.25396062 0.26696685
 0.39558941 1.         0.30894662 0.30115443 0.29753319 1.        ]
140 5.950439714840021 [0.22614103 0.27860846 0.201312   0.25398348 0.25374284 0.26717003
 0.39600164 1.         0.3088785  0.30122913 0.29812134 1.        ]
141 4.322885404828412 [0.22537543 0.27845379 0.20105777 0.25344316 0.2536259  0.26732232
 0.39591599 1.         0.30880666 0.3012195  0.29859863 1.        ]
142 4.570244603283995 [0.22457663 0.27824694 0.20073879 0.25299469 0.25340726 0.26756213
 0.39593615 1.         0.30906214 0.30118087 0.29884032 1.        ]
143 4.084483543964739 [0.22381911 0.2779951  0.20034199 0.2524199  0.2529862  0.26782466
 0.39540623 1.         0.30923131 0.30123164 0.29871575 1.        ]
144 4.748156676063774 [0.22323386 0.27784745 0.19992085 0.25184718 0.25278191 0.26785595
 0.39492152 1.         0.30913018 0.30137116 0.29869113 1.        ]
145 2.6524888632166905 [0.22277468 0.27768114 0.19950237 0.25138543 0.25276545 0.26758816
 0.39428716 1.         0.30885793 0.3014963  0.29866952 1.        ]
146 3.153074062121223 [0.22237761 0.27748153 0.19910096 0.25094003 0.25283775 0.26749533
 0.39379427 1.         0.30869789 0.30162379 0.29839975 1.        ]
147 2.670052479735193 [0.22207593 0.27717556 0.19870191 0.25057773 0.25273819 0.26722535
 0.39319437 1.         0.30829396 0.30151279 0.29787323 1.        ]
148 3.3695967108866327 [0.22156266 0.27694331 0.19840702 0.25039614 0.25280467 0.26697525
 0.3924667  1.         0.30797869 0.30141833 0.29761748 1.        ]
149 3.665491581105604 [0.2210867  0.27656674 0.19818705 0.2502197  0.25276753 0.26684155
 0.39217875 1.         0.30787822 0.3014657  0.29725968 1.        ]
150 4.999957678987414 [0.22035263 0.2760494  0.1980055  0.24982695 0.25270556 0.26663724
 0.39208325 1.         0.30773257 0.30145498 0.29678456 1.        ]
151 4.5208685218080635 [0.21973117 0.27521193 0.19771552 0.24931725 0.25255482 0.26646008
 0.39220024 1.         0.30756366 0.30174055 0.29623963 1.        ]
152 1.868728674324641 [0.21913749 0.27444925 0.19750911 0.24860776 0.25208459 0.26632823
 0.39217373 1.         0.30723412 0.30194889 0.29572299 1.        ]
153 5.039676142791181 [0.21853371 0.27372704 0.19736732 0.24794011 0.25186017 0.26626218
 0.39203071 1.         0.30691699 0.30190569 0.29552883 1.        ]
154 5.432408659317403 [0.2182177  0.27305027 0.19726881 0.24725848 0.25133345 0.26634935
 0.39201136 1.         0.30652258 0.30166783 0.29537093 1.        ]
155 6.5191170419889986 [0.21800507 0.2723895  0.19714312 0.24682238 0.25055703 0.26601153
 0.39175165 1.         0.30655791 0.30134572 0.2950538  1.        ]
156 8.665866690779016 [0.21778401 0.27164908 0.197085   0.24645954 0.24969456 0.26562675
 0.39207554 1.         0.30679965 0.30116913 0.29486659 1.        ]
157 7.733202584558006 [0.21749275 0.27102216 0.19693033 0.24623157 0.24885934 0.26536461
 0.39232922 1.         0.30708662 0.30102161 0.29479229 1.        ]
158 3.4631011198412383 [0.21718949 0.2704248  0.19681088 0.2457586  0.24818669 0.26509549
 0.39231985 1.         0.30728567 0.300999   0.29498902 1.        ]
159 2.7721835732165223 [0.21684767 0.26962737 0.19668836 0.2452858  0.24752574 0.26492704
 0.39239465 1.         0.30763115 0.30094506 0.29518426 1.        ]
160 3.7089244053110884 [0.21638721 0.26884179 0.19655563 0.24476375 0.24671242 0.26499444
 0.39234074 1.         0.30806925 0.30077321 0.2953261  1.        ]
161 2.7232909145431083 [0.21618876 0.26808991 0.19612524 0.24434523 0.24617585 0.26502253
 0.39242058 1.         0.308345   0.30061235 0.29555228 1.        ]
162 4.607375396238629 [0.21610884 0.26726368 0.19569621 0.24396291 0.24544696 0.26510553
 0.39222741 1.         0.30882228 0.30039153 0.29583166 1.        ]
163 5.981508068093029 [0.21602182 0.26649371 0.19518798 0.24350114 0.24457414 0.26484043
 0.39261369 1.         0.30945493 0.30013111 0.29590817 1.        ]
164 3.053394554262389 [0.21591553 0.26581835 0.19468894 0.24314255 0.24383747 0.26460217
 0.39306752 1.         0.31006963 0.30011956 0.29601086 1.        ]
165 3.779230937364093 [0.21579282 0.26521396 0.1942547  0.24295381 0.24324184 0.26445794
 0.39337519 1.         0.31065258 0.30019343 0.2961994  1.        ]
166 3.1185546997055775 [0.21571505 0.26477734 0.19384256 0.24276699 0.24273418 0.26407198
 0.39365586 1.         0.3112109  0.30016753 0.2966017  1.        ]
167 2.5171154858317455 [0.21574424 0.26410386 0.19356813 0.24258163 0.24236248 0.26370923
 0.39368694 1.         0.31174565 0.30007164 0.29700037 1.        ]
168 2.9374501301023708 [0.21574103 0.26352934 0.19324949 0.2423923  0.24187958 0.26355585
 0.39388909 1.         0.31201009 0.29972948 0.29749022 1.        ]
169 1.696990895580221 [0.21578326 0.26309237 0.19294789 0.24205834 0.24149558 0.26336467
 0.39383501 1.         0.3121882  0.29929815 0.29788861 1.        ]
170 2.1895402099128765 [0.21591364 0.26270926 0.19271044 0.24168744 0.24111947 0.26325166
 0.39390041 1.         0.31221437 0.2987999  0.29836763 1.        ]
171 2.927607982498455 [0.21592081 0.26247723 0.19245618 0.24103497 0.24089801 0.26307607
 0.39395093 1.         0.31230106 0.29824798 0.29887953 1.        ]
172 2.8137914719587034 [0.21598979 0.26236777 0.19225807 0.24047546 0.24089202 0.26246033
 0.3935893  1.         0.31193199 0.29760352 0.29922631 1.        ]
173 2.461180730511876 [0.21605035 0.26208203 0.19213279 0.24014007 0.24103787 0.26178841
 0.39354762 1.         0.31186683 0.29726883 0.29933786 1.        ]
174 2.685385788096045 [0.21625441 0.26186464 0.19200554 0.23966153 0.24079948 0.26116
 0.39329325 1.         0.31158668 0.29703699 0.29979064 1.        ]
175 2.9429117099840973 [0.21654816 0.26154049 0.19194286 0.23931935 0.24061932 0.26027669
 0.39330476 1.         0.31138354 0.29652139 0.30012662 1.        ]
176 2.2366280571260297 [0.21685212 0.26124819 0.19182451 0.23906612 0.24064584 0.25949181
 0.39301605 1.         0.31128022 0.29616489 0.30021618 1.        ]
177 2.8112696471978893 [0.21710606 0.26100315 0.19163702 0.23884721 0.240788   0.25873989
 0.39235134 1.         0.31096741 0.29612313 0.3003502  1.        ]
178 2.3230528687096688 [0.21734532 0.26073622 0.19140445 0.23851271 0.24111495 0.25831528
 0.39161508 1.         0.31068606 0.29616878 0.30052185 1.        ]
179 2.632905294744389 [0.21747509 0.26025772 0.19109743 0.23820318 0.24137451 0.25791627
 0.39096492 1.         0.31045861 0.29593031 0.3006878  1.        ]
180 1.9365284011913262 [0.2175425  0.25984229 0.19084205 0.23791355 0.24150868 0.25756323
 0.39018134 1.         0.31032612 0.2957189  0.30049739 1.        ]
181 3.009486506482424 [0.21765668 0.2593926  0.19052627 0.23778944 0.24168338 0.2571952
 0.38969401 1.         0.31012623 0.29565491 0.29969999 1.        ]
182 1.8254761470052054 [0.21763587 0.25861766 0.19021415 0.23746936 0.24181806 0.25717762
 0.38877432 1.         0.31002383 0.29576952 0.29900112 1.        ]
183 1.9302347792540933 [0.21745253 0.25790956 0.18996422 0.23728311 0.24181094 0.25743373
 0.38814742 1.         0.3098872  0.29564506 0.29855199 1.        ]
184 2.3475290456954623 [0.21729445 0.25733412 0.18966743 0.23679794 0.24190862 0.25768492
 0.38778607 1.         0.30937373 0.29549327 0.29830862 1.        ]
185 2.6314208926499227 [0.21705937 0.25663039 0.18955496 0.23647721 0.24222433 0.25793033
 0.38776018 1.         0.30894139 0.29528574 0.29800962 1.        ]
186 2.0135891947244904 [0.21691037 0.25589456 0.18939147 0.23595886 0.24263712 0.25806865
 0.38764553 1.         0.30849953 0.2952346  0.29796403 1.        ]
187 2.043771917579816 [0.21676761 0.25514619 0.18930603 0.2355383  0.24326641 0.2577862
 0.38732944 1.         0.3081488  0.29515614 0.29782891 1.        ]
188 426.02886369972606 [0.21657184 0.25453276 0.18926294 0.2351618  0.24372086 0.25760794
 0.38727095 1.         0.30808433 0.29500041 0.29750938 1.        ]
189 2.5856477305844177 [0.21639045 0.25387545 0.18917371 0.23469868 0.24384985 0.25746976
 0.38743123 1.         0.30805301 0.29492242 0.29749639 1.        ]
190 2.7009100754759077 [0.21623492 0.25329558 0.18905317 0.23419642 0.24398691 0.25724848
 0.38749703 1.         0.30801106 0.294885   0.29738314 1.        ]
191 2.835860376165879 [0.21610358 0.25264307 0.18903504 0.23378907 0.24420655 0.25711659
 0.38777862 1.         0.30806202 0.2947876  0.29754217 1.        ]
192 2.7085916442000304 [0.21601113 0.25221738 0.18893961 0.23341395 0.24446147 0.25688334
 0.38816429 1.         0.30816799 0.29465872 0.29770559 1.        ]
193 2.7381454810909114 [0.21597092 0.25186594 0.18883783 0.23288839 0.24468461 0.25665909
 0.38844952 1.         0.30814222 0.29436549 0.29755403 1.        ]
194 2.2112566841382417 [0.21609914 0.25160298 0.18887293 0.23232544 0.24480265 0.25636841
 0.38856958 1.         0.30813137 0.29397228 0.29747456 1.        ]
195 2.7354395383242793 [0.21607841 0.25142867 0.18885184 0.2318097  0.24489402 0.25619353
 0.38841776 1.         0.30808618 0.29378506 0.29707668 1.        ]
196 2.077300846919178 [0.21608635 0.2512484  0.18881519 0.23130453 0.24491593 0.25599657
 0.38838712 1.         0.30805824 0.29368542 0.29680216 1.        ]
197 2.0447561061468735 [0.21620904 0.25082071 0.18859896 0.23074089 0.24484549 0.25588903
 0.38823132 1.         0.30806105 0.29354997 0.29649596 1.        ]
198 3.2970031824151786 [0.21643442 0.25069726 0.1884154  0.23020232 0.24440219 0.25567026
 0.38811606 1.         0.30818124 0.29341904 0.29629531 1.        ]
199 2.427743550222254 [0.21660759 0.25062122 0.18821048 0.2298185  0.24355402 0.25539354
 0.38772437 1.         0.30864323 0.29358228 0.29600097 1.        ]
200 2.0011349701876915 [0.21674367 0.25066624 0.1880861  0.22962574 0.24270605 0.25527563
 0.38739457 1.         0.30894989 0.29377962 0.29550201 1.        ]
201 3.0294105541698664 [0.21676625 0.25062455 0.18798342 0.22944591 0.24203774 0.25511841
 0.38645287 1.         0.30937303 0.29405616 0.29532351 1.        ]
202 2.9093746595016095 [0.21669931 0.2504161  0.18767998 0.22927686 0.24141137 0.25495299
 0.38543163 1.         0.30961505 0.29428665 0.29541056 1.        ]
203 3.2191697593008297 [0.21665954 0.25026551 0.18741287 0.22912162 0.24079774 0.25479364
 0.38445687 1.         0.30979138 0.29442205 0.29544994 1.        ]
204 2.778258905141194 [0.21650414 0.25016366 0.18697246 0.22900152 0.24015511 0.25484867
 0.38362237 1.         0.30977954 0.29416492 0.29513008 1.        ]
205 3.307509839572158 [0.21616201 0.25020561 0.18652194 0.22864189 0.23974687 0.25492448
 0.38305928 1.         0.30982686 0.29383356 0.29460504 1.        ]
206 2.450563402732607 [0.21579616 0.25021106 0.18613565 0.22838488 0.2391994  0.25501747
 0.38258528 1.         0.31005504 0.29383489 0.29415007 1.        ]
207 2.1935545587445047 [0.21547522 0.25011538 0.1857867  0.22816102 0.2383531  0.25509786
 0.38234911 1.         0.31024815 0.29352691 0.29394683 1.        ]
208 3.4676958265361595 [0.21505262 0.25004957 0.18546758 0.22792463 0.23784908 0.25530881
 0.38216126 1.         0.31032553 0.29318998 0.29371964 1.        ]
209 2.2525478727044486 [0.21465159 0.25000848 0.18513704 0.2275586  0.23737119 0.25554118
 0.38174999 1.         0.31038164 0.29288233 0.29351033 1.        ]
210 2.787243131547151 [0.21429641 0.24986041 0.18477776 0.22725802 0.23681123 0.25590399
 0.38135361 1.         0.31066403 0.2925263  0.29340634 1.        ]
211 4.567136236764532 [0.21380577 0.24991263 0.18439104 0.22703849 0.23640395 0.25639807
 0.38137371 1.         0.31086061 0.29214212 0.29304746 1.        ]
212 2.8520787323585397 [0.21343041 0.24981717 0.18402993 0.22691205 0.23608161 0.25671654
 0.38129547 1.         0.31090377 0.2917632  0.29286621 1.        ]
213 3.159708408456056 [0.21307265 0.24976391 0.18370432 0.22677678 0.23572924 0.25684994
 0.38102498 1.         0.31099663 0.29136095 0.29269072 1.        ]
214 4.0750865001037395 [0.21267882 0.24955724 0.18338685 0.22659488 0.23544363 0.25708349
 0.38077814 1.         0.31100498 0.29121507 0.29279359 1.        ]
215 2.395083644731767 [0.21229564 0.2494195  0.18322952 0.22634511 0.23491918 0.25745063
 0.3806795  1.         0.31090444 0.29115348 0.29273985 1.        ]
216 2.4369624145476667 [0.21210851 0.24932628 0.18282893 0.22620691 0.23394194 0.25791519
 0.38074642 1.         0.31046347 0.2913943  0.29269357 1.        ]
217 2.500703974601046 [0.21189266 0.24913798 0.18244832 0.2260661  0.23301823 0.25833327
 0.38084672 1.         0.30999871 0.29180391 0.29270877 1.        ]
218 2.7823479331219327 [0.21131157 0.24899191 0.18230691 0.22584661 0.23204314 0.25865336
 0.38090195 1.         0.30971418 0.29223554 0.29257227 1.        ]
219 2.300200725029809 [0.21073789 0.24891093 0.18215501 0.2255858  0.23109615 0.25877481
 0.38084199 1.         0.30932935 0.29252649 0.29240947 1.        ]
220 1.7816491785520046 [0.21027755 0.24891322 0.18197023 0.22535181 0.23028268 0.25896991
 0.38033939 1.         0.30894586 0.2927602  0.2922819  1.        ]
221 1.563572821925898 [0.20995191 0.24886904 0.18184408 0.2249431  0.2296689  0.25902034
 0.38017237 1.         0.30846412 0.29323745 0.29199902 1.        ]
222 2.0989270316218516 [0.20960975 0.24874715 0.18169795 0.22427    0.22908017 0.25838731
 0.3803768  1.         0.30795344 0.2938215  0.2915473  1.        ]
223 1.7085095322741806 [0.20934159 0.24805585 0.18155845 0.22379416 0.22860739 0.25778852
 0.38025384 1.         0.30741355 0.29415512 0.29126015 1.        ]
224 1.9490970165270611 [0.2090297  0.24727051 0.18140192 0.22320854 0.22788614 0.25715166
 0.38023401 1.         0.30700156 0.29429039 0.29107024 1.        ]
225 1.9031813983419432 [0.20865563 0.24654378 0.18128783 0.22288145 0.22725132 0.25638355
 0.38042352 1.         0.3068559  0.29437734 0.29085196 1.        ]
226 1.6584835871804993 [0.20843673 0.2460558  0.18111535 0.22249302 0.2267404  0.25566295
 0.38043274 1.         0.30663629 0.29445204 0.29088606 1.        ]
227 1.349013931892618 [0.20819449 0.24566438 0.18086601 0.22212128 0.22613395 0.2549293
 0.38016067 1.         0.30649135 0.29470532 0.29089026 1.        ]
228 2.028109310818091 [0.20803919 0.24520174 0.1806178  0.22178481 0.22568003 0.25428075
 0.37999959 1.         0.30624169 0.2949531  0.29087497 1.        ]
229 3.190487477098192 [0.20784553 0.24483765 0.18048661 0.22144408 0.22539478 0.25371429
 0.37990679 1.         0.30602886 0.29524921 0.29089986 1.        ]
230 2.074943570937049 [0.20764841 0.24433986 0.18035936 0.22111306 0.22488108 0.25326429
 0.38016974 1.         0.30596915 0.2957571  0.29108727 1.        ]
231 2.917062764818099 [0.20741515 0.24373522 0.18026047 0.22070009 0.22432034 0.25275727
 0.38031998 1.         0.30598067 0.2960669  0.29123599 1.        ]
232 2.4255863418183004 [0.20717258 0.2434596  0.1801297  0.22032801 0.22376624 0.25243785
 0.38051501 1.         0.30621065 0.29634172 0.29150554 1.        ]
233 2.0019739691339593 [0.20695423 0.24334821 0.18009445 0.22017953 0.22324003 0.25221582
 0.38067463 1.         0.30633722 0.29658088 0.29192032 1.        ]
234 1.3292113226381677 [0.20694478 0.24331506 0.18003574 0.22013898 0.22260686 0.25188131
 0.38099474 1.         0.30648919 0.29643216 0.29244453 1.        ]
235 2.4882940789102044 [0.20671975 0.24326632 0.1800017  0.22014943 0.22193156 0.25166075
 0.38148922 1.         0.30656432 0.29616072 0.29292737 1.        ]
236 1.9238039166193222 [0.20653009 0.24319225 0.18002351 0.2201829  0.22114908 0.25152495
 0.3822179  1.         0.30655408 0.29573275 0.29345871 1.        ]
237 2.2660729625870495 [0.20648778 0.24315319 0.18005802 0.22035366 0.22051875 0.25142777
 0.38303769 1.         0.30664301 0.29533259 0.29400114 1.        ]
238 2.757321495760092 [0.2064542  0.24319525 0.18014747 0.22051258 0.22001421 0.25127205
 0.38397313 1.         0.30693232 0.2949195  0.29455958 1.        ]
239 1.736066472778108 [0.20632948 0.24312793 0.18023104 0.22061534 0.21958268 0.25114853
 0.38465222 1.         0.3074552  0.29456141 0.29521014 1.        ]
240 1.7899670379737143 [0.20616521 0.24306041 0.18009891 0.22072929 0.21907858 0.25102941
 0.38535972 1.         0.30791193 0.29392856 0.29548965 1.        ]
241 2.950526677813224 [0.20586721 0.24311609 0.17994471 0.22096813 0.21859998 0.25079573
 0.38578499 1.         0.30855047 0.29363035 0.29586192 1.        ]
242 2.126325374758048 [0.20566812 0.2432214  0.17987737 0.22110648 0.21812417 0.25048712
 0.38620795 1.         0.30904604 0.29336018 0.29618977 1.        ]
243 1.9424198045523946 [0.20540507 0.24347822 0.17986365 0.22118834 0.21763149 0.2502261
 0.38662489 1.         0.30936375 0.29290399 0.29634036 1.        ]
244 1.796664900588242 [0.20520363 0.24369363 0.17992807 0.2214615  0.21713891 0.2497798
 0.38714764 1.         0.30980877 0.2925998  0.29643633 1.        ]
245 1.269447709027254 [0.20497417 0.24382414 0.17996617 0.22170764 0.21681713 0.24939216
 0.38760236 1.         0.31021543 0.29226123 0.29669848 1.        ]
246 2.5167012948666097 [0.20499557 0.24378607 0.17998898 0.22189166 0.21641049 0.24894029
 0.38825116 1.         0.31073593 0.29204159 0.29702826 1.        ]
247 1.7647188133987401 [0.20483015 0.24374084 0.18000623 0.22207495 0.21613269 0.24854276
 0.38876425 1.         0.31143284 0.29177357 0.29722171 1.        ]
248 1.0978501687672075 [0.20460952 0.2437886  0.17998933 0.22214545 0.21586577 0.24818146
 0.38915103 1.         0.31206176 0.29142673 0.29727273 1.        ]
249 1.0073077369420849 [0.20437085 0.24390396 0.17999501 0.22201634 0.21539295 0.24778826
 0.38966993 1.         0.31234505 0.29126496 0.29719708 1.        ]
250 1.2531038711878852 [0.20398129 0.24389055 0.1799027  0.22205603 0.21505121 0.24754623
 0.39045681 1.         0.31256277 0.2912821  0.29727393 1.        ]
251 0.9448037082638507 [0.20377047 0.24395369 0.17984282 0.22193449 0.21464971 0.24752738
 0.39116154 1.         0.31255236 0.29128213 0.29762161 1.        ]
252 1.099258962675656 [0.20360979 0.24401905 0.17983114 0.22181369 0.2142984  0.24768618
 0.39193273 1.         0.31266005 0.29131098 0.297971   1.        ]
253 1.6493369924483778 [0.20338281 0.24401187 0.1799278  0.22166735 0.21375303 0.24793007
 0.39262235 1.         0.31246297 0.291197   0.29833756 1.        ]
254 1.2346259111709856 [0.2031474  0.24399273 0.18002593 0.22127858 0.21336518 0.24796635
 0.39316154 1.         0.31227878 0.29102154 0.29877227 1.        ]
255 1.246407379376238 [0.20290958 0.24391243 0.18003075 0.22097301 0.21291991 0.24825286
 0.39376225 1.         0.31218057 0.29077459 0.29920245 1.        ]
256 1.2840163565204832 [0.2027193  0.2436812  0.17990428 0.22072652 0.21256537 0.24855394
 0.39402818 1.         0.31212732 0.29080237 0.29966426 1.        ]
257 1.0895141970055444 [0.2025468  0.2435713  0.17973967 0.22042288 0.21216582 0.24896072
 0.39418168 1.         0.31219365 0.29094249 0.30014685 1.        ]
258 1.0808536137689502 [0.20250888 0.24349742 0.17958257 0.22018257 0.21182563 0.24951166
 0.39427921 1.         0.31201628 0.29118054 0.30033137 1.        ]
259 2.1649782406382725 [0.2024431  0.24338838 0.17939065 0.21995868 0.21161321 0.24990541
 0.39415681 1.         0.31200139 0.29126012 0.30053222 1.        ]
260 1.7817755868407563 [0.20240285 0.24329086 0.17927372 0.21979632 0.21138801 0.25032541
 0.39392452 1.         0.31164187 0.2913025  0.30087795 1.        ]
261 1.3859685185540123 [0.20247843 0.24335006 0.17934326 0.21957939 0.21116027 0.25056695
 0.39345678 1.         0.31116178 0.29117795 0.30098665 1.        ]
262 1.7404476620148002 [0.20262301 0.24343431 0.17941242 0.2192803  0.21092742 0.25092005
 0.39320611 1.         0.31070903 0.29099578 0.30125609 1.        ]
263 1.6727870694976987 [0.20278655 0.24354171 0.17951529 0.21901175 0.21077824 0.25112865
 0.39307599 1.         0.31044872 0.29074282 0.30155342 1.        ]
264 2.234772799037622 [0.20291332 0.24365359 0.17951051 0.21870682 0.21081139 0.25121121
 0.39286632 1.         0.31008774 0.29031094 0.30189746 1.        ]
265 2.4109713272452784 [0.20308164 0.24380222 0.17957741 0.21850043 0.21085991 0.25119759
 0.39263545 1.         0.30997225 0.28991543 0.30242529 1.        ]
266 2.656809475938394 [0.2031914  0.24385886 0.17957732 0.21842978 0.21094109 0.25131637
 0.39225384 1.         0.30988229 0.28950441 0.30298253 1.        ]
267 1.830521068583919 [0.20323542 0.24397328 0.17952935 0.21826852 0.2108208  0.25133852
 0.39171424 1.         0.30983836 0.28915563 0.30348548 1.        ]
268 1.711103575785579 [0.20340745 0.24405038 0.17951449 0.2180862  0.21063237 0.25145233
 0.39108196 1.         0.30986471 0.28883828 0.30404849 1.        ]
269 1.1281014276166728 [0.20354729 0.24410118 0.17935531 0.21781425 0.21053185 0.25152622
 0.39023223 1.         0.30971496 0.28851861 0.30437482 1.        ]
270 1.2259773564127536 [0.20369763 0.24414618 0.17921868 0.21772741 0.21044175 0.25150113
 0.38968513 1.         0.30962108 0.2882821  0.30466651 1.        ]
271 1.4839275877399767 [0.20388685 0.24429895 0.17912595 0.21755982 0.21040851 0.25145563
 0.38863515 1.         0.30960657 0.28813979 0.30511572 1.        ]
272 1.7208851226071498 [0.20380793 0.24448645 0.17913428 0.21735391 0.21019913 0.25131082
 0.38736819 1.         0.30974225 0.28793446 0.30586116 1.        ]
273 1.0722474819764525 [0.20374186 0.2447235  0.17912873 0.2172043  0.20981371 0.25102571
 0.38611038 1.         0.30982966 0.28766462 0.30676939 1.        ]
274 1.8585826847755902 [0.2036504  0.24496938 0.17908825 0.21715952 0.20956375 0.2507204
 0.38509654 1.         0.31014508 0.2873669  0.30767018 1.        ]
275 0.8882043372517107 [0.203525   0.24519826 0.17890724 0.21705766 0.20942856 0.25052558
 0.38418874 1.         0.31017608 0.28694738 0.30826201 1.        ]
276 1.0373961520016597 [0.20331822 0.24543597 0.17878237 0.21676558 0.20927189 0.2504862
 0.38344584 1.         0.31030563 0.28658598 0.30863074 1.        ]
277 0.9906969842265665 [0.2031385  0.24553273 0.17855898 0.21661047 0.20919111 0.25045179
 0.38289627 1.         0.31046014 0.28634588 0.30891438 1.        ]
278 1.4957242724265547 [0.20282992 0.24559564 0.17836814 0.21652847 0.20921998 0.2504641
 0.38257273 1.         0.31068897 0.28610303 0.30918743 1.        ]
279 1.2936758659067737 [0.20258787 0.24542818 0.17820833 0.21631226 0.20917377 0.25020702
 0.38230225 1.         0.31098375 0.28604877 0.30933506 1.        ]
280 0.7902953360862168 [0.20242323 0.24541385 0.17802965 0.21609925 0.20913297 0.25016583
 0.38213873 1.         0.31134504 0.28606071 0.3095131  1.        ]
281 1.5430689468856316 [0.20223546 0.24551792 0.17777775 0.21570522 0.20896157 0.25026537
 0.3819093  1.         0.31157932 0.2858648  0.30985759 1.        ]
282 1.9902043612157267 [0.20211998 0.24553187 0.17746669 0.21537124 0.20882298 0.25006294
 0.381854   1.         0.31180723 0.28576918 0.31028773 1.        ]
283 1.6170413813946376 [0.20204965 0.24574057 0.17709422 0.21492288 0.20853584 0.2499268
 0.38141356 1.         0.31220803 0.28565592 0.31067866 1.        ]
284 1.9556232283820074 [0.20200606 0.24602314 0.17678647 0.21452874 0.20819545 0.24997214
 0.38104778 1.         0.31240188 0.28539324 0.31131006 1.        ]
285 1.418695868372514 [0.20191517 0.24629867 0.17652328 0.21423342 0.20782517 0.24999257
 0.38052727 1.         0.31248088 0.28515903 0.31171399 1.        ]
286 0.9299083733821374 [0.20198234 0.24631583 0.17639394 0.21405764 0.20738518 0.2499897
 0.37998046 1.         0.31274677 0.28495955 0.31206888 1.        ]
287 1.241180425046708 [0.20211855 0.246386   0.1761515  0.21372363 0.20692025 0.25009641
 0.3794022  1.         0.31293876 0.28484152 0.31229069 1.        ]
288 1.356824721514921 [0.20222257 0.24649445 0.17598536 0.21332334 0.20652364 0.25014852
 0.37893451 1.         0.3131184  0.2845688  0.3124651  1.        ]
289 0.7598236976446736 [0.20236216 0.2464471  0.17579294 0.21299767 0.20629962 0.25003314
 0.37848201 1.         0.3135434  0.2841652  0.31285662 1.        ]
290 1.0688414347902642 [0.2023416  0.24649841 0.17562013 0.21238663 0.20612195 0.24993386
 0.37832839 1.         0.31385786 0.28390802 0.31331251 1.        ]
291 1.2344442062427494 [0.20222746 0.24647329 0.17537558 0.21184969 0.20571177 0.24991628
 0.37830707 1.         0.31428322 0.28377668 0.31384728 1.        ]
292 0.5793890761706874 [0.20208682 0.24648995 0.17524013 0.21130792 0.20537099 0.24982699
 0.37834342 1.         0.31467357 0.28347829 0.31421258 1.        ]
293 0.9007366588569151 [0.20176854 0.24641749 0.17502932 0.2106885  0.20503091 0.24995978
 0.37833765 1.         0.31513331 0.28310343 0.3143711  1.        ]
294 1.4222011472683276 [0.20153369 0.24631316 0.1748842  0.21006667 0.20490477 0.25013415
 0.37832475 1.         0.31571486 0.28272734 0.31457007 1.        ]
295 1.4163137316503498 [0.20130726 0.24616556 0.17474071 0.20933956 0.20485669 0.25039421
 0.37834513 1.         0.31623384 0.28236059 0.31462736 1.        ]
296 0.9933075064032122 [0.20115555 0.24600457 0.1745691  0.20862188 0.20482388 0.25070685
 0.37855916 1.         0.31684234 0.28214495 0.3147222  1.        ]
297 0.8268045016124019 [0.20116178 0.24577007 0.17449019 0.20806147 0.20475347 0.2510631
 0.378713   1.         0.31744217 0.28209656 0.31504277 1.        ]
298 0.8131876570059783 [0.20104012 0.24567674 0.17444248 0.20751995 0.20468209 0.25113883
 0.378858   1.         0.3179172  0.28201932 0.31536007 1.        ]
299 0.8215063454659981 [0.20096954 0.2453842  0.17417523 0.207092   0.20460969 0.25105702
 0.37906169 1.         0.3185817  0.2819848  0.31529126 1.        ]
300 1.0557846166760478 [0.20095684 0.24528766 0.17394561 0.20664203 0.20460682 0.25105992
 0.3794337  1.         0.31913205 0.28166292 0.31518926 1.        ]
301 0.8815986520493486 [0.2009351  0.24521466 0.17375012 0.2061453  0.20463664 0.2509601
 0.37999996 1.         0.31973901 0.28133433 0.31494006 1.        ]
302 0.6436640125448021 [0.20094992 0.24510784 0.17347916 0.2057056  0.20466237 0.25082387
 0.38044989 1.         0.32039825 0.28080306 0.31440799 1.        ]
303 0.5204479403704079 [0.20099975 0.24491252 0.17333633 0.20525775 0.20466883 0.25081926
 0.38075011 1.         0.32088033 0.28028524 0.31384508 1.        ]
304 0.7286155871846104 [0.20104372 0.24501881 0.17319295 0.2049021  0.20475804 0.25079131
 0.38128146 1.         0.32145451 0.27968806 0.31350097 1.        ]
305 0.9162813968162831 [0.20109792 0.24507422 0.17291065 0.20459201 0.20474808 0.25072124
 0.38222906 1.         0.3225746  0.27904838 0.31315394 1.        ]
306 0.509194113567133 [0.20119376 0.24512564 0.17262279 0.20444823 0.20469427 0.25059942
 0.38298951 1.         0.32332399 0.27864179 0.31278209 1.        ]
307 0.642830853985008 [0.20129513 0.24533828 0.17230846 0.20424233 0.20478077 0.25043843
 0.38375611 1.         0.32390303 0.27840392 0.3119933  1.        ]
308 0.5868128455497894 [0.20137466 0.24556589 0.1720036  0.2041274  0.2047284  0.25030168
 0.3845018  1.         0.32425697 0.27819179 0.31107535 1.        ]
309 0.6123055657011959 [0.20151565 0.24559034 0.17186356 0.20401153 0.20470545 0.25022537
 0.38535053 1.         0.32459484 0.27811538 0.31036368 1.        ]
310 0.6466549251638473 [0.20139758 0.24565664 0.17181124 0.20385826 0.20454614 0.25018961
 0.386181   1.         0.32496917 0.27792074 0.30968614 1.        ]
311 0.724612476943949 [0.20124855 0.24563284 0.17172059 0.20377531 0.2045382  0.25024508
 0.38683251 1.         0.3254292  0.27781452 0.30911915 1.        ]
312 0.4809889090513532 [0.2008393  0.24555966 0.17158958 0.20364123 0.20467404 0.2503154
 0.38767766 1.         0.32593983 0.27770884 0.30878314 1.        ]
313 0.7441627282948552 [0.20058339 0.24548422 0.17133697 0.20355783 0.20469444 0.25042786
 0.38846785 1.         0.32662685 0.27763433 0.30847213 1.        ]
314 0.45871671054068996 [0.20030969 0.2452854  0.17082954 0.2035121  0.20472645 0.25059548
 0.3888548  0.99999999 0.32716254 0.27757442 0.30859748 0.99999999]
315 0.693239312257539 [0.2000921  0.24530155 0.17035834 0.20341877 0.20467635 0.25084275
 0.38948329 0.99999999 0.32715217 0.27736673 0.30884231 0.99999999]
316 0.437922076241996 [0.19979778 0.24533989 0.17001    0.20334073 0.20460626 0.25118895
 0.38994962 0.99999999 0.32688917 0.27740058 0.30912901 0.99999999]
317 0.4972406940766479 [0.19941438 0.24532093 0.16971738 0.20311933 0.20461986 0.25142935
 0.39065997 0.99999999 0.32676846 0.27721494 0.30941516 0.99999999]
318 0.546574258527131 [0.19904884 0.24526389 0.16947268 0.20290822 0.20461971 0.25153232
 0.39141985 0.99999999 0.32676612 0.27703225 0.30984246 0.99999999]
319 0.8140704426847317 [0.19889212 0.24504581 0.16930716 0.20280832 0.20473035 0.25152251
 0.39192594 0.99999999 0.32657648 0.27681555 0.30997874 0.99999999]
320 1.1131341341166636 [0.19888857 0.24471745 0.16922431 0.20262534 0.20496504 0.25158136
 0.39242506 0.99999999 0.3263702  0.27691393 0.31001297 0.99999999]
321 0.7444543975412587 [0.1988327  0.24447446 0.16915382 0.20257125 0.20516588 0.25167377
 0.39287831 0.99999999 0.32625246 0.27690207 0.31023483 0.99999999]
322 0.35984896015813617 [0.19875319 0.24423228 0.16917068 0.20255233 0.20532783 0.25179387
 0.39351284 0.99999999 0.3261575  0.27684763 0.31085612 0.99999999]
323 0.69098999107222 [0.19860398 0.24398775 0.16917231 0.20239705 0.20541904 0.25201709
 0.39421876 0.99999999 0.32602499 0.27645645 0.31168103 0.99999999]
324 0.5690297880984316 [0.19847666 0.24384945 0.16913448 0.20231632 0.20533711 0.25228613
 0.39480866 0.99999999 0.32611894 0.27603381 0.31261753 0.99999999]
325 0.701279823691875 [0.19843609 0.24370216 0.16910574 0.20220198 0.20528523 0.25263565
 0.39536486 0.99999999 0.32600366 0.27554074 0.31340876 0.99999999]
326 0.5673138236581055 [0.19849792 0.24344777 0.16905094 0.20212641 0.20516054 0.25302158
 0.39594738 0.99999999 0.32591936 0.27502027 0.31420077 0.99999999]
327 0.5350934015464275 [0.19843362 0.24323343 0.1688973  0.20208961 0.20506905 0.25319455
 0.39632825 0.99999999 0.32596115 0.27435395 0.31516729 0.99999999]
328 0.3779216053195673 [0.19831322 0.24314249 0.1688323  0.20200781 0.20493096 0.25341289
 0.39664672 0.99999999 0.32601107 0.27381038 0.31597098 0.99999999]
329 0.6264552956096513 [0.1980867  0.24314968 0.16874637 0.20188974 0.20464479 0.25367494
 0.39675612 0.99999999 0.32585512 0.27333265 0.31678512 0.99999999]
330 0.3284358911882368 [0.19788904 0.24298996 0.16867706 0.20174365 0.20440043 0.25373492
 0.39691673 0.99999999 0.32571233 0.27285381 0.31730913 0.99999999]
331 0.5356120545938142 [0.19771103 0.24302437 0.16845537 0.2014566  0.20415848 0.25373504
 0.39719264 0.99999999 0.32555968 0.27218409 0.3178092  0.99999999]
332 0.783552785131745 [0.19757637 0.24307087 0.16834217 0.20104009 0.20396692 0.2537252
 0.3975415  0.99999999 0.32533865 0.27150214 0.31834191 0.99999999]
333 0.3739065102361007 [0.19746399 0.24302043 0.16819761 0.20071696 0.20379225 0.25365398
 0.39767125 0.99999999 0.32491081 0.27096356 0.31869394 0.99999999]
334 0.29998749952746173 [0.19726644 0.24307374 0.16793479 0.20048784 0.20364881 0.25343521
 0.39795568 0.99999999 0.32454963 0.2706952  0.31903117 0.99999999]
335 0.3526721482135878 [0.1971707  0.2432177  0.16767971 0.20025412 0.20370816 0.25332674
 0.39824984 0.99999999 0.32437795 0.27056179 0.3192711  0.99999999]
336 0.24048746600890167 [0.19710436 0.24331192 0.1674106  0.20001128 0.20383303 0.25256996
 0.39862473 0.99999999 0.32414194 0.27047753 0.31924698 0.99999999]
337 1.762024180528126 [0.19719212 0.24341838 0.16711821 0.19978408 0.20402819 0.25199829
 0.39866131 0.99999999 0.32403148 0.27043919 0.31912252 0.99999999]
338 0.23964970580185635 [0.197348   0.24345318 0.1666196  0.19958593 0.20419636 0.25144873
 0.3982289  0.99999999 0.32383058 0.27056208 0.31899604 0.99999999]
339 1.3227623744789703 [0.19748306 0.24346903 0.1660695  0.19942027 0.2041143  0.25101574
 0.39797109 0.99999999 0.32397191 0.27085203 0.31911779 0.99999999]
340 0.4320560660059324 [0.19760296 0.24348844 0.16550715 0.1992516  0.20404732 0.25072983
 0.39657446 0.99999999 0.32439195 0.27094516 0.31959562 0.99999999]
341 0.3024873067440486 [0.19771223 0.24336676 0.1649643  0.19913578 0.20378005 0.2504609
 0.39545901 0.99999999 0.3247829  0.27082384 0.32023372 0.99999999]
342 0.4882826776515954 [0.1977432  0.2432508  0.16460843 0.19909473 0.20354211 0.25008464
 0.39444645 0.99999999 0.32536874 0.27079306 0.3206804  0.99999999]
343 0.24650110094037472 [0.19771864 0.2430193  0.16434615 0.19906138 0.20322656 0.24981697
 0.39324503 0.99999999 0.32599351 0.27079748 0.32070441 0.99999999]
344 0.49803037485693047 [0.19775335 0.24262156 0.16410943 0.19908804 0.20282187 0.2494845
 0.39213291 0.99999999 0.32665405 0.27064236 0.32056664 0.99999999]
345 0.22613194534495218 [0.19755231 0.24216418 0.16374617 0.19916621 0.20252099 0.24917624
 0.39109188 0.99999999 0.32692533 0.27020011 0.3206359  0.99999999]
346 0.15768651631822217 [0.19727253 0.24164517 0.16338648 0.19914123 0.20224248 0.24888929
 0.39008602 0.99999999 0.32718992 0.26975721 0.32096027 0.99999999]
347 0.561119760689301 [0.19692941 0.24111589 0.16307168 0.19906448 0.20183618 0.24867661
 0.38884994 0.99999999 0.32756175 0.26952762 0.32143496 0.99999999]
348 0.3599034403900061 [0.19662252 0.24043395 0.16275404 0.19900979 0.20137375 0.24844361
 0.38782184 0.99999999 0.32821823 0.26933662 0.32175729 0.99999999]
349 0.217365691040041 [0.19618589 0.23986543 0.16246604 0.19887174 0.20098172 0.24807894
 0.38660936 0.99999999 0.32888344 0.26913808 0.32201529 0.99999999]
350 0.4380046510274004 [0.19582261 0.239395   0.16207025 0.19880418 0.20054875 0.24771077
 0.38569321 0.99999999 0.32970482 0.2690738  0.32233136 0.99999999]
351 0.30879843082164987 [0.19547672 0.23885875 0.16174785 0.19874203 0.20011576 0.24732539
 0.38465928 0.99999999 0.33050983 0.26917216 0.32295125 0.99999999]
352 0.4453380121554876 [0.19510218 0.23827235 0.16136589 0.19872903 0.19975345 0.24707717
 0.38374526 0.99999999 0.33136077 0.26938699 0.32353518 0.99999999]
353 0.15292043841397915 [0.19480732 0.23781954 0.1609192  0.19865672 0.19942838 0.24673474
 0.38259995 0.99999999 0.33188639 0.26964455 0.32412091 0.99999999]
354 0.1535842456159432 [0.1945812  0.23752764 0.16047765 0.19870791 0.19910541 0.24643477
 0.3814703  0.99999999 0.3323762  0.26997918 0.32432317 0.99999999]
355 0.19863719843038946 [0.19422985 0.23710452 0.15997262 0.19860942 0.19874444 0.24605661
 0.38068149 0.99999999 0.33278284 0.2704206  0.32458682 0.99999999]
356 0.6316722580313809 [0.19381914 0.23681896 0.15954565 0.19860886 0.19842856 0.24573877
 0.37998896 0.99999999 0.33328182 0.27069031 0.32489993 0.99999999]
357 0.4131048089582377 [0.19354645 0.23672057 0.1592095  0.19843118 0.19800784 0.24542925
 0.37954256 0.99999999 0.33358592 0.27097607 0.32526196 0.99999999]
358 0.2316023563086605 [0.19324497 0.23661027 0.15891595 0.19835012 0.19771699 0.24517775
 0.37915376 0.99999999 0.33405138 0.27126193 0.32518506 0.99999999]
359 0.35061885949757043 [0.19300346 0.23656794 0.15869344 0.19812372 0.1974844  0.24497315
 0.37876687 0.99999999 0.33454595 0.27149743 0.32499985 0.99999999]
360 0.8277119801139261 [0.19281808 0.23663464 0.15846834 0.19785466 0.19724276 0.24449572
 0.37805721 0.99999999 0.33509004 0.27176744 0.32491934 0.99999999]
361 0.47868228358323484 [0.19271366 0.23658548 0.15825496 0.19760332 0.19702471 0.24420272
 0.37711827 0.99999999 0.33568152 0.27201605 0.32497972 0.99999999]
362 0.2682069493669826 [0.19274056 0.23655334 0.15814209 0.1974551  0.19687183 0.24379317
 0.37615808 0.99999999 0.33649069 0.27225574 0.32504479 0.99999999]
363 0.25866712061347075 [0.19263097 0.23653926 0.15808168 0.19729478 0.19683164 0.24355329
 0.37516335 0.99999999 0.33762002 0.27231368 0.32514102 0.99999999]
364 0.20482927140347978 [0.19259005 0.23643071 0.15804451 0.19714503 0.19683904 0.24353782
 0.37422311 0.99999999 0.33846718 0.27224573 0.32515778 0.99999999]
365 0.5174887780444407 [0.19253063 0.23636202 0.15802624 0.19693752 0.19672165 0.24352957
 0.37369916 0.99999999 0.33920256 0.27213419 0.32491562 0.99999999]
366 0.64589263085469 [0.19248965 0.23624058 0.15792486 0.19679737 0.19653113 0.24325465
 0.37301135 0.99999999 0.33966373 0.27210202 0.32481668 0.99999999]
367 0.31834711310148284 [0.19254782 0.23609693 0.15781416 0.19666629 0.19639375 0.24306873
 0.37237625 0.99999999 0.34012889 0.27209052 0.32486233 0.99999999]
368 1.247848763545572 [0.19267572 0.23611927 0.15766498 0.19669582 0.19632493 0.24290539
 0.37186977 0.99999999 0.34033465 0.2721542  0.32518004 0.99999999]
369 1.7996606182833763 [0.19263867 0.23619441 0.15751214 0.19676504 0.19610333 0.24272084
 0.37147977 0.99999999 0.34059647 0.27210356 0.32566791 0.99999999]
370 0.8252443070079636 [0.19259962 0.23620852 0.15732369 0.19682293 0.19577162 0.24246105
 0.37114122 0.99999999 0.34080237 0.27214645 0.32589684 0.99999999]
371 1.3148538040387692 [0.19231621 0.23599465 0.15715263 0.19675337 0.19541566 0.24230266
 0.37086104 0.99999999 0.34094269 0.27197362 0.3263238  0.99999999]
372 0.5545480193855558 [0.19205274 0.23549157 0.15698386 0.19662942 0.19508297 0.24212739
 0.37036459 0.99999999 0.34122345 0.27157901 0.32648844 0.99999999]
373 1.9529477861514328 [0.19186535 0.23512489 0.15685106 0.19645563 0.19468479 0.24194698
 0.36971425 0.99999999 0.34146609 0.27115428 0.32676463 0.99999999]
374 0.8206665270424766 [0.19140694 0.23476426 0.15670189 0.19632131 0.19430415 0.24176934
 0.36933592 0.99999999 0.34193483 0.27081506 0.32664812 0.99999999]
375 0.9792437199132018 [0.1910666  0.23449067 0.15658573 0.19624398 0.19399693 0.24155933
 0.36893908 0.99999999 0.3422085  0.27044647 0.32659    0.99999999]
376 0.4839148679162022 [0.19070432 0.23412006 0.15648177 0.1962678  0.19374063 0.24144223
 0.36837084 0.99999999 0.34260541 0.27014863 0.32632934 0.99999999]
377 0.27825437445174017 [0.1903041  0.23381295 0.15639918 0.19633168 0.19350972 0.24119502
 0.3678773  0.99999999 0.34296652 0.26990623 0.32610799 0.99999999]
378 0.3630048746629071 [0.18996584 0.23356441 0.15627438 0.19634661 0.19328907 0.24077285
 0.36750424 0.99999999 0.34308589 0.26972205 0.32587227 0.99999999]
379 1.720764112665592 [0.1897008  0.23334899 0.15615117 0.1963361  0.19311412 0.24036069
 0.36715397 0.99999999 0.34320748 0.26963357 0.32565291 0.99999999]
380 0.36779788450206824 [0.18947804 0.23325517 0.15604919 0.19632503 0.19287084 0.23998649
 0.36689949 0.99999999 0.34337729 0.2695934  0.32561777 0.99999999]
381 0.36398545378054736 [0.18917563 0.23311961 0.15579094 0.19639575 0.19265097 0.23929248
 0.36671842 0.99999999 0.34338068 0.26948065 0.32595792 0.99999999]
382 0.28006961617421355 [0.18895401 0.23299046 0.15559168 0.19646166 0.19241446 0.23866698
 0.36680675 0.99999999 0.343404   0.26921586 0.3263343  0.99999999]
383 1.551386110127202 [0.18875627 0.23281459 0.15537415 0.19663897 0.19212751 0.2380001
 0.36680351 0.99999999 0.34323648 0.26902868 0.32658705 0.99999999]
384 0.306044668180057 [0.18856546 0.2328644  0.15519705 0.19679098 0.19184186 0.23742364
 0.36690877 0.99999999 0.34304597 0.26886437 0.32679742 0.99999999]
385 0.34165995606017974 [0.18826791 0.23270448 0.15498008 0.19701551 0.19141133 0.23690107
 0.36687935 0.99999999 0.34300636 0.26855682 0.32683396 0.99999999]
386 0.5037575553254146 [0.18805344 0.23260076 0.15473219 0.19719695 0.19097093 0.23639244
 0.36685036 0.99999999 0.34284345 0.26825434 0.32653311 0.99999999]
387 0.4125337549948991 [0.18778218 0.23255034 0.15451841 0.19739954 0.19045618 0.23600653
 0.36695437 0.99999999 0.34251085 0.26804285 0.32609044 0.99999999]
388 0.3686081786848888 [0.18752738 0.23255533 0.15428535 0.19759061 0.18988687 0.23558729
 0.36719179 0.99999999 0.34213994 0.26788157 0.32559124 0.99999999]
389 0.6253125911084453 [0.18724356 0.23255327 0.1540248  0.19782811 0.18937142 0.23522342
 0.3674107  0.99999999 0.34134716 0.26750463 0.32536383 0.99999999]
390 1.2696323055686909 [0.18703177 0.23276301 0.15386052 0.19804426 0.18894739 0.23483986
 0.36757178 0.99999999 0.34070876 0.26717786 0.32511069 0.99999999]
391 0.361862642110541 [0.18685257 0.23313017 0.15369458 0.19830024 0.188582   0.23454088
 0.36763917 0.99999999 0.3397947  0.26700271 0.32504732 0.99999999]
392 0.39048130395902103 [0.18653494 0.2333869  0.15350353 0.19841219 0.18815629 0.23422458
 0.36764404 0.99999999 0.33918387 0.26682805 0.32497832 0.99999999]
393 0.5561001869837481 [0.18626532 0.23362795 0.15330844 0.19857138 0.18767465 0.23390413
 0.36778135 0.99999999 0.33853528 0.26675903 0.3248855  0.99999999]
394 0.31870343330298384 [0.18603395 0.23361826 0.15314023 0.19873804 0.18715525 0.23364668
 0.36777958 0.99999999 0.33814244 0.2666272  0.32514327 0.99999999]
395 0.42946440130632824 [0.18574751 0.23369752 0.15300375 0.19875892 0.18683368 0.23332245
 0.36795166 0.99999999 0.33784889 0.26641305 0.32525097 0.99999999]
396 0.31336914671529337 [0.18544941 0.23356961 0.15281406 0.19877837 0.18661571 0.23311837
 0.36798396 0.99999999 0.33796882 0.26633287 0.32536878 0.99999999]
397 0.3024827227219337 [0.18503709 0.23351008 0.15259518 0.19886835 0.18641075 0.23287433
 0.36810562 0.99999999 0.33790099 0.2663915  0.32554535 0.99999999]
398 0.20649285691769123 [0.18466266 0.23346162 0.15240137 0.19890901 0.18620373 0.23267837
 0.36841528 0.99999999 0.33762836 0.26652197 0.32578611 0.99999999]
399 0.24403680045017026 [0.18423297 0.2332885  0.15215612 0.19895723 0.1859378  0.23246406
 0.36862614 0.99999999 0.33758429 0.26673254 0.32610558 0.99999999]
400 0.21303510507578144 [0.18382624 0.23301602 0.15192499 0.19895978 0.18568993 0.23231646
 0.36882321 0.99999999 0.33756761 0.26698151 0.32638957 0.99999999]
401 0.29279639029377263 [0.18335453 0.23275107 0.15176915 0.19903365 0.18549188 0.23224272
 0.36907209 0.99999999 0.33773302 0.26739659 0.32667215 0.99999999]
402 0.2659716059077607 [0.1830107  0.23253389 0.15160228 0.19909853 0.18531156 0.23211439
 0.36910202 0.99999999 0.3381251  0.26789036 0.32690462 0.99999999]
403 0.7346733152768492 [0.18283977 0.23246147 0.15144478 0.19916087 0.18520538 0.23210233
 0.36913706 0.99999999 0.33858494 0.26820621 0.32711162 0.99999999]
404 0.5433841997485658 [0.18255719 0.23243761 0.15128394 0.19910132 0.18515054 0.23208872
 0.36919488 0.99999999 0.33893476 0.26838232 0.32720742 0.99999999]
405 0.26011135078860065 [0.18219492 0.23239419 0.15106197 0.1990106  0.1851279  0.23203549
 0.36895782 0.99999999 0.33937647 0.2684027  0.32735662 0.99999999]
406 0.398425195319134 [0.18184036 0.23239906 0.15092129 0.19896122 0.18509121 0.23206737
 0.36882797 0.99999999 0.3397017  0.26850808 0.32753222 0.99999999]
407 0.480296284340133 [0.18152969 0.23225971 0.15081762 0.19895786 0.18505724 0.23208703
 0.36857785 0.99999999 0.33990858 0.26870117 0.32761953 0.99999999]
408 0.1987948033354881 [0.18124175 0.23225061 0.15076138 0.19901763 0.18511332 0.23212553
 0.36817014 0.99999999 0.3397285  0.26887766 0.32766404 0.99999999]
409 0.2845078079547732 [0.18101989 0.23223356 0.15078158 0.1991878  0.1852224  0.23215151
 0.36792562 0.99999999 0.3393102  0.26901793 0.32788327 0.99999999]
410 0.3175997344274138 [0.18083159 0.23227141 0.15075102 0.19939541 0.18533386 0.23222097
 0.36788317 0.99999999 0.33880207 0.26907758 0.32828613 0.99999999]
411 0.3273834328699164 [0.1806714  0.23215038 0.15072222 0.19957726 0.18546599 0.23245361
 0.36807963 0.99999999 0.33848672 0.26920453 0.32857628 0.99999999]
412 0.3254048258101053 [0.180531   0.23197653 0.15070247 0.19970005 0.18558466 0.23254176
 0.36826865 0.99999999 0.33836617 0.269232   0.32898041 0.99999999]
413 0.1927834631217005 [0.18049223 0.231759   0.15072178 0.19977446 0.18568722 0.23273903
 0.36863999 0.99999999 0.33811501 0.26939551 0.32931732 0.99999999]
414 0.25832087701917633 [0.18039489 0.23174139 0.1507285  0.19980689 0.18571307 0.23278361
 0.36901747 0.99999999 0.33796921 0.26968141 0.32957332 0.99999999]
415 0.08872752699742481 [0.18028309 0.23183305 0.15079686 0.19978082 0.18583892 0.23286656
 0.36916376 0.99999999 0.33824199 0.26999724 0.32977261 0.99999999]
416 0.1978794310651269 [0.1802372  0.23196316 0.1509326  0.19963761 0.1859137  0.23266199
 0.36930508 0.99999999 0.33840476 0.27037595 0.33002226 0.99999999]
417 0.32938495057505834 [0.18020681 0.23229238 0.15100317 0.19945148 0.18600372 0.232372
 0.36933664 0.99999999 0.33852925 0.27078596 0.3304337  0.99999999]
418 0.15594311965076574 [0.1802918  0.23251825 0.15101806 0.19924962 0.18599749 0.23212486
 0.36955147 0.99999999 0.33884665 0.27120615 0.33072587 0.99999999]
419 0.20874504774574584 [0.18050344 0.23281782 0.15102544 0.19888253 0.18597776 0.23183838
 0.36978281 0.99999999 0.33852089 0.27151446 0.33074194 0.99999999]
420 1.0424173843450837 [0.18063947 0.23302768 0.15104159 0.19855427 0.18598967 0.23164069
 0.36993753 0.99999999 0.33824944 0.2718173  0.33071188 0.99999999]
421 0.34833048289096874 [0.18081974 0.23342372 0.15105258 0.19822537 0.18600255 0.23141384
 0.37024099 0.99999999 0.33790137 0.27201296 0.33050534 0.99999999]
422 0.6339120244398212 [0.18095868 0.23361285 0.15097678 0.19794105 0.18602843 0.23121889
 0.37063119 0.99999999 0.33734993 0.2721927  0.3305693  0.99999999]
423 0.3773759585551978 [0.18106141 0.23373756 0.15095626 0.19756467 0.18601242 0.23109841
 0.37108848 0.99999999 0.33670258 0.27243664 0.33027283 0.99999999]
424 0.15754189403904956 [0.18111385 0.23386436 0.15092028 0.19705441 0.18601639 0.23088264
 0.37150285 0.99999999 0.3362696  0.27247502 0.3300028  0.99999999]
425 0.3779661116144095 [0.18104509 0.23398682 0.15091845 0.19661084 0.18594868 0.23074553
 0.37177078 0.99999999 0.33600721 0.2726792  0.32980246 0.99999999]
426 0.11096781691836384 [0.18095446 0.23405772 0.15089483 0.1959546  0.18607632 0.23067514
 0.37237642 0.99999999 0.336032   0.27290655 0.32958942 0.99999999]
427 0.5718158559713779 [0.18099306 0.23413563 0.15093032 0.19539508 0.18625061 0.23071908
 0.3729352  0.99999999 0.33560104 0.27321882 0.32955565 0.99999999]
428 0.7772160085644391 [0.18105882 0.2341667  0.15090956 0.19499007 0.18643491 0.2307269
 0.37323382 0.99999999 0.33493553 0.27349467 0.32940368 0.99999999]
429 0.3196034234289058 [0.18110439 0.23413945 0.15093578 0.19460206 0.18644101 0.23077751
 0.37340239 0.99999999 0.33445061 0.27387127 0.32907824 0.99999999]
430 0.32765075552323275 [0.18119038 0.23405009 0.1508515  0.19411947 0.18645089 0.23094386
 0.37352019 0.99999999 0.33415819 0.27374235 0.32909703 0.99999999]
431 0.29324571055197546 [0.18127804 0.23397854 0.15070613 0.19368378 0.18639531 0.23113597
 0.37383527 0.99999999 0.33393875 0.27326924 0.32904675 0.99999999]
432 0.33397273488820717 [0.18137007 0.23388748 0.15059355 0.19326804 0.18635359 0.23131759
 0.37408598 0.99999999 0.33388546 0.27306257 0.32908277 0.99999999]
433 0.5488112162036142 [0.18152984 0.2338425  0.15049733 0.19294334 0.18637751 0.23139828
 0.37432572 0.99999999 0.33337579 0.27304684 0.32897045 0.99999999]
434 0.41776072743402676 [0.18153365 0.23380346 0.15047382 0.19259366 0.18626979 0.23143505
 0.37438337 0.99999999 0.33294498 0.27309006 0.32879501 0.99999999]
435 0.8376848660464555 [0.18152402 0.23386026 0.15040662 0.19229335 0.18615752 0.23135375
 0.37457357 0.99999999 0.33250068 0.27317962 0.32849814 0.99999999]
436 0.28955209816037375 [0.1814636  0.23403387 0.15033198 0.19202985 0.18606562 0.23130182
 0.37497783 0.99999999 0.33190844 0.2733117  0.32846138 0.99999999]
437 0.2504130028112297 [0.18144034 0.23424852 0.15029482 0.19178936 0.18597168 0.23123249
 0.37530734 0.99999999 0.33124284 0.27331249 0.32858191 0.99999999]
438 0.24831242181289814 [0.1813167  0.23453092 0.15030145 0.19158432 0.18576751 0.23095286
 0.37560321 0.99999999 0.33061182 0.27305304 0.32875048 0.99999999]
439 0.2240614210230244 [0.18124406 0.23474604 0.15033816 0.19141091 0.18561229 0.23064772
 0.37588475 0.99999999 0.33010125 0.27243728 0.32908616 0.99999999]
440 0.34802582492394174 [0.18117389 0.23486246 0.15035804 0.1911953  0.18556797 0.23035302
 0.37614248 0.99999999 0.3300843  0.27183807 0.32932184 0.99999999]
441 0.2015766403527762 [0.1811694  0.23511724 0.15033041 0.19098651 0.18561492 0.230127
 0.37639288 0.99999999 0.33007353 0.27130153 0.32931272 0.99999999]
442 0.31040377904098193 [0.18111538 0.2352858  0.1503233  0.19072087 0.18564817 0.2299175
 0.37678836 0.99999999 0.32990992 0.2708152  0.32931581 0.99999999]
443 0.23870764471967335 [0.18113141 0.23532877 0.15032598 0.19053352 0.18561906 0.22964722
 0.3772149  0.99999999 0.32954105 0.27031412 0.32948751 0.99999999]
444 0.5143258907506739 [0.18109538 0.23501556 0.15023291 0.19045279 0.18562556 0.22932213
 0.37796782 0.99999999 0.32923075 0.26983989 0.32974396 0.99999999]
445 0.6349347453448485 [0.18097607 0.23473136 0.15020155 0.1903576  0.18565686 0.22896908
 0.37881703 0.99999999 0.32900538 0.26944479 0.33033801 0.99999999]
446 0.27583533144470596 [0.18096888 0.23448039 0.15022506 0.19024295 0.18565538 0.2286014
 0.37970548 0.99999999 0.32883582 0.26900817 0.33083977 0.99999999]
447 0.23022425799549512 [0.18101326 0.23431977 0.1502512  0.19019411 0.18568523 0.22812185
 0.38072385 0.99999999 0.32871595 0.26863105 0.33116177 0.99999999]
448 0.3678144646363983 [0.18096835 0.23413832 0.15023425 0.18989697 0.18566698 0.22764733
 0.3813741  0.99999999 0.32838211 0.26849593 0.33139658 0.99999999]
449 0.19033181730159376 [0.18096652 0.23404109 0.15021584 0.18962429 0.18570367 0.22716627
 0.38199242 0.99999999 0.32818063 0.26837088 0.33169365 0.99999999]
450 0.31913440704260915 [0.18102811 0.23388799 0.15020795 0.18952951 0.18572899 0.22667176
 0.38267905 0.99999999 0.32812978 0.26827668 0.3319158  0.99999999]
451 0.33328108679930085 [0.18102073 0.23383101 0.15016438 0.18929511 0.1856601  0.22619914
 0.38329576 0.99999999 0.32806763 0.26818773 0.33231015 0.99999999]
452 0.827249705225142 [0.18105735 0.23371901 0.15011549 0.1890696  0.18559284 0.22564414
 0.38366196 0.99999999 0.32779526 0.26797751 0.33257563 0.99999999]
453 0.36092014442595377 [0.18106907 0.2336594  0.1499928  0.18888553 0.18557753 0.2251441
 0.38397702 0.99999999 0.32754439 0.26792524 0.3331561  0.99999999]
454 0.48903063719882944 [0.18110608 0.23356293 0.14988833 0.18876687 0.18561953 0.22470959
 0.38430348 0.99999999 0.32722797 0.26787425 0.3335361  0.99999999]
455 0.2873676211954231 [0.18112626 0.23358548 0.14977528 0.18858654 0.18563008 0.22435426
 0.38464098 0.99999999 0.32671334 0.26780871 0.33368252 0.99999999]
456 0.20604297907033978 [0.18093565 0.23362067 0.14967663 0.18841036 0.18566153 0.22388926
 0.38501397 0.99999999 0.32607221 0.26763545 0.33429147 0.99999999]
457 0.12202518943647753 [0.18078781 0.2336835  0.14954691 0.18831018 0.18568262 0.22336491
 0.38522279 0.99999999 0.32565789 0.26747321 0.33490343 0.99999999]
458 1.4080368156681478 [0.18063656 0.23373496 0.14935809 0.18830336 0.1857485  0.22277773
 0.38550641 0.99999999 0.32523333 0.26727439 0.33497728 0.99999999]
459 0.3251639711587251 [0.18047625 0.2337672  0.14924076 0.18829389 0.1856272  0.22225304
 0.3856999  0.99999999 0.32512985 0.26709696 0.33515526 0.99999999]
460 0.14840090540110737 [0.18040159 0.23383968 0.14903697 0.18821281 0.1855379  0.22186786
 0.38595834 0.99999999 0.32527899 0.26689577 0.33526928 0.99999999]
461 0.17030088533766366 [0.18035479 0.23404916 0.14874709 0.18814349 0.18547739 0.22142827
 0.38645679 0.99999999 0.32558882 0.26682085 0.33538079 0.99999999]
462 0.1773021552867789 [0.18013194 0.23437488 0.14841708 0.18808329 0.18544791 0.22079323
 0.38703308 0.99999999 0.32594448 0.2667403  0.33547277 0.99999999]
463 0.09512707758346552 [0.17989456 0.23483168 0.14814184 0.18808839 0.1854502  0.22018283
 0.38764785 0.99999999 0.32618662 0.26670229 0.33568513 0.99999999]
464 0.28199214427710745 [0.17953747 0.2353862  0.14787526 0.18810875 0.1854425  0.21972394
 0.3879392  0.99999999 0.32630888 0.26658151 0.33587366 0.99999999]
465 0.5539913235745946 [0.17914223 0.2359489  0.14766417 0.18807283 0.18531956 0.21931506
 0.38820974 0.99999999 0.32635065 0.26633157 0.33557539 0.99999999]
466 0.1394582214566502 [0.17873478 0.23645883 0.14748644 0.18796381 0.18525322 0.21902762
 0.3886634  0.99999999 0.32643149 0.26605969 0.33546839 0.99999999]
467 0.5109958490825162 [0.1782917  0.23687989 0.14722286 0.18795449 0.18516496 0.21879065
 0.3888825  0.99999999 0.32655904 0.26584347 0.3354943  0.99999999]
468 0.15016859086879333 [0.17790188 0.2372123  0.14696543 0.18785764 0.18511395 0.2185145
 0.38911138 0.99999999 0.32686673 0.26564012 0.33532728 0.99999999]
469 0.058806725099003046 [0.1775196  0.23767047 0.14677143 0.18776077 0.18505933 0.2183194
 0.38920385 0.99999999 0.32714605 0.26524013 0.33513468 0.99999999]
470 0.3157768086088929 [0.17716399 0.23807327 0.14661215 0.18765484 0.185044   0.21815055
 0.3891705  0.99999999 0.32757125 0.26486469 0.33492215 0.99999999]
471 0.0901036680233582 [0.17681617 0.2384144  0.14642665 0.18758286 0.18489306 0.21801825
 0.38906821 0.99999999 0.32788022 0.26456998 0.33478837 0.99999999]
472 0.10407869975729266 [0.17660289 0.2386486  0.14623636 0.1874286  0.18472095 0.2178965
 0.38901408 0.99999999 0.32819757 0.26432336 0.33465348 0.99999999]
473 0.18538066330669473 [0.17651562 0.23863872 0.14607935 0.18727411 0.18453458 0.21782251
 0.38911187 0.99999999 0.32862316 0.26389909 0.33407734 0.99999999]
474 0.07225751723265364 [0.17643522 0.23853415 0.14597762 0.1871322  0.18426174 0.21778688
 0.38931671 0.99999999 0.32890937 0.2636366  0.33354554 0.99999999]
475 0.0637466744003759 [0.17627637 0.23844305 0.14590118 0.18686221 0.18398166 0.21777645
 0.38969283 0.99999999 0.32892003 0.26348161 0.33325502 0.99999999]
476 0.3709896170537553 [0.17612958 0.23833846 0.14580817 0.18666868 0.18374667 0.21774009
 0.39004637 0.99999999 0.32874133 0.26331507 0.33307058 0.99999999]
477 0.06485240141330458 [0.17597979 0.23827367 0.14566906 0.1865321  0.18357623 0.21779796
 0.39032885 0.99999999 0.32821012 0.26320418 0.33306253 0.99999999]
478 0.29515441650784896 [0.17589425 0.23825408 0.14554468 0.18641887 0.18334824 0.21774946
 0.39059208 0.99999999 0.327595   0.26320348 0.33278911 0.99999999]
479 0.1559736520042487 [0.17577033 0.23828974 0.14538635 0.18632834 0.18314906 0.21775693
 0.39066932 0.99999999 0.32710095 0.26314874 0.332684   0.99999999]
480 0.15072763148922697 [0.17561547 0.2383259  0.14522906 0.18627138 0.18298824 0.21776819
 0.39018669 0.99999999 0.32688856 0.26316358 0.3326593  0.99999999]
481 0.16046886781497843 [0.17550115 0.238409   0.14514842 0.18614641 0.18271603 0.21783227
 0.38984116 0.99999999 0.32671554 0.26297704 0.33267943 0.99999999]
482 0.12616541493434386 [0.17540783 0.23846143 0.14508537 0.18605047 0.18234265 0.21786533
 0.38944308 0.99999999 0.32671993 0.26292573 0.3326887  0.99999999]
483 0.24542124652995356 [0.17535011 0.23860029 0.14504329 0.18591092 0.18201206 0.21802064
 0.38916278 0.99999999 0.32688184 0.26286596 0.33229374 0.99999999]
484 0.5181734605715578 [0.17528259 0.23873944 0.14501627 0.1857482  0.18164664 0.21820423
 0.38901296 0.99999999 0.3269308  0.26271686 0.33207679 0.99999999]
485 0.19796781653640277 [0.17517771 0.23890242 0.14497988 0.18558138 0.18124304 0.21828522
 0.38909739 0.99999999 0.32672621 0.26246611 0.33198997 0.99999999]
486 0.25274474986757994 [0.17501234 0.23913056 0.14498931 0.18537105 0.18087609 0.21835767
 0.38894738 0.99999999 0.32659875 0.26217551 0.33210342 0.99999999]
487 0.22017618635555092 [0.1748529  0.23915811 0.14504565 0.18526193 0.18047394 0.21843903
 0.38864346 0.99999999 0.32655201 0.262006   0.33211303 0.99999999]
488 0.28855232879927184 [0.17469469 0.23910143 0.14510002 0.18514895 0.18014647 0.21861883
 0.38830132 0.99999999 0.32654071 0.26173871 0.33203523 0.99999999]
489 0.06642620551304204 [0.17440966 0.23908239 0.14521024 0.1849509  0.17994516 0.21871626
 0.38813414 0.99999999 0.32630083 0.26143885 0.33189957 0.99999999]
490 0.9080727393268898 [0.17414511 0.23903991 0.1453569  0.1847744  0.17977926 0.21886112
 0.38815889 0.99999999 0.32578374 0.26099824 0.33180895 0.99999999]
491 0.10665437521630888 [0.17391721 0.23908408 0.14550432 0.1845224  0.17965923 0.21905946
 0.38807137 0.99999999 0.32529535 0.26031058 0.33162955 0.99999999]
492 0.22807413375266528 [0.17372515 0.23921042 0.14562747 0.18421238 0.17956711 0.21930786
 0.38778108 0.99999999 0.32491063 0.25973473 0.33168043 0.99999999]
493 0.16617773866431562 [0.173526   0.23930379 0.14564783 0.18380054 0.17936128 0.21946503
 0.38762397 0.99999999 0.32458788 0.25924456 0.33154477 0.99999999]
494 0.14696171469962455 [0.17322676 0.23925926 0.14560194 0.1833847  0.17923064 0.21966788
 0.38733057 0.99999999 0.32403389 0.25861544 0.33140757 0.99999999]
495 0.3060575491303596 [0.1729767  0.23919332 0.14560996 0.1830535  0.17915602 0.21985395
 0.38699487 0.99999999 0.32315846 0.25806218 0.33109651 0.99999999]
496 0.09308722863914635 [0.1727569  0.23898597 0.14552663 0.18276043 0.17907286 0.22013515
 0.38646933 0.99999999 0.32242436 0.25746191 0.33063779 0.99999999]
497 0.13603528512351898 [0.17263998 0.23876577 0.14547056 0.18255738 0.17896149 0.22028336
 0.38581333 0.99999999 0.32171064 0.2569484  0.33019877 0.99999999]
498 0.34408902962223703 [0.17248438 0.23851565 0.14542568 0.18238432 0.17880227 0.2203668
 0.38507802 0.99999999 0.32113948 0.25647423 0.32990724 0.99999999]
499 0.13378153184105349 [0.17232197 0.23832028 0.14539484 0.18226635 0.17860862 0.22047861
 0.38462078 0.99999999 0.32064716 0.25602163 0.32958995 0.99999999]
