0 553.1406394218478 [0.30009376 0.30009376 0.29821856 0.29915616 0.30103135 1.
 0.30103135 1.         0.30009375 0.29634337 0.29915616 1.        ]
1 187.2297742411156 [0.30037426 0.30206891 0.2964229  0.29968838 0.30094003 1.
 0.30231207 1.         0.30055127 0.29585624 0.30126557 1.        ]
2 925.4165699652688 [0.30053578 0.30356607 0.29608577 0.30127635 0.30052896 1.
 0.30416728 1.         0.29990307 0.29691838 0.3028209  1.        ]
3 592.22704493991 [0.30142959 0.30483383 0.2958982  0.30364368 0.29990526 1.
 0.30511004 1.         0.29975167 0.29760252 0.30326467 1.        ]
4 248.50898750814622 [0.30159308 0.30604919 0.29515961 0.30545043 0.29880084 1.
 0.30528922 1.         0.29914784 0.29820491 0.30391171 1.        ]
5 592.1804875828916 [0.30157347 0.30676636 0.29479213 0.30712175 0.29763703 1.
 0.3053623  1.         0.29821826 0.29886482 0.30393787 1.        ]
6 654.7665117954386 [0.30103796 0.30698061 0.29460118 0.30837012 0.29624324 1.
 0.30642673 1.         0.29737281 0.29966899 0.30377852 1.        ]
7 629.5971096465756 [0.30068081 0.30730882 0.29419661 0.30945584 0.2951376  1.
 0.30765422 1.         0.29670954 0.30042363 0.30383482 1.        ]
8 244.46644464712693 [0.30007234 0.30745289 0.2937839  0.31037274 0.29421429 1.
 0.30880935 1.         0.29634556 0.30115014 0.30403503 1.        ]
9 231.61228320230273 [0.29923199 0.30795027 0.29328608 0.31127716 0.29307702 1.
 0.30952056 1.         0.29637152 0.30165765 0.30428017 1.        ]
10 563.458986266916 [0.29788462 0.30818283 0.29322866 0.3124472  0.2917781  1.
 0.30996118 1.         0.29630649 0.30216626 0.30447228 1.        ]
11 541.9477497472229 [0.29686175 0.30844595 0.29303456 0.3133636  0.2905311  1.
 0.31060822 1.         0.29643833 0.3026608  0.30404423 1.        ]
12 251.30634601493472 [0.29576882 0.30855142 0.29253421 0.31409042 0.28962989 1.
 0.31067713 1.         0.29668409 0.30310129 0.30386255 1.        ]
13 221.62445884630938 [0.29425577 0.30880684 0.29211766 0.31512048 0.28855702 1.
 0.31077905 1.         0.29675171 0.30362768 0.30330676 1.        ]
14 225.327723798164 [0.29297428 0.30907062 0.29231711 0.31633852 0.28762836 1.
 0.310595   1.         0.29686897 0.30409266 0.30266805 1.        ]
15 220.80853433999147 [0.29215711 0.30923042 0.29216084 0.31734767 0.28669803 1.
 0.31034799 1.         0.29665476 0.30435923 0.30219379 1.        ]
16 206.21880751214795 [0.29134174 0.3094942  0.29160122 0.31818237 0.28597319 1.
 0.31012608 1.         0.29633364 0.30425718 0.30172424 1.        ]
17 569.3764453996355 [0.29047112 0.30973794 0.29080022 0.31899416 0.28550068 1.
 0.30962977 1.         0.2958563  0.30412699 0.3017193  1.        ]
18 217.15594816972586 [0.28981071 0.31041915 0.28965074 0.31956601 0.28493414 1.
 0.30901237 1.         0.29542444 0.30369346 0.30165823 1.        ]
19 198.35502774137512 [0.28925428 0.31085275 0.28858549 0.32036409 0.28419802 1.
 0.30845316 1.         0.29494395 0.30363658 0.30150469 1.        ]
20 195.28997175676267 [0.28887419 0.31113271 0.28755081 0.32107136 0.28380106 1.
 0.30776037 1.         0.29475617 0.30370414 0.30151962 1.        ]
21 195.78845320058394 [0.28874806 0.31139001 0.2865637  0.32185479 0.28365292 1.
 0.30709431 1.         0.29437543 0.30321925 0.30145029 1.        ]
22 494.37587040550375 [0.28847505 0.31187886 0.28606424 0.32267799 0.28321311 1.
 0.30670177 1.         0.29410858 0.30289871 0.30121048 1.        ]
23 174.96204252415885 [0.28799522 0.31246184 0.28555408 0.32336634 0.28267509 1.
 0.30615646 1.         0.2938324  0.302381   0.3009728  1.        ]
24 183.23956471915392 [0.28742895 0.31306692 0.28505748 0.32378031 0.28189918 1.
 0.30592316 1.         0.29349954 0.30204229 0.30100159 1.        ]
25 126.86076113632936 [0.28689223 0.31378668 0.28455679 0.32422792 0.2809711  1.
 0.3051697  1.         0.29333161 0.30156398 0.30129523 1.        ]
26 130.30032055525942 [0.2862177  0.31400318 0.28430876 0.32454556 0.28022357 1.
 0.30465411 1.         0.29337622 0.30104259 0.30127199 1.        ]
27 131.91169466691102 [0.28559752 0.31419538 0.28442011 0.32448378 0.27952023 1.
 0.30433899 1.         0.29380416 0.3006913  0.30100122 1.        ]
28 116.19195315976256 [0.28419529 0.31463461 0.28473668 0.32425454 0.27884648 1.
 0.30385214 1.         0.2941217  0.30021169 0.30079792 1.        ]
29 137.02823280625296 [0.28304319 0.31491111 0.28494287 0.32366852 0.27837176 1.
 0.30331825 1.         0.29412531 0.29985419 0.30081485 1.        ]
30 128.90886307245324 [0.28194075 0.31483498 0.2850006  0.32289584 0.27794772 1.
 0.30248603 1.         0.29402063 0.29949511 0.30091887 1.        ]
31 119.21878785447203 [0.28075748 0.31484743 0.28490742 0.32233628 0.27760074 1.
 0.30178941 1.         0.29388586 0.2989966  0.30133015 1.        ]
32 124.04566124350978 [0.27932251 0.31476741 0.28422678 0.32190806 0.27670158 1.
 0.30131524 1.         0.29377082 0.29838017 0.30145652 1.        ]
33 132.0640155272268 [0.27807937 0.31490973 0.28360046 0.3217106  0.27593354 1.
 0.30093479 1.         0.29355528 0.29786748 0.30170278 1.        ]
34 111.22898357066666 [0.27683565 0.31483429 0.28322278 0.32153742 0.27514031 1.00000001
 0.30080452 1.00000001 0.29324869 0.29742797 0.30198842 1.00000001]
35 91.75536177553053 [0.27550921 0.31513663 0.28272327 0.32103392 0.27437466 1.00000001
 0.30094095 1.00000001 0.29269938 0.29694652 0.30210769 1.00000001]
36 103.50839332150798 [0.27414553 0.31556665 0.28229429 0.32045358 0.27375552 1.00000001
 0.30077693 1.00000001 0.2923363  0.29653    0.30207984 1.00000001]
37 99.61797475821086 [0.27262263 0.31581443 0.28175852 0.31957331 0.27338899 1.00000001
 0.30083347 1.00000001 0.29235576 0.29602158 0.30178124 1.00000001]
38 114.5527627527645 [0.27110953 0.31598006 0.28080717 0.31861366 0.27332809 1.00000001
 0.30073178 1.00000001 0.2928097  0.29541723 0.30170526 1.00000001]
39 109.91811502648545 [0.26982482 0.31652914 0.28018423 0.31733356 0.27321378 1.00000001
 0.30073367 1.00000001 0.29329871 0.29432914 0.30166382 1.00000001]
40 105.33965385213222 [0.26859456 0.31707221 0.27947965 0.31598954 0.27291831 1.00000001
 0.30046444 1.00000001 0.29398701 0.29337679 0.30186802 1.00000001]
41 102.71197242028205 [0.26758165 0.31755151 0.27846427 0.31479127 0.27274148 1.00000001
 0.3000857  1.00000001 0.29458963 0.29254497 0.30182671 1.00000001]
42 133.7472048929007 [0.26662174 0.31805189 0.27759287 0.31373374 0.27267194 1.00000001
 0.29995691 1.00000001 0.2951842  0.29175421 0.30198888 1.00000001]
43 110.80190932440908 [0.2657641  0.31821882 0.27687989 0.31289302 0.27263895 1.00000001
 0.29955855 1.00000001 0.29557282 0.29066303 0.30253704 1.00000001]
44 105.44855560544359 [0.26495487 0.3182572  0.27636059 0.31207233 0.27256591 1.00000001
 0.29924086 1.00000001 0.29548297 0.28937968 0.30311155 1.00000001]
45 126.2507354737181 [0.26402028 0.31812622 0.2761024  0.31151129 0.27202952 1.00000001
 0.2990049  1.00000001 0.29550234 0.28820608 0.30347279 1.00000001]
46 95.04321858993461 [0.2630016  0.31807453 0.27607647 0.31096237 0.27145258 1.00000001
 0.29920018 1.00000001 0.29568151 0.28753724 0.30400694 1.00000001]
47 99.28739943325066 [0.26186442 0.31799462 0.27607551 0.31018022 0.27078439 1.00000001
 0.2996065  1.00000001 0.29548739 0.28706004 0.30469059 1.00000001]
48 95.9224839493462 [0.26066983 0.31779676 0.27605399 0.30945025 0.27001695 1.00000001
 0.30010948 1.00000001 0.29518813 0.28648608 0.30556815 1.00000001]
49 104.41582517090848 [0.25959536 0.31721752 0.27599033 0.30887921 0.26936849 1.00000001
 0.30057627 1.00000001 0.29483768 0.28619386 0.30642027 1.00000001]
50 107.54532108509474 [0.2584824  0.316227   0.27615561 0.30822924 0.26920611 1.00000001
 0.30084836 1.00000001 0.2947493  0.28547503 0.30731419 1.00000001]
51 95.13915108992671 [0.25754312 0.31577618 0.2762102  0.30767561 0.26866002 1.00000001
 0.3011939  1.00000001 0.29476076 0.28467779 0.30803699 1.00000001]
52 91.3388298740638 [0.2566331  0.31534631 0.27598465 0.30723898 0.26817445 1.00000001
 0.30177468 1.00000001 0.29474151 0.28387584 0.30846441 1.00000001]
53 114.350447898153 [0.25566595 0.31489056 0.27536883 0.30693936 0.26765043 1.00000001
 0.30208647 1.00000001 0.29474451 0.28315275 0.30898502 1.00000001]
54 445.35832155493404 [0.25482409 0.3143525  0.2747871  0.30685744 0.26709948 1.00000001
 0.30239504 1.00000001 0.29484701 0.28266728 0.30955398 1.00000001]
55 94.02457512909196 [0.25393641 0.3140525  0.27415785 0.3065051  0.26675808 1.00000001
 0.30263573 1.00000001 0.29511616 0.28218327 0.31019124 1.00000001]
56 75.16580298027705 [0.25312872 0.3133462  0.27335605 0.30623839 0.26647392 1.00000001
 0.30274605 1.00000001 0.2952467  0.28176688 0.3106357  1.00000001]
57 91.23056371499307 [0.25229224 0.31266602 0.27261383 0.30594384 0.26607071 1.00000001
 0.30310594 1.00000001 0.29526787 0.28127829 0.31124038 1.00000001]
58 82.25670788516558 [0.25152759 0.31210761 0.27188111 0.30540793 0.26548232 1.00000001
 0.30369827 1.00000001 0.29539752 0.28109556 0.31160042 1.00000001]
59 93.13667125002537 [0.25083441 0.31165596 0.27121961 0.3051448  0.26512029 1.00000001
 0.30410303 1.00000001 0.29544802 0.28080687 0.31200501 1.00000001]
60 437.3480657402971 [0.25020264 0.31124921 0.27079422 0.30513616 0.26460462 1.00000001
 0.30443072 1.00000001 0.29535005 0.28069161 0.31258281 1.00000001]
61 78.83714551234164 [0.24968114 0.31088667 0.27028128 0.30507108 0.26404821 1.00000001
 0.30475039 1.00000001 0.29535606 0.28079219 0.31300143 1.00000001]
62 94.92632787057539 [0.2492335  0.31058891 0.26919047 0.30508076 0.26358943 1.00000001
 0.30530658 1.00000001 0.29563024 0.28141698 0.31333041 1.00000001]
63 70.36574858977184 [0.24869229 0.31024896 0.26801939 0.30536966 0.26310381 1.00000001
 0.30626629 1.00000001 0.29584748 0.28208027 0.31365802 1.00000001]
64 96.79465908524517 [0.24845003 0.3097606  0.26704234 0.30548164 0.26251712 1.00000001
 0.30706068 1.00000001 0.29614375 0.28257117 0.31410264 1.00000001]
65 84.77860853323341 [0.24794706 0.30933457 0.26619007 0.3054838  0.26189466 1.00000001
 0.30782613 1.00000001 0.29622637 0.28347313 0.31404551 1.00000001]
66 91.0096242376876 [0.24758248 0.30901647 0.26527043 0.30543644 0.26119129 1.00000001
 0.3081226  1.00000001 0.29599154 0.28411728 0.31426647 1.00000001]
67 88.42669678353732 [0.24733409 0.30883304 0.26473803 0.30554298 0.26055673 1.00000001
 0.30792832 1.00000001 0.29548585 0.28458145 0.31441216 1.00000001]
68 434.5619768505035 [0.24718966 0.30864791 0.26449581 0.30561882 0.2599758  1.00000001
 0.30738312 1.00000001 0.29507682 0.28516871 0.31432026 1.00000001]
69 437.08144650735437 [0.24668499 0.30824095 0.26387664 0.30545048 0.25969895 1.00000001
 0.30676707 1.00000001 0.29457722 0.28572685 0.31408707 1.00000001]
70 71.63751740405472 [0.2462171  0.30769283 0.26319468 0.30509392 0.25954931 1.00000001
 0.30614461 1.00000001 0.29411815 0.28606741 0.31376052 1.00000001]
71 59.28194372190031 [0.24600438 0.30729077 0.26241385 0.305029   0.25952279 1.00000001
 0.30560034 1.00000001 0.29362196 0.28648507 0.31329918 1.00000001]
72 60.45337503872965 [0.24579689 0.30714259 0.2616635  0.30501738 0.25938322 1.00000001
 0.30523032 1.00000001 0.29341105 0.28665403 0.31279706 1.00000001]
73 81.60014196800441 [0.24549809 0.30705235 0.26103901 0.30517846 0.25901741 1.00000001
 0.30463091 1.00000001 0.29287153 0.28660664 0.31267699 1.00000001]
74 67.99676628193875 [0.24511372 0.30709402 0.26035143 0.30519244 0.25829033 1.00000001
 0.30433114 1.00000001 0.29253325 0.2863167  0.31240781 1.00000001]
75 63.62218435946025 [0.24481334 0.30720974 0.25969101 0.30501923 0.25757368 1.00000001
 0.30402794 1.00000001 0.29207644 0.28607347 0.3120002  1.00000001]
76 78.92429143307334 [0.24445486 0.30692559 0.25914492 0.30493417 0.25685403 1.00000001
 0.3039104  1.00000001 0.29170386 0.28589785 0.31138587 1.00000001]
77 76.08286412117288 [0.24418963 0.30618917 0.25880769 0.30496927 0.25595833 1.00000001
 0.30375249 1.00000001 0.2913441  0.28589519 0.3109515  1.00000001]
78 63.46987771739831 [0.24405995 0.30534208 0.25842986 0.30479514 0.25518593 1.00000001
 0.30356111 1.00000001 0.29082386 0.28584916 0.3106709  1.00000001]
79 408.96865194388226 [0.2440839  0.30464993 0.25810718 0.3043866  0.25455271 1.00000001
 0.30322818 1.00000001 0.2904765  0.28567459 0.3102159  1.00000001]
80 56.73051676178379 [0.24401986 0.30408901 0.25757001 0.30404116 0.254103   1.00000001
 0.30313565 1.00000001 0.29007378 0.28535443 0.30972444 1.00000001]
81 58.67935111297929 [0.24407299 0.30356729 0.25714591 0.30323796 0.25372571 1.00000001
 0.30287165 1.00000001 0.29004519 0.28486922 0.30926077 1.00000001]
82 58.99740248721689 [0.2440386  0.30303804 0.25655328 0.30198717 0.25348717 1.00000001
 0.30273054 1.00000001 0.2899719  0.28423606 0.30903902 1.00000001]
83 47.46515700558131 [0.24375602 0.30259298 0.25623236 0.30089342 0.25310641 1.00000001
 0.30264356 1.00000001 0.2895727  0.28353331 0.30877352 1.00000001]
84 61.62326959041084 [0.24344978 0.30208029 0.25607417 0.29984416 0.25278055 1.00000001
 0.30214103 1.00000001 0.28904875 0.2828803  0.30872766 1.00000001]
85 399.0912210154001 [0.24321775 0.30156415 0.25601264 0.2985835  0.25269331 1.00000001
 0.30140682 1.00000001 0.28863383 0.28246667 0.30876865 1.00000001]
86 412.6506759104 [0.24294578 0.30088176 0.25596254 0.29754556 0.25273053 1.00000001
 0.30091076 1.00000001 0.2881969  0.28219354 0.30894102 1.00000001]
87 761.8655419450345 [0.24274581 0.30030307 0.2559818  0.29684675 0.25281686 1.00000001
 0.30072448 1.00000001 0.28795018 0.28189304 0.30899228 1.00000001]
88 1085.8722650522009 [0.24263311 0.29991175 0.25599768 0.29642977 0.25291981 1.00000001
 0.30041202 1.00000001 0.28759925 0.28195346 0.30917894 1.00000001]
89 57.59146029390359 [0.24249724 0.29967467 0.25598082 0.29612288 0.25294722 1.00000001
 0.29993938 1.00000001 0.28695786 0.28192403 0.30971191 1.00000001]
90 744.774162216528 [0.24242734 0.29945443 0.25608997 0.29590068 0.25279882 1.00000001
 0.29964472 1.00000001 0.28634265 0.28191512 0.3106006  1.00000001]
91 742.2239528643695 [0.24240358 0.29916999 0.25620351 0.29571325 0.25270835 1.00000001
 0.29937326 1.00000001 0.28584396 0.28197017 0.31147392 1.00000001]
92 389.2919141013035 [0.24211745 0.29883186 0.2564411  0.29525426 0.2525388  1.00000001
 0.29915514 1.00000001 0.28524944 0.28213941 0.3124225  1.00000001]
93 60.4944209394244 [0.24197242 0.29830539 0.25664591 0.29489453 0.25210945 1.00000001
 0.29891941 1.00000001 0.28470888 0.28217745 0.31332535 1.00000001]
94 54.3010150517333 [0.24194221 0.29783147 0.25673922 0.29429053 0.25189666 1.00000001
 0.29898307 1.00000001 0.28425846 0.28216918 0.31400688 1.00000001]
95 51.92820990316143 [0.24181302 0.29752712 0.25656019 0.29379003 0.25155887 1.00000001
 0.29894559 1.00000001 0.28415309 0.28198976 0.31436727 1.00000001]
96 52.49431585204303 [0.24172434 0.29709478 0.25627904 0.29337896 0.25138298 1.00000001
 0.29870745 1.00000001 0.28411099 0.2816404  0.31490897 1.00000001]
97 60.66384321743159 [0.24150535 0.29658875 0.25579076 0.29285389 0.25129604 1.00000001
 0.29833083 1.00000001 0.28431601 0.28106239 0.31529811 1.00000001]
98 420.3889317387129 [0.24126463 0.29612413 0.25547647 0.29251871 0.25112828 1.00000001
 0.29795598 1.00000001 0.28447225 0.28044343 0.3158149  1.00000001]
99 402.60210182684165 [0.24095521 0.29581855 0.2548886  0.29246207 0.25096216 1.00000001
 0.29753079 1.00000001 0.28469617 0.27977652 0.31613898 1.00000001]
100 57.19921630955397 [0.24079958 0.29546772 0.25427388 0.29236844 0.25067613 1.00000001
 0.29705887 1.00000001 0.28513676 0.27914293 0.31650491 1.00000001]
101 56.59249350985148 [0.24073818 0.29509045 0.25348747 0.2920183  0.25057844 1.00000001
 0.2968649  1.00000001 0.28536953 0.27861154 0.31691922 1.00000001]
102 394.1822866150204 [0.24051762 0.29472423 0.25288033 0.29163297 0.25073224 1.00000001
 0.29658766 1.00000001 0.28507005 0.27811622 0.31712432 1.00000001]
103 68.54743740546981 [0.24057428 0.29430749 0.25243779 0.29105248 0.25092    1.00000001
 0.29634252 1.00000001 0.28504816 0.2777916  0.31721785 1.00000001]
104 50.737427562446214 [0.24048503 0.29413661 0.25208626 0.29059609 0.25100317 1.00000001
 0.29632802 1.00000001 0.28508368 0.27734885 0.31713124 1.00000001]
105 55.339209524931334 [0.24041037 0.29395654 0.25187664 0.29005705 0.25122472 1.00000001
 0.29616134 1.00000001 0.28498845 0.27680089 0.31703034 1.00000001]
106 747.6889969023144 [0.24012276 0.29385583 0.2515673  0.28941786 0.25146153 1.00000001
 0.29606168 1.00000001 0.28480424 0.27623092 0.31718683 1.00000001]
107 50.192388766471844 [0.23966525 0.29368967 0.25131118 0.28886227 0.25174013 1.00000001
 0.29593949 1.00000001 0.28460787 0.27563651 0.31732318 1.00000001]
108 57.21465844284269 [0.23935518 0.29358555 0.25115045 0.28819196 0.25186014 1.00000001
 0.29607157 1.00000001 0.284607   0.27527973 0.31744038 1.00000001]
109 55.903613044716906 [0.23909736 0.29333342 0.25080782 0.2874274  0.25188472 1.00000001
 0.29623379 1.00000001 0.28467373 0.27507709 0.31721233 1.00000001]
110 59.792304108648736 [0.23871711 0.29314726 0.25051535 0.28674179 0.25165817 1.00000001
 0.2963609  1.00000001 0.28471723 0.27492695 0.31726496 1.00000001]
111 58.34942700249721 [0.23824521 0.29288116 0.25020264 0.28617174 0.25156172 1.00000001
 0.29656781 1.00000001 0.28488884 0.27471803 0.3173729  1.00000001]
112 52.44809295464741 [0.2379552  0.29275389 0.24979282 0.28528755 0.25114717 1.00000001
 0.2965133  1.00000001 0.28479233 0.2747374  0.31708801 1.00000001]
113 48.47148588185897 [0.23774872 0.2929921  0.24947461 0.28419981 0.25065046 1.00000001
 0.29631192 1.00000001 0.28496899 0.27498923 0.31675581 1.00000001]
114 53.533282550118 [0.23758205 0.29297771 0.24909861 0.2828226  0.25029288 1.00000001
 0.29592391 1.00000001 0.28524915 0.2750015  0.31654696 1.00000001]
115 46.93060851718043 [0.23744275 0.29296277 0.24894774 0.28134413 0.24997197 1.00000001
 0.29565424 1.00000001 0.28551144 0.27508844 0.31664716 1.00000001]
116 46.00783099905317 [0.23728508 0.2931026  0.24865023 0.27948504 0.24952872 1.00000001
 0.29561065 1.00000001 0.28559392 0.27548765 0.31688852 1.00000001]
117 401.2162131063941 [0.23721246 0.29312264 0.24852804 0.27774645 0.24897093 1.00000001
 0.29549099 1.00000001 0.28576046 0.27556085 0.3172622  1.00000001]
118 60.047630543918956 [0.23714769 0.29325216 0.24833694 0.27634853 0.24852396 1.00000001
 0.29552376 1.00000001 0.28597382 0.27580237 0.31786401 1.00000001]
119 49.501203306256755 [0.23704014 0.29339501 0.24832319 0.27481045 0.24796031 1.00000001
 0.29579621 1.00000001 0.28611744 0.27597975 0.31854481 1.00000001]
120 42.37154717581714 [0.23689981 0.29354303 0.24819793 0.27334446 0.24750233 1.00000001
 0.29624166 1.00000001 0.28608735 0.27609482 0.31929212 1.00000001]
121 35.030452961068676 [0.2367637  0.29368914 0.24817076 0.27203837 0.24704608 1.00000001
 0.29673099 1.00000001 0.28580693 0.27640268 0.31994723 1.00000001]
122 45.75195071519294 [0.2364482  0.29382694 0.24801613 0.2709273  0.24643353 1.00000001
 0.29691223 1.00000001 0.28535888 0.27661909 0.3206237  1.00000001]
123 49.928780995711506 [0.23633543 0.29383556 0.2479966  0.27005791 0.24559717 1.00000001
 0.29713418 1.00000001 0.28532406 0.27678361 0.32122959 1.00000001]
124 59.44048624815869 [0.2362013  0.29394271 0.24819427 0.26938022 0.24472286 1.00000001
 0.29721447 1.00000001 0.28535134 0.27694621 0.32145671 1.00000001]
125 42.389483141050505 [0.23611287 0.29396244 0.2484236  0.26876049 0.24396385 1.00000001
 0.29720505 1.00000001 0.28540859 0.2772589  0.32177178 1.00000001]
126 44.50165449888038 [0.23597071 0.29402301 0.24834774 0.26835326 0.24292522 1.00000001
 0.29717067 1.00000001 0.28564915 0.2774577  0.32213744 1.00000001]
127 40.24131848532515 [0.23578794 0.29422569 0.24830472 0.26791796 0.24203402 1.00000001
 0.29713845 1.00000001 0.28599746 0.27701582 0.32248174 1.00000001]
128 37.693713044393135 [0.23563911 0.29435074 0.24828097 0.26746314 0.24124349 1.00000001
 0.29726399 1.00000001 0.28604015 0.27678476 0.32281687 1.00000001]
129 49.44619721271104 [0.23548906 0.29407037 0.24846323 0.26694537 0.24055543 1.00000001
 0.29748975 1.00000001 0.28606462 0.27669328 0.32334917 1.00000001]
130 45.28245165980923 [0.23524954 0.29384396 0.24848843 0.26646601 0.23976959 1.00000001
 0.29763443 1.00000001 0.28592047 0.27635139 0.32405042 1.00000001]
131 48.154678371767616 [0.23496132 0.29351072 0.24867533 0.26594117 0.2392878  1.00000001
 0.29772931 1.00000001 0.28565165 0.27620347 0.32482884 1.00000001]
132 42.83733996030669 [0.23471997 0.29338829 0.24883865 0.26542843 0.23860594 1.00000001
 0.29804193 1.00000001 0.28550804 0.27595944 0.32549569 1.00000001]
133 51.772153717403526 [0.2342416  0.29303119 0.24916863 0.2650013  0.23797461 1.00000001
 0.29848196 1.00000001 0.28528774 0.27553395 0.32610151 1.00000001]
134 43.68323277773451 [0.23396042 0.29269967 0.24936138 0.26460889 0.23745079 1.00000001
 0.29898254 1.00000001 0.28512805 0.27517784 0.32644216 1.00000001]
135 32.20651114523453 [0.23353574 0.29253449 0.24962472 0.26425367 0.23693543 1.00000001
 0.29920275 1.00000001 0.28517432 0.27499662 0.3266524  1.00000001]
136 48.84249516969475 [0.23318257 0.29252604 0.25003535 0.26389856 0.23629629 1.
 0.2991639  1.         0.28534266 0.27470124 0.32682613 1.        ]
137 48.57059766474709 [0.23279447 0.29258607 0.25033035 0.26345098 0.23564625 1.
 0.29900347 1.         0.28549684 0.27462798 0.32709654 1.        ]
138 34.9960059746658 [0.23215181 0.29275022 0.25072882 0.26310766 0.23486697 1.
 0.29909179 1.         0.28568849 0.27459693 0.32721279 1.        ]
139 33.4302502132478 [0.23149261 0.29272536 0.25110619 0.26284598 0.23421917 1.
 0.2990345  1.         0.28636629 0.27438207 0.32710462 1.        ]
140 35.08005008988551 [0.23092458 0.29261782 0.25115793 0.26255407 0.23357203 1.
 0.29895362 1.         0.28674066 0.27397973 0.32685506 1.        ]
141 29.638731105747617 [0.23055624 0.29268458 0.25125466 0.26209098 0.23313438 1.
 0.29884968 1.         0.28682963 0.27371171 0.32650968 1.        ]
142 35.537119647361166 [0.23016746 0.29258806 0.25130328 0.2616315  0.23278532 1.
 0.29860966 1.         0.28701298 0.27351474 0.32627321 1.        ]
143 40.05567432018532 [0.23002446 0.29290719 0.25120767 0.26121525 0.23238724 1.
 0.29832233 1.         0.28722032 0.2734011  0.32612189 1.        ]
144 43.94914584973034 [0.23000325 0.29315642 0.2513628  0.26061663 0.2321465  1.
 0.29817124 1.         0.28755444 0.27331889 0.32597786 1.        ]
145 36.25317294048447 [0.22996496 0.29339622 0.25176376 0.25991888 0.23180866 1.
 0.29823698 1.         0.28784573 0.2731702  0.32554681 1.        ]
146 42.54416045458227 [0.23000289 0.29366387 0.25218568 0.25945604 0.23164429 1.
 0.29841208 1.         0.28813909 0.27304825 0.32501105 1.        ]
147 45.51906874158789 [0.23019744 0.29392426 0.25264543 0.25899762 0.2314825  1.
 0.29842219 1.         0.28836771 0.2728203  0.32451481 1.        ]
148 50.584065598606436 [0.23009678 0.29425638 0.25300083 0.25861527 0.23120709 1.
 0.29820168 1.         0.28839751 0.27290587 0.32386448 1.        ]
149 43.84823198500191 [0.23007171 0.29479704 0.25315529 0.25845561 0.23081652 1.
 0.29801502 1.         0.28828778 0.27310075 0.32366151 1.        ]
150 396.2636718605335 [0.22988376 0.29532744 0.25329913 0.25835724 0.23051116 1.
 0.29793446 1.         0.28849965 0.27336998 0.32344774 1.        ]
151 44.31488528482352 [0.22968485 0.29566771 0.25344687 0.25828678 0.23029057 1.
 0.2976674  1.         0.28876528 0.27353239 0.32310355 1.        ]
152 31.5686920924977 [0.22931139 0.29591381 0.253644   0.25821825 0.23001248 1.
 0.29757106 1.         0.28911527 0.27348646 0.32280224 1.        ]
153 51.400610761533635 [0.22892904 0.29595464 0.25383799 0.25814835 0.22985049 1.
 0.29755826 1.         0.28926918 0.27341448 0.3225076  1.        ]
154 1420.728026528393 [0.22861412 0.29567134 0.25389161 0.25783733 0.22976379 1.
 0.29746123 1.         0.28907767 0.2733318  0.32246834 1.        ]
155 34.00149406334579 [0.22814123 0.29548917 0.25396488 0.25769639 0.22945995 1.
 0.29749257 1.         0.28920674 0.27298559 0.32258151 1.        ]
156 41.1928532421807 [0.22765307 0.29562536 0.25381636 0.25755307 0.22924608 1.
 0.29748084 1.         0.2891735  0.27299289 0.32269926 1.        ]
157 42.482864848650514 [0.22709391 0.29599379 0.25358582 0.25747494 0.22910424 1.
 0.29745814 1.         0.28890148 0.27284898 0.32279375 1.        ]
158 391.8874581523101 [0.22653744 0.29643732 0.25328411 0.25722793 0.22865691 1.
 0.29702512 1.         0.28853371 0.27274207 0.32268582 1.        ]
159 49.882431292053 [0.22611245 0.29661345 0.25295416 0.25684399 0.22832128 1.
 0.29666713 1.         0.28813952 0.27259131 0.32290335 1.        ]
160 44.357320333808566 [0.22556876 0.29677353 0.25282335 0.25649321 0.22814023 1.
 0.29646187 1.         0.28782764 0.27239432 0.32314871 1.        ]
161 36.31114859386393 [0.22515173 0.29683997 0.25287755 0.25603945 0.22791754 1.
 0.29610788 1.         0.28753962 0.27227656 0.32353712 1.        ]
162 50.11176915551418 [0.22486555 0.29698392 0.25301551 0.2554976  0.22778162 1.
 0.29566407 1.         0.28740223 0.27216875 0.32380839 1.        ]
163 44.499943889890964 [0.22439453 0.29706647 0.25298269 0.25497708 0.22766921 1.
 0.29533396 1.         0.28710843 0.27225046 0.32390566 1.        ]
164 50.820666632573534 [0.22400897 0.29723257 0.25314642 0.25432348 0.22743691 1.
 0.29505532 1.         0.28709463 0.27233351 0.32406639 1.        ]
165 38.14764836084693 [0.22378901 0.29743496 0.25324935 0.25364373 0.22718818 1.
 0.29482929 1.         0.28695082 0.27242995 0.32474059 1.        ]
166 46.07870914697263 [0.22346314 0.29770316 0.25338336 0.25289482 0.22708881 1.
 0.29466888 1.         0.28690414 0.27236987 0.32518916 1.        ]
167 38.72793325991138 [0.22312529 0.29787856 0.253382   0.25202114 0.22716526 1.
 0.29439628 1.         0.28660839 0.27247127 0.32572484 1.        ]
168 35.60644108469651 [0.22264635 0.29781074 0.2533043  0.25124564 0.22722836 1.
 0.2939822  1.         0.28642505 0.27257001 0.3259505  1.        ]
169 30.897991901022756 [0.22228323 0.2969832  0.25309064 0.25044414 0.22710269 1.
 0.29346469 1.         0.28542773 0.272457   0.32648904 1.        ]
170 39.47688872706301 [0.2218821  0.29582092 0.25285396 0.24969608 0.22679358 1.
 0.29262517 1.         0.28462101 0.2722299  0.32682051 1.        ]
171 37.14582611668503 [0.22140757 0.29437937 0.25271341 0.24895173 0.22651492 1.
 0.29182406 1.         0.28385418 0.27214781 0.32689895 1.        ]
172 385.5433810580208 [0.22094968 0.29333747 0.25259621 0.24832051 0.22627207 1.
 0.29087671 1.         0.28304732 0.27187118 0.32669174 1.        ]
173 32.167490001091934 [0.22052985 0.29232615 0.25237058 0.24771202 0.22604992 1.
 0.28998333 1.         0.28240536 0.27178307 0.32701746 1.        ]
174 38.84636544456335 [0.22013155 0.29144988 0.25211337 0.24716903 0.22589357 1.
 0.28914552 1.         0.2818241  0.27165681 0.32723208 1.        ]
175 35.594989169177175 [0.21981065 0.29059218 0.25181451 0.24664914 0.22573293 1.
 0.28844037 1.         0.28137632 0.27156426 0.3274564  1.        ]
176 35.92370918437218 [0.21944711 0.28985797 0.25147077 0.24599488 0.22557258 1.
 0.2876522  1.         0.28130013 0.27163887 0.32787505 1.        ]
177 44.9030828457509 [0.21903129 0.28900408 0.25111364 0.24524731 0.2255159  1.
 0.28682053 1.         0.28128502 0.2719174  0.32848169 1.        ]
178 33.442312858257516 [0.21859782 0.28826014 0.25056331 0.24417915 0.22543788 1.
 0.28610075 1.         0.28090183 0.27216766 0.32936427 1.        ]
179 31.212877089559434 [0.21827243 0.28760178 0.24993261 0.24314627 0.22548309 1.
 0.28548014 1.         0.28071536 0.27241652 0.33017382 1.        ]
180 33.43057436878484 [0.21785482 0.28701322 0.24940474 0.24212644 0.22531586 1.
 0.28490313 1.         0.28046999 0.27259429 0.33060318 1.        ]
181 38.680738858015346 [0.21746746 0.28631366 0.24907023 0.24071989 0.22531106 1.
 0.28436514 1.         0.27987146 0.27269339 0.33060761 1.        ]
182 35.01742563307293 [0.21707382 0.28565097 0.24893107 0.23952221 0.22527858 1.
 0.2838987  1.         0.27930972 0.27285235 0.33067205 1.        ]
183 37.64851595118251 [0.21675947 0.28504677 0.24878079 0.2384381  0.22542201 1.
 0.28358461 1.         0.27894829 0.27298121 0.3307689  1.        ]
184 32.85900332571566 [0.21645492 0.2845029  0.24882271 0.23748769 0.22540979 1.
 0.28328852 1.         0.2786863  0.27306598 0.33088272 1.        ]
185 47.170572674817365 [0.21599351 0.28370749 0.24876361 0.23655264 0.22546086 1.
 0.28309051 1.         0.27843821 0.27317405 0.33084792 1.        ]
186 34.78342022417617 [0.21555986 0.28295674 0.24859276 0.23563877 0.22541563 1.
 0.28307064 1.         0.27822011 0.27332464 0.33111058 1.        ]
187 34.155279462494 [0.21529362 0.28228317 0.24849509 0.23468184 0.22543513 1.
 0.28308428 1.         0.27805285 0.27348593 0.33113597 1.        ]
188 38.788633238902136 [0.21517001 0.2814537  0.24814611 0.23392567 0.22558741 1.
 0.2832721  1.         0.27782626 0.27376487 0.33149366 1.        ]
189 28.69320197752718 [0.21499622 0.28061978 0.24755743 0.23322017 0.22589374 1.
 0.28338179 1.         0.27766774 0.27395509 0.33157276 1.        ]
190 382.3188571334884 [0.214955   0.27975708 0.24711878 0.23258933 0.22616348 1.
 0.2835471  1.         0.27772642 0.2741961  0.33178058 1.        ]
191 35.76152591514795 [0.21494281 0.27898842 0.24663197 0.23175267 0.22633664 1.
 0.28390426 1.         0.27769929 0.27441516 0.33195191 1.        ]
192 379.0696733687859 [0.2148714  0.27821652 0.2461574  0.23096432 0.22656055 1.
 0.28419268 1.         0.27741418 0.27460511 0.33224738 1.        ]
193 383.90942788078524 [0.21480409 0.27754175 0.24562187 0.23021382 0.2266289  1.
 0.28463018 1.         0.27737023 0.274541   0.33290493 1.        ]
194 379.102522175036 [0.21478616 0.27700317 0.24529041 0.22944595 0.22668837 1.
 0.285086   1.         0.27732842 0.27432846 0.3336304  1.        ]
195 30.09012828825304 [0.21466524 0.27647537 0.2449663  0.22880061 0.22690906 1.
 0.28556731 1.         0.27768109 0.27413449 0.33456249 1.        ]
196 381.56424790948876 [0.21458747 0.27605426 0.24467754 0.22812928 0.22709144 1.
 0.28607041 1.         0.27789732 0.27388011 0.33560872 1.        ]
197 38.64494667955971 [0.21451177 0.27581447 0.24429461 0.22762655 0.22710465 1.
 0.28638945 1.         0.27805712 0.27339223 0.33604505 1.        ]
198 43.84178374593853 [0.21439848 0.27542694 0.24371962 0.22724504 0.2272404  1.
 0.28648189 1.         0.27842671 0.27254784 0.33637181 1.        ]
199 29.324221831129613 [0.21419652 0.27484524 0.24318534 0.22693732 0.22741078 1.
 0.28650691 1.         0.27852097 0.27154512 0.33692175 1.        ]
200 35.30662121914532 [0.21404809 0.27416213 0.24290263 0.22662076 0.2275807  1.
 0.28653884 1.         0.27881598 0.2705667  0.33736752 1.        ]
201 38.17753980174072 [0.21385784 0.27347945 0.24265554 0.22636809 0.22794308 1.
 0.28656685 1.         0.27901186 0.26966925 0.33781414 1.        ]
202 33.7302779973894 [0.21384191 0.27308465 0.24234909 0.2260993  0.22839009 1.
 0.28672441 1.         0.27947167 0.26889775 0.33841659 1.        ]
203 39.72787213674776 [0.21376108 0.2728949  0.24208563 0.22588992 0.22885423 1.
 0.28721071 1.         0.2799013  0.26828571 0.33894671 1.        ]
204 38.40807867386951 [0.21350796 0.27248299 0.24179084 0.22576299 0.22915882 1.
 0.28757435 1.         0.2804277  0.26779271 0.3394334  1.        ]
205 41.760809220214256 [0.2133492  0.27225426 0.24150901 0.22551449 0.22935178 1.
 0.28815461 1.         0.28079356 0.26729177 0.33972265 1.        ]
206 36.050614458401945 [0.21324443 0.27172792 0.2410272  0.22529169 0.22941696 1.
 0.28883806 1.         0.28101427 0.26676557 0.33949259 1.        ]
207 32.191645817526535 [0.21315168 0.27135057 0.24073249 0.22497449 0.2294315  1.
 0.28934335 1.         0.28082841 0.26638526 0.33924116 1.        ]
208 27.47412188226314 [0.21303006 0.27084174 0.24047521 0.22477966 0.22940723 1.
 0.29003449 1.         0.28072531 0.2659014  0.33884956 1.        ]
209 35.42833722557636 [0.2129856  0.27032747 0.24025688 0.22464019 0.22938294 1.
 0.29051579 1.         0.28067849 0.26541989 0.33839918 1.        ]
210 30.588321215031506 [0.21303069 0.26960393 0.24008714 0.22454925 0.22915716 1.
 0.2910639  1.         0.28078927 0.26520476 0.33769831 1.        ]
211 32.47067449744236 [0.21302935 0.26912217 0.23990223 0.22446256 0.22911296 1.
 0.29153252 1.         0.28101464 0.2647616  0.33689199 1.        ]
212 32.168797058849606 [0.21299786 0.26858183 0.23962778 0.22436679 0.22904961 1.
 0.29225696 1.         0.28129034 0.26444795 0.33635442 1.        ]
213 32.248427207931094 [0.21309511 0.26805897 0.23945042 0.22442641 0.22911765 1.
 0.2932732  1.         0.28167523 0.26399439 0.33592129 1.        ]
214 378.5146436631824 [0.2132399  0.26770189 0.23927975 0.22431043 0.22921754 1.
 0.29404749 1.         0.28174189 0.26334805 0.33560449 1.        ]
215 30.035668355214113 [0.21327371 0.26731681 0.23902282 0.22424568 0.22945043 1.
 0.29469866 1.         0.2819009  0.26282152 0.33550287 1.        ]
216 33.16329676591633 [0.21337526 0.26690408 0.23882763 0.22418722 0.22942971 1.
 0.29500263 1.         0.28206486 0.26224321 0.33498449 1.        ]
217 35.89174918692606 [0.21341617 0.26620117 0.23857947 0.22416627 0.22934556 1.
 0.2954994  1.         0.28224562 0.26171766 0.3344996  1.        ]
218 30.888953376429235 [0.21339554 0.26568785 0.23826411 0.22408966 0.2290859  1.
 0.29570069 1.         0.28221283 0.26125105 0.3341474  1.        ]
219 37.42621882291941 [0.21345347 0.26536276 0.23776397 0.22412123 0.22904529 1.
 0.29591055 1.         0.28239765 0.2610237  0.33347616 1.        ]
220 382.65979125543237 [0.21364034 0.26513818 0.23721333 0.22412878 0.22909291 1.
 0.29628252 1.         0.28270915 0.26079886 0.33286488 1.        ]
221 33.18023528116728 [0.21376903 0.2649564  0.23664752 0.22415912 0.22936729 1.
 0.29684682 1.         0.2831533  0.26060088 0.33237687 1.        ]
222 722.8922850767622 [0.21391945 0.26469694 0.23639964 0.22426321 0.22957292 1.
 0.2973268  1.         0.28319351 0.26052493 0.33183828 1.        ]
223 375.2389910716855 [0.21407258 0.26469384 0.23620725 0.22431688 0.22982844 1.
 0.29778614 1.         0.283191   0.26019574 0.3313224  1.        ]
224 31.212744466015913 [0.21422793 0.26467397 0.23588062 0.22441985 0.23000922 1.
 0.29801229 1.         0.28316497 0.25997773 0.3309558  1.        ]
225 369.9967205253177 [0.21449251 0.26436732 0.23566942 0.22452342 0.22987527 1.
 0.29829447 1.         0.28300137 0.25984301 0.33018254 1.        ]
226 20.57666441466737 [0.2147124  0.26402074 0.23532897 0.22453865 0.229687   1.
 0.29859235 1.         0.28290161 0.25969301 0.32960648 1.        ]
227 28.7197244631611 [0.21487377 0.26372159 0.23495616 0.22452106 0.22946014 1.
 0.29869016 1.         0.28296799 0.25969843 0.32890805 1.        ]
228 32.91730344434094 [0.2149793  0.26344349 0.23463265 0.22449863 0.22925895 1.
 0.29899754 1.         0.28300951 0.25977671 0.3282722  1.        ]
229 36.89629861763369 [0.21527421 0.26330888 0.23424146 0.22447811 0.22902243 1.
 0.29924375 1.         0.28320436 0.25990587 0.32805445 1.        ]
230 24.912682277266853 [0.21551184 0.26318682 0.23394993 0.22453021 0.22892695 1.
 0.29932768 1.         0.28325101 0.25991524 0.32788497 1.        ]
231 27.104702707417992 [0.21564505 0.2631154  0.23355751 0.2244567  0.22871309 1.
 0.29950757 1.         0.28323615 0.260062   0.32773473 1.        ]
232 24.681766788456013 [0.21589157 0.26284299 0.23339472 0.22447656 0.22836728 1.
 0.29959508 1.         0.28330505 0.26024837 0.3276793  1.        ]
233 23.69782351610936 [0.21607051 0.26241385 0.23319949 0.22445406 0.22813699 1.
 0.29973623 1.         0.2830873  0.26035138 0.3277234  1.        ]
234 27.953887068297696 [0.21619284 0.26222025 0.23285113 0.22437701 0.22806795 1.
 0.29961619 1.         0.28278454 0.26036835 0.32753329 1.        ]
235 24.34921207993886 [0.2163303  0.26210209 0.23258978 0.22434075 0.22794614 1.
 0.29933996 1.         0.28249566 0.26047756 0.32751046 1.        ]
236 27.87065147238569 [0.2163611  0.26199244 0.23236705 0.22416039 0.22780661 1.
 0.2991349  1.         0.28230151 0.26045976 0.3272051  1.        ]
237 22.554359213898266 [0.21631893 0.26193745 0.23207214 0.22400463 0.22764775 1.
 0.29898469 1.         0.28201464 0.2603732  0.32710565 1.        ]
238 33.423124622543256 [0.21635518 0.26190084 0.231743   0.22373986 0.22752126 1.
 0.29877162 1.         0.28183571 0.26024013 0.32676959 1.        ]
239 24.998614128673943 [0.21647079 0.26183773 0.23141852 0.22346276 0.22725322 1.
 0.29872447 1.         0.28166721 0.25988886 0.326214   1.        ]
240 27.208603313694624 [0.21654099 0.26188173 0.23107885 0.22322089 0.22687702 1.00000001
 0.29843755 1.00000001 0.28139717 0.25956126 0.32593712 1.00000001]
241 26.70255340998332 [0.21641034 0.26189504 0.23086335 0.22308662 0.22669043 1.00000001
 0.29798715 1.00000001 0.28128302 0.25952277 0.32561152 1.00000001]
242 27.3336139763568 [0.21632735 0.26169952 0.23064928 0.22300447 0.22662257 1.00000001
 0.29779385 1.00000001 0.28126507 0.25958195 0.32518476 1.00000001]
243 27.117831031336777 [0.21629483 0.26140662 0.23054023 0.22277664 0.22647084 1.00000001
 0.29761457 1.00000001 0.28098537 0.25981896 0.32476798 1.00000001]
244 29.388000058252537 [0.21633605 0.26127359 0.23063375 0.2225515  0.22618797 1.00000001
 0.29726304 1.00000001 0.28082718 0.26003091 0.32411503 1.00000001]
245 26.02346706365281 [0.21620916 0.26116165 0.2308715  0.22237164 0.22580053 1.00000001
 0.29697005 1.00000001 0.2808751  0.26020478 0.32357167 1.00000001]
246 23.9382356156242 [0.21608223 0.26113785 0.2310876  0.22209542 0.22552511 1.00000001
 0.29700708 1.00000001 0.28094603 0.26021945 0.32322697 1.00000001]
247 32.36667301781079 [0.21568216 0.26102599 0.23133398 0.22190438 0.22518928 1.
 0.29700458 1.         0.2806866  0.26028669 0.32284039 1.        ]
248 35.41254896751255 [0.21525613 0.26096097 0.23169119 0.22179937 0.22488067 1.
 0.29669427 1.         0.28021839 0.26033866 0.32271257 1.        ]
249 28.888008138726573 [0.21468253 0.26079472 0.2319556  0.22186642 0.22440259 1.
 0.29663486 1.         0.2800208  0.26032931 0.3223883  1.        ]
250 23.58292098690628 [0.21419015 0.26051309 0.23196847 0.22192289 0.22393601 1.
 0.29648146 1.         0.27973637 0.2605337  0.32214889 1.        ]
251 24.752087028795735 [0.21375877 0.260127   0.23207612 0.2219291  0.22350824 1.00000001
 0.29622213 1.00000001 0.27934089 0.26060178 0.32187391 1.00000001]
252 26.674151654516855 [0.21340162 0.25963361 0.23218615 0.22196143 0.22310552 1.00000001
 0.2958758  1.00000001 0.27925585 0.26069799 0.32171825 1.00000001]
253 30.55354412418297 [0.21289652 0.25911122 0.23259997 0.22202459 0.22273842 1.00000001
 0.29577436 1.00000001 0.27894711 0.26092409 0.32120917 1.00000001]
254 25.80670740360268 [0.2124135  0.25859574 0.23270745 0.22177131 0.22261988 1.00000001
 0.29526761 1.00000001 0.27872438 0.26132937 0.32073066 1.00000001]
255 27.63028411814529 [0.21187286 0.25805858 0.23255372 0.22154121 0.22238013 1.00000001
 0.29456926 1.00000001 0.27860416 0.26165931 0.31999721 1.00000001]
256 24.368702739267064 [0.21139436 0.25762113 0.23246462 0.22128761 0.22233046 1.00000001
 0.29427189 1.00000001 0.27866506 0.26178596 0.31928011 1.00000001]
257 21.4345735953098 [0.21085014 0.25727581 0.23229209 0.22116635 0.22236772 1.00000001
 0.29384704 1.00000001 0.27857554 0.26203718 0.31871145 1.00000001]
258 33.507518963758194 [0.2101761  0.25676956 0.23202365 0.22115622 0.22250945 1.00000001
 0.2937522  1.00000001 0.27871307 0.26209007 0.31810906 1.00000001]
259 18.082076194516056 [0.20957989 0.25637228 0.23176845 0.22112141 0.22275555 1.00000001
 0.29372448 1.00000001 0.27898792 0.26219306 0.31743349 1.00000001]
260 19.24843080171417 [0.20897492 0.25606078 0.2314718  0.22102877 0.22296848 1.00000001
 0.29411555 1.00000001 0.2792037  0.2623906  0.31679373 1.00000001]
261 24.55997826346222 [0.20851465 0.25549747 0.23116066 0.22108526 0.22312168 1.00000001
 0.29474453 1.00000001 0.27938435 0.26262581 0.31602167 1.00000001]
262 20.37533480870745 [0.20814148 0.25496754 0.23095559 0.22111457 0.22330827 1.00000001
 0.29546655 1.00000001 0.27966215 0.2628551  0.31517191 1.00000001]
263 27.38640219188789 [0.20768627 0.2546525  0.23077395 0.22122538 0.22353796 1.00000001
 0.29618703 1.00000001 0.2797556  0.26292246 0.3145165  1.00000001]
264 27.87007920661102 [0.20722649 0.25404145 0.23046853 0.22127272 0.22386157 1.00000001
 0.29700935 1.00000001 0.27987331 0.26326513 0.31417938 1.00000001]
265 26.90929103387547 [0.20685835 0.25324489 0.23005606 0.22139724 0.22418775 1.00000001
 0.29796603 1.00000001 0.27994547 0.26351474 0.31383344 1.00000001]
266 720.5436401164186 [0.20672647 0.25244019 0.2297273  0.22144054 0.22393812 1.00000001
 0.29910563 1.00000001 0.27991699 0.26375938 0.31359271 1.00000001]
267 31.71425625258886 [0.20650453 0.25172868 0.2294178  0.22145985 0.22376408 1.00000001
 0.30008755 1.00000001 0.27985243 0.26408926 0.31329623 1.00000001]
268 24.093152795906093 [0.2063296  0.25113228 0.22918137 0.22149977 0.2236936  1.00000001
 0.30110131 1.00000001 0.27958952 0.26444287 0.31319256 1.00000001]
269 19.953565798854406 [0.20614325 0.25058596 0.22892341 0.22146794 0.22358518 1.00000001
 0.30231109 1.00000001 0.27946718 0.26482156 0.31339639 1.00000001]
270 24.5202996945824 [0.20585804 0.25004266 0.22864588 0.22123107 0.22353544 1.00000001
 0.30329284 1.00000001 0.27940708 0.26521494 0.31365251 1.00000001]
271 21.144669638043354 [0.20563032 0.24943106 0.22816073 0.22093065 0.22344338 1.00000001
 0.30449498 1.00000001 0.27934097 0.26545233 0.31406574 1.00000001]
272 24.62244104424058 [0.20534909 0.24880264 0.22785767 0.22061046 0.2232345  1.00000001
 0.30562746 1.00000001 0.27921433 0.26549791 0.31419063 1.00000001]
273 25.140797189934133 [0.20494968 0.24842892 0.22755631 0.22024419 0.22302331 1.00000001
 0.30685064 1.00000001 0.279133   0.26555338 0.31449    1.00000001]
274 25.926670186467536 [0.20461638 0.24813348 0.22728179 0.21981462 0.22289045 1.00000001
 0.30797193 1.00000001 0.27902017 0.26548969 0.31472104 1.00000001]
275 29.705517268327945 [0.20438372 0.24793337 0.22686938 0.21946428 0.22284242 1.00000001
 0.30924655 1.00000001 0.27897401 0.26572482 0.3145185  1.00000001]
276 369.5754312259779 [0.20420556 0.24770502 0.22652812 0.21912948 0.22271371 1.00000001
 0.31039861 1.00000001 0.2786536  0.26607514 0.31441397 1.00000001]
277 27.017173426303057 [0.20383862 0.2474046  0.22617187 0.21874542 0.22275895 1.00000001
 0.31179692 1.00000001 0.27844429 0.26643652 0.3143824  1.00000001]
278 30.68731733224878 [0.20358444 0.24721348 0.22584497 0.2183768  0.222709   1.00000001
 0.31275987 1.00000001 0.27834221 0.2667172  0.31433846 1.00000001]
279 33.23142287161044 [0.20331612 0.24683322 0.22571408 0.21809991 0.22260115 1.00000001
 0.31359033 1.00000001 0.27827916 0.26721361 0.31417999 1.00000001]
280 23.77154952610872 [0.20301914 0.24645695 0.22563465 0.21795591 0.22253789 1.00000001
 0.31436122 1.00000001 0.27823342 0.26767086 0.31424015 1.00000001]
281 24.49916835907275 [0.20275465 0.24632045 0.22554453 0.21790467 0.22241784 1.
 0.31507323 1.         0.27795921 0.26825775 0.31414362 1.        ]
282 24.285301687900077 [0.20236179 0.24609282 0.22556303 0.21777232 0.2221404  1.
 0.31558425 1.         0.27765597 0.26882314 0.31405152 1.        ]
283 25.726443874152842 [0.2020052  0.24600969 0.22540696 0.21750985 0.22186532 1.
 0.31555038 1.         0.27753162 0.26918009 0.31418598 1.        ]
284 28.03659590227495 [0.20161805 0.24596537 0.22521777 0.21716732 0.22177884 1.
 0.31521545 1.         0.27728337 0.26935685 0.31434457 1.        ]
285 24.60342280677574 [0.20114122 0.24598229 0.22498196 0.2168964  0.22165859 1.
 0.31488053 1.         0.27693311 0.2695609  0.31445852 1.        ]
286 38.13751734932647 [0.20056134 0.24581467 0.22478364 0.21673263 0.22149948 1.
 0.3146591  1.         0.27668485 0.26959912 0.31443259 1.        ]
287 32.1434185683255 [0.20000644 0.24553749 0.22465059 0.21659502 0.22130422 1.
 0.31433043 1.         0.27651124 0.26957834 0.31458045 1.        ]
288 23.27635585744934 [0.19953693 0.24513717 0.22455301 0.21628809 0.22114475 1.
 0.31385905 1.         0.27667825 0.26942638 0.31476422 1.        ]
289 379.1079472701414 [0.19914768 0.24487143 0.2244145  0.21601758 0.2209965  1.
 0.31341558 1.         0.27683332 0.26924559 0.3149179  1.        ]
290 25.622339425929532 [0.19872143 0.24469934 0.22432823 0.21582843 0.22074738 1.
 0.31296318 1.         0.27698158 0.26917431 0.31485123 1.        ]
291 722.541765452958 [0.1981592  0.24432763 0.22434329 0.21573963 0.22047559 1.
 0.31258943 1.         0.27733904 0.26919703 0.31504464 1.        ]
292 26.31851975807286 [0.19758819 0.24415306 0.2244181  0.21574184 0.22019318 1.
 0.31226572 1.         0.27760347 0.26913943 0.31513309 1.        ]
293 23.555881192396917 [0.19709144 0.24390465 0.22451932 0.2157225  0.21986102 1.
 0.31182437 1.         0.27775616 0.2692221  0.31524281 1.        ]
294 21.55589816088449 [0.1965402  0.24368571 0.22470264 0.21572295 0.21979561 1.
 0.31131468 1.         0.27792924 0.26939713 0.31531374 1.        ]
295 24.938237819212635 [0.19613978 0.24355041 0.22502038 0.2157451  0.21986343 1.
 0.31082655 1.         0.27816259 0.26965685 0.31574164 1.        ]
296 31.061902921780423 [0.19578696 0.24342428 0.22526187 0.21578414 0.22004618 1.
 0.31082066 1.         0.27832707 0.26991663 0.31630477 1.        ]
297 19.93199926635279 [0.19547488 0.24316561 0.2254141  0.21585226 0.22027307 1.
 0.31066226 1.         0.27856013 0.2702372  0.3170424  1.        ]
298 27.255469859393177 [0.19496118 0.24284938 0.22552222 0.21592373 0.22035225 1.
 0.31032903 1.         0.27905878 0.27057563 0.3177354  1.        ]
299 22.395660450561017 [0.19461166 0.24267187 0.22556575 0.21597772 0.22053317 1.
 0.31018031 1.         0.27968945 0.27092649 0.31816534 1.        ]
300 366.49581939108606 [0.19425675 0.24249187 0.22556928 0.21606266 0.22058793 1.
 0.31014977 1.         0.2804274  0.27140666 0.31852397 1.        ]
301 23.55395671907108 [0.19400097 0.24224059 0.22561029 0.21618804 0.22048658 1.
 0.31013612 1.         0.28109159 0.27178025 0.31889825 1.        ]
302 24.09764846279291 [0.19379952 0.24207436 0.2254787  0.21638112 0.22052153 1.
 0.31030474 1.         0.28152348 0.27215555 0.31922502 1.        ]
303 29.1381171668334 [0.19357571 0.24185565 0.22534021 0.21625776 0.22056993 1.
 0.31047836 1.         0.28190091 0.2723147  0.31965102 1.        ]
304 26.202741501139393 [0.19342954 0.24172231 0.22513424 0.21623155 0.22069505 1.
 0.31059976 1.         0.2824174  0.2724014  0.31993292 1.        ]
305 36.194585990962054 [0.19340561 0.24173019 0.22498755 0.2162454  0.22085679 1.
 0.3104829  1.         0.28298241 0.27247313 0.32039723 1.        ]
306 28.4730837947131 [0.19347331 0.24164085 0.22487288 0.21606754 0.2209626  1.
 0.31045108 1.         0.28361453 0.27260549 0.32102574 1.        ]
307 34.40146646333917 [0.19364658 0.24133265 0.22472984 0.2158395  0.22097649 1.
 0.31033265 1.         0.28421693 0.272925   0.32136455 1.        ]
308 27.46344716162728 [0.19391146 0.24133971 0.22456733 0.21561976 0.22080865 1.
 0.31016317 1.         0.28477266 0.27322734 0.32176964 1.        ]
309 29.61542883971038 [0.19414776 0.24149665 0.22430212 0.21538638 0.22057075 1.
 0.31019194 1.         0.28513475 0.27357175 0.32225896 1.        ]
310 372.09135538405025 [0.19437559 0.24145439 0.22402321 0.21523652 0.22034522 1.
 0.31034923 1.         0.28577594 0.27392444 0.32247199 1.        ]
311 31.979735832838287 [0.1946745  0.24121    0.22380088 0.21515751 0.22013516 1.
 0.31054403 1.         0.28606738 0.27427414 0.32308789 1.        ]
312 27.040752456884285 [0.19491317 0.24108484 0.22347283 0.2151586  0.21985352 1.
 0.31100346 1.         0.28640004 0.27482917 0.32376448 1.        ]
313 36.30490661162216 [0.1949587  0.24120502 0.22298541 0.21511429 0.2196197  1.
 0.31152767 1.         0.28657913 0.27539515 0.32462712 1.        ]
314 27.79207529784846 [0.19502288 0.24135833 0.22251322 0.21505296 0.21931228 1.
 0.31198703 1.         0.28677393 0.27593598 0.32539736 1.        ]
315 25.9575378110735 [0.19507143 0.2415315  0.2221421  0.21483278 0.21922692 1.
 0.31286114 1.         0.28750481 0.27637225 0.32567278 1.        ]
316 31.927504023742998 [0.19504273 0.24141848 0.22183253 0.21466148 0.21929174 1.
 0.31351848 1.         0.28827465 0.27695321 0.3261031  1.        ]
317 33.705283178604105 [0.19500198 0.24125558 0.22150151 0.21455675 0.21939028 1.
 0.31387233 1.         0.28894368 0.27761317 0.32675415 1.        ]
318 23.80946981096985 [0.19496761 0.24103051 0.22117063 0.21438669 0.21943679 1.
 0.31407104 1.         0.28960597 0.27815909 0.32722495 1.        ]
319 30.40757302361623 [0.19491896 0.24085248 0.22091433 0.21424831 0.21944359 1.
 0.31429473 1.         0.2903171  0.27851457 0.32782158 1.        ]
320 30.073682103711725 [0.19486439 0.24062645 0.22071482 0.21410296 0.21946703 1.
 0.31444508 1.         0.29043638 0.27883375 0.32808466 1.        ]
321 27.74411081588639 [0.19481457 0.24051904 0.22040422 0.21389576 0.21957536 1.
 0.31473324 1.         0.29032829 0.27892892 0.32840006 1.        ]
322 29.95991302285549 [0.19480077 0.24049881 0.22021664 0.21359561 0.21985816 1.
 0.31489903 1.         0.29009685 0.27911837 0.32871344 1.        ]
323 723.95639088717 [0.19482061 0.24045559 0.22017989 0.21317773 0.22002619 1.
 0.3149208  1.         0.28997597 0.27947867 0.32905345 1.        ]
324 28.551959028989074 [0.19484876 0.2402999  0.22011176 0.21295929 0.22012872 1.
 0.31516603 1.         0.29001666 0.27980126 0.329087   1.        ]
325 27.893831809592818 [0.19496032 0.24007341 0.21999535 0.21284314 0.22024177 1.
 0.31543087 1.         0.29012945 0.2802183  0.32912111 1.        ]
326 26.28568990939508 [0.19507647 0.24008649 0.21984919 0.21270936 0.2202133  1.
 0.31551587 1.         0.29020344 0.28041022 0.32906757 1.        ]
327 30.0176924631362 [0.19522921 0.23993267 0.21970424 0.21264147 0.22003153 1.
 0.31577856 1.         0.29022042 0.28073191 0.32903708 1.        ]
328 34.779220783806366 [0.1953429  0.23976228 0.21956079 0.21260589 0.22001982 1.
 0.31582988 1.         0.29025004 0.28110643 0.32884444 1.        ]
329 19.25975916435077 [0.19536418 0.2396921  0.21943967 0.21249146 0.22006038 1.
 0.31601403 1.         0.29023147 0.28119445 0.32895788 1.        ]
330 25.39147434499168 [0.19526127 0.23970316 0.21895952 0.21249301 0.22013071 1.
 0.31625296 1.         0.2904105  0.28122638 0.32902851 1.        ]
331 21.985431241608012 [0.1952011  0.23966579 0.21868617 0.21249682 0.22008808 1.
 0.31655516 1.         0.29050711 0.28118783 0.32936034 1.        ]
332 26.446448658440403 [0.19514518 0.23974568 0.21853248 0.21241928 0.21999511 1.
 0.31696667 1.         0.29046024 0.2812621  0.32974004 1.        ]
333 26.247917394636936 [0.19484517 0.23985    0.21830408 0.21232198 0.21987123 1.
 0.31764561 1.         0.2907785  0.28142353 0.33024806 1.        ]
334 24.86703461717982 [0.19447919 0.23991795 0.21803821 0.21224365 0.21965684 1.
 0.31806085 1.         0.29111024 0.28182072 0.33090112 1.        ]
335 27.55246483289322 [0.1940423  0.23998807 0.21763066 0.21218108 0.21934248 1.
 0.31863833 1.         0.2913866  0.28224443 0.33113032 1.        ]
336 26.818835865816006 [0.19363815 0.24005127 0.2172256  0.21220933 0.21907372 1.
 0.31901236 1.         0.29176941 0.28271091 0.33122178 1.        ]
337 24.42122601052513 [0.19327172 0.2400604  0.21679915 0.2122478  0.21895684 1.
 0.31925586 1.         0.29205396 0.28333479 0.33165193 1.        ]
338 25.133138174935237 [0.19299182 0.24008717 0.21655979 0.21237096 0.21879619 1.
 0.31939917 1.         0.29204019 0.28371102 0.3320233  1.        ]
339 19.732945479049427 [0.19274551 0.2399872  0.21624756 0.21250044 0.21864652 1.
 0.3198103  1.         0.29192619 0.28405684 0.33239041 1.        ]
340 25.80378683443302 [0.1925338  0.23987103 0.21598295 0.21268204 0.21837151 1.
 0.3202574  1.         0.29160917 0.28459585 0.33216605 1.        ]
341 24.61176701739302 [0.19235257 0.23974568 0.21581419 0.21266025 0.21815048 1.
 0.32092698 1.         0.29148196 0.28532064 0.33216976 1.        ]
342 26.885701705615674 [0.19212938 0.23970635 0.21571504 0.21260029 0.21797709 1.
 0.3217245  1.         0.2913482  0.28591542 0.33241253 1.        ]
343 30.155423274656158 [0.19189519 0.23964474 0.21549578 0.2124284  0.21784668 1.
 0.32233531 1.         0.29139759 0.28631482 0.33248535 1.        ]
344 24.612401865466282 [0.19169275 0.23942961 0.2153122  0.21226271 0.217695   1.
 0.32274111 1.         0.29136346 0.28670534 0.33255298 1.        ]
345 22.92330922749337 [0.19151687 0.23923388 0.21513325 0.21205714 0.21754428 1.
 0.32334103 1.         0.29147722 0.28712135 0.33263162 1.        ]
346 24.49997520535436 [0.19129793 0.23892659 0.21496981 0.21180388 0.21756888 1.
 0.32398565 1.         0.29162673 0.28747709 0.3328615  1.        ]
347 25.76876897209392 [0.19119458 0.23869325 0.2149246  0.21148458 0.21756242 1.
 0.32474905 1.         0.29185838 0.28782175 0.3332266  1.        ]
348 23.619015320889773 [0.1910468  0.23865709 0.21492199 0.2112011  0.2175526  1.
 0.32563311 1.         0.29222987 0.28807812 0.33351948 1.        ]
349 21.424238461278744 [0.19098231 0.23866535 0.21476668 0.21080454 0.21729196 1.
 0.32651809 1.         0.29257801 0.28821099 0.33394607 1.        ]
350 23.65539333548122 [0.19094844 0.23857161 0.21456646 0.21049292 0.2171607  1.
 0.32745841 1.         0.29288995 0.28813762 0.33401302 1.        ]
351 27.439626047933036 [0.19078103 0.23843301 0.21431549 0.21016263 0.21698233 1.
 0.32819046 1.         0.29327011 0.28816349 0.33403566 1.        ]
352 19.352088946328237 [0.19040423 0.23828519 0.2140047  0.20965957 0.21664761 1.
 0.32865135 1.         0.29378763 0.28776428 0.33376504 1.        ]
353 28.99599475434143 [0.18995352 0.23810728 0.21376268 0.20923354 0.21637952 1.
 0.32928103 1.         0.29416942 0.28732643 0.33329037 1.        ]
354 26.030316246510633 [0.1894225  0.23800068 0.21354754 0.20894592 0.21624506 1.
 0.32996319 1.         0.29434329 0.28682862 0.33297696 1.        ]
355 20.00733906738401 [0.18881782 0.23788368 0.2133761  0.20880212 0.21606096 1.
 0.3305694  1.         0.29419688 0.28656105 0.33240484 1.        ]
356 23.41009848664664 [0.18825749 0.23777683 0.21322091 0.20848861 0.21579952 1.
 0.33116275 1.         0.29425971 0.28633613 0.33167998 1.        ]
357 27.44491915323104 [0.1877723  0.23784918 0.2130364  0.20805018 0.21558386 1.
 0.33186937 1.         0.29450205 0.28587933 0.3311639  1.        ]
358 25.73436191036518 [0.18721346 0.23789484 0.21289407 0.20775455 0.21536441 1.
 0.33263422 1.         0.29481514 0.2853211  0.33045433 1.        ]
359 20.946130913857747 [0.18662475 0.23791079 0.2128004  0.20747985 0.21511673 1.
 0.33321288 1.         0.29503908 0.28494144 0.33014335 1.        ]
360 22.31551741373825 [0.18611747 0.23797933 0.21257283 0.20723395 0.21494654 1.
 0.33378258 1.         0.29507444 0.28465424 0.3296234  1.        ]
361 24.0836194711844 [0.1857699  0.23802767 0.21248695 0.20701327 0.21485548 1.
 0.33427725 1.         0.29505028 0.28422564 0.32893106 1.        ]
362 31.254697801948005 [0.18549393 0.23803565 0.21235806 0.20665826 0.21485299 1.
 0.33445944 1.         0.29509875 0.28389538 0.32838751 1.        ]
363 32.93754782849957 [0.18523993 0.23803251 0.21222076 0.20625977 0.21481101 1.
 0.33485586 1.         0.29502017 0.28371981 0.32808051 1.        ]
364 23.679122771049947 [0.18499223 0.23807304 0.21209548 0.2058536  0.21469856 1.
 0.33513519 1.         0.2948597  0.28385658 0.32763785 1.        ]
365 27.670496440187513 [0.18467704 0.23801385 0.21194504 0.20549096 0.21458554 1.
 0.3355862  1.         0.29491112 0.28396026 0.32741356 1.        ]
366 26.752142723481143 [0.18450742 0.23790896 0.21187184 0.20521693 0.2144846  1.
 0.33595059 1.         0.29494453 0.28390782 0.32725761 1.        ]
367 27.793932900723377 [0.18431059 0.23777902 0.21183617 0.20500515 0.21433332 1.
 0.33607294 1.         0.29506859 0.28385294 0.32700808 1.        ]
368 29.16149665970663 [0.18417442 0.23779978 0.21185373 0.20468079 0.21420059 1.
 0.33614825 1.         0.29508805 0.28389354 0.32684409 1.        ]
369 19.437497377613262 [0.184044   0.23781478 0.21183574 0.20437783 0.21416274 1.
 0.33612369 1.         0.29515808 0.28411345 0.3265494  1.        ]
370 40.13998127766607 [0.18389268 0.23803093 0.21181456 0.20401002 0.21418228 1.
 0.33612059 1.         0.29508078 0.28420059 0.32653487 1.        ]
371 26.677748230542292 [0.1836361  0.23834752 0.21171551 0.20373319 0.2143608  1.
 0.3360439  1.         0.2953101  0.28401601 0.32655713 1.        ]
372 24.271600132982265 [0.18338249 0.23864514 0.21158115 0.20346768 0.21451852 1.
 0.33633215 1.         0.29561223 0.28400307 0.32658631 1.        ]
373 22.926710933720194 [0.18305092 0.23906592 0.21145087 0.20309516 0.21485708 1.
 0.33648745 1.         0.29586635 0.28395965 0.32666943 1.        ]
374 26.976717638061146 [0.18275661 0.2394701  0.21132619 0.20271258 0.21533536 1.
 0.33676574 1.         0.29583498 0.28350508 0.32673127 1.        ]
375 20.485964222456026 [0.18247919 0.23976    0.21117911 0.20218372 0.21564378 1.
 0.33739464 1.         0.29605403 0.28294533 0.32690604 1.        ]
376 25.870963475739856 [0.18220307 0.24015141 0.21088741 0.20153102 0.21601002 1.
 0.33806937 1.         0.29627533 0.28229513 0.32691427 1.        ]
377 24.12576049469176 [0.18192511 0.24038792 0.21064599 0.20097509 0.21632792 1.
 0.33874972 1.         0.29659844 0.28190794 0.32692546 1.        ]
378 21.594491464358516 [0.1816742  0.24067253 0.21031678 0.20044403 0.21675103 1.
 0.33911135 1.         0.29716858 0.28167012 0.32706573 1.        ]
379 25.35538341673548 [0.18145843 0.2408838  0.2100286  0.19991664 0.21724273 1.
 0.33938403 1.         0.29763812 0.28154718 0.32735921 1.        ]
380 26.960790530985115 [0.18125167 0.24126369 0.20962339 0.19946516 0.21781345 1.
 0.33981615 1.         0.29821813 0.28089645 0.3275274  1.        ]
381 22.81301677854621 [0.18114228 0.24142049 0.20919089 0.19910314 0.21835846 1.
 0.3400281  1.         0.29846655 0.28032296 0.32777219 1.        ]
382 20.539082874063496 [0.18112466 0.24152552 0.20902604 0.1987739  0.21862854 1.
 0.33993071 1.         0.29895359 0.27989034 0.32815924 1.        ]
383 22.650102291296573 [0.18103168 0.24157113 0.20896314 0.19853877 0.21888205 1.
 0.33986318 1.         0.29955822 0.27947907 0.32864884 1.        ]
384 23.256129302726293 [0.18092624 0.24180722 0.20906852 0.19830849 0.21913238 1.
 0.33977509 1.         0.30018323 0.27923666 0.32934778 1.        ]
385 30.797380770595073 [0.18083964 0.24198015 0.20909802 0.19797866 0.21939804 1.
 0.33960262 1.         0.30094516 0.2790333  0.32996789 1.        ]
386 27.150788721641437 [0.18077821 0.24215685 0.20910394 0.19768227 0.21967367 1.
 0.33933385 1.         0.30145675 0.27885716 0.33061675 1.        ]
387 19.570808740516632 [0.18071235 0.24243244 0.2091774  0.19750451 0.21995639 1.
 0.33921041 1.         0.30217123 0.27868064 0.33127657 1.        ]
388 21.147410661965587 [0.18074802 0.2427012  0.20918493 0.19734315 0.22026226 1.
 0.3389485  1.         0.30286398 0.278433   0.33180471 1.        ]
389 26.416897456395017 [0.18082935 0.24287199 0.20924655 0.19718318 0.22034421 1.
 0.33890255 1.         0.30352949 0.27805938 0.33219706 1.        ]
390 22.685800009976496 [0.18092354 0.24300138 0.20943825 0.19705983 0.2205018  1.
 0.33903905 1.         0.30431182 0.27771422 0.3327243  1.        ]
391 24.760962014838 [0.18108303 0.24313761 0.20962337 0.19696299 0.22059215 1.
 0.33939656 1.         0.30494065 0.27736098 0.33314018 1.        ]
392 22.711159208719863 [0.18127901 0.24322978 0.20965756 0.19666457 0.22045955 1.
 0.3398261  1.         0.30552103 0.27706961 0.33349958 1.        ]
393 19.58590583551593 [0.1814566  0.24321388 0.20956886 0.19633892 0.22036712 1.
 0.34005034 1.         0.30588407 0.27662204 0.33387759 1.        ]
394 18.20231975080628 [0.18154429 0.2430801  0.20947429 0.19599918 0.22036048 1.
 0.34049318 1.         0.30627735 0.2764696  0.33435082 1.        ]
395 23.49005280848018 [0.1815623  0.24305376 0.20943371 0.19563215 0.22042911 1.
 0.34088477 1.         0.3067982  0.27637892 0.33496365 1.        ]
396 22.764826783930594 [0.1815072  0.24305145 0.20927086 0.19523077 0.22051552 1.
 0.34118926 1.         0.30707431 0.2763201  0.33532841 1.        ]
397 32.836758470251866 [0.18139899 0.2429423  0.20903656 0.19487292 0.22054826 1.
 0.34200235 1.         0.30767927 0.27645847 0.33580437 1.        ]
398 25.588667991090336 [0.18128727 0.24300202 0.2088575  0.19440697 0.22060016 1.
 0.34260359 1.         0.30816568 0.27654729 0.33624745 1.        ]
399 22.260164007442654 [0.18122532 0.24301346 0.20873313 0.19403476 0.22062827 1.
 0.34321259 1.         0.30868547 0.27653641 0.33672196 1.        ]
400 25.201867705129736 [0.18121051 0.24302371 0.20857526 0.19362366 0.22054065 1.
 0.34382226 1.         0.30918296 0.27644763 0.337076   1.        ]
401 23.41024382228371 [0.18114694 0.2430019  0.20859957 0.1933228  0.2204539  1.
 0.3443433  1.         0.30992443 0.27627872 0.33761031 1.        ]
402 26.05051196439612 [0.18104659 0.2430322  0.20860302 0.193063   0.22017714 1.
 0.34498566 1.         0.31086224 0.27611124 0.33846322 1.        ]
403 23.202733851940668 [0.1808805  0.24306369 0.20871409 0.19274638 0.21992807 1.
 0.34534625 1.         0.31183496 0.27583477 0.33920616 1.        ]
404 25.857427223799768 [0.18066332 0.24311887 0.20879337 0.1924611  0.21985308 1.
 0.34520044 1.         0.31278722 0.27577673 0.33981363 1.        ]
405 23.93081065782772 [0.18042242 0.24306413 0.20883608 0.19224283 0.21986752 1.
 0.34503523 1.         0.31339035 0.27570449 0.34042469 1.        ]
406 22.293778696824248 [0.18017096 0.24301457 0.2087649  0.19201422 0.22004609 1.
 0.34485224 1.         0.31381453 0.27578443 0.34088785 1.        ]
407 19.29702515123362 [0.18000154 0.24327775 0.20879532 0.19187188 0.2202835  1.
 0.34456501 1.         0.31422016 0.27604967 0.34097038 1.        ]
408 23.297096013130655 [0.17988283 0.24344625 0.2087227  0.19179831 0.2205428  1.
 0.34405448 1.         0.31456395 0.27615722 0.34118271 1.        ]
409 28.729272043114403 [0.17983583 0.24362432 0.20859926 0.19177619 0.22068322 1.
 0.34363227 1.         0.31467905 0.2760888  0.34129505 1.        ]
410 23.088912198398127 [0.17979103 0.24398553 0.20839685 0.19178091 0.22086886 1.
 0.34313301 1.         0.31507253 0.27593447 0.34140969 1.        ]
411 19.199081317642978 [0.1797286  0.24407942 0.2082357  0.19184957 0.22094182 1.
 0.34266335 1.         0.31555456 0.27580232 0.34117601 1.        ]
412 23.593896331514678 [0.17965293 0.24417068 0.20802825 0.19195247 0.2210345  1.
 0.34233354 1.         0.31603783 0.27563157 0.34120046 1.        ]
413 25.41581572275595 [0.17961065 0.24425697 0.20789589 0.19202175 0.22112829 1.
 0.34219162 1.         0.31653648 0.27555255 0.34131118 1.        ]
414 24.629933954192467 [0.17956486 0.24416985 0.20765417 0.19204366 0.22116961 1.
 0.34197509 1.         0.31681447 0.27546682 0.34150932 1.        ]
415 23.357703850884775 [0.1795127  0.24413931 0.20747063 0.19209094 0.22094689 1.
 0.34167858 1.         0.31737373 0.27541081 0.34127336 1.        ]
416 368.6254946073094 [0.17945025 0.24405372 0.20736457 0.19220703 0.22086068 1.
 0.34130839 1.         0.31750291 0.27558962 0.3408133  1.        ]
417 24.660616463214524 [0.17945554 0.24410231 0.20726374 0.19231448 0.22066831 1.
 0.34085822 1.         0.31748226 0.27572798 0.34041388 1.        ]
418 22.25476537001233 [0.1794374  0.24421172 0.20717269 0.19238798 0.22054786 1.
 0.34094005 1.         0.31764985 0.27578719 0.33986678 1.        ]
419 18.108200961680865 [0.17931045 0.2444008  0.20710642 0.19240433 0.2203087  1.
 0.34088086 1.         0.31749388 0.27580391 0.33955286 1.        ]
420 21.594931592502455 [0.17906759 0.24464652 0.20681247 0.19241179 0.22015329 1.
 0.34076301 1.         0.31694888 0.27607307 0.33934504 1.        ]
421 715.1806052842131 [0.17889621 0.24485631 0.20656942 0.19237562 0.21984181 1.
 0.34053481 1.         0.31656892 0.27625551 0.33869337 1.        ]
422 22.43133558530424 [0.17872826 0.24520442 0.20644774 0.19228187 0.21960073 1.
 0.34059078 1.         0.31641603 0.2761659  0.33803378 1.        ]
423 16.40697585778267 [0.17861314 0.24555063 0.20638045 0.19227809 0.21929138 1.
 0.3406042  1.         0.31648003 0.27603187 0.33741966 1.        ]
424 18.866848181903528 [0.17845295 0.245784   0.2062218  0.1922937  0.21894391 1.
 0.34030435 1.         0.31654406 0.27597107 0.3369479  1.        ]
425 24.46367124992368 [0.17830717 0.24618882 0.20624157 0.19237271 0.21867323 1.
 0.34001396 1.         0.31660494 0.27588191 0.33652555 1.        ]
426 17.96503629599297 [0.17816373 0.24645421 0.20623968 0.19233785 0.21860093 1.
 0.33990278 1.         0.31669563 0.27587503 0.33626473 1.        ]
427 364.52434489445994 [0.17814489 0.24666966 0.20610297 0.19235473 0.21861906 1.
 0.3400208  1.         0.31685174 0.27597587 0.33611058 1.        ]
428 20.015563856110916 [0.17810666 0.24678171 0.20595651 0.19239684 0.21868162 1.
 0.34020215 1.         0.31704282 0.27597688 0.33601905 1.        ]
429 21.087422891230517 [0.17797081 0.24695038 0.20574297 0.19239317 0.21871435 1.
 0.34025356 1.         0.31727789 0.2760047  0.33590449 1.        ]
430 20.82404210203871 [0.17776989 0.24727361 0.20559219 0.1923005  0.2187021  1.
 0.34021843 1.         0.31756361 0.27607437 0.33580359 1.        ]
431 18.642814474212 [0.17753703 0.24770938 0.2053665  0.19225634 0.21858241 1.
 0.34010415 1.         0.3181895  0.27604706 0.33583637 1.        ]
432 15.64963131048671 [0.17725319 0.24827493 0.2051322  0.19227234 0.21870023 1.
 0.33984754 1.         0.31865192 0.27604114 0.33596711 1.        ]
433 17.571521789265628 [0.17698842 0.24884732 0.20491376 0.19228722 0.21880476 1.
 0.33941138 1.         0.31908818 0.27599943 0.33599212 1.        ]
434 29.875822888854668 [0.17676907 0.24931579 0.2046297  0.19231383 0.2187485  1.
 0.33900771 1.         0.31927236 0.27594252 0.33580345 1.        ]
435 365.49297064318426 [0.17661919 0.24974956 0.20444041 0.19219429 0.21872652 1.
 0.33873593 1.         0.31944599 0.27585548 0.33572506 1.        ]
436 18.961822889493074 [0.17625326 0.25015517 0.20419478 0.19214504 0.21865683 1.
 0.33828431 1.         0.31973131 0.27591952 0.33577859 1.        ]
437 20.67532244368642 [0.17595822 0.25039852 0.20375191 0.19208095 0.21859754 1.
 0.33760461 1.         0.31992364 0.2758353  0.33546855 1.        ]
438 16.423808148838113 [0.17571508 0.25068103 0.20337336 0.19200337 0.21850643 1.
 0.33724107 1.         0.31996273 0.27576378 0.33503794 1.        ]
439 24.97006550283242 [0.17551282 0.25102724 0.20304017 0.19193576 0.2182754  1.
 0.33681621 1.         0.32000159 0.27559393 0.3346397  1.        ]
440 20.062876497418053 [0.17539954 0.2513318  0.20263972 0.19193837 0.21823634 1.
 0.33652655 1.         0.31989168 0.27551703 0.33439274 1.        ]
441 19.062960521566726 [0.17526154 0.25164149 0.20213862 0.19186472 0.2182652  1.
 0.33629315 1.         0.31963301 0.2754836  0.33432814 1.        ]
442 24.18825634323553 [0.17517633 0.25201852 0.20172542 0.19178036 0.21827766 1.
 0.3359366  1.         0.31928981 0.27542282 0.33440321 1.        ]
443 16.124001507266488 [0.17508529 0.25229368 0.20124979 0.19154119 0.21841593 1.
 0.3354473  1.         0.31894132 0.2756778  0.33461927 1.        ]
444 376.6615590018157 [0.17513938 0.25250468 0.20081824 0.19138951 0.21860486 1.
 0.33502428 1.         0.31843954 0.27589783 0.33431393 1.        ]
445 20.092820118235977 [0.17526312 0.25255967 0.20033441 0.19127886 0.21895132 1.
 0.33459835 1.         0.31797308 0.2761104  0.33406593 1.        ]
446 21.909867063437908 [0.17544845 0.25275403 0.19990983 0.19124154 0.21928702 1.
 0.33420165 1.         0.31704395 0.27632439 0.33397169 1.        ]
447 21.03119185232035 [0.17558056 0.2529953  0.19952531 0.19119066 0.21952437 1.
 0.33393891 1.         0.31619966 0.27631061 0.33398082 1.        ]
448 18.886626975709664 [0.17576718 0.25318841 0.19916961 0.19114113 0.2197507  1.
 0.33381379 1.         0.3153451  0.27626756 0.33399856 1.        ]
449 19.151403241822564 [0.1759427  0.25321024 0.19887109 0.19113446 0.21987934 1.
 0.3335675  1.         0.31491732 0.27616049 0.33377031 1.        ]
450 371.4350604081262 [0.17610939 0.25306452 0.1985866  0.19121699 0.21988709 1.
 0.33334508 1.         0.31467233 0.27616307 0.33341533 1.        ]
451 14.54284788829494 [0.17632113 0.25295384 0.19838741 0.19137737 0.21968963 1.
 0.33329053 1.         0.31432109 0.27590801 0.33314109 1.        ]
452 18.415068130637245 [0.17648526 0.25286712 0.1982453  0.19154404 0.21948536 1.
 0.33320026 1.         0.31418346 0.27562472 0.3330058  1.        ]
453 15.884327500091572 [0.17656156 0.25287207 0.1979813  0.19168232 0.21928454 1.
 0.33302921 1.         0.31401471 0.27564279 0.33274795 1.        ]
454 367.88461182477084 [0.1766783  0.25295201 0.19772546 0.19190711 0.21914117 1.
 0.33299295 1.         0.31397446 0.27556221 0.33255993 1.        ]
455 16.942083323370408 [0.17671035 0.25299963 0.19717968 0.19209379 0.21904644 1.
 0.33305108 1.         0.31409447 0.27551921 0.33246446 1.        ]
456 15.63108469290932 [0.17678934 0.2530324  0.19672561 0.19223946 0.21902157 1.
 0.33321373 1.         0.3144362  0.27531734 0.33248468 1.        ]
457 12.2051424091998 [0.17689834 0.25297515 0.19632452 0.19233561 0.21915991 1.
 0.33324531 1.         0.31483119 0.27480028 0.33258622 1.        ]
458 16.958361517353865 [0.17700104 0.25311739 0.19597111 0.19243869 0.21932996 1.
 0.33312639 1.         0.31517818 0.2742686  0.33271165 1.        ]
459 19.223393506343697 [0.17721221 0.25336374 0.19559152 0.19249005 0.21955829 1.
 0.33292591 1.         0.31532007 0.27368751 0.3327176  1.        ]
460 17.665386787225124 [0.1773765  0.25360422 0.19529646 0.19249287 0.21965823 1.
 0.33261089 1.         0.31545127 0.27319845 0.33282698 1.        ]
461 13.024045546706214 [0.17750277 0.2537129  0.19495242 0.19266185 0.21988665 1.
 0.33251025 1.         0.31550884 0.27265071 0.33305859 1.        ]
462 16.433552298733613 [0.17757292 0.25395498 0.19452848 0.19280516 0.22012439 1.
 0.33235891 1.         0.31547663 0.27215238 0.33341973 1.        ]
463 23.056288999726835 [0.17765688 0.25424529 0.1941434  0.19271481 0.22053868 1.
 0.33216981 1.         0.31552928 0.27185817 0.33381713 1.        ]
464 20.773520915169815 [0.17777339 0.25454466 0.19373187 0.19265614 0.22093367 1.
 0.33204812 1.         0.31559874 0.27150678 0.33421895 1.        ]
465 11.529867721119995 [0.17782264 0.25473868 0.19342041 0.19259249 0.22127252 1.
 0.33195378 1.         0.31571296 0.27129792 0.33462545 1.        ]
466 15.196880768548343 [0.17784989 0.25501352 0.19305091 0.19248526 0.22193928 1.
 0.33182007 1.         0.31589468 0.2711172  0.33502519 1.        ]
467 18.104181462672184 [0.17786686 0.25530528 0.19278508 0.19239303 0.22263103 1.
 0.33148638 1.         0.31605217 0.27099535 0.33552361 1.        ]
468 19.70131177173107 [0.17793299 0.2556336  0.19245898 0.19244474 0.22315958 1.
 0.33120031 1.         0.31630763 0.27093061 0.33577453 1.        ]
469 365.8931613877248 [0.17801644 0.255732   0.19224805 0.19250473 0.22380338 1.
 0.33090828 1.         0.31602035 0.27077275 0.33590772 1.        ]
470 16.77561293842435 [0.17816942 0.25578371 0.19207265 0.19260933 0.22440839 1.
 0.33081423 1.         0.31586651 0.27055004 0.33601468 1.        ]
471 20.16793342479525 [0.17845421 0.25595103 0.19185053 0.1925803  0.2251442  1.
 0.33072365 1.         0.31567696 0.27039339 0.33624131 1.        ]
472 15.235105602914956 [0.17865148 0.25611225 0.19172378 0.19250426 0.22570104 1.
 0.3307878  1.         0.31542834 0.27016967 0.33638957 1.        ]
473 10.169111424979835 [0.1787601  0.25625647 0.19155059 0.19243654 0.22628296 1.
 0.33073331 1.         0.31504422 0.27005935 0.3365397  1.        ]
474 11.08892504698348 [0.17888167 0.25634075 0.19138793 0.19241343 0.22690263 1.
 0.3308139  1.         0.3146408  0.27014468 0.33668046 1.        ]
475 18.165920831033155 [0.17897071 0.25643946 0.19126175 0.19247848 0.22740138 1.
 0.33089008 1.         0.31401917 0.27012907 0.33664419 1.        ]
476 14.562108843411906 [0.17915507 0.25629045 0.19107329 0.19253218 0.22774329 1.
 0.33096567 1.         0.31335976 0.27017796 0.33675708 1.        ]
477 20.26864817935866 [0.17914158 0.25599264 0.19089485 0.19250718 0.22810563 1.
 0.33092907 1.         0.31285377 0.27025268 0.33681818 1.        ]
478 18.108992388580265 [0.17908084 0.25563249 0.19069909 0.19246683 0.22845688 1.
 0.33107515 1.         0.31230211 0.27039029 0.33692771 1.        ]
479 15.569637708292083 [0.17899768 0.25505351 0.19050924 0.1923674  0.22895802 1.
 0.33154762 1.         0.31169985 0.27078847 0.3367837  1.        ]
480 19.303812427831524 [0.17899715 0.25457861 0.19046274 0.19234655 0.22933293 1.
 0.33199673 1.         0.3108365  0.27118008 0.3364376  1.        ]
481 17.498521624308825 [0.17896634 0.25403025 0.19030627 0.19242723 0.22956887 1.
 0.33236232 1.         0.31009811 0.27161226 0.33598588 1.        ]
482 356.44098116456814 [0.17897806 0.25360146 0.1902731  0.19259521 0.22989664 1.
 0.33274889 1.         0.30924308 0.27207976 0.33543701 1.        ]
483 20.040422498100913 [0.17899138 0.2530782  0.19029434 0.19274842 0.23019488 1.
 0.33326595 1.         0.30852493 0.27252349 0.3350959  1.        ]
484 16.717360084434862 [0.17900205 0.2526915  0.19023911 0.19286186 0.23053128 1.
 0.33374409 1.         0.30774202 0.2727249  0.33502033 1.        ]
485 15.89915787430202 [0.17909817 0.25219502 0.19025266 0.19297155 0.23078832 1.
 0.33408369 1.         0.30715366 0.2731325  0.33503263 1.        ]
486 23.76136320096267 [0.17925969 0.25180774 0.19031022 0.19304257 0.23113884 1.
 0.33432085 1.         0.30657433 0.273449   0.33505578 1.        ]
487 24.09680952227098 [0.17938677 0.25168684 0.19034847 0.19310419 0.23149236 1.
 0.33449835 1.         0.30624694 0.27367821 0.33480524 1.        ]
488 11.805877983623365 [0.17946373 0.251597   0.19022521 0.19316514 0.23178045 1.
 0.33451989 1.         0.306043   0.27386398 0.33436029 1.        ]
489 18.24150342934766 [0.17950242 0.25142506 0.19014176 0.1931556  0.23208208 1.
 0.33472575 1.         0.3059407  0.27392004 0.33398688 1.        ]
490 19.819139294814878 [0.17954048 0.25128225 0.19010496 0.1931715  0.23213116 1.
 0.33491149 1.         0.30598894 0.2740144  0.33356288 1.        ]
491 20.33783418564221 [0.17962151 0.25102894 0.19005631 0.19317419 0.23201608 1.
 0.33491197 1.         0.30606937 0.27393969 0.33316613 1.        ]
492 14.742701373010249 [0.17964384 0.25085314 0.19000085 0.19316485 0.2316837  1.
 0.33512038 1.         0.30629547 0.27407559 0.33270806 1.        ]
493 18.918055695145313 [0.17964329 0.25071015 0.18989484 0.19327257 0.23140986 1.
 0.33530909 1.         0.30622135 0.27423779 0.33220578 1.        ]
494 15.748070722871754 [0.17958501 0.2505695  0.18975975 0.19341084 0.23129569 1.
 0.33565855 1.         0.30634259 0.27442054 0.33161543 1.        ]
495 23.55290701005839 [0.17949813 0.25035603 0.18967466 0.1935163  0.23123516 1.
 0.33604472 1.         0.30671777 0.27441934 0.33095624 1.        ]
496 366.9962958527523 [0.17932191 0.25005883 0.18955609 0.19372206 0.23120819 1.
 0.33678977 1.         0.30704884 0.27432818 0.33032805 1.        ]
497 355.6365075690131 [0.17916813 0.24999558 0.18941325 0.1938209  0.23129421 1.
 0.33782952 1.         0.30742822 0.27434678 0.32982066 1.        ]
498 373.63250231549796 [0.17891007 0.24999927 0.18919943 0.19386027 0.2313034  1.
 0.33880136 1.         0.30804511 0.27448848 0.32936333 1.        ]
499 19.318696997916817 [0.17861446 0.25015234 0.18896447 0.19381406 0.2314056  1.
 0.33971679 1.         0.30847191 0.27460053 0.32916539 1.        ]
500 14.684667635917572 [0.17834064 0.25025822 0.18873926 0.19373566 0.23143153 1.
 0.34009714 1.         0.30889899 0.27466176 0.32903172 1.        ]
501 376.4216538855743 [0.17803384 0.25031716 0.18856231 0.19367652 0.23146573 1.
 0.34058526 1.         0.30927305 0.27458207 0.32887727 1.        ]
502 18.52695533269057 [0.17773473 0.25030186 0.1885735  0.19363472 0.23143236 1.
 0.34109757 1.         0.30959229 0.27454855 0.32889133 1.        ]
503 18.93923874752926 [0.17745425 0.25033962 0.18863848 0.19349186 0.23156429 1.
 0.34156361 1.         0.30988742 0.27449193 0.32866479 1.        ]
504 18.94245608498102 [0.17729228 0.25049262 0.18860878 0.19340656 0.23174422 1.
 0.34191347 1.         0.30994449 0.27426366 0.32878075 1.        ]
505 16.837624097293805 [0.17717017 0.25062749 0.1885871  0.19336902 0.23199122 1.
 0.34228273 1.         0.30993218 0.2742369  0.32867503 1.        ]
506 362.2141937661715 [0.17702872 0.25079138 0.1885209  0.19324204 0.2321785  1.
 0.34279957 1.         0.30979828 0.27422818 0.32861706 1.        ]
507 16.50190597893321 [0.17697483 0.25075427 0.18851423 0.1930827  0.23221887 1.
 0.34338689 1.         0.30972562 0.27424309 0.3284549  1.        ]
508 21.548220960589347 [0.17685181 0.25068085 0.18854069 0.19294006 0.23223799 1.
 0.34379488 1.         0.3096282  0.27422466 0.32831412 1.        ]
509 19.278360490678672 [0.17671863 0.25061133 0.18854025 0.1926763  0.23232378 1.
 0.34432479 1.         0.3096398  0.27428468 0.32833317 1.        ]
510 21.28696791564054 [0.17653713 0.25057095 0.18863225 0.19250004 0.23247797 1.
 0.34482489 1.         0.30967    0.27431013 0.32853968 1.        ]
511 19.87312199443882 [0.17633095 0.25059274 0.18859636 0.19236185 0.23233702 1.
 0.3455107  1.         0.30973906 0.27428207 0.32883151 1.        ]
512 21.193263146940986 [0.17620241 0.25049442 0.18861419 0.19225689 0.2322626  1.
 0.34616689 1.         0.30990766 0.27411539 0.32915666 1.        ]
513 18.681876156902213 [0.17611767 0.25029398 0.18860648 0.19219627 0.23222039 1.
 0.34682763 1.         0.31005356 0.27399747 0.3294051  1.        ]
514 19.034257866606744 [0.17613026 0.25009305 0.18856337 0.19213494 0.23188233 1.
 0.34743682 1.         0.31019646 0.27384738 0.32952071 1.        ]
515 21.43567125332304 [0.17616434 0.24989308 0.18854056 0.19203429 0.23152784 1.
 0.34811469 1.         0.3103352  0.27371783 0.32951481 1.        ]
516 17.87781999030699 [0.17605364 0.24959152 0.18853956 0.19211137 0.23127529 1.
 0.3490095  1.         0.31030573 0.27367042 0.32961601 1.        ]
517 27.7485723420197 [0.17597804 0.24950641 0.1884818  0.19212208 0.23076848 1.
 0.35009615 1.         0.31030352 0.27368234 0.32953919 1.        ]
518 367.6020276220292 [0.17591464 0.24933643 0.18845165 0.19217035 0.23027663 1.
 0.35108696 1.         0.31011048 0.27383267 0.32937748 1.        ]
519 17.968451078049156 [0.17587154 0.24917525 0.18850283 0.19219712 0.22990875 1.
 0.35197868 1.         0.3098236  0.2738794  0.32923633 1.        ]
520 16.25402087336749 [0.1758071  0.24892436 0.18858192 0.1922504  0.22956556 1.
 0.35283333 1.         0.30962448 0.27399587 0.32908402 1.        ]
521 708.8630184485262 [0.17573317 0.24867527 0.18869041 0.19226071 0.22932871 1.
 0.35363198 1.         0.30930129 0.27418022 0.32882759 1.        ]
522 18.45072286024383 [0.17555229 0.24821707 0.18874001 0.1922325  0.2291168  1.
 0.35464433 1.         0.30840055 0.27427805 0.3285652  1.        ]
523 14.882115296898718 [0.17536537 0.24785606 0.18898853 0.19221544 0.22870136 1.
 0.35570391 1.         0.30744133 0.27450629 0.32823409 1.        ]
524 18.521000012451008 [0.17523959 0.24757999 0.18928588 0.19215532 0.22840297 1.
 0.35679076 1.         0.30642869 0.27490304 0.3280291  1.        ]
525 19.745880457999306 [0.17516531 0.24730301 0.18950231 0.19213249 0.22819951 1.
 0.35780354 1.         0.30535919 0.27534627 0.32794093 1.        ]
526 20.095338201212712 [0.17510344 0.24714307 0.18971116 0.19210289 0.22801695 1.
 0.35852055 1.         0.30453374 0.27561032 0.32776603 1.        ]
527 374.4005688994402 [0.17511787 0.24694655 0.18988242 0.19208026 0.22798912 1.
 0.35925986 1.         0.3037245  0.27589081 0.32784545 1.        ]
528 375.7595163522568 [0.17510029 0.24667267 0.18997533 0.19214445 0.22794992 1.
 0.35983254 1.         0.30319742 0.275971   0.32788232 1.        ]
529 16.485832836342507 [0.17500332 0.24632632 0.19010697 0.19224295 0.22803556 1.
 0.36047019 1.         0.30276212 0.27611913 0.32785024 1.        ]
530 16.63463885131327 [0.17488358 0.24600639 0.19025293 0.19236113 0.22808987 1.
 0.36102269 1.         0.30229437 0.27648826 0.32782356 1.        ]
531 17.658680058284943 [0.17485576 0.24578047 0.19038215 0.19245448 0.22821894 1.
 0.36126813 1.         0.30198894 0.27661528 0.32787101 1.        ]
532 18.69171090193364 [0.17485092 0.24556438 0.19051107 0.1926465  0.22830843 1.
 0.36164986 1.         0.30186266 0.27690668 0.32786428 1.        ]
533 21.285264823227905 [0.17478729 0.24526726 0.19064862 0.19282027 0.22834769 1.
 0.36200286 1.         0.30200829 0.27714409 0.3276992  1.        ]
534 22.768197351282623 [0.17480929 0.24481491 0.19082691 0.19295852 0.22836359 1.
 0.36219163 1.         0.30197077 0.27739976 0.32754514 1.        ]
535 19.622384204557317 [0.17483012 0.24443093 0.19094152 0.19301482 0.22846648 1.
 0.36250175 1.         0.30181839 0.27743408 0.32737194 1.        ]
536 19.7222106386484 [0.17484525 0.24402447 0.19109534 0.19310236 0.22855403 1.
 0.36302219 1.         0.301615   0.27745169 0.32729952 1.        ]
537 19.833350673994694 [0.17480408 0.24365473 0.19142234 0.1931672  0.22854151 1.
 0.36369097 1.         0.30114613 0.27737542 0.32717012 1.        ]
538 20.950920472805898 [0.17487655 0.24338089 0.19163407 0.1931885  0.22856066 1.
 0.36372921 1.         0.300773   0.27729745 0.32720172 1.        ]
539 21.268792079637365 [0.17496025 0.24326572 0.19185493 0.19316694 0.22851279 1.
 0.36384501 1.         0.30045083 0.27720514 0.32693292 1.        ]
540 20.03936286948506 [0.17508468 0.24308444 0.19206651 0.19317077 0.22879526 1.
 0.364107   1.         0.30032508 0.27710764 0.3265076  1.        ]
541 17.355642002780233 [0.17518693 0.24294655 0.19222452 0.19314622 0.22900937 1.
 0.36433404 1.         0.30020219 0.27689859 0.32596152 1.        ]
542 19.965974366487828 [0.17528033 0.24281426 0.1923072  0.19317278 0.22932586 1.
 0.36450737 1.         0.30002981 0.27668279 0.32556831 1.        ]
543 17.9308720346323 [0.17539724 0.24306199 0.19246885 0.19323214 0.229601   1.
 0.36483081 1.         0.29981133 0.27639839 0.32515448 1.        ]
544 19.67228235841123 [0.1755185  0.24316087 0.19274558 0.19337896 0.22993623 1.
 0.36533451 1.         0.29953851 0.2760509  0.32480031 1.        ]
545 16.13027075707942 [0.17556983 0.24327788 0.19295039 0.193464   0.23036549 1.
 0.36584366 1.         0.29934591 0.27575459 0.3244349  1.        ]
546 21.063586486738878 [0.17572015 0.24357359 0.19317257 0.19340865 0.23078986 1.
 0.36651936 1.         0.29907711 0.27532136 0.32418698 1.        ]
547 22.68540032626785 [0.17588492 0.24371891 0.19335177 0.19337987 0.23127104 1.
 0.36741323 1.         0.29853819 0.27497422 0.32405544 1.        ]
548 23.95793391418008 [0.1760615  0.24352464 0.19363161 0.19332589 0.23186098 1.
 0.36803705 1.         0.29785169 0.27491249 0.32421489 1.        ]
549 25.16865132858129 [0.17618475 0.24337571 0.19397652 0.19332023 0.23226521 1.
 0.36880029 1.         0.29736953 0.27514429 0.32443515 1.        ]
550 20.245880161608174 [0.17630528 0.24333395 0.19431563 0.19341719 0.23265041 1.
 0.36968605 1.         0.29679338 0.27516513 0.32481517 1.        ]
551 19.497285536925805 [0.17632375 0.24326714 0.19466509 0.19352514 0.23289809 1.
 0.37025489 1.         0.29618439 0.2750799  0.32517953 1.        ]
552 23.083089459280853 [0.17633579 0.24322053 0.19496932 0.19365463 0.23294705 1.
 0.37048528 1.         0.29579752 0.27504263 0.32550698 1.        ]
553 369.5245673671674 [0.17630094 0.24307039 0.19496907 0.19380457 0.2329591  1.
 0.37086321 1.         0.2955355  0.27519699 0.32583387 1.        ]
554 25.14681687975358 [0.17622473 0.24298729 0.19505711 0.19403731 0.23283288 1.
 0.37100187 1.         0.29529853 0.27532427 0.32582189 1.        ]
555 22.958579141669475 [0.17603069 0.24287804 0.1951609  0.19426118 0.23266007 1.
 0.37140879 1.         0.29490831 0.27531292 0.32589125 1.        ]
556 21.1454660607513 [0.17584388 0.24292245 0.1952712  0.19446564 0.23245326 1.
 0.37165335 1.         0.29451029 0.27524461 0.32594059 1.        ]
557 26.98225897302536 [0.1756595  0.24295314 0.19537882 0.19463878 0.23232812 1.
 0.37217666 1.         0.29404194 0.27527963 0.32596806 1.        ]
558 22.137858034560608 [0.17545915 0.2428237  0.19535719 0.19479344 0.23231849 1.
 0.37236703 1.         0.29345529 0.27536139 0.32593746 1.        ]
559 22.556106214022122 [0.17527635 0.24280409 0.19532335 0.19505423 0.23229229 1.
 0.372752   1.         0.2930545  0.27544842 0.32590392 1.        ]
560 20.93065122789188 [0.17516175 0.24291929 0.1954016  0.19529215 0.23220546 1.
 0.37285315 1.         0.29247944 0.27546167 0.32602742 1.        ]
561 21.991605210789082 [0.17506961 0.24307245 0.19555428 0.19554142 0.23214005 1.
 0.37246737 1.         0.29178275 0.27523779 0.3261995  1.        ]
562 22.31095731561699 [0.17504993 0.24308422 0.19559835 0.19570821 0.23201258 1.
 0.37153891 1.         0.29115865 0.27494591 0.32629793 1.        ]
563 20.666746901735298 [0.17512437 0.24317355 0.19559679 0.19568844 0.23204661 1.
 0.3706997  1.         0.29049423 0.27447003 0.32630193 1.        ]
564 21.625634798261828 [0.1751737  0.24343828 0.19557922 0.19570293 0.2322666  1.
 0.3692255  1.         0.2898453  0.27413913 0.32630866 1.        ]
565 19.596999251259163 [0.17528698 0.2437403  0.1955407  0.19570967 0.23248925 1.
 0.3687935  1.         0.28938319 0.27374738 0.32609893 1.        ]
566 23.807051876987977 [0.17537815 0.24416433 0.19561616 0.19573296 0.2327536  1.
 0.36842659 1.         0.2889366  0.27340986 0.3258556  1.        ]
567 26.34028308247484 [0.1755483  0.24442418 0.19566639 0.19561991 0.23294488 1.
 0.36830607 1.         0.28834422 0.27304475 0.32565577 1.        ]
568 23.607750952747267 [0.17567716 0.2446514  0.19562285 0.19549171 0.23331085 1.
 0.36865276 1.         0.28787435 0.27273823 0.32542984 1.        ]
569 24.22046498804701 [0.17583436 0.24477235 0.19557909 0.19534865 0.2337073  1.
 0.36950002 1.         0.28730321 0.27260444 0.32523248 1.        ]
570 20.0088933412708 [0.17596046 0.2449519  0.19551008 0.19517931 0.23392188 1.
 0.36986956 1.         0.28672131 0.27259999 0.32522742 1.        ]
571 16.804041159076274 [0.17613517 0.24497987 0.19543936 0.1950082  0.23404206 1.
 0.37036667 1.         0.2862404  0.2726714  0.32537147 1.        ]
572 366.6803805266728 [0.17629797 0.24488295 0.19537566 0.19482893 0.23418831 1.
 0.37089494 1.         0.28586995 0.27265307 0.32556886 1.        ]
573 21.70434676810548 [0.17637645 0.24479672 0.19536458 0.19472335 0.23435784 1.
 0.3713689  1.         0.28550105 0.27271413 0.32586046 1.        ]
574 19.98098454003202 [0.17644431 0.2447251  0.19532954 0.19466963 0.23439726 1.
 0.37188558 1.         0.28496461 0.2726738  0.32609846 1.        ]
575 19.46877759024059 [0.17652931 0.24470472 0.19534334 0.19455005 0.23447858 1.
 0.37239887 1.         0.28450401 0.27274546 0.32647216 1.        ]
576 21.718639776841535 [0.17666995 0.24506342 0.19531444 0.19435232 0.23453943 1.
 0.37290775 1.         0.28409667 0.27295824 0.3268001  1.        ]
577 18.70572742109941 [0.17680279 0.24541656 0.19523045 0.19426027 0.23473559 1.
 0.37348543 1.         0.28382247 0.27323834 0.32691114 1.        ]
578 17.403530713902438 [0.17681041 0.24577973 0.19512785 0.19413451 0.23510497 1.
 0.37393414 1.         0.28345035 0.27335607 0.32692499 1.        ]
579 20.489101630635226 [0.17688615 0.24602385 0.19504888 0.19408239 0.23548329 1.
 0.37471695 1.         0.28323486 0.27346193 0.32697357 1.        ]
580 18.34387472174974 [0.17700268 0.24623921 0.19495599 0.19399572 0.23570854 1.
 0.37558746 1.         0.28306157 0.27335576 0.32712982 1.        ]
581 371.4539378506588 [0.17708403 0.24647341 0.19486226 0.19397405 0.23609495 1.
 0.37600779 1.         0.28302079 0.27326297 0.32721982 1.        ]
582 357.1344990470031 [0.17719082 0.24655166 0.19478836 0.19382815 0.23641422 1.
 0.37662677 1.         0.28314596 0.27317434 0.32716826 1.        ]
583 16.051009587410164 [0.17726484 0.24655879 0.19478863 0.19366019 0.23667626 1.
 0.37696746 1.         0.28332922 0.27306773 0.32704328 1.        ]
584 708.345552424898 [0.17727573 0.24654799 0.19471823 0.19358487 0.23685028 1.
 0.37801049 1.         0.28350766 0.27277578 0.32680621 1.        ]
585 22.104956745316287 [0.17722311 0.24635836 0.19474239 0.19358012 0.2370586  1.
 0.37880065 1.         0.28357576 0.27236745 0.32655169 1.        ]
586 374.36027222508955 [0.17714598 0.24637969 0.19472746 0.19361688 0.23695287 1.
 0.37948046 1.         0.28395768 0.2720247  0.3264081  1.        ]
587 711.2309633227642 [0.17707411 0.24645054 0.19477299 0.19365762 0.23660155 1.
 0.37995213 1.         0.28420284 0.27162971 0.32624269 1.        ]
588 369.71282934827013 [0.17703267 0.24667936 0.19485169 0.19368879 0.23643861 1.
 0.38044774 1.         0.28444455 0.27130057 0.32609943 1.        ]
589 22.33473432661608 [0.17712477 0.24707699 0.19499268 0.19371864 0.23617459 1.
 0.38096949 1.         0.28462133 0.27098716 0.32613151 1.        ]
590 24.486192249034147 [0.17713233 0.24733835 0.19521305 0.19384847 0.2357764  1.
 0.38147073 1.         0.28463555 0.27063226 0.32626054 1.        ]
591 719.0890137898797 [0.17717645 0.24767196 0.1954102  0.19380952 0.23532927 1.
 0.38212095 1.         0.28480715 0.27020662 0.32644139 1.        ]
592 24.26534868557964 [0.17725711 0.24802562 0.19562714 0.19379427 0.23492586 1.
 0.38254711 1.         0.28501321 0.26987139 0.32648354 1.        ]
593 17.030407105250283 [0.17736429 0.2484212  0.19576244 0.19379742 0.2344143  1.
 0.38348282 1.         0.28538925 0.2695776  0.32657868 1.        ]
594 18.61513115653893 [0.17749333 0.24881637 0.19597704 0.19385514 0.2339031  1.
 0.38400367 1.         0.28566525 0.26917198 0.32665117 1.        ]
595 27.17839242266127 [0.17761414 0.24897307 0.19604549 0.19381318 0.23334433 1.
 0.38458911 1.         0.2858663  0.26908959 0.32699734 1.        ]
596 22.134764766534857 [0.17769946 0.24922431 0.19612691 0.19381978 0.23265324 1.
 0.38456846 1.         0.28595579 0.26904543 0.32739775 1.        ]
597 20.068199611266387 [0.17779703 0.24929032 0.19614857 0.19376497 0.23214784 1.
 0.38501243 1.         0.28598643 0.26900328 0.32779158 1.        ]
598 23.070621206141155 [0.17791856 0.24934967 0.19632768 0.19365945 0.23178435 1.
 0.38559845 1.         0.28586563 0.2692297  0.32834416 1.        ]
599 19.420594723038988 [0.1780405  0.24955925 0.19652739 0.19365976 0.23157462 1.
 0.3859557  1.         0.28570893 0.26962209 0.32880185 1.        ]
600 20.9013469634694 [0.1781269  0.24977295 0.19673562 0.19355297 0.2314077  1.
 0.38666346 1.         0.28562982 0.26979696 0.32922346 1.        ]
601 369.8619663658548 [0.17828847 0.24983112 0.19706508 0.19342879 0.23123993 1.
 0.38744705 1.         0.28557287 0.26989485 0.32972584 1.        ]
602 17.04332109557439 [0.17837874 0.24975517 0.19734228 0.19338304 0.23102781 1.
 0.38777156 1.         0.28550805 0.27003758 0.33007824 1.        ]
603 16.97908909905446 [0.17836092 0.24978018 0.19746863 0.19334327 0.23083569 1.
 0.38799521 1.         0.28550974 0.27034456 0.33046676 1.        ]
604 25.20903878192813 [0.1783238  0.24994125 0.19757845 0.19333529 0.23065779 1.
 0.38792642 1.         0.28528683 0.27066488 0.33068303 1.        ]
605 718.4544236586333 [0.1782051  0.25005984 0.19764454 0.19327673 0.23060176 1.
 0.38810673 1.         0.28509249 0.27096255 0.33089907 1.        ]
606 15.357329854077094 [0.17803653 0.25019842 0.19761279 0.19322966 0.23053836 1.
 0.38897489 1.         0.28499416 0.27123033 0.33112176 1.        ]
607 16.518538219946276 [0.17777459 0.25047205 0.19750573 0.19313946 0.23050094 1.
 0.38973981 1.         0.28489806 0.27128543 0.3309287  1.        ]
608 13.7751367808759 [0.17754212 0.25082465 0.19750045 0.19293674 0.2304898  1.
 0.38882984 1.         0.28496626 0.27138067 0.33094936 1.        ]
609 20.12185741547681 [0.17732315 0.25122315 0.19757935 0.19273721 0.23022758 1.
 0.38799018 1.         0.28514161 0.27147565 0.33107208 1.        ]
610 17.781532795474288 [0.17712795 0.25175808 0.19765845 0.19254075 0.23006603 1.
 0.38737084 1.         0.28542219 0.27175881 0.3310753  1.        ]
611 17.91857866107845 [0.1770202  0.25221582 0.19789016 0.19240051 0.23006139 1.
 0.3868221  1.         0.28563518 0.27199589 0.33143344 1.        ]
612 364.4117544848571 [0.17694795 0.25272094 0.1980965  0.19228626 0.23018808 1.
 0.38643507 1.         0.28581403 0.27252992 0.33194618 1.        ]
613 21.446848415750914 [0.17685254 0.2534585  0.19819715 0.19227332 0.23024356 1.
 0.38611911 1.         0.28580267 0.27290126 0.3323688  1.        ]
614 369.6172889737624 [0.17684793 0.25409766 0.19839465 0.19227854 0.23029397 1.
 0.38605292 1.         0.28583071 0.27316384 0.33261251 1.        ]
615 361.100153385165 [0.17681694 0.25407436 0.19860258 0.19234166 0.23037368 1.
 0.38550102 1.         0.28588098 0.27327065 0.33269279 1.        ]
616 21.62785131295196 [0.17673722 0.25407661 0.19881855 0.19230145 0.230517   1.
 0.3845313  1.         0.28586894 0.2735268  0.33260616 1.        ]
617 15.79965820325225 [0.17660406 0.25397331 0.19897703 0.19213905 0.23063174 1.
 0.38377011 1.         0.28579046 0.27375409 0.33269494 1.        ]
618 368.4786295816446 [0.17653347 0.25384676 0.19908347 0.19205814 0.23081421 1.
 0.38315261 1.         0.28570398 0.27400464 0.33294576 1.        ]
619 17.015935178615294 [0.17649467 0.25371299 0.19909121 0.19199332 0.23099475 1.
 0.38208186 1.         0.28558781 0.27418819 0.33271554 1.        ]
620 19.37804249726878 [0.17648339 0.25347704 0.19915509 0.19196614 0.23119742 1.
 0.38141862 1.         0.28544915 0.27415956 0.33249254 1.        ]
621 18.548986747266326 [0.17649895 0.25331453 0.19916696 0.19200906 0.23124806 1.
 0.380605   1.         0.28528951 0.27410035 0.33224501 1.        ]
622 19.889956279250228 [0.17648604 0.25296693 0.19921192 0.19209663 0.23138103 1.
 0.38011099 1.         0.28530712 0.27403311 0.33167162 1.        ]
623 22.193984318311472 [0.17635944 0.25260351 0.1991409  0.19208097 0.231562   1.
 0.37973723 1.         0.2854685  0.27394641 0.33110931 1.        ]
624 17.865446309118568 [0.17620622 0.25244299 0.19905601 0.1920682  0.2314334  1.
 0.37894568 1.         0.28555199 0.2740225  0.33050049 1.        ]
625 18.346594603828656 [0.17597041 0.25204446 0.19906526 0.19208764 0.23121502 1.
 0.37817028 1.         0.28569422 0.27411186 0.32973822 1.        ]
626 17.623365318401596 [0.17566456 0.25155994 0.19913639 0.19206172 0.23098428 1.
 0.37784967 1.         0.28585768 0.27402987 0.3291722  1.        ]
627 21.70340056073706 [0.17541922 0.2510863  0.19916981 0.19208391 0.23081288 1.
 0.37748774 1.         0.28601168 0.2741103  0.32880964 1.        ]
628 17.42588565402991 [0.17513734 0.25070907 0.19907398 0.19204439 0.23015922 1.
 0.37686633 1.         0.28603873 0.2742252  0.32848454 1.        ]
629 16.434864421619807 [0.17486919 0.25054121 0.19902925 0.19195199 0.22956365 1.
 0.37649886 1.         0.28594679 0.27440722 0.32816054 1.        ]
630 21.82254461977376 [0.17460232 0.25051214 0.19900122 0.19184157 0.2289331  1.
 0.37589309 1.         0.28592093 0.27443791 0.32796041 1.        ]
631 16.91646520312443 [0.17431224 0.25052802 0.198922   0.19164885 0.22834954 1.
 0.37522157 1.         0.28590669 0.2745133  0.32772249 1.        ]
632 18.21500379807169 [0.17399955 0.25069397 0.1989439  0.19154246 0.22775037 1.
 0.37465593 1.         0.28579121 0.27447525 0.32755066 1.        ]
633 373.25182238604935 [0.17373668 0.25089444 0.19895404 0.19141162 0.22722952 1.
 0.37425049 1.         0.28559222 0.27449362 0.32741595 1.        ]
634 18.704451117288144 [0.17350561 0.25090076 0.1989617  0.191241   0.22681269 1.
 0.37418917 1.         0.28533495 0.27468381 0.32724244 1.        ]
635 28.498792211962105 [0.1733119  0.25090743 0.19901072 0.19096696 0.22635184 1.
 0.37372063 1.         0.28523712 0.27498087 0.32720341 1.        ]
636 20.610915464024917 [0.17315649 0.25097158 0.19888588 0.1906602  0.22601497 1.
 0.37348192 1.         0.28514517 0.27531177 0.32708553 1.        ]
637 21.23930378688027 [0.17304234 0.2511034  0.19878387 0.19038408 0.22575662 1.
 0.37324361 1.         0.28501352 0.27571083 0.32700715 1.        ]
638 15.294003718770243 [0.17286526 0.25111172 0.19880707 0.19001366 0.22564938 1.
 0.37278959 1.         0.28511191 0.27597774 0.32679948 1.        ]
639 375.2187898314743 [0.17275341 0.2510694  0.19879156 0.18986673 0.22545808 1.
 0.37279034 1.         0.28520032 0.27645224 0.32655409 1.        ]
640 17.047082596718308 [0.17257086 0.25110632 0.19877575 0.18980584 0.22533489 1.
 0.37296817 1.         0.28511124 0.27692725 0.32643196 1.        ]
641 23.631596137125307 [0.1723551  0.25128658 0.19880677 0.18982093 0.22513165 1.
 0.37321838 1.         0.28516284 0.27742128 0.32621936 1.        ]
642 22.188455065587352 [0.17211087 0.25139317 0.19882687 0.18980086 0.22486484 1.
 0.37370093 1.         0.28522073 0.27787991 0.3261755  1.        ]
643 358.7875886928494 [0.17186556 0.25121407 0.19877495 0.18984322 0.22447219 1.
 0.37413941 1.         0.28532043 0.27829457 0.32619813 1.        ]
644 26.8045776704437 [0.17172248 0.25110961 0.19864216 0.18997519 0.2242303  1.
 0.37494105 1.         0.28537618 0.27869213 0.32639976 1.        ]
645 359.5966807546328 [0.17158122 0.25114279 0.19852268 0.19023234 0.22394608 1.
 0.37581022 1.         0.28539955 0.27896186 0.32618082 1.        ]
646 23.115169039192963 [0.17150209 0.25102149 0.19839547 0.19045276 0.22376865 1.
 0.37658828 1.         0.28539371 0.27928798 0.32596964 1.        ]
647 23.223674547460362 [0.1715468  0.2513169  0.19827306 0.19058616 0.22362369 1.
 0.37695351 1.         0.28549147 0.27947692 0.32593783 1.        ]
