0 16590.760167720407 [0.30009375 0.30145753 0.29941187 0.30009376 0.29804809 0.30213939
 0.4581405  0.30213942 0.83922568 0.29804808 0.30145754 0.45745864
 0.46018619]
1 15642.497219151386 [0.3002542  0.3022679  0.29932685 0.30131599 0.29725243 0.30386679
 0.45809018 0.30165243 0.8381834  0.29726944 0.30286101 0.457238
 0.46176501]
2 14094.220744209688 [0.29891042 0.30212266 0.29936098 0.30177234 0.29844169 0.30485999
 0.45845701 0.30056278 0.83736659 0.2967436  0.30304189 0.4571398
 0.46441001]
3 12540.071721039381 [0.29780806 0.30174979 0.30028213 0.30048541 0.29907463 0.30544915
 0.45901081 0.29928659 0.83626718 0.29584499 0.30270707 0.45718379
 0.46635693]
4 13167.842913954919 [0.29683821 0.30116931 0.30053748 0.29962855 0.29969058 0.30608534
 0.45985187 0.29787063 0.8354351  0.29480074 0.30200033 0.45790737
 0.46798931]
5 14093.610705704908 [0.29639511 0.30123525 0.30058652 0.29833369 0.29967948 0.30621126
 0.46056661 0.29669573 0.83467924 0.29434403 0.30134819 0.45851518
 0.46886429]
6 12547.908661327901 [0.29606618 0.30145601 0.30051413 0.29701155 0.29996576 0.30676785
 0.46106139 0.29543605 0.83409318 0.29385938 0.3007023  0.45832447
 0.46922193]
7 14088.310897531275 [0.29563496 0.30166729 0.30030018 0.29670639 0.29956705 0.30711493
 0.46202304 0.29422982 0.83358206 0.29369704 0.30033121 0.45764797
 0.46909773]
8 13176.890410223597 [0.29542497 0.30232956 0.3000199  0.29657256 0.29879611 0.3075952
 0.46302301 0.29308945 0.83327221 0.29351769 0.30019666 0.45678479
 0.4689195 ]
9 12862.92641555877 [0.29504178 0.30293544 0.29938682 0.29680649 0.29822013 0.30790754
 0.4638705  0.29251866 0.83298536 0.29350296 0.29993153 0.45621272
 0.46904328]
10 13458.580719800499 [0.29485725 0.30371928 0.29897731 0.29674879 0.29787042 0.30816299
 0.46438004 0.29199952 0.83251586 0.2936088  0.29955394 0.45572305
 0.46904347]
11 12850.99588869715 [0.29444209 0.30380965 0.29874838 0.29671536 0.29776696 0.30858227
 0.46483042 0.29150165 0.83211662 0.29359554 0.29880974 0.45525196
 0.46940649]
12 11943.079138936198 [0.29418224 0.30383446 0.2986141  0.29658801 0.29743503 0.30887707
 0.46534119 0.29096476 0.83176113 0.29354501 0.29845981 0.45476157
 0.46962763]
13 11609.93251338384 [0.29369253 0.3036622  0.2985043  0.29628889 0.29715302 0.30927747
 0.46591408 0.29063052 0.83149908 0.29355934 0.29842257 0.45434845
 0.47018023]
14 11276.870589773243 [0.29318283 0.3032237  0.29834049 0.29602608 0.29693766 0.3099188
 0.46614648 0.29014438 0.83135289 0.29350499 0.2984601  0.45410426
 0.47050394]
15 10366.183049524541 [0.29236624 0.30283458 0.2980603  0.2958674  0.29679966 0.31032545
 0.46653927 0.28949849 0.8312711  0.29330139 0.29877687 0.45381119
 0.47089291]
16 10663.407797065054 [0.29142506 0.30239768 0.29797112 0.29585055 0.29673664 0.31093545
 0.46667748 0.28895927 0.8312105  0.29281539 0.2993121  0.45354695
 0.47096109]
17 11299.341455690803 [0.29061454 0.3026174  0.29820371 0.29596688 0.29673636 0.31097814
 0.46662444 0.28854914 0.83115674 0.29261087 0.2999035  0.45344076
 0.47118728]
18 11266.064079727614 [0.28992045 0.30287607 0.29868206 0.29613609 0.29652185 0.31104962
 0.46607154 0.28781237 0.83117204 0.2922284  0.30075318 0.4531085
 0.4714835 ]
19 10044.652874797363 [0.28922774 0.30278217 0.29916396 0.2962595  0.29609119 0.31149382
 0.46572982 0.28701268 0.83112228 0.29206121 0.30155985 0.45281081
 0.47179111]
20 11588.121363138638 [0.28863296 0.30229896 0.29944131 0.29662191 0.29575654 0.31195024
 0.46530296 0.28621388 0.83109779 0.29215891 0.30243907 0.45252605
 0.47184711]
21 11293.254509654642 [0.28793604 0.30223083 0.29970444 0.29675102 0.29538771 0.31216398
 0.4650634  0.2859324  0.83103788 0.2919998  0.30317001 0.45231089
 0.47192041]
22 10298.748897423206 [0.28707997 0.30228727 0.29988715 0.29674843 0.29508615 0.31247672
 0.46492077 0.28582604 0.83089537 0.29195915 0.30379957 0.45232112
 0.47193124]
23 11245.807747558953 [0.28632343 0.30229423 0.3001805  0.29668177 0.29482845 0.31269097
 0.46508729 0.28572231 0.83075395 0.29204141 0.30438764 0.45223759
 0.47157142]
24 11274.608104573912 [0.28549422 0.30236675 0.30001107 0.29612469 0.29498172 0.31304456
 0.46526469 0.28534849 0.83061359 0.29218876 0.3048141  0.45199197
 0.47129087]
25 10599.203416968041 [0.28451323 0.30238402 0.29951167 0.29562597 0.29502305 0.3131813
 0.46550669 0.28507897 0.83041959 0.29237936 0.30507235 0.45192615
 0.47100338]
26 10314.414053352548 [0.28348761 0.30222769 0.29890385 0.29528941 0.2950639  0.31344828
 0.46554416 0.28501057 0.83009626 0.29281096 0.30488897 0.45170085
 0.47068996]
27 9962.911581834927 [0.28247509 0.30161691 0.29861191 0.29480843 0.29501562 0.31383543
 0.46524563 0.28493893 0.8298303  0.29320769 0.30483492 0.45134716
 0.47045251]
28 10606.525848622541 [0.28188841 0.30096867 0.29840586 0.29442684 0.29523329 0.31401523
 0.46505391 0.28463811 0.82942539 0.29360592 0.30484504 0.45092003
 0.47032133]
29 10592.375105362808 [0.28133927 0.30033836 0.29818509 0.29420016 0.29543466 0.31433154
 0.46499714 0.28463629 0.8290038  0.29393216 0.30466949 0.45059896
 0.47007532]
30 9989.437887867738 [0.28066061 0.29971462 0.29807473 0.2941562  0.2953435  0.31475028
 0.46515032 0.28492965 0.82867976 0.29425099 0.30439654 0.45025611
 0.46993716]
31 10557.479856125745 [0.28005233 0.29921597 0.29818856 0.29409836 0.29514373 0.31525616
 0.46530572 0.28531897 0.82839144 0.29456568 0.30402097 0.44998481
 0.46987697]
32 10539.304017092625 [0.27961134 0.29885353 0.29791294 0.29371061 0.29476223 0.31545604
 0.46557616 0.28571339 0.82808738 0.2949317  0.30351282 0.44984102
 0.46989387]
33 9937.349879687361 [0.27931438 0.29850962 0.29786365 0.29324631 0.294226   0.3157481
 0.46551068 0.28623733 0.82778914 0.29522626 0.30294782 0.44991405
 0.46979404]
34 9893.574931041449 [0.2791375  0.29795496 0.29773279 0.2927568  0.29375949 0.31612376
 0.46558166 0.28675113 0.82758236 0.29522527 0.30281996 0.44981343
 0.46981941]
35 9935.275386276804 [0.27885763 0.29734896 0.29737174 0.2920687  0.29306135 0.31638378
 0.46545892 0.28710251 0.82738907 0.29540834 0.30261259 0.44970732
 0.46997735]
36 9834.788236763441 [0.27855659 0.29697796 0.29693679 0.29135286 0.2926028  0.31678936
 0.46516566 0.28720495 0.82725521 0.29554871 0.3025707  0.44948517
 0.47016379]
37 10239.034193768173 [0.27866845 0.29671289 0.2962897  0.29071522 0.29203701 0.3174288
 0.46486519 0.28728404 0.82715359 0.29584761 0.30243686 0.44946541
 0.47038685]
38 10182.01951658053 [0.27864459 0.29641633 0.29571974 0.28990853 0.29169952 0.31806793
 0.4645101  0.28714022 0.82714673 0.29616694 0.30233922 0.44941696
 0.47069007]
39 10504.169756329758 [0.27870243 0.29628218 0.29532667 0.28891114 0.29150734 0.31878419
 0.46408262 0.28722802 0.82724216 0.29648022 0.30221904 0.44926697
 0.47100887]
40 9880.034795858312 [0.27869663 0.29647488 0.2954421  0.2879233  0.2914165  0.31944397
 0.46363785 0.28738122 0.827322   0.29658663 0.30232806 0.44952164
 0.47135273]
41 9592.206973066734 [0.27825747 0.29664832 0.29550126 0.2869875  0.2911633  0.3201935
 0.46316796 0.28772792 0.82744679 0.29648301 0.30253102 0.44982466
 0.47133453]
42 9556.224808622614 [0.27777329 0.29659989 0.29582529 0.28626151 0.29121233 0.32066257
 0.46265723 0.28792916 0.82746309 0.29646772 0.30232797 0.4500331
 0.47111077]
43 9909.704916042 [0.27704758 0.29684766 0.29627797 0.28540183 0.2911675  0.32096321
 0.46215644 0.2879629  0.82747814 0.29638452 0.30205767 0.45025712
 0.47067671]
44 10430.773889557744 [0.27625486 0.29738407 0.29667104 0.28469826 0.29094215 0.32124108
 0.46169727 0.28790103 0.82758458 0.29640038 0.30188217 0.45039943
 0.4702224 ]
45 9780.655070445287 [0.27536394 0.2978753  0.2968725  0.28423036 0.29067073 0.32130535
 0.4612256  0.28776171 0.82771648 0.29623001 0.3016974  0.45068557
 0.46966534]
46 9528.277935457429 [0.27452445 0.29825175 0.2968003  0.28387612 0.29051112 0.32135824
 0.46075721 0.28750741 0.82777261 0.29580129 0.30167772 0.45107648
 0.4691906 ]
47 9456.30421360126 [0.2741267  0.29872086 0.29649537 0.28404853 0.29046372 0.32120032
 0.46014676 0.2872317  0.82777463 0.29542563 0.30164346 0.45139938
 0.46880406]
48 8937.88573484142 [0.27376429 0.2990752  0.29623388 0.284099   0.29035328 0.32097425
 0.45969703 0.28696982 0.8278421  0.29514459 0.30149441 0.45166478
 0.46839799]
49 9216.054705214814 [0.27349295 0.29943191 0.29583182 0.28400433 0.29033109 0.32069931
 0.45940262 0.28652804 0.82789956 0.29485705 0.30179151 0.45181831
 0.46811444]
50 8629.965805638927 [0.27339286 0.299893   0.29570169 0.28392599 0.29027464 0.32054169
 0.45927461 0.28601623 0.82794685 0.29471425 0.30217398 0.45181734
 0.46791751]
51 9488.404815737642 [0.27334137 0.30033633 0.2956583  0.28389999 0.29042744 0.32033113
 0.45927262 0.28582146 0.82806197 0.29448388 0.30240245 0.45163289
 0.46775674]
52 9490.339151510434 [0.27338225 0.30084588 0.29557736 0.28389537 0.29068925 0.32028921
 0.4590425  0.28571511 0.82816852 0.29424623 0.30258151 0.45178345
 0.46727867]
53 9207.744478922257 [0.27316045 0.30121861 0.29541357 0.28361977 0.29099543 0.32044525
 0.45888185 0.28546525 0.82824722 0.29373527 0.30266631 0.45191652
 0.46691597]
54 8882.157907365367 [0.27271914 0.3012873  0.29509071 0.28318988 0.29102065 0.32037229
 0.45853054 0.2852879  0.82833194 0.29315676 0.30257543 0.45190601
 0.4668543 ]
55 8413.919995703523 [0.27222735 0.30131439 0.2947365  0.28284563 0.29119473 0.32009299
 0.45833742 0.28522227 0.82845923 0.29227707 0.30243207 0.45189046
 0.46658461]
56 8389.891022431837 [0.27186824 0.30118491 0.29455549 0.28253188 0.2913082  0.32008401
 0.45817276 0.28493067 0.82868359 0.29150407 0.30236739 0.45177948
 0.46629676]
57 8712.876271103629 [0.27150437 0.30113102 0.2943382  0.28232283 0.29145046 0.32025532
 0.4579876  0.28457252 0.82884174 0.29105606 0.30215484 0.45163547
 0.46603629]
58 9141.857135414975 [0.27136121 0.30099534 0.29395193 0.2822411  0.29150946 0.32001353
 0.4577114  0.28390843 0.82890981 0.29076895 0.30202334 0.45124165
 0.46573601]
59 8248.26647856593 [0.27105703 0.30099213 0.29344215 0.28218164 0.29128902 0.31963592
 0.45739    0.28337044 0.82892904 0.29047452 0.3018726  0.45107753
 0.46566163]
60 7657.4983603565415 [0.27095879 0.30106433 0.29297876 0.28204822 0.29107259 0.31929811
 0.45707594 0.28268951 0.82900172 0.29022187 0.30162516 0.45128841
 0.46569152]
61 7458.140518997387 [0.27093914 0.30112309 0.2921751  0.28189565 0.29076521 0.31892586
 0.45663634 0.28226051 0.82914122 0.2899968  0.30129672 0.45137726
 0.4658175 ]
62 7169.0585445128445 [0.27096977 0.30118976 0.29148521 0.28185211 0.2903221  0.31847904
 0.45610324 0.2817254  0.8292456  0.2898079  0.30098386 0.45132343
 0.46574075]
63 6913.47242524047 [0.27095805 0.30118486 0.29129876 0.28183837 0.28997169 0.3178396
 0.45527167 0.28099063 0.82936545 0.28954598 0.30091836 0.45128905
 0.46552866]
64 6866.364848757235 [0.27118423 0.30134008 0.29112677 0.281778   0.28954786 0.31693185
 0.45467184 0.28037687 0.82939506 0.28969632 0.30090494 0.45125019
 0.46534224]
65 6289.5649352143955 [0.27146608 0.30171082 0.29076824 0.28154406 0.28897746 0.31605728
 0.45418679 0.27995196 0.82944071 0.2896285  0.30078339 0.45124885
 0.46506295]
66 7188.04469656957 [0.27186512 0.30214746 0.29023507 0.28130715 0.28841122 0.31530357
 0.45363084 0.27951163 0.82949459 0.28967457 0.30060623 0.45121411
 0.46481389]
67 7219.615868238384 [0.27238483 0.30266243 0.28970149 0.28096505 0.28776419 0.31467042
 0.45308365 0.27906799 0.82938952 0.28972773 0.30017961 0.45107999
 0.46447532]
68 5815.284379638417 [0.27299298 0.30301491 0.28917838 0.28055054 0.28721388 0.31421577
 0.45263799 0.27847145 0.82927274 0.28988023 0.2999621  0.45077031
 0.46421914]
69 7448.181322552311 [0.27343919 0.30320504 0.28865143 0.280388   0.28682286 0.31369643
 0.4523928  0.27798287 0.82907677 0.28998291 0.29968849 0.45074895
 0.46408826]
70 6005.76839955047 [0.27374557 0.30363825 0.28804719 0.28017952 0.28653614 0.3131505
 0.45216409 0.27732137 0.82894086 0.29007198 0.29944593 0.45055531
 0.46420048]
71 6035.807084821334 [0.27383219 0.30391853 0.28734433 0.27985106 0.28612458 0.31238955
 0.45184189 0.27678539 0.8287403  0.29033781 0.29929517 0.45042369
 0.46416839]
72 7893.854447165471 [0.27415277 0.30425083 0.28679732 0.2796271  0.28567386 0.31177392
 0.45155472 0.27614692 0.82854315 0.29093538 0.2991091  0.45034765
 0.46395408]
73 6836.261497838578 [0.27444342 0.30465994 0.28630874 0.27933667 0.28531637 0.31128908
 0.45127466 0.27547515 0.82852086 0.29144058 0.29885961 0.45033494
 0.46376878]
74 6007.892791518205 [0.27494911 0.30517263 0.28573381 0.27919825 0.28483224 0.31036261
 0.4511124  0.27486282 0.82851411 0.29181421 0.29863351 0.45033165
 0.46352999]
75 4893.681153808025 [0.27521878 0.30576032 0.28539651 0.27893009 0.28417692 0.30936571
 0.45095131 0.27435637 0.82845927 0.29227222 0.29829582 0.45029082
 0.46340285]
76 6493.694877947557 [0.27546379 0.30615773 0.28491063 0.27858389 0.28332408 0.30838465
 0.45078845 0.27398758 0.8283557  0.29262587 0.29785097 0.45036967
 0.46321535]
77 5694.552041976615 [0.2757017  0.30643774 0.28428439 0.27826591 0.2824058  0.30744221
 0.45074221 0.27350796 0.82843803 0.2929403  0.29762617 0.45046967
 0.46296931]
78 5743.177635902726 [0.27591161 0.30674786 0.28360147 0.27798665 0.28164043 0.30654514
 0.45069434 0.27309905 0.82848387 0.29311866 0.29758018 0.45048576
 0.46264711]
79 5281.943250864037 [0.27631405 0.30713551 0.28275925 0.27769306 0.28109639 0.30571155
 0.45052206 0.27252942 0.82847689 0.29322425 0.2976236  0.45042214
 0.46229326]
80 4406.70732356839 [0.27664289 0.30759698 0.28180073 0.27728758 0.28053897 0.30504693
 0.45047512 0.27210018 0.82847716 0.29332393 0.29792768 0.45018397
 0.46178016]
81 5977.988229992941 [0.27679143 0.30814626 0.28082847 0.27706892 0.28005653 0.30458441
 0.45044605 0.27157139 0.82847499 0.29358094 0.29827197 0.45006148
 0.46125138]
82 4759.143424106498 [0.27694066 0.30847414 0.28006951 0.27673731 0.27951564 0.30423398
 0.45050852 0.27071383 0.82841601 0.29359841 0.29850267 0.44983786
 0.4610254 ]
83 4127.065721563475 [0.27717124 0.30870494 0.2794721  0.2764829  0.27892266 0.30403062
 0.45055761 0.26995178 0.82838625 0.29345209 0.29884499 0.44962467
 0.46070862]
84 4119.822174213226 [0.27704643 0.30874397 0.27871567 0.27638083 0.27840093 0.30390139
 0.45073306 0.26932194 0.82828399 0.293361   0.29892139 0.44941829
 0.46027778]
85 4669.834860758937 [0.27685104 0.30886105 0.27830391 0.27627067 0.27804975 0.30367856
 0.45111965 0.26864257 0.82804241 0.29328342 0.298905   0.44909785
 0.45965186]
86 3232.5894626238073 [0.27679957 0.30893171 0.27802608 0.27634735 0.27782953 0.30363621
 0.45163289 0.26799841 0.82782787 0.29322323 0.29901055 0.44874216
 0.45909823]
87 3030.403730753492 [0.27696526 0.30934803 0.27769476 0.27641247 0.2776127  0.30345583
 0.45189902 0.26733078 0.8276742  0.29317588 0.29923601 0.44837806
 0.45883587]
88 4399.012560967323 [0.27713941 0.3095983  0.27744281 0.27628336 0.27765153 0.30338846
 0.45183569 0.26705329 0.82757909 0.29291054 0.29933513 0.44813123
 0.45877291]
89 4884.29281781469 [0.27743093 0.30983977 0.27738343 0.275861   0.27757141 0.30358165
 0.45153359 0.2667364  0.82748957 0.29257052 0.29947615 0.44806218
 0.45873509]
90 3317.7139359011903 [0.27784118 0.31013669 0.27729675 0.27563304 0.27766165 0.30387867
 0.45136676 0.26646318 0.82747431 0.29218819 0.29988802 0.44811676
 0.45877084]
91 3071.603159575615 [0.27803212 0.31054845 0.27693501 0.27522117 0.2778471  0.30422288
 0.45144458 0.26635533 0.827489   0.29210403 0.30014998 0.44799585
 0.45863896]
92 3264.3877299362302 [0.27814649 0.31069389 0.27670763 0.27477521 0.27826331 0.30445409
 0.45132154 0.26635206 0.8275553  0.29184651 0.3003134  0.44805555
 0.45861778]
93 3862.922952163566 [0.27816822 0.31089744 0.27637954 0.27432841 0.27862318 0.3048136
 0.45132167 0.26634187 0.82766375 0.29163838 0.30033974 0.44825934
 0.45871937]
94 3525.3797137896154 [0.27803336 0.31106554 0.27607348 0.27383764 0.27881762 0.30506563
 0.45160279 0.26640532 0.82775592 0.2911721  0.30028823 0.44882634
 0.45889016]
95 4090.8031676740484 [0.27799908 0.31110348 0.27571683 0.27336272 0.27882444 0.30522762
 0.45192522 0.26637603 0.82782441 0.29060971 0.30035871 0.44932046
 0.45899412]
96 3059.456423257938 [0.27804551 0.3112869  0.27521895 0.27278757 0.27868968 0.30530502
 0.45227072 0.2660516  0.82783807 0.28995591 0.30034805 0.44967042
 0.45885842]
97 3770.1341037208485 [0.27824901 0.31171717 0.27449129 0.27214826 0.27832838 0.30535439
 0.45259388 0.26559538 0.82793671 0.28916217 0.30054696 0.44981691
 0.45880323]
98 4037.2727667008226 [0.27859608 0.31187347 0.2738878  0.27180019 0.27790709 0.30541944
 0.45289183 0.26479027 0.82804201 0.28851571 0.3005992  0.45000811
 0.45885819]
99 3053.33619516432 [0.27899571 0.31220646 0.27371073 0.27150321 0.27771774 0.30544805
 0.45310584 0.26394372 0.82815762 0.2880707  0.30055567 0.45018705
 0.45886729]
100 2980.73826641403 [0.27902595 0.31245843 0.2736149  0.2709295  0.27743821 0.30549095
 0.45331755 0.26315965 0.82830275 0.2878494  0.30045835 0.45049957
 0.458859  ]
101 2202.9211517224685 [0.27905614 0.31239347 0.2735814  0.27039291 0.27695094 0.30526215
 0.45339899 0.26240571 0.82841603 0.28754081 0.30034374 0.45082074
 0.45898066]
102 3027.4572532452476 [0.27893513 0.312378   0.27340735 0.27000633 0.27656093 0.30517718
 0.45342408 0.26199121 0.82850069 0.28723825 0.29999472 0.451096
 0.45916608]
103 2723.5139015799414 [0.27890087 0.31249092 0.27326552 0.2696004  0.27608454 0.30495123
 0.45352438 0.26156501 0.82859814 0.28689301 0.29940587 0.45146016
 0.45913672]
104 2614.900434231166 [0.27870368 0.31252854 0.27304011 0.26926692 0.27571251 0.30433677
 0.45372717 0.26151857 0.82869981 0.28660216 0.29900289 0.45168026
 0.45904851]
105 4015.21204775532 [0.27855937 0.31285098 0.27281196 0.26906706 0.27534627 0.30374566
 0.45373118 0.26151407 0.82881358 0.28637322 0.29884031 0.45196087
 0.45888255]
106 2740.7662327752473 [0.27856062 0.31309371 0.27289236 0.26902456 0.27520268 0.30341411
 0.45340104 0.26159951 0.82886244 0.28615531 0.29861573 0.45206721
 0.45897304]
107 2665.5742721079096 [0.27873475 0.31315315 0.27275525 0.26922417 0.27485672 0.30301489
 0.45319242 0.26183503 0.82878445 0.28602072 0.29860044 0.45220947
 0.45909631]
108 1575.5728571514378 [0.27898    0.31301493 0.27291519 0.2692037  0.27457643 0.30265097
 0.45301907 0.26213146 0.82881268 0.28568496 0.2984936  0.45273742
 0.45939957]
109 2843.6296360090496 [0.2790241  0.31290866 0.27307805 0.26912991 0.27412766 0.30220221
 0.45298346 0.26251037 0.82886091 0.28516652 0.29849431 0.45323588
 0.45966848]
110 2064.620074906953 [0.27905497 0.3128127  0.27320416 0.26910509 0.27371202 0.3017076
 0.45290591 0.26292438 0.8289205  0.28468808 0.29837037 0.45358939
 0.46002434]
111 1797.4292803020599 [0.27928178 0.3126137  0.27332684 0.26907627 0.27328006 0.30118062
 0.45282602 0.26337412 0.82890438 0.28419861 0.29816237 0.45391081
 0.46036775]
112 2388.0698270702514 [0.2794375  0.31251772 0.27367601 0.2689289  0.27270545 0.3007495
 0.45266618 0.26383432 0.82891061 0.28368254 0.29784626 0.45418418
 0.46068725]
113 2615.192005257605 [0.27950517 0.31257999 0.2740335  0.26879929 0.27214108 0.30054586
 0.45273359 0.26429067 0.82885382 0.28315798 0.29755182 0.45450783
 0.46091576]
114 3164.3448869921026 [0.27961765 0.31275173 0.27420912 0.26880009 0.2715349  0.30041664
 0.45282426 0.26454185 0.82870877 0.28245452 0.2974731  0.45456069
 0.46116232]
115 1639.8282077286583 [0.27981783 0.31303732 0.27438235 0.26869847 0.271089   0.30030482
 0.45291864 0.26478405 0.8285869  0.28178013 0.29735505 0.45460194
 0.46141178]
116 1287.0543920402665 [0.27998451 0.31320882 0.27470367 0.26826544 0.27046802 0.30004037
 0.45323562 0.26513161 0.82836722 0.28117443 0.29744976 0.45433409
 0.46164654]
117 2563.4387975953373 [0.28002936 0.31326461 0.27486568 0.26789709 0.27013188 0.29963915
 0.45316595 0.26540498 0.82817221 0.2806405  0.29749228 0.45384814
 0.46204703]
118 2316.876438801619 [0.28018303 0.31331691 0.27494188 0.26760364 0.26980073 0.29906723
 0.45306749 0.26565024 0.82802924 0.28024448 0.29719838 0.453331
 0.46252284]
119 2630.44724232387 [0.28060063 0.3134297  0.27516696 0.26719379 0.26961591 0.2985397
 0.45280731 0.26598762 0.82795943 0.28008391 0.29707175 0.45288014
 0.46305701]
120 1752.9856865308402 [0.28089994 0.3136094  0.27534209 0.26681338 0.26942066 0.29817541
 0.45237903 0.26634746 0.82791308 0.28008848 0.29695854 0.45237149
 0.46353862]
121 2014.9907230358763 [0.28125795 0.31383906 0.27558534 0.26655265 0.26943678 0.29811282
 0.45203812 0.26661513 0.82791213 0.28016874 0.29712553 0.45193531
 0.46400027]
122 2000.7119128903446 [0.28139128 0.31421432 0.27540477 0.26609472 0.26924459 0.29809314
 0.45176439 0.26696682 0.82798018 0.28011642 0.29740451 0.45169079
 0.46436792]
123 1470.2780316236463 [0.28174127 0.31458028 0.27536604 0.26572261 0.2690573  0.29822174
 0.45143361 0.26738864 0.82806631 0.2801813  0.29750405 0.45145036
 0.46462159]
124 1978.0386802273115 [0.28206265 0.31501498 0.27516365 0.26539201 0.26897237 0.29836139
 0.45072961 0.26775485 0.82821939 0.28001067 0.29771356 0.45134851
 0.46476522]
125 1752.0263720677617 [0.2822289  0.31561866 0.27508439 0.26511    0.26874138 0.29866524
 0.4501235  0.26806734 0.82841867 0.27989386 0.29775393 0.45137408
 0.46476993]
126 1506.2496942622492 [0.28236905 0.31616297 0.27504543 0.26486489 0.26847851 0.29895072
 0.44955674 0.26844614 0.82857298 0.27957313 0.29769383 0.45132079
 0.4648013 ]
127 1251.6443497680598 [0.28258145 0.31655078 0.2749286  0.26472904 0.26831517 0.29913532
 0.44899461 0.26874222 0.82880434 0.27931358 0.29753875 0.45124351
 0.4647028 ]
128 1839.138665182995 [0.28260152 0.31710027 0.27471732 0.26459899 0.26825815 0.29940235
 0.44849965 0.26895943 0.82904719 0.27921485 0.29754981 0.45119099
 0.46471261]
129 2011.331946835036 [0.28261566 0.31737638 0.27445318 0.26435538 0.26813729 0.29951855
 0.4481191  0.26908732 0.82929818 0.27888279 0.29760097 0.45114769
 0.4648587 ]
130 2877.6418533297083 [0.28272049 0.31766566 0.27418276 0.26414151 0.26784895 0.29958765
 0.44766981 0.26908663 0.82953636 0.27843526 0.29766476 0.45134495
 0.46504964]
131 894.3887257270433 [0.2827356  0.31813912 0.27440017 0.26380671 0.26757837 0.2996881
 0.44731134 0.26910051 0.82988703 0.2780242  0.29762343 0.45159744
 0.46517761]
132 1747.623291200176 [0.28270236 0.31860653 0.27467698 0.26346992 0.26729661 0.29975034
 0.44707748 0.26929529 0.83030802 0.27736307 0.2973436  0.45184347
 0.46519489]
133 2056.8114478068264 [0.28266009 0.3190027  0.2749577  0.26290157 0.26692408 0.29977541
 0.44703172 0.26957992 0.830811   0.27692843 0.29697134 0.45219485
 0.46504248]
