0 2622.5856753267003 [0.29821856 0.29915616 0.30478174 0.30103135 0.30290655 0.30009375
 0.30103135 1.         1.         0.30103135 0.29915616 1.        ]
1 2621.131191355097 [0.29729989 0.29923237 0.30528738 0.3006982  0.30445591 0.30259586
 0.30160986 1.         1.         0.30189736 0.29902848 1.        ]
2 1932.6564762296875 [0.29656191 0.29875369 0.30525527 0.3003297  0.30538464 0.3041438
 0.3014171  1.         1.         0.3023985  0.29910351 1.        ]
3 1271.6517228380342 [0.29570895 0.29886627 0.30604973 0.30034339 0.30685534 0.30494449
 0.30089027 1.         1.         0.30395287 0.29963584 1.        ]
4 2978.0688174483985 [0.29518513 0.2983342  0.30637099 0.30052813 0.30758024 0.30493088
 0.30113334 1.         1.         0.30570454 0.30022907 1.        ]
5 2317.1504149904413 [0.29506242 0.29833653 0.30628189 0.30096961 0.30778392 0.30533714
 0.30108183 1.         1.         0.30749901 0.30003836 1.        ]
6 4369.770267099186 [0.29481054 0.29819958 0.30624217 0.30146672 0.30801704 0.30528918
 0.30140011 1.         1.         0.30914102 0.29965349 1.        ]
7 3122.2975777593183 [0.2940076  0.29827751 0.30596346 0.30150537 0.3084028  0.30515504
 0.30189398 1.         1.         0.31045342 0.29981292 1.        ]
8 3411.838942741333 [0.29355349 0.29831331 0.30607949 0.30147288 0.30840681 0.3057915
 0.30182506 1.         1.         0.31169784 0.30004558 1.        ]
9 2707.456295131133 [0.29330437 0.29862832 0.30636884 0.30177884 0.30842262 0.30592668
 0.30189731 1.         1.         0.3130618  0.30038921 1.        ]
10 2719.3518946006407 [0.29342399 0.29871098 0.30679491 0.30200085 0.3084087  0.30574038
 0.30226377 1.         1.         0.31448402 0.30036759 1.        ]
11 2012.804345884164 [0.29376215 0.29897292 0.30729492 0.30221765 0.30832593 0.30501711
 0.30239986 1.         1.         0.31515371 0.30064139 1.        ]
12 4069.291079232575 [0.29405014 0.29915811 0.30747264 0.30237423 0.30827416 0.30463483
 0.302371   1.         1.         0.31559683 0.30092434 1.        ]
13 2358.1303597661536 [0.29463655 0.29824019 0.30741597 0.30301638 0.3082732  0.30458939
 0.30238728 1.         1.         0.31588804 0.30109263 1.        ]
14 3044.738841497221 [0.29522586 0.29762699 0.30756684 0.30389733 0.30811842 0.30424162
 0.30242954 1.         1.         0.31646695 0.30160999 1.        ]
15 3056.3393393027263 [0.29562402 0.29704492 0.30766782 0.30446958 0.30809033 0.30385298
 0.30275591 1.         1.         0.31721255 0.30157824 1.        ]
16 4093.18663797894 [0.29574632 0.29607315 0.30818132 0.30442291 0.30789253 0.3036294
 0.30275281 1.         1.         0.31773368 0.30163751 1.        ]
17 3047.327699193558 [0.29574614 0.29514891 0.30888663 0.30416148 0.30787296 0.30368631
 0.3026191  1.         1.         0.31757243 0.30192273 1.        ]
18 2384.4451386741957 [0.2956865  0.29394747 0.30959744 0.30372568 0.30799585 0.3036911
 0.30280247 1.         1.         0.31775031 0.30187001 1.        ]
19 1771.3955613516835 [0.29585438 0.29260217 0.31012024 0.30331776 0.30840481 0.30335083
 0.30333926 1.         1.         0.31796899 0.30197081 1.        ]
20 2376.9617753181515 [0.29585106 0.29139564 0.3107648  0.30275496 0.30820666 0.30314123
 0.30382322 1.         1.         0.31727461 0.30243217 1.        ]
21 1781.9155506950701 [0.29561735 0.29023277 0.31114127 0.30231883 0.30808882 0.30316315
 0.30421392 1.         1.         0.31669005 0.30295243 1.        ]
22 2058.7968586544926 [0.2956473  0.28922092 0.31176806 0.30186235 0.30769258 0.30377574
 0.30460763 1.         1.         0.31587543 0.30357599 1.        ]
23 2345.3142799683883 [0.29524097 0.28826253 0.31228877 0.30102342 0.30695514 0.30433111
 0.30477302 1.         1.         0.31520371 0.30456846 1.        ]
24 685.6070643852602 [0.29486727 0.28761379 0.31244947 0.30018178 0.30598287 0.30475819
 0.30476061 1.         1.         0.3147299  0.30575184 1.        ]
25 985.3124796123809 [0.29471602 0.28740597 0.3125627  0.29906934 0.30484922 0.30517442
 0.30462707 1.         1.         0.3143596  0.30707238 1.        ]
26 983.9916691547921 [0.29457959 0.2871107  0.31263057 0.29795442 0.30379211 0.30544338
 0.30442245 1.         1.         0.31405264 0.3082279  1.        ]
27 1648.9441921077248 [0.29458545 0.28701854 0.31251332 0.29708869 0.30273739 0.30555661
 0.30447066 1.         1.         0.3140111  0.30924922 1.        ]
28 1336.48861198136 [0.29494652 0.28671939 0.31281047 0.29678646 0.30164971 0.30575501
 0.30410208 1.         1.         0.31395639 0.31039899 1.        ]
29 1961.2017913216491 [0.29536361 0.28621058 0.31289811 0.29655254 0.30074148 0.30568133
 0.30348768 1.         1.         0.31351884 0.31156239 1.        ]
30 2381.8926727506364 [0.29572442 0.28593404 0.31323748 0.29643192 0.29990749 0.30561703
 0.30276055 1.         1.         0.31329226 0.31270323 1.        ]
31 2287.3498870742237 [0.2958668  0.28582211 0.31354208 0.29613298 0.29919886 0.30546675
 0.30224527 1.         1.         0.31330678 0.31402263 1.        ]
32 1990.7133134449443 [0.29603261 0.28564132 0.31383674 0.29569568 0.29848457 0.30515164
 0.30193015 1.         1.         0.31330145 0.31529804 1.        ]
33 1326.4548175185696 [0.29622749 0.28516068 0.31424578 0.29536731 0.29798489 0.30501103
 0.30152197 1.         1.         0.31303503 0.31620774 1.        ]
34 1684.1331207292155 [0.29651344 0.28446146 0.31466979 0.29514975 0.29760342 0.30494623
 0.30143046 1.         1.         0.31253947 0.31661962 1.        ]
35 1998.0908517534544 [0.29674227 0.28393889 0.31470272 0.29507747 0.29750809 0.30477673
 0.30124292 1.         1.         0.31212674 0.31709451 1.        ]
36 2310.7403388659495 [0.29684089 0.28361652 0.31463843 0.29487663 0.29735082 0.30455651
 0.30112743 1.         1.         0.31155863 0.31760811 1.        ]
37 1632.9903812242933 [0.29687571 0.28352268 0.31447002 0.29489103 0.29723556 0.30446368
 0.30114606 1.         1.         0.31072653 0.31815579 1.        ]
38 1663.8759825486845 [0.29719579 0.28321816 0.31415843 0.2949814  0.2973503  0.30455226
 0.30122779 1.         1.         0.31020164 0.31841637 1.        ]
39 1297.9175992778012 [0.29759403 0.28302861 0.31407439 0.29486299 0.29742139 0.30468689
 0.30139981 1.         1.         0.30971018 0.31827452 1.        ]
40 1322.9680702720036 [0.29765251 0.28304278 0.31373123 0.29466668 0.29787255 0.30525115
 0.30148207 1.         1.         0.30933071 0.31851444 1.        ]
41 968.3453947559991 [0.29739754 0.28282827 0.31361042 0.29438042 0.29833698 0.3058477
 0.30150141 1.         1.         0.30904734 0.31936803 1.        ]
42 1635.2073888899108 [0.29721443 0.28253875 0.31344482 0.29459144 0.29832932 0.30639844
 0.30181976 1.         1.         0.3086251  0.32058796 1.        ]
43 1309.8785425995568 [0.29707387 0.28201323 0.31299444 0.29484292 0.29838608 0.30701028
 0.30193477 1.         1.         0.30837689 0.32165661 1.        ]
44 969.9406237089815 [0.29712878 0.28148218 0.31257982 0.29484613 0.2985533  0.30770011
 0.30190708 1.         1.         0.30827895 0.32266162 1.        ]
45 1714.6660651601114 [0.2969744  0.28096167 0.31236703 0.29493026 0.29871562 0.3078554
 0.30208467 1.         1.         0.30803754 0.32377822 1.        ]
46 970.6564579532719 [0.29708618 0.28057166 0.31199717 0.29469521 0.29909375 0.30799111
 0.30184779 1.         1.         0.30787647 0.32468894 1.        ]
47 3358.494542004814 [0.29734764 0.28030404 0.31192619 0.29434816 0.29949982 0.30806705
 0.30110981 1.         1.         0.30768359 0.32568429 1.        ]
48 584.5153675259078 [0.29771079 0.27999415 0.31191254 0.29400786 0.29968964 0.30773498
 0.30034828 1.         1.         0.30739548 0.32644735 1.        ]
49 2619.688039314518 [0.297863   0.27986091 0.31176924 0.29344401 0.29994263 0.30750848
 0.2995879  1.         1.         0.3065891  0.32711    1.        ]
50 1593.2030432712652 [0.29762201 0.27950116 0.31165457 0.29286401 0.30022948 0.30729491
 0.29921526 1.         1.         0.30583725 0.32779027 1.        ]
51 1923.0760353732644 [0.29694504 0.27926652 0.31149293 0.2922561  0.30070975 0.30701189
 0.29881098 1.         1.         0.30521646 0.32853736 1.        ]
52 1931.9873287080995 [0.29648995 0.2792894  0.31122681 0.29166164 0.30065866 0.3066203
 0.2979966  1.         1.         0.30489105 0.32908802 1.        ]
53 2249.031317094726 [0.29596995 0.27906802 0.31153962 0.29109722 0.30041819 0.30588903
 0.29728013 1.         1.         0.30464547 0.33002745 1.        ]
54 1588.0665196570653 [0.29532284 0.27865911 0.31183658 0.29042193 0.30052208 0.30518164
 0.29674565 1.         1.         0.30450824 0.33093869 1.        ]
55 553.3055832722098 [0.2947314  0.27874475 0.31186125 0.28980293 0.30078633 0.30475481
 0.2961159  1.         1.         0.30412268 0.33150993 1.        ]
56 239.96645326654885 [0.29392254 0.27901148 0.31178148 0.28912673 0.30093504 0.30406538
 0.2956612  1.         1.         0.30401753 0.33227319 1.        ]
57 862.3013067474546 [0.29320766 0.27897989 0.31170996 0.28860508 0.30115668 0.30303937
 0.2954198  1.         1.         0.30396534 0.33285521 1.        ]
58 1553.6175390000785 [0.29244329 0.27901417 0.31147492 0.28791384 0.30156149 0.30195319
 0.29507196 1.         1.         0.30380751 0.33322781 1.        ]
59 1230.3754517199948 [0.29189068 0.27914596 0.3110801  0.28720872 0.30196701 0.30075909
 0.29464606 1.         1.         0.30382679 0.3336689  1.        ]
60 1243.7387979515577 [0.29154332 0.27912043 0.31061475 0.28649364 0.30187654 0.29989654
 0.2942239  1.         1.         0.30364217 0.33401489 1.        ]
61 1548.1950355737836 [0.29103628 0.27933095 0.3104041  0.28583493 0.30153773 0.29907325
 0.29393375 1.         1.         0.30349962 0.33441277 1.        ]
62 1195.7532186006738 [0.29070543 0.27956354 0.310324   0.28522216 0.30127187 0.29866162
 0.29359504 1.         1.         0.30335734 0.33495757 1.        ]
63 502.82652521302674 [0.29009687 0.27978765 0.31036521 0.28469122 0.30085165 0.29779184
 0.29324834 1.         1.         0.30281662 0.33616131 1.        ]
64 497.88732114816173 [0.28939773 0.27997628 0.31024961 0.28420607 0.30041043 0.29691195
 0.29296931 1.         1.         0.30236873 0.33719395 1.        ]
65 1194.2591697424464 [0.28884499 0.28048404 0.31018443 0.28366516 0.30015947 0.29624474
 0.29246102 1.         1.         0.30210003 0.33821127 1.        ]
66 855.8704048006578 [0.28848877 0.2813278  0.31032549 0.28294188 0.30018142 0.29512275
 0.29231974 1.         1.         0.30187246 0.33936021 1.        ]
67 1184.2470356159536 [0.28787051 0.28205225 0.31045675 0.2824562  0.29994213 0.29413131
 0.29201647 1.         1.         0.30138175 0.3403064  1.        ]
68 830.4055177214991 [0.28733042 0.28290255 0.31058276 0.28183136 0.29994679 0.29309113
 0.29164193 1.         1.         0.30084086 0.34121587 1.        ]
69 502.154956719414 [0.2870022  0.28357321 0.31036468 0.28099237 0.30031951 0.29215227
 0.29129701 1.         1.         0.3006758  0.34241117 1.        ]
70 2213.2010111934646 [0.28642311 0.28430051 0.3099207  0.2803054  0.3010463  0.29142999
 0.2912266  1.         1.         0.30060405 0.34341236 1.        ]
71 1539.7701803654509 [0.28596062 0.28509541 0.30949632 0.27963692 0.30151807 0.29086873
 0.29115473 1.         1.         0.30079465 0.34473162 1.        ]
72 821.9052572401116 [0.28590357 0.2858156  0.30894324 0.27890844 0.30193948 0.29049885
 0.29130024 1.         1.         0.30114201 0.34608533 1.        ]
73 834.1089193563532 [0.28586979 0.2863336  0.3079627  0.27816577 0.30213561 0.29019872
 0.29148576 1.         1.         0.30148247 0.34776421 1.        ]
74 184.36418829708037 [0.28561492 0.28673491 0.30708294 0.27744307 0.30239298 0.2900118
 0.29163074 1.         1.         0.30226442 0.34897281 1.        ]
75 813.4000829908591 [0.28517143 0.28717103 0.30627133 0.27688164 0.30272983 0.28981903
 0.29187096 1.         1.         0.30306521 0.35042989 1.        ]
76 139.4137769210235 [0.28473448 0.28768008 0.30569047 0.27596216 0.30255151 0.28929683
 0.2920246  1.         1.         0.30380467 0.35201671 1.        ]
77 833.2434048345337 [0.2844362  0.28815854 0.30496095 0.27524117 0.30232888 0.28836986
 0.29203054 1.         1.         0.30434884 0.35286419 1.        ]
78 821.5454562734558 [0.28427003 0.28852664 0.3042667  0.27452956 0.30185799 0.28756691
 0.29173894 1.         1.         0.30458699 0.3531006  1.        ]
79 144.76686142375263 [0.28418498 0.28867359 0.30353075 0.27384103 0.30155733 0.28676396
 0.29118714 1.         1.         0.30499565 0.35278934 1.        ]
80 494.016079134592 [0.28439962 0.2885655  0.30291316 0.2732953  0.30103015 0.28617562
 0.29058106 1.         1.         0.30529656 0.35192309 1.        ]
81 1165.8515073523276 [0.28437736 0.28832509 0.30250832 0.27296041 0.30076399 0.28582225
 0.28999173 1.         1.         0.30501854 0.35090454 1.        ]
82 798.3062454464066 [0.28457994 0.28791289 0.30219446 0.27269859 0.30046194 0.28532422
 0.28927489 1.         1.         0.30474635 0.34975664 1.        ]
83 816.1040833760467 [0.28446841 0.28785401 0.30190328 0.27232152 0.29982955 0.28479177
 0.28883082 1.         1.         0.30415908 0.34866919 1.        ]
84 467.68359289251123 [0.2843772  0.28753352 0.30175892 0.27195772 0.29948437 0.28435203
 0.28841746 1.         1.         0.3034829  0.34783838 1.        ]
85 132.70157790546097 [0.28391016 0.28686426 0.30171342 0.27170208 0.29935425 0.28418944
 0.28840386 1.         1.         0.30330697 0.34660543 1.        ]
86 472.98634744088196 [0.28341809 0.28632471 0.30154837 0.27130861 0.29913964 0.28407805
 0.28833899 1.         1.         0.30319228 0.34561842 1.        ]
87 813.1807492737785 [0.28262782 0.28581757 0.30123392 0.27076622 0.29894701 0.28378839
 0.28834959 1.         1.         0.30322599 0.34504519 1.        ]
88 130.00416599878645 [0.28185036 0.28549343 0.30075264 0.27026197 0.29856969 0.28358183
 0.28845109 1.         1.         0.3032956  0.34450245 1.        ]
89 463.9798506794675 [0.28094215 0.28513488 0.29997884 0.26988218 0.29822025 0.28340488
 0.28892509 1.         1.         0.30312067 0.34342174 1.        ]
90 784.9163693443867 [0.27990927 0.28495411 0.29925649 0.26945789 0.29811088 0.28322774
 0.28904301 1.         1.         0.30267308 0.34263104 1.        ]
91 446.59220399639145 [0.27914937 0.28466525 0.29866148 0.26898367 0.29787225 0.28307873
 0.28938762 1.         1.         0.30221746 0.34189884 1.        ]
92 438.49011895508943 [0.27870492 0.28448414 0.29820208 0.26845628 0.29767458 0.28312058
 0.28938704 1.         1.         0.30186549 0.34146957 1.        ]
93 112.93861568797439 [0.27834429 0.2843916  0.29791028 0.2679692  0.29741157 0.28329707
 0.28956614 1.         1.         0.3015812  0.34112042 1.        ]
94 130.84647963058896 [0.2780658  0.28429508 0.29751731 0.26765567 0.2971241  0.28329585
 0.28944938 1.         1.         0.3017041  0.34053139 1.        ]
95 438.19818385720646 [0.27789981 0.28403151 0.29740711 0.26752468 0.29703768 0.28358574
 0.28947205 1.         1.         0.30144647 0.34000211 1.        ]
96 809.4662033859918 [0.27797193 0.28351082 0.29686347 0.26732912 0.29687047 0.28409443
 0.28946135 1.         1.         0.30135099 0.34008613 1.        ]
97 444.1411379684363 [0.27818893 0.28291565 0.29626443 0.26715824 0.2968478  0.28452246
 0.28958216 1.         1.         0.30118437 0.33986305 1.        ]
98 458.4389905889913 [0.27842245 0.28232238 0.29596938 0.26676439 0.29684295 0.28480458
 0.28961091 1.         1.         0.30121465 0.33980707 1.        ]
99 1132.467038931576 [0.27841239 0.28182545 0.29581524 0.26643263 0.29654813 0.28515542
 0.28931958 1.         1.         0.30102511 0.33995296 1.        ]
100 447.30995806836705 [0.27840237 0.28141246 0.29557519 0.26624673 0.29610043 0.28559254
 0.28907054 1.         1.         0.30076097 0.34001299 1.        ]
101 457.61393909453614 [0.27847518 0.28068101 0.29515074 0.26615962 0.29569471 0.28593968
 0.28880388 1.         1.         0.30042946 0.33991457 1.        ]
102 1123.116916636027 [0.2782653  0.27994357 0.29473334 0.26600118 0.29513498 0.28630386
 0.28851244 1.         1.         0.30003556 0.34003935 1.        ]
103 108.13306182449261 [0.27778007 0.27935697 0.29421087 0.26584362 0.2944137  0.28630118
 0.28828665 1.         1.         0.29964326 0.34062448 1.        ]
