0 5266.424503975921 [0.30116529 0.30187963 0.30080811 0.29973657 0.30045093 0.29973657
 0.4667381  0.29973658 0.83335566 0.30045094 0.29937938 0.30045094
 0.46745246]
1 6463.246663119393 [0.30034818 0.30319081 0.30240644 0.30061876 0.3004527  0.29940806
 0.46758832 0.29939862 0.83313846 0.30194016 0.29922211 0.30118694
 0.46831071]
2 9501.471997612247 [0.29902684 0.30356746 0.30361223 0.30099287 0.30056342 0.29981372
 0.46803755 0.29950398 0.83282637 0.30271627 0.29879624 0.30213142
 0.46912247]
3 7452.18290258587 [0.29831201 0.30421798 0.30472702 0.30117737 0.30054923 0.29974816
 0.46849177 0.29973562 0.83282867 0.30321992 0.29884185 0.30311208
 0.47047824]
4 8803.394310205864 [0.29755872 0.30501095 0.30576437 0.30116127 0.30056856 0.29964917
 0.46879948 0.29918259 0.8327448  0.30329797 0.29835777 0.30358551
 0.47154764]
5 8743.563820499687 [0.29700997 0.30565207 0.30670522 0.30100274 0.30078871 0.29934528
 0.46867566 0.29898614 0.83263022 0.30336502 0.29821725 0.30428925
 0.47265794]
6 10807.480250459303 [0.29634489 0.30607594 0.30749347 0.30100183 0.3009419  0.29916983
 0.46872405 0.29887376 0.83246481 0.30373918 0.29797355 0.30483383
 0.4736781 ]
7 10915.769949583426 [0.29555718 0.30637789 0.30771003 0.3005586  0.30152652 0.29915279
 0.46890987 0.29846743 0.83224728 0.30359563 0.29778265 0.30485792
 0.47467177]
8 11193.708041384521 [0.29466528 0.30650524 0.30818167 0.30004705 0.30202342 0.29895379
 0.46919277 0.29810981 0.83203714 0.30338372 0.2977678  0.30482854
 0.47554526]
9 7578.481934764493 [0.2938736  0.30662494 0.30858317 0.29953074 0.30250092 0.29860654
 0.46939312 0.2978602  0.83198166 0.30327053 0.29775103 0.30454254
 0.4761525 ]
10 7177.320560523 [0.29295561 0.30696358 0.30874841 0.29895417 0.30287287 0.29837554
 0.46957409 0.29755666 0.83203823 0.30324454 0.29764095 0.30421405
 0.47686605]
11 5965.973293567675 [0.29186459 0.30734839 0.30876871 0.29870635 0.30315762 0.29807327
 0.46975143 0.29743145 0.8320212  0.30360272 0.29769252 0.30428024
 0.47768789]
12 7016.209277227663 [0.29088475 0.307539   0.30864938 0.29857048 0.30332709 0.2980627
 0.46984209 0.29726614 0.83202999 0.30394773 0.29772042 0.30428395
 0.47868299]
13 3956.1605131579327 [0.28986858 0.30736599 0.30861307 0.29845471 0.30364209 0.29789798
 0.47019079 0.29734079 0.83216731 0.30433307 0.29769454 0.30419334
 0.47953695]
14 6444.914432698477 [0.28883039 0.30728776 0.30865467 0.29830568 0.30412794 0.29772944
 0.47044103 0.29723595 0.83231536 0.30458653 0.29750434 0.30414011
 0.48051399]
15 6453.203335793182 [0.28774769 0.3073823  0.30867655 0.29818698 0.30445926 0.297865
 0.47069274 0.29677432 0.83233783 0.30484779 0.29760193 0.30424201
 0.48132032]
16 3100.4917444753573 [0.28675512 0.30743066 0.30833446 0.29819829 0.30476431 0.2980088
 0.47088723 0.29645737 0.83238933 0.30528864 0.2975981  0.30410958
 0.48216221]
17 4252.457911216543 [0.28572716 0.30744108 0.3079859  0.29812409 0.30507922 0.29789506
 0.47125036 0.29612824 0.83238699 0.30588753 0.29777664 0.30378683
 0.48285982]
18 4444.96302328043 [0.28510221 0.30744094 0.30773463 0.2980034  0.30527113 0.29783391
 0.47171798 0.29561943 0.83248604 0.30628036 0.29802564 0.30342629
 0.48368837]
19 5178.362304414164 [0.28444681 0.30745792 0.3075428  0.29777239 0.30549563 0.29786579
 0.47230838 0.29518612 0.83259603 0.30678168 0.29827411 0.30324942
 0.48426936]
20 4512.548696462805 [0.28393547 0.30761311 0.30755927 0.29743031 0.30560685 0.29776737
 0.47286471 0.29478557 0.83262558 0.3073481  0.2984384  0.30324803
 0.4846624 ]
21 5543.972719747122 [0.28344886 0.30784731 0.30759055 0.29708636 0.3056008  0.29767007
 0.47322172 0.29423009 0.83257337 0.30783336 0.29861381 0.30306427
 0.48516213]
22 4300.470053091255 [0.28297607 0.30811197 0.30765309 0.29676827 0.30566103 0.29756116
 0.47362408 0.29376323 0.83254018 0.30832808 0.29872178 0.30278988
 0.48567103]
23 4258.278893288489 [0.28255793 0.30842217 0.30757965 0.29644101 0.30569968 0.29748116
 0.47398    0.29328621 0.83249768 0.30886457 0.29877251 0.30256564
 0.48631368]
24 3801.8559384603623 [0.28211778 0.3087787  0.30739755 0.29623532 0.30569768 0.29746301
 0.47438071 0.2929197  0.83247772 0.30935345 0.29882837 0.30243329
 0.48688918]
25 4735.355336421071 [0.28177765 0.3088213  0.30738291 0.29604468 0.30572563 0.29761717
 0.47473278 0.2925042  0.83233323 0.30968333 0.29899203 0.30258527
 0.48741749]
26 4688.838009756995 [0.28157723 0.30883179 0.30736996 0.2959028  0.30581787 0.29791472
 0.47504897 0.29210201 0.83218033 0.30979529 0.29922471 0.30268928
 0.48796368]
27 3975.5173394710814 [0.28146603 0.30889096 0.30719439 0.29573917 0.30581541 0.29835957
 0.47529528 0.29188996 0.83193766 0.30989307 0.29941103 0.30265512
 0.48856728]
28 3224.2532042733446 [0.28139276 0.30909121 0.30688697 0.29542653 0.3057346  0.29864172
 0.47556808 0.29169348 0.831689   0.30990237 0.29959301 0.30263606
 0.48891343]
29 3698.266728791563 [0.28136338 0.30921636 0.30669366 0.29506078 0.30560784 0.29888284
 0.47581644 0.29139711 0.83155153 0.30991168 0.29958597 0.30278682
 0.48919339]
30 4578.886637903485 [0.28130863 0.30946168 0.30634866 0.29461294 0.30560395 0.29909689
 0.47598514 0.29095316 0.83145744 0.30969336 0.29969737 0.3029036
 0.48953069]
31 4342.058335994092 [0.2813551  0.3098069  0.30601303 0.29421738 0.30557357 0.2991646
 0.47600969 0.29059101 0.83142255 0.30959349 0.29986915 0.30309474
 0.4897949 ]
32 2459.789641596734 [0.28123219 0.31035714 0.30579281 0.29385071 0.3057579  0.29890074
 0.47601154 0.29028559 0.83125273 0.30929824 0.3000093  0.30349671
 0.49027083]
33 2238.0358831399876 [0.28098273 0.31080896 0.30542948 0.29342924 0.30590901 0.29864869
 0.4759103  0.2901114  0.83108778 0.30936265 0.30009218 0.30390685
 0.49079012]
34 3540.3759949201685 [0.28079683 0.31103231 0.30513086 0.29302907 0.30610581 0.29831279
 0.47575443 0.28991732 0.83089014 0.30949632 0.30007887 0.30454167
 0.49136392]
35 3236.097600153269 [0.28060244 0.31125227 0.30476392 0.29257305 0.30616919 0.29801171
 0.47560436 0.28964811 0.83067504 0.30961296 0.30006852 0.30520217
 0.49186914]
36 3245.2744938298592 [0.2803125  0.31142127 0.3045187  0.29205929 0.3060614  0.29766363
 0.47548516 0.28939944 0.8304986  0.30983492 0.30020922 0.30576653
 0.49222342]
37 3288.3749210447513 [0.28003425 0.31157041 0.30410591 0.29150447 0.30584389 0.29741629
 0.47521154 0.28895926 0.83031749 0.31022075 0.30038923 0.30618664
 0.49257935]
38 3246.9303072912253 [0.27968431 0.31160443 0.30387638 0.29118144 0.30542855 0.29707042
 0.47499072 0.28843771 0.83011236 0.310391   0.30058347 0.30670743
 0.49315297]
39 4028.0437085541707 [0.27914707 0.31190238 0.30355714 0.29069727 0.3049995  0.29683382
 0.47475974 0.28771687 0.82998808 0.31063106 0.30079458 0.30724374
 0.49335106]
40 2986.826097833253 [0.27862404 0.31219243 0.3032026  0.29025856 0.30471737 0.29678353
 0.47457704 0.28714341 0.82993894 0.31064164 0.30092388 0.30767895
 0.49350714]
41 1811.4136001484958 [0.27785936 0.31242123 0.30284674 0.28991897 0.30449448 0.29663244
 0.47421808 0.28662862 0.82984134 0.31071259 0.30082731 0.30781674
 0.49357487]
42 2659.800634710034 [0.27718136 0.3125003  0.30244338 0.28961797 0.30435805 0.29652386
 0.47400943 0.28606922 0.8297398  0.31069141 0.30091262 0.30805662
 0.49377564]
43 2749.556849987899 [0.27659214 0.31263602 0.30227585 0.28922996 0.30431977 0.29645825
 0.47379332 0.2856826  0.82968673 0.31064294 0.30106086 0.30819252
 0.49405976]
44 3124.992232084888 [0.27603892 0.31270151 0.30179009 0.28879727 0.30440058 0.29646427
 0.47358209 0.28527843 0.8295759  0.31040911 0.30121024 0.30825357
 0.49449702]
45 4032.6108420298115 [0.27564624 0.31288856 0.30146859 0.28848395 0.3044143  0.29642128
 0.47346814 0.28487515 0.82948389 0.31020483 0.30132214 0.30822557
 0.4948872 ]
46 2308.1794689677135 [0.27523992 0.3130176  0.3012079  0.28826435 0.30428848 0.29618271
 0.47338469 0.28455245 0.82936733 0.3100767  0.30142306 0.30825258
 0.49513197]
47 4187.689416719609 [0.27490412 0.31311412 0.30075533 0.28818566 0.30413509 0.29605363
 0.47323934 0.28427373 0.82934412 0.30993984 0.30140521 0.30827534
 0.49536126]
48 3570.842616876044 [0.27458831 0.31314022 0.30018652 0.28806022 0.30385309 0.29592411
 0.47332516 0.2840123  0.82922109 0.3098023  0.3014596  0.3082576
 0.49559711]
49 2761.908867720645 [0.27407208 0.31336889 0.29973922 0.28791064 0.30365633 0.29581814
 0.47341653 0.2838402  0.82908607 0.30966093 0.30147501 0.30843427
 0.49581708]
50 2833.078575427615 [0.27349071 0.31354332 0.29941595 0.28761578 0.30356705 0.2956748
 0.4736473  0.28362226 0.82903327 0.30958232 0.30143478 0.30849721
 0.4960684 ]
51 3624.5489882512766 [0.27305065 0.31373928 0.29909694 0.28730536 0.30352276 0.29563186
 0.47399706 0.28329797 0.82899175 0.30965166 0.3015031  0.30874529
 0.49632956]
52 1621.0005793945516 [0.27260524 0.31386753 0.29892501 0.28710102 0.30351154 0.29556042
 0.47436926 0.28289375 0.82889596 0.30968073 0.30168187 0.30913317
 0.49645571]
53 1840.5046079240637 [0.27215542 0.3139704  0.29875902 0.28693403 0.30347531 0.29547354
 0.47457343 0.28272471 0.82880618 0.30973873 0.30184241 0.30966493
 0.49658011]
54 1881.5833085720647 [0.27178713 0.31409669 0.29854544 0.28684272 0.30323873 0.29515052
 0.47470603 0.28251018 0.82874204 0.30957855 0.30197264 0.31014422
 0.49651928]
55 1615.5284270968773 [0.27137278 0.31413855 0.29839534 0.28689187 0.30295836 0.29482075
 0.4748671  0.28243233 0.82867018 0.30961675 0.30198854 0.31055914
 0.49636552]
56 3337.543735930917 [0.27109386 0.31428232 0.29819874 0.28676322 0.3026718  0.29460557
 0.47509288 0.28226488 0.82863777 0.30963483 0.30207689 0.3109497
 0.49616612]
57 2635.5488061272254 [0.27077404 0.31432642 0.29811541 0.28656567 0.30244772 0.29445674
 0.47531163 0.28220219 0.82863931 0.30971406 0.30226974 0.31136155
 0.49595534]
58 1710.186609699008 [0.27039905 0.3142955  0.29799328 0.28627256 0.30244093 0.29446742
 0.47550329 0.28209801 0.82861792 0.30971103 0.30237862 0.31162108
 0.49580588]
59 2763.2485708333834 [0.27003994 0.31417524 0.29798858 0.2859645  0.30252206 0.29442494
 0.47554777 0.28199476 0.82856281 0.30962153 0.30259589 0.31181548
 0.49546417]
60 2571.9622886394845 [0.26952817 0.31429036 0.29807878 0.28572604 0.30277732 0.29444962
 0.47555928 0.28175067 0.82850954 0.30958361 0.30277589 0.31212353
 0.49515709]
61 2332.2840196145003 [0.269175   0.31444449 0.29803536 0.28545272 0.3026158  0.29438353
 0.47562931 0.28141537 0.82844205 0.30927426 0.30294469 0.31239688
 0.49492076]
62 3361.2585331311475 [0.26893253 0.31438366 0.29806366 0.28531642 0.30237885 0.29427336
 0.47579433 0.2809154  0.82837321 0.30898548 0.30316774 0.31263541
 0.49475803]
63 1439.6963347210828 [0.26874737 0.31432963 0.29809293 0.28525685 0.30207989 0.29395667
 0.47590615 0.28026394 0.82826677 0.30883368 0.30348778 0.3127565
 0.49440235]
64 3093.3281593977217 [0.26856231 0.31407679 0.29823802 0.28512116 0.30189078 0.29383927
 0.47599219 0.27966646 0.82815252 0.30874361 0.30347825 0.31285835
 0.49397737]
65 3427.5865683204506 [0.26845829 0.31386567 0.29843939 0.28480123 0.30174073 0.29375388
 0.47606037 0.27897745 0.82803292 0.30853747 0.3033594  0.31272531
 0.49329496]
66 3183.6027238102697 [0.26840437 0.31363192 0.29863512 0.2844058  0.3014874  0.29368596
 0.476105   0.27844139 0.82801904 0.30809672 0.30325429 0.3127499
 0.49262383]
67 2290.355079125235 [0.26835643 0.31339477 0.29866715 0.28407911 0.3011871  0.29364946
 0.47613767 0.27775918 0.82803123 0.30782277 0.3032886  0.31266445
 0.49203796]
68 2387.135863582722 [0.26822902 0.31304363 0.29857637 0.28372294 0.30092183 0.29350939
 0.4758137  0.2772342  0.8280829  0.3076076  0.30330003 0.31271008
 0.49149441]
69 1452.1045844940322 [0.26785997 0.31256382 0.2986197  0.28323078 0.30057129 0.29336124
 0.47545706 0.27675453 0.82810879 0.30751173 0.30338848 0.31263344
 0.49128991]
70 1241.14909739912 [0.26746166 0.31228633 0.29873108 0.28240965 0.30023551 0.29316747
 0.47520997 0.27628958 0.82810272 0.30751694 0.3034143  0.31260112
 0.49108897]
71 1161.655987652193 [0.26699805 0.31203039 0.29888338 0.2816817  0.30007341 0.29298781
 0.47501465 0.27599568 0.82811536 0.30757456 0.30342033 0.31276145
 0.49083086]
72 1088.0539052423767 [0.26664222 0.3117028  0.29902608 0.2810957  0.29987877 0.29283085
 0.47495701 0.27572719 0.8281825  0.30752586 0.30344758 0.31286229
 0.49052921]
73 2012.5950531011467 [0.26621006 0.31143326 0.29924757 0.28044814 0.29987036 0.29249469
 0.47489209 0.27546958 0.8282308  0.30741982 0.30354384 0.31298866
 0.49037491]
74 969.2041861080761 [0.26582068 0.31127727 0.29937552 0.27978849 0.29989046 0.29224752
 0.47483735 0.27538369 0.82835192 0.30730427 0.30359068 0.31284084
 0.49010638]
75 1127.9785282953753 [0.26538533 0.31093025 0.2995319  0.27924722 0.30016253 0.29209678
 0.47477292 0.27515165 0.82852637 0.30692958 0.3035506  0.31245957
 0.48990491]
76 1063.7422332796964 [0.26492773 0.31076522 0.29972511 0.27878281 0.30041671 0.29219675
 0.47478675 0.27491003 0.82869673 0.30659331 0.30359676 0.31229724
 0.48959503]
77 1899.851293118522 [0.26442726 0.31057504 0.29993334 0.27834181 0.3005849  0.29238625
 0.47470218 0.2747116  0.82887785 0.30626624 0.30364088 0.31215899
 0.4892587 ]
78 899.7625098119886 [0.26389027 0.31043822 0.30012409 0.27777878 0.30066017 0.29243201
 0.47459764 0.27469997 0.82896737 0.30599146 0.30366175 0.31187615
 0.48884536]
79 1918.2264144294438 [0.26352777 0.31036852 0.30024623 0.27741161 0.30071641 0.29255335
 0.47440317 0.27474723 0.82895353 0.30568948 0.30370984 0.31162113
 0.48845622]
80 943.0234117960024 [0.26303611 0.31023494 0.30034473 0.27716861 0.30089579 0.29274249
 0.47431883 0.27460406 0.82899691 0.30548175 0.30381257 0.31143561
 0.4881774 ]
81 1711.5046426844644 [0.26264109 0.31023153 0.3003246  0.27686341 0.30112784 0.29289928
 0.47423322 0.27438068 0.82906871 0.30538208 0.30393683 0.31136003
 0.48789061]
82 1058.1640126606105 [0.26229754 0.31028842 0.30040213 0.276479   0.30116871 0.29299281
 0.47415125 0.2740891  0.82910875 0.30539025 0.30417118 0.31143546
 0.48751351]
83 658.1639242060112 [0.2619474  0.31022735 0.30058778 0.2760893  0.30132968 0.293175
 0.47397198 0.27388109 0.82909449 0.30530626 0.30415675 0.31150125
 0.48715167]
84 856.6347082312842 [0.26165741 0.31004219 0.3007662  0.27573219 0.3013636  0.29331479
 0.47394537 0.27368045 0.82901239 0.30525989 0.30417518 0.31150233
 0.48686083]
85 1012.101536360206 [0.26120316 0.30977378 0.30083044 0.27537489 0.30138561 0.29348819
 0.47387893 0.27356866 0.82895329 0.30518961 0.30406233 0.3115776
 0.48656071]
86 779.8300398208985 [0.26076722 0.30949057 0.30092119 0.27503103 0.30133816 0.2934841
 0.47396487 0.27361796 0.82893837 0.30504457 0.30412618 0.31147452
 0.48624873]
87 729.7281595697241 [0.26038851 0.30934523 0.30098565 0.27486766 0.30137056 0.29352356
 0.47405886 0.27373857 0.82888658 0.30493103 0.30406111 0.31128356
 0.48599602]
88 728.0927883612746 [0.25998963 0.30940393 0.30107591 0.2746876  0.30151298 0.29355325
 0.47400118 0.27377091 0.82889232 0.30472282 0.30419791 0.31090338
 0.4858924 ]
89 628.9382822187401 [0.25966952 0.30945352 0.301155   0.27447917 0.30158068 0.29365267
 0.47398027 0.27380659 0.82889055 0.30460845 0.30436392 0.31046007
 0.48576693]
90 595.0601833003763 [0.25915641 0.30962463 0.30132221 0.27405929 0.30133384 0.29371517
 0.47404175 0.27381458 0.82889178 0.30454191 0.30454303 0.30998614
 0.485559  ]
91 621.5742822611991 [0.25867818 0.30972914 0.30166046 0.27343862 0.30119023 0.29377792
 0.47406287 0.27380508 0.82889085 0.30424598 0.30475011 0.30964238
 0.48530101]
92 1585.8705941561152 [0.25820724 0.3100145  0.3019701  0.27276913 0.30122739 0.29391304
 0.47416907 0.27383787 0.82895    0.30400367 0.30474175 0.30933363
 0.4850699 ]
93 719.3861431960884 [0.25761466 0.31038068 0.30227009 0.27214385 0.30129955 0.29403765
 0.47428888 0.27384373 0.82896925 0.30375638 0.3048947  0.30911748
 0.48487579]
94 547.1482249364217 [0.25704772 0.31055625 0.30255167 0.27158245 0.30152434 0.29423193
 0.4745973  0.27398712 0.8290111  0.30370992 0.30509376 0.30896678
 0.48454233]
95 1447.5960505912462 [0.2565634  0.31077863 0.3028121  0.27096137 0.30169463 0.29426204
 0.47492676 0.27402139 0.82900088 0.30364985 0.3051816  0.30890357
 0.48432651]
96 660.9600934220414 [0.25596523 0.31091615 0.30292005 0.27039522 0.30202755 0.29424559
 0.47543276 0.27402452 0.82897806 0.30342806 0.30527969 0.30864395
 0.48417975]
97 582.0180576933494 [0.25525752 0.31105268 0.30315984 0.26973604 0.30216825 0.29434263
 0.47594096 0.27399188 0.82890722 0.30315223 0.30522175 0.3085092
 0.48383505]
98 570.1197772889734 [0.2546727  0.31121041 0.30330221 0.26921423 0.30234458 0.29430385
 0.47653249 0.27382389 0.82884259 0.30279184 0.30530655 0.30819454
 0.48363447]
99 577.8039096947002 [0.25416127 0.31116088 0.30348283 0.26877172 0.30256231 0.29428482
 0.47722536 0.27366574 0.82882731 0.30252853 0.30548733 0.30782613
 0.48348152]
100 619.4917019487659 [0.25357741 0.31119165 0.30350456 0.26835516 0.30288737 0.29439813
 0.47780189 0.27350896 0.82876313 0.30227298 0.30566331 0.30731191
 0.48331955]
101 565.6294086941353 [0.25295714 0.31117174 0.30340199 0.26808563 0.30343267 0.29429624
 0.47823185 0.27328781 0.82870564 0.30204269 0.30585975 0.30662803
 0.48293303]
102 1133.2924680444157 [0.25226434 0.31118517 0.3034084  0.26781987 0.30397103 0.29417285
 0.47856482 0.27312768 0.8286563  0.30174291 0.30594768 0.30602968
 0.48264107]
103 498.07702071970346 [0.25163551 0.31116135 0.30336619 0.26752685 0.30452645 0.29396479
 0.47891779 0.27289044 0.82863599 0.30151348 0.30608982 0.30550356
 0.48236634]
104 552.3977472663598 [0.25110091 0.311248   0.30316227 0.26715456 0.30505461 0.2937106
 0.4793452  0.27274989 0.82856773 0.30138724 0.30598914 0.30516044
 0.48210144]
105 2306.8725580347614 [0.25067681 0.31130074 0.30287805 0.26678482 0.30551279 0.29356776
 0.47967145 0.27256667 0.82851101 0.30122555 0.30573964 0.30489692
 0.4818921 ]
106 479.34019756157727 [0.25022853 0.31145402 0.30254702 0.26642569 0.30567994 0.29344458
 0.48004928 0.27259456 0.82840591 0.30113218 0.30565504 0.30471695
 0.48169805]
107 578.4963353158552 [0.2499398  0.31171119 0.30235014 0.26606218 0.30596403 0.29322202
 0.48029402 0.27250995 0.82832696 0.30109566 0.30562303 0.30460849
 0.48155524]
108 485.9877263859711 [0.24965325 0.3118553  0.30213826 0.26560648 0.30595471 0.29307663
 0.48049055 0.27237343 0.82832844 0.30104042 0.30564673 0.30460123
 0.48138275]
109 364.7078520711834 [0.24928682 0.31205984 0.302015   0.26518805 0.30603657 0.29298995
 0.48060687 0.27236056 0.82827073 0.30106422 0.305618   0.30458995
 0.48139408]
110 2293.979274575138 [0.248951   0.31228816 0.30190432 0.26480272 0.30608511 0.29294814
 0.48084631 0.27241595 0.82819566 0.30112163 0.30560383 0.30455808
 0.48146286]
111 442.29198951747173 [0.24851506 0.31235437 0.30162603 0.26437504 0.30620596 0.29299428
 0.4809535  0.27247915 0.82816656 0.3011128  0.30556991 0.30450813
 0.48169608]
112 1368.5780234179585 [0.24824589 0.3123345  0.30148737 0.26385051 0.30632796 0.29291216
 0.4812199  0.27247111 0.82816843 0.30110933 0.30574944 0.30444735
 0.48193041]
113 439.7222528583063 [0.24788208 0.3123332  0.3012696  0.26331479 0.30643803 0.29300188
 0.48125821 0.27238152 0.82823911 0.30103392 0.30588829 0.30433437
 0.48196268]
114 436.9429249260939 [0.24758685 0.31244656 0.30096867 0.26278797 0.3065589  0.29307877
 0.48130859 0.27234366 0.82831615 0.30090436 0.30632348 0.30419523
 0.48202665]
115 1343.4709413075277 [0.24730153 0.31259475 0.30068559 0.26230291 0.30658444 0.29302518
 0.48128234 0.27229288 0.82834427 0.30085961 0.3066044  0.30398627
 0.48206299]
116 441.2003785842786 [0.24696753 0.31262766 0.30023166 0.26182465 0.30675064 0.29286442
 0.48129872 0.27235163 0.82835645 0.30086632 0.30670676 0.30370827
 0.48204856]
117 623.346416917457 [0.24666374 0.31256209 0.29993145 0.26125701 0.30715871 0.29268262
 0.481487   0.27237245 0.82833323 0.30109976 0.30667541 0.30347593
 0.48198978]
118 562.4708155749361 [0.24644229 0.31246997 0.29975612 0.26073186 0.30746182 0.2924932
 0.48158628 0.27246586 0.8283577  0.3010975  0.30672043 0.3033792
 0.48211553]
119 548.3024546160468 [0.24617513 0.31242194 0.29968845 0.26030209 0.30776172 0.29234312
 0.48176596 0.27252512 0.82844349 0.30108153 0.30671415 0.30331884
 0.48225402]
120 483.85096794226064 [0.24600367 0.31230106 0.29958476 0.25987482 0.30785671 0.29233628
 0.48175203 0.27265577 0.82853058 0.3009984  0.30663054 0.30328309
 0.48241867]
121 415.3407029289279 [0.24590662 0.3121666  0.29940503 0.25951865 0.30793092 0.29236035
 0.48162991 0.27281317 0.82866866 0.3007468  0.30643    0.30335517
 0.48263736]
122 469.6750285494084 [0.24573455 0.31187814 0.29930084 0.25914149 0.30787715 0.29244111
 0.48145956 0.27301865 0.82877563 0.3004553  0.30611448 0.30353418
 0.48275996]
123 401.20922619041494 [0.24561595 0.31149655 0.29919741 0.2587462  0.30784521 0.29253157
 0.48141462 0.27327339 0.82885964 0.30024456 0.30579426 0.30383414
 0.48281918]
124 407.4787812958285 [0.24549042 0.31111892 0.29915211 0.2582968  0.30771684 0.29250746
 0.48143404 0.27336807 0.82887898 0.30014836 0.30555009 0.30412581
 0.48296061]
125 425.4145553089636 [0.24535036 0.31080593 0.29909368 0.25788882 0.30753749 0.29244953
 0.48148239 0.27338769 0.82894586 0.30004608 0.30552525 0.30433352
 0.48323994]
126 349.79925250851363 [0.24525669 0.31084953 0.29907951 0.25746832 0.30731096 0.29252964
 0.48140488 0.27339213 0.82897287 0.29985121 0.30548137 0.30467382
 0.48327501]
127 335.38214147345707 [0.24522699 0.31077946 0.2990052  0.25687371 0.30677238 0.29261745
 0.48130458 0.27340856 0.82892366 0.2999375  0.30552795 0.30489718
 0.48337387]
128 284.2446822880975 [0.24521612 0.31069246 0.29896887 0.25623021 0.30639919 0.29247996
 0.48116747 0.27347703 0.82885547 0.29993144 0.30542992 0.3051737
 0.4835848 ]
129 344.20970520006597 [0.24521147 0.31075828 0.29895885 0.25571236 0.30616505 0.29236378
 0.48103857 0.27353564 0.82878334 0.29995452 0.30548272 0.30542941
 0.48375575]
130 366.85166274889275 [0.24535509 0.3109195  0.2990155  0.25495631 0.30610018 0.29235401
 0.48066966 0.27365374 0.82866226 0.29984582 0.30549719 0.30567838
 0.48370609]
131 330.8694148095137 [0.24548628 0.31089651 0.29898148 0.25424608 0.30605005 0.29234707
 0.48034405 0.27375558 0.82855615 0.29971637 0.30550256 0.30580695
 0.48359949]
132 259.49829742211716 [0.24565035 0.31091408 0.29886207 0.25364992 0.30600599 0.29236736
 0.4802131  0.27398899 0.82844582 0.29948995 0.30549136 0.30614874
 0.48349384]
133 322.9788939002219 [0.2455299  0.31088829 0.29866936 0.25324076 0.30603163 0.29244665
 0.48007779 0.27426739 0.82822788 0.29911173 0.30545029 0.30630773
 0.48349498]
134 283.82634406436785 [0.24545875 0.31104249 0.29839206 0.25278891 0.30617007 0.29232566
 0.47982317 0.27455763 0.82811229 0.29873906 0.30547968 0.30643545
 0.48353348]
135 287.81024346807146 [0.24518745 0.31123896 0.29806331 0.25245237 0.30619483 0.29223697
 0.47956094 0.2745917  0.82802327 0.29834699 0.30550579 0.30637871
 0.4835456 ]
136 259.8778761237483 [0.2449369  0.31126456 0.29767985 0.25208334 0.30610935 0.29209051
 0.47929623 0.27446943 0.82788294 0.29796094 0.30558273 0.30639166
 0.48347633]
137 340.8946559967852 [0.24460398 0.31115561 0.29731305 0.25164369 0.30616972 0.29215196
 0.47901087 0.27434518 0.82767654 0.29762008 0.30555135 0.30645885
 0.48345289]
138 278.98355221801734 [0.24420168 0.31106625 0.2970318  0.25127662 0.30619005 0.29227091
 0.47894043 0.27428423 0.82743855 0.29728546 0.30547181 0.30664936
 0.48347458]
139 254.19138111248463 [0.24380795 0.31102864 0.29663225 0.2508668  0.30619179 0.29227453
 0.47882327 0.27418069 0.82718252 0.29685406 0.30555942 0.30660048
 0.48330714]
140 346.784183616451 [0.24334775 0.31111822 0.29633288 0.25034592 0.30630638 0.29214808
 0.47874654 0.27389266 0.82699303 0.29649109 0.30538157 0.30660068
 0.48311615]
141 286.73954748812366 [0.24286138 0.3112209  0.29602187 0.24985662 0.30649255 0.29198071
 0.47861383 0.27358695 0.82684001 0.29616897 0.30514053 0.30656426
 0.48289943]
142 308.46976825787635 [0.24240811 0.31134984 0.29572165 0.24920385 0.30658948 0.29190491
 0.47846148 0.27328238 0.82673256 0.29570365 0.30474785 0.30659701
 0.48276225]
143 255.5926792514581 [0.2418597  0.31121748 0.29544525 0.24844361 0.30665439 0.29188668
 0.47827343 0.27295872 0.8265919  0.29546474 0.30437931 0.30650362
 0.48273948]
144 290.9122501598257 [0.24138508 0.31114625 0.29509143 0.24774322 0.30668893 0.29193908
 0.47809192 0.27272505 0.82649615 0.29518685 0.30418687 0.30636452
 0.48273628]
145 221.09268485385445 [0.24087428 0.31126483 0.29478614 0.24711045 0.30661926 0.29210656
 0.4779764  0.27254176 0.82641795 0.29495473 0.30408183 0.30612291
 0.48278605]
146 220.52065430368629 [0.24038916 0.31144482 0.29447198 0.24652805 0.30669004 0.29241161
 0.4780215  0.27256376 0.8263367  0.2948422  0.30408521 0.30586451
 0.48283544]
147 273.988848642134 [0.24007324 0.31167186 0.29412614 0.24593549 0.30660093 0.29266774
 0.47802148 0.27260386 0.82612378 0.29477745 0.3040384  0.30566422
 0.48274795]
148 181.54795588530976 [0.23977917 0.31193043 0.29374025 0.24536008 0.30633929 0.2928652
 0.4780074  0.27263062 0.82594143 0.29474763 0.30391583 0.30540285
 0.48266098]
149 228.30754882103196 [0.23955431 0.31227484 0.29334533 0.24478423 0.30625999 0.29311068
 0.47799161 0.27261726 0.82577699 0.29475662 0.30405096 0.30515576
 0.48268901]
150 204.4278613311218 [0.23937783 0.31251541 0.29288418 0.24430595 0.30611988 0.29331624
 0.47803792 0.2727334  0.82566254 0.29480984 0.30422455 0.30488175
 0.48266702]
151 171.0739996924408 [0.2390847  0.31261441 0.2923949  0.24386661 0.3060459  0.2935273
 0.47797245 0.27275244 0.82554215 0.29477803 0.30434328 0.30465845
 0.48282581]
152 214.9047346700914 [0.23878694 0.3128009  0.29183885 0.24365774 0.30608924 0.29381794
 0.47798542 0.27280318 0.82544119 0.29483811 0.30447853 0.30442438
 0.48292324]
153 223.12687698738858 [0.23836647 0.31292302 0.29150435 0.24340601 0.30612286 0.29399745
 0.4779699  0.27287113 0.82537634 0.29492257 0.30463904 0.30411028
 0.48308348]
154 225.20342277866524 [0.23792111 0.31299042 0.29124114 0.24307199 0.30623978 0.29425743
 0.47799629 0.27290012 0.82532628 0.29508618 0.30477383 0.30386528
 0.48321142]
155 199.62493428576528 [0.23739369 0.31310941 0.29089203 0.2426686  0.30640248 0.29420255
 0.47808463 0.27294886 0.82531632 0.29510027 0.30482667 0.30331871
 0.48329847]
156 196.14911448555017 [0.23692957 0.31322052 0.29057959 0.24228036 0.30653838 0.29421254
 0.47833873 0.27306584 0.82535454 0.29512889 0.30486021 0.30279404
 0.4832671 ]
157 208.98358463106536 [0.23648233 0.31344861 0.29024716 0.2417852  0.30659233 0.29422157
 0.47858978 0.27317079 0.82537854 0.29524187 0.304943   0.30242894
 0.48325727]
158 203.7139616771898 [0.23608775 0.3135165  0.28991189 0.24129226 0.30667508 0.29443204
 0.47892408 0.27335709 0.82536712 0.29533102 0.30515681 0.30216887
 0.4832699 ]
159 186.93366195997982 [0.23571216 0.31359089 0.28944958 0.24087784 0.30692358 0.29467465
 0.47923179 0.27368957 0.82537586 0.29539168 0.30541276 0.30193102
 0.48329746]
160 170.8153391322144 [0.23533783 0.31366978 0.28905687 0.24053028 0.30730411 0.29495048
 0.47952591 0.27394171 0.82538572 0.29548795 0.30566867 0.30168466
 0.48341643]
161 182.8616213691222 [0.23499454 0.31375045 0.28866719 0.24017489 0.30762509 0.29526987
 0.47973004 0.27432866 0.82536619 0.29539102 0.30593572 0.30141618
 0.48344847]
162 198.33572106141906 [0.23457806 0.31364844 0.288332   0.23970801 0.30795567 0.29570655
 0.48002762 0.27467265 0.82533468 0.29529916 0.30628618 0.30120588
 0.48350667]
163 174.3441964269001 [0.23422234 0.31351484 0.28801126 0.23928832 0.30829222 0.29613174
 0.48020996 0.27498536 0.82528517 0.29512542 0.30671064 0.30108975
 0.4834663 ]
164 206.7006420664054 [0.23391845 0.31329123 0.28770105 0.23886285 0.30848027 0.2964381
 0.48030199 0.27531338 0.82525852 0.29490696 0.30704486 0.30079696
 0.48346244]
165 213.55001154489116 [0.23365145 0.31290727 0.28724016 0.23827682 0.30862309 0.29670484
 0.4803743  0.27569294 0.82526727 0.29470001 0.3072172  0.30067373
 0.48352958]
166 199.98943493638353 [0.23349896 0.31244929 0.28680246 0.2377955  0.30885837 0.29687736
 0.48037996 0.27607985 0.82527199 0.29442969 0.30731845 0.30054325
 0.48370424]
167 178.1477105852707 [0.23338716 0.31206012 0.28637664 0.23740739 0.30909461 0.29710013
 0.48029208 0.27644743 0.82528484 0.2942171  0.30748259 0.30037794
 0.48377899]
168 173.83556689511707 [0.23323539 0.311805   0.28595648 0.23695049 0.30929174 0.29726783
 0.48017836 0.27671446 0.82530502 0.29403612 0.3075587  0.30023516
 0.4839072 ]
169 185.24156514536293 [0.23324677 0.31171724 0.28556954 0.23637485 0.30949562 0.29741805
 0.47996882 0.27685888 0.82533136 0.29380388 0.30757807 0.30000363
 0.48403899]
170 201.3751144982331 [0.23304968 0.3116417  0.28525386 0.23585303 0.30947261 0.29750327
 0.47977434 0.27697026 0.8254169  0.2935127  0.30762612 0.29972564
 0.48406943]
171 128.08272349227278 [0.23282235 0.31159535 0.28509294 0.2353766  0.30950254 0.2975775
 0.479651   0.27711569 0.82549672 0.29329153 0.30769087 0.2994667
 0.48410143]
172 147.13544406561886 [0.23262078 0.31159204 0.28476619 0.23494682 0.30941232 0.29761912
 0.47952825 0.27741338 0.82557568 0.29314596 0.30778514 0.29914356
 0.48400332]
173 155.49662866529422 [0.23246003 0.31155395 0.28447206 0.23461355 0.30935812 0.29765618
 0.47944527 0.27765018 0.82569335 0.29300323 0.3080454  0.29887182
 0.48389142]
174 100.58778061549286 [0.23231105 0.31140551 0.28415561 0.23429894 0.30921822 0.29766332
 0.47930716 0.2780902  0.82589069 0.29290704 0.30832774 0.29866495
 0.4838385 ]
175 148.59363992998732 [0.23227949 0.31131721 0.28392799 0.23393916 0.30913553 0.29771985
 0.47921048 0.27840444 0.82606737 0.29281067 0.30857101 0.29857914
 0.48385799]
176 118.12082801660412 [0.23227478 0.31129647 0.28366702 0.2336696  0.30898258 0.29762744
 0.47913547 0.27874914 0.82623381 0.29270628 0.30874488 0.29865435
 0.48391574]
177 131.34729095428256 [0.23223961 0.31120815 0.28336799 0.23347704 0.30918635 0.2975829
 0.47900927 0.27885077 0.82644003 0.29259957 0.30889182 0.29881703
 0.48403709]
178 158.1194423473649 [0.2319377  0.31105431 0.28313623 0.23325005 0.30945072 0.29748801
 0.47896841 0.27887004 0.82664686 0.29235467 0.30894222 0.29883586
 0.48413911]
179 120.11869242631259 [0.23164623 0.31118273 0.28299336 0.23313605 0.30964868 0.29748332
 0.4789547  0.27896391 0.82669471 0.29209282 0.30900652 0.29891598
 0.48421612]
180 187.8620360218888 [0.23148406 0.31129997 0.28298699 0.23299993 0.30995086 0.29756062
 0.47892145 0.27906632 0.82678028 0.29193997 0.30918863 0.29907627
 0.48438451]
181 174.39560381493703 [0.2312622  0.31127893 0.28309131 0.23280625 0.31028898 0.29764887
 0.47902897 0.27913068 0.82684254 0.29181355 0.30932946 0.29922422
 0.48462143]
182 122.16207674614036 [0.23095234 0.31116695 0.2831906  0.23257221 0.31054867 0.29773692
 0.47898592 0.2790554  0.82687697 0.29178174 0.30919401 0.29934307
 0.48488895]
183 140.71306612835963 [0.23071446 0.31091306 0.28324287 0.23232467 0.31052173 0.29780657
 0.47904493 0.27894316 0.82692621 0.29178878 0.30909465 0.29956793
 0.48496933]
184 162.88515034259578 [0.23059132 0.31065722 0.28301053 0.23208587 0.31034747 0.29778029
 0.47921797 0.27889264 0.82695441 0.29185203 0.30907689 0.29979244
 0.48498549]
185 136.15602418864972 [0.23043042 0.3103047  0.2827181  0.2317815  0.31003503 0.29779446
 0.47940922 0.27914752 0.82696719 0.29193595 0.30896298 0.30005738
 0.48491161]
186 142.25290814480334 [0.23039007 0.30993098 0.2824007  0.23151295 0.30979867 0.29779715
 0.47956046 0.27931222 0.82697511 0.29198718 0.30889971 0.30022458
 0.48479551]
187 128.72817183011594 [0.23025174 0.30960698 0.28224971 0.23144796 0.30951376 0.29784147
 0.47975759 0.2794279  0.82697276 0.29195317 0.30880678 0.30027857
 0.48476798]
188 145.95330450832742 [0.23006468 0.30949773 0.28212008 0.23138563 0.30922911 0.29783415
 0.47990377 0.27947532 0.82691772 0.29200787 0.30874186 0.30049602
 0.48475026]
189 104.92512527987847 [0.22994512 0.3093531  0.28209554 0.23131897 0.30892747 0.29785747
 0.48000438 0.27950686 0.82686693 0.29207754 0.30870368 0.30068497
 0.48476825]
190 132.11051594385304 [0.22979371 0.30910766 0.28203032 0.23122497 0.30885687 0.29784597
 0.48007797 0.27959509 0.82681452 0.29219985 0.30859132 0.30106991
 0.48474872]
191 111.39818080744732 [0.22961944 0.3089392  0.28201216 0.231101   0.30884332 0.29789852
 0.48015258 0.27974246 0.82673344 0.29223998 0.30856279 0.30142341
 0.48481615]
192 121.76021768277084 [0.2294489  0.30858096 0.28184831 0.23099046 0.30896088 0.29801152
 0.48034703 0.27974764 0.82664174 0.29230521 0.30863016 0.30166576
 0.48503638]
193 93.84550430778529 [0.22927913 0.30814331 0.28164472 0.23081394 0.3088392  0.29818181
 0.48054597 0.27986576 0.82654505 0.29253239 0.30863313 0.30198345
 0.48522389]
194 100.81348425406286 [0.22914048 0.30774458 0.28152688 0.23060128 0.30855136 0.29837822
 0.48084532 0.28002045 0.82645861 0.29272787 0.30866067 0.30224604
 0.48537874]
195 102.2190088923881 [0.2289456  0.30740506 0.28150184 0.23033736 0.30831949 0.29831826
 0.48110449 0.28022409 0.82639497 0.29295602 0.30873463 0.30245433
 0.48549764]
